0 236
1 449
2 463
3 55
4 369
5 86
6 63
7 93
8 492
9 111
10 275
11 260
12 309
13 75
14 399
15 54
16 240
17 92
18 170
19 127
20 185
21 416
22 149
23 246
24 284
25 447
26 443
27 84
28 469
29 421
30 326
31 48
32 389
33 158
34 82
35 33
36 182
37 113
38 374
39 271
40 235
41 175
42 208
43 370
44 17
45 108
46 420
47 458
48 100
49 419
50 373
51 20
52 145
53 239
54 156
55 200
56 80
57 454
58 436
59 200
60 471
61 317
62 447
63 125
64 306
65 389
66 206
67 2
68 44
69 212
70 346
71 21
72 346
73 384
74 318
75 304
76 195
77 3
78 104
79 357
80 12
81 89
82 463
83 29
84 454
85 269
86 196
87 4
88 20
89 315
90 106
91 398
92 74
93 373
94 255
95 60
96 37
97 374
98 38
99 447
100 66
101 192
102 220
103 421
104 374
105 346
106 80
107 319
108 429
109 324
110 315
111 113
112 260
113 235
114 354
115 127
116 100
117 373
118 155
119 297
120 256
121 408
122 183
123 391
124 381
125 116
126 128
127 475
128 280
129 327
130 380
131 267
132 480
133 253
134 216
135 226
136 100
137 119
138 15
139 231
140 269
141 326
142 344
143 279
144 143
145 13
146 322
147 304
148 292
149 106
150 190
151 497
152 20
153 214
154 165
155 335
156 456
157 44
158 133
159 376
160 294
161 170
162 479
163 62
164 116
165 326
166 161
167 54
168 20
169 324
170 454
171 443
172 26
173 14
174 261
175 321
176 291
177 209
178 37
179 431
180 386
181 143
182 214
183 367
184 13
185 64
186 319
187 209
188 209
189 38
190 143
191 142
192 184
193 383
194 414
195 414
196 385
197 122
198 399
199 118
200 497
201 211
202 17
203 120
204 216
205 412
206 113
207 151
208 347
209 489
210 452
211 293
212 463
213 183
214 419
215 65
216 290
217 12
218 321
219 105
220 448
221 299
222 171
223 148
224 65
225 228
226 362
227 53
228 21
229 310
230 286
231 96
232 112
233 178
234 187
235 421
236 297
237 311
238 4
239 348
240 419
241 354
242 143
243 27
244 286
245 490
246 289
247 58
248 112
249 388
250 221
251 364
252 471
253 95
254 326
255 282
256 337
257 419
258 274
259 141
260 421
261 366
262 127
263 229
264 432
265 251
266 98
267 490
268 390
269 195
270 290
271 222
272 189
273 365
274 362
275 256
276 93
277 162
278 96
279 440
280 276
281 462
282 421
283 183
284 59
285 293
286 244
287 431
288 397
289 112
290 174
291 309
292 155
293 31
294 17
295 220
296 248
297 0
298 251
299 177
300 213
301 466
302 18
303 90
304 110
305 492
306 35
307 244
308 305
309 162
310 351
311 494
312 210
313 493
314 186
315 95
316 403
317 351
318 106
319 183
320 322
321 325
322 165
323 206
324 237
325 339
326 47
327 458
328 104
329 71
330 432
331 415
332 386
333 470
334 473
335 390
336 440
337 358
338 224
339 15
340 446
341 20
342 228
343 281
344 207
345 160
346 56
347 336
348 316
349 433
350 459
351 217
352 42
353 187
354 105
355 36
356 335
357 153
358 491
359 66
360 323
361 308
362 337
363 415
364 60
365 202
366 24
367 85
368 340
369 194
370 132
371 19
372 351
373 273
374 23
375 478
376 439
377 308
378 150
379 56
380 255
381 236
382 95
383 169
384 115
385 309
386 182
387 80
388 16
389 163
390 480
391 400
392 122
393 58
394 85
395 361
396 68
397 305
398 423
399 90
400 42
401 413
402 455
403 374
404 73
405 467
406 254
407 411
408 470
409 227
410 379
411 316
412 463
413 296
414 280
415 293
416 138
417 451
418 343
419 203
420 146
421 389
422 341
423 405
424 284
425 245
426 58
427 104
428 339
429 271
430 223
431 358
432 162
433 142
434 55
435 12
436 405
437 434
438 143
439 408
440 213
441 309
442 29
443 17
444 443
445 189
446 368
447 233
448 456
449 44
450 455
451 108
452 309
453 299
454 201
455 451
456 56
457 62
458 215
459 378
460 227
461 277
462 384
463 177
464 33
465 66
466 16
467 58
468 245
469 39
470 73
471 430
472 311
473 376
474 245
475 174
476 436
477 239
478 367
479 478
480 475
481 178
482 171
483 85
484 321
485 497
486 129
487 303
488 98
489 427
490 375
491 341
492 239
493 462
494 285
495 467
496 476
497 369
498 358
499 345
500 182
501 414
502 147
503 135
504 20
505 12
506 358
507 374
508 367
509 155
510 375
511 405
512 241
513 236
514 94
515 49
516 220
517 370
518 123
519 42
520 32
521 461
522 107
523 306
524 201
525 171
526 297
527 22
528 56
529 46
530 250
531 73
532 69
533 411
534 312
535 129
536 140
537 16
538 55
539 350
540 454
541 182
542 342
543 104
544 98
545 13
546 58
547 451
548 450
549 378
550 276
551 416
552 178
553 251
554 21
555 35
556 186
557 354
558 398
559 468
560 425
561 332
562 415
563 31
564 183
565 369
566 225
567 110
568 16
569 418
570 433
571 44
572 263
573 17
574 465
575 95
576 51
577 38
578 178
579 244
580 231
581 467
582 84
583 202
584 193
585 394
586 307
587 198
588 458
589 478
590 192
591 285
592 256
593 289
594 125
595 424
596 80
597 99
598 36
599 400
600 62
601 405
602 264
603 432
604 223
605 315
606 75
607 287
608 0
609 241
610 117
611 332
612 346
613 474
614 33
615 354
616 255
617 160
618 278
619 22
620 299
621 469
622 240
623 23
624 169
625 259
626 355
627 104
628 67
629 293
630 389
631 278
632 4
633 416
634 169
635 193
636 369
637 80
638 56
639 153
640 112
641 341
642 429
643 266
644 269
645 449
646 186
647 73
648 219
649 18
650 376
651 130
652 293
653 182
654 342
655 130
656 161
657 87
658 37
659 160
660 109
661 358
662 169
663 47
664 279
665 313
666 244
667 359
668 187
669 426
670 268
671 387
672 481
673 31
674 314
675 7
676 131
677 233
678 371
679 429
680 399
681 317
682 102
683 235
684 438
685 400
686 104
687 66
688 377
689 261
690 101
691 339
692 331
693 440
694 65
695 98
696 7
697 361
698 442
699 298
700 205
701 173
702 319
703 332
704 9
705 101
706 77
707 249
708 214
709 481
710 8
711 271
712 369
713 96
714 264
715 337
716 12
717 253
718 196
719 38
720 41
721 282
722 433
723 357
724 82
725 381
726 183
727 212
728 346
729 342
730 221
731 113
732 286
733 114
734 193
735 417
736 24
737 478
738 160
739 352
740 127
741 204
742 267
743 320
744 310
745 50
746 470
747 360
748 290
749 386
750 122
751 247
752 205
753 471
754 96
755 491
756 76
757 457
758 46
759 341
760 257
761 343
762 2
763 93
764 128
765 266
766 360
767 429
768 131
769 272
770 408
771 45
772 60
773 197
774 413
775 469
776 166
777 461
778 12
779 479
780 235
781 130
782 431
783 269
784 119
785 10
786 480
787 232
788 161
789 21
790 131
791 414
792 358
793 65
794 322
795 456
796 82
797 424
798 347
799 348
800 363
801 143
802 312
803 185
804 234
805 483
806 355
807 210
808 168
809 414
810 456
811 212
812 79
813 142
814 327
815 161
816 184
817 206
818 427
819 41
820 378
821 285
822 133
823 458
824 85
825 62
826 153
827 480
828 442
829 433
830 465
831 383
832 429
833 178
834 341
835 415
836 323
837 380
838 213
839 180
840 12
841 202
842 227
843 182
844 493
845 244
846 396
847 148
848 415
849 111
850 92
851 102
852 366
853 134
854 292
855 42
856 91
857 301
858 141
859 279
860 235
861 386
862 65
863 51
864 450
865 25
866 205
867 342
868 158
869 421
870 411
871 341
872 155
873 258
874 405
875 18
876 127
877 140
878 140
879 247
880 169
881 121
882 188
883 369
884 197
885 398
886 375
887 32
888 144
889 272
890 424
891 127
892 472
893 7
894 91
895 52
896 331
897 15
898 62
899 7
900 163
901 59
902 288
903 247
904 270
905 126
906 192
907 312
908 329
909 408
910 233
911 35
912 59
913 58
914 143
915 361
916 236
917 81
918 140
919 393
920 91
921 297
922 233
923 184
924 195
925 233
926 146
927 378
928 310
929 460
930 123
931 0
932 140
933 417
934 416
935 167
936 9
937 112
938 295
939 62
940 387
941 24
942 348
943 184
944 176
945 151
946 394
947 20
948 92
949 426
950 64
951 455
952 226
953 369
954 361
955 14
956 232
957 92
958 198
959 219
960 188
961 482
962 283
963 42
964 136
965 74
966 155
967 294
968 132
969 107
970 115
971 259
972 113
973 336
974 202
975 353
976 19
977 109
978 243
979 217
980 200
981 84
982 431
983 147
984 286
985 493
986 107
987 301
988 311
989 478
990 116
991 321
992 454
993 46
994 333
995 4
996 319
997 199
998 207
999 343
1000 212
1001 77
1002 86
1003 475
1004 276
1005 420
1006 308
1007 320
1008 53
1009 323
1010 90
1011 76
1012 196
1013 23
1014 159
1015 172
1016 230
1017 400
1018 140
1019 252
1020 382
1021 431
1022 165
1023 23
1024 17
1025 375
1026 334
1027 9
1028 367
1029 393
1030 402
1031 418
1032 178
1033 71
1034 61
1035 91
1036 396
1037 410
1038 379
1039 327
1040 398
1041 68
1042 305
1043 245
1044 248
1045 229
1046 145
1047 77
1048 363
1049 305
1050 279
1051 395
1052 196
1053 309
1054 294
1055 116
1056 245
1057 89
1058 154
1059 187
1060 353
1061 349
1062 128
1063 302
1064 182
1065 423
1066 149
1067 214
1068 210
1069 69
1070 429
1071 180
1072 112
1073 422
1074 129
1075 219
1076 454
1077 387
1078 41
1079 137
1080 309
1081 319
1082 107
1083 151
1084 157
1085 165
1086 283
1087 395
1088 393
1089 238
1090 311
1091 382
1092 292
1093 429
1094 272
1095 219
1096 109
1097 161
1098 46
1099 147
1100 76
1101 6
1102 295
1103 303
1104 400
1105 134
1106 186
1107 427
1108 472
1109 175
1110 159
1111 350
1112 334
1113 2
1114 96
1115 256
1116 14
1117 455
1118 310
1119 390
1120 70
1121 320
1122 464
1123 422
1124 9
1125 434
1126 367
1127 178
1128 90
1129 467
1130 359
1131 236
1132 114
1133 360
1134 483
1135 333
1136 309
1137 159
1138 172
1139 115
1140 256
1141 316
1142 133
1143 112
1144 124
1145 101
1146 139
1147 211
1148 250
1149 218
1150 447
1151 447
1152 1
1153 173
1154 331
1155 251
1156 168
1157 184
1158 477
1159 423
1160 464
1161 93
1162 464
1163 301
1164 438
1165 97
1166 453
1167 162
1168 175
1169 194
1170 2
1171 453
1172 430
1173 400
1174 471
1175 123
1176 277
1177 381
1178 33
1179 228
1180 378
1181 7
1182 193
1183 60
1184 293
1185 391
1186 208
1187 355
1188 445
1189 76
1190 494
1191 283
1192 358
1193 247
1194 100
1195 334
1196 337
1197 290
1198 53
1199 259
1200 367
1201 439
1202 451
1203 174
1204 280
1205 177
1206 416
1207 172
1208 275
1209 59
1210 236
1211 122
1212 322
1213 178
1214 23
1215 145
1216 489
1217 264
1218 316
1219 202
1220 341
1221 218
1222 363
1223 398
1224 159
1225 478
1226 487
1227 209
1228 308
1229 63
1230 207
1231 189
1232 350
1233 15
1234 303
1235 308
1236 102
1237 458
1238 201
1239 329
1240 94
1241 62
1242 376
1243 43
1244 55
1245 40
1246 410
1247 185
1248 276
1249 74
1250 128
1251 73
1252 422
1253 99
1254 448
1255 469
1256 387
1257 480
1258 294
1259 89
1260 227
1261 204
1262 3
1263 356
1264 155
1265 207
1266 438
1267 254
1268 262
1269 307
1270 425
1271 283
1272 157
1273 320
1274 280
1275 296
1276 275
1277 221
1278 317
1279 50
1280 94
1281 324
1282 434
1283 130
1284 123
1285 14
1286 49
1287 387
1288 100
1289 376
1290 6
1291 165
1292 27
1293 420
1294 272
1295 408
1296 281
1297 376
1298 492
1299 205
1300 330
1301 287
1302 187
1303 96
1304 486
1305 454
1306 61
1307 290
1308 386
1309 208
1310 364
1311 59
1312 156
1313 259
1314 328
1315 404
1316 283
1317 138
1318 212
1319 87
1320 383
1321 162
1322 368
1323 426
1324 359
1325 101
1326 187
1327 192
1328 238
1329 355
1330 136
1331 136
1332 97
1333 123
1334 403
1335 411
1336 332
1337 362
1338 450
1339 277
1340 198
1341 431
1342 84
1343 479
1344 316
1345 353
1346 249
1347 211
1348 460
1349 394
1350 26
1351 289
1352 430
1353 350
1354 4
1355 160
1356 164
1357 337
1358 322
1359 364
1360 390
1361 196
1362 209
1363 353
1364 69
1365 345
1366 150
1367 175
1368 92
1369 262
1370 42
1371 235
1372 271
1373 300
1374 430
1375 278
1376 287
1377 15
1378 438
1379 459
1380 82
1381 55
1382 56
1383 427
1384 357
1385 491
1386 490
1387 305
1388 260
1389 442
1390 331
1391 167
1392 63
1393 311
1394 103
1395 59
1396 354
1397 179
1398 366
1399 160
1400 417
1401 41
1402 438
1403 49
1404 365
1405 255
1406 192
1407 142
1408 0
1409 124
1410 98
1411 327
1412 96
1413 134
1414 400
1415 367
1416 3
1417 18
1418 461
1419 118
1420 23
1421 45
1422 380
1423 31
1424 240
1425 79
1426 274
1427 48
1428 231
1429 448
1430 43
1431 478
1432 67
1433 210
1434 425
1435 401
1436 337
1437 300
1438 395
1439 256
1440 216
1441 81
1442 77
1443 44
1444 372
1445 337
1446 273
1447 84
1448 176
1449 54
1450 4
1451 479
1452 313
1453 408
1454 454
1455 184
1456 422
1457 106
1458 460
1459 244
1460 201
1461 114
1462 457
1463 415
1464 187
1465 82
1466 152
1467 239
1468 347
1469 462
1470 115
1471 90
1472 410
1473 29
1474 221
1475 448
1476 485
1477 254
1478 439
1479 92
1480 323
1481 348
1482 9
1483 41
1484 283
1485 176
1486 20
1487 241
1488 361
1489 146
1490 224
1491 80
1492 211
1493 34
1494 284
1495 379
1496 478
1497 61
1498 21
1499 417
1500 481
1501 262
1502 220
1503 367
1504 367
1505 91
1506 83
1507 436
1508 22
1509 330
1510 67
1511 244
1512 208
1513 340
1514 76
1515 419
1516 403
1517 462
1518 370
1519 110
1520 179
1521 340
1522 349
1523 84
1524 85
1525 195
1526 406
1527 171
1528 105
1529 379
1530 433
1531 74
1532 122
1533 55
1534 17
1535 429
1536 153
1537 95
1538 158
1539 158
1540 307
1541 87
1542 201
1543 332
1544 69
1545 454
1546 305
1547 325
1548 169
1549 288
1550 140
1551 379
1552 339
1553 48
1554 256
1555 153
1556 433
1557 231
1558 269
1559 364
1560 414
1561 35
1562 21
1563 333
1564 457
1565 470
1566 240
1567 400
1568 168
1569 236
1570 473
1571 103
1572 244
1573 106
1574 290
1575 75
1576 14
1577 120
1578 67
1579 413
1580 412
1581 64
1582 382
1583 69
1584 13
1585 180
1586 16
1587 451
1588 236
1589 178
1590 384
1591 139
1592 217
1593 60
1594 235
1595 85
1596 285
1597 210
1598 451
1599 183
1600 68
1601 239
1602 93
1603 171
1604 181
1605 257
1606 344
1607 266
1608 191
1609 418
1610 147
1611 264
1612 386
1613 48
1614 79
1615 435
1616 20
1617 30
1618 300
1619 311
1620 320
1621 337
1622 446
1623 150
1624 251
1625 393
1626 59
1627 57
1628 242
1629 191
1630 102
1631 171
1632 444
1633 105
1634 112
1635 399
1636 27
1637 385
1638 276
1639 402
1640 118
1641 296
1642 361
1643 33
1644 310
1645 348
1646 211
1647 20
1648 352
1649 332
1650 491
1651 423
1652 6
1653 242
1654 17
1655 101
1656 231
1657 279
1658 78
1659 133
1660 271
1661 394
1662 347
1663 339
1664 37
1665 82
1666 87
1667 294
1668 458
1669 126
1670 39
1671 254
1672 185
1673 61
1674 258
1675 38
1676 260
1677 444
1678 121
1679 455
1680 156
1681 52
1682 57
1683 453
1684 197
1685 172
1686 77
1687 351
1688 69
1689 123
1690 14
1691 372
1692 495
1693 95
1694 125
1695 82
1696 400
1697 269
1698 6
1699 243
1700 42
1701 119
1702 191
1703 345
1704 153
1705 334
1706 31
1707 63
1708 34
1709 485
1710 280
1711 20
1712 231
1713 378
1714 265
1715 470
1716 405
1717 481
1718 313
1719 243
1720 466
1721 133
1722 267
1723 4
1724 288
1725 172
1726 21
1727 339
1728 268
1729 335
1730 22
1731 126
1732 239
1733 429
1734 395
1735 33
1736 148
1737 271
1738 382
1739 299
1740 25
1741 487
1742 419
1743 362
1744 213
1745 367
1746 29
1747 407
1748 346
1749 435
1750 479
1751 169
1752 350
1753 434
1754 222
1755 143
1756 238
1757 393
1758 365
1759 63
1760 109
1761 51
1762 431
1763 43
1764 223
1765 413
1766 295
1767 461
1768 365
1769 116
1770 286
1771 200
1772 440
1773 347
1774 133
1775 252
1776 114
1777 274
1778 268
1779 191
1780 220
1781 30
1782 160
1783 488
1784 385
1785 155
1786 480
1787 189
1788 255
1789 357
1790 216
1791 287
1792 45
1793 330
1794 84
1795 53
1796 73
1797 139
1798 438
1799 161
1800 15
1801 376
1802 183
1803 77
1804 185
1805 309
1806 235
1807 279
1808 130
1809 371
1810 13
1811 42
1812 288
1813 298
1814 313
1815 346
1816 79
1817 59
1818 25
1819 412
1820 380
1821 387
1822 130
1823 93
1824 72
1825 286
1826 214
1827 41
1828 212
1829 21
1830 108
1831 188
1832 355
1833 6
1834 48
1835 354
1836 27
1837 10
1838 25
1839 309
1840 270
1841 138
1842 139
1843 483
1844 352
1845 352
1846 1
1847 99
1848 254
1849 388
1850 481
1851 197
1852 154
1853 235
1854 10
1855 139
1856 105
1857 125
1858 207
1859 433
1860 147
1861 374
1862 353
1863 326
1864 19
1865 209
1866 333
1867 116
1868 135
1869 252
1870 435
1871 67
1872 473
1873 64
1874 329
1875 287
1876 287
1877 170
1878 366
1879 181
1880 401
1881 302
1882 477
1883 19
1884 121
1885 299
1886 323
1887 199
1888 239
1889 396
1890 407
1891 352
1892 44
1893 56
1894 37
1895 324
1896 155
1897 235
1898 155
1899 127
1900 213
1901 82
1902 272
1903 263
1904 486
1905 174
1906 78
1907 394
1908 154
1909 281
1910 26
1911 152
1912 449
1913 6
1914 50
1915 451
1916 97
1917 157
1918 198
1919 430
1920 225
1921 303
1922 394
1923 459
1924 177
1925 483
1926 466
1927 407
1928 376
1929 144
1930 405
1931 355
1932 349
1933 122
1934 371
1935 159
1936 265
1937 13
1938 474
1939 167
1940 188
1941 491
1942 239
1943 465
1944 458
1945 476
1946 63
1947 355
1948 226
1949 208
1950 419
1951 16
1952 8
1953 136
1954 216
1955 345
1956 464
1957 87
1958 144
1959 348
1960 379
1961 96
1962 163
1963 261
1964 466
1965 352
1966 216
1967 213
1968 88
1969 189
1970 62
1971 376
1972 449
1973 225
1974 404
1975 258
1976 250
1977 22
1978 435
1979 23
1980 383
1981 17
1982 289
1983 442
1984 473
1985 317
1986 338
1987 73
1988 25
1989 489
1990 415
1991 381
1992 429
1993 63
1994 10
1995 343
1996 272
1997 463
1998 357
1999 95
2000 122
2001 188
2002 139
2003 252
2004 315
2005 97
2006 230
2007 421
2008 71
2009 38
2010 77
2011 40
2012 35
2013 22
2014 258
2015 219
2016 429
2017 166
2018 441
2019 460
2020 377
2021 31
2022 301
2023 317
2024 493
2025 127
2026 462
2027 453
2028 118
2029 71
2030 145
2031 107
2032 103
2033 178
2034 192
2035 434
2036 482
2037 251
2038 450
2039 235
2040 307
2041 396
2042 320
2043 90
2044 369
2045 308
2046 37
2047 394
2048 225
2049 406
2050 372
2051 249
2052 347
2053 22
2054 441
2055 186
2056 214
2057 237
2058 36
2059 352
2060 208
2061 236
2062 346
2063 132
2064 141
2065 15
2066 110
2067 104
2068 87
2069 73
2070 181
2071 94
2072 143
2073 479
2074 423
2075 193
2076 64
2077 151
2078 263
2079 3
2080 388
2081 174
2082 495
2083 166
2084 288
2085 410
2086 222
2087 271
2088 27
2089 1
2090 426
2091 304
2092 94
2093 251
2094 232
2095 230
2096 131
2097 137
2098 124
2099 441
2100 158
2101 207
2102 247
2103 54
2104 388
2105 496
2106 245
2107 0
2108 36
2109 91
2110 481
2111 163
2112 358
2113 37
2114 325
2115 131
2116 21
2117 129
2118 206
2119 377
2120 497
2121 282
2122 444
2123 242
2124 29
2125 486
2126 142
2127 433
2128 127
2129 425
2130 380
2131 233
2132 400
2133 250
2134 253
2135 206
2136 480
2137 22
2138 434
2139 382
2140 374
2141 446
2142 198
2143 348
2144 106
2145 463
2146 451
2147 107
2148 381
2149 255
2150 395
2151 213
2152 84
2153 100
2154 195
2155 197
2156 302
2157 16
2158 98
2159 121
2160 417
2161 345
2162 382
2163 338
2164 25
2165 132
2166 299
2167 77
2168 239
2169 136
2170 434
2171 383
2172 209
2173 319
2174 190
2175 167
2176 467
2177 423
2178 78
2179 75
2180 305
2181 98
2182 211
2183 78
2184 260
2185 336
2186 31
2187 240
2188 289
2189 6
2190 402
2191 350
2192 78
2193 471
2194 194
2195 277
2196 487
2197 451
2198 301
2199 483
2200 408
2201 141
2202 415
2203 390
2204 75
2205 110
2206 390
2207 485
2208 362
2209 5
2210 391
2211 307
2212 485
2213 354
2214 259
2215 408
2216 385
2217 388
2218 381
2219 499
2220 251
2221 133
2222 33
2223 139
2224 327
2225 25
2226 247
2227 4
2228 340
2229 210
2230 134
2231 363
2232 280
2233 252
2234 445
2235 331
2236 270
2237 191
2238 408
2239 177
2240 286
2241 166
2242 19
2243 338
2244 111
2245 253
2246 10
2247 239
2248 102
2249 83
2250 78
2251 380
2252 329
2253 150
2254 97
2255 336
2256 297
2257 396
2258 154
2259 467
2260 61
2261 349
2262 120
2263 1
2264 235
2265 493
2266 128
2267 43
2268 17
2269 227
2270 95
2271 407
2272 129
2273 109
2274 279
2275 242
2276 117
2277 469
2278 434
2279 485
2280 172
2281 367
2282 25
2283 335
2284 170
2285 163
2286 440
2287 164
2288 443
2289 139
2290 73
2291 419
2292 151
2293 308
2294 74
2295 294
2296 420
2297 369
2298 56
2299 16
2300 436
2301 368
2302 463
2303 106
2304 370
2305 39
2306 189
2307 438
2308 40
2309 156
2310 375
2311 229
2312 27
2313 268
2314 190
2315 478
2316 242
2317 383
2318 463
2319 371
2320 35
2321 440
2322 457
2323 207
2324 128
2325 22
2326 382
2327 114
2328 215
2329 445
2330 347
2331 317
2332 388
2333 412
2334 46
2335 440
2336 420
2337 363
2338 281
2339 61
2340 174
2341 66
2342 72
2343 317
2344 192
2345 104
2346 330
2347 459
2348 427
2349 199
2350 422
2351 402
2352 350
2353 410
2354 465
2355 42
2356 360
2357 20
2358 324
2359 109
2360 460
2361 383
2362 135
2363 272
2364 394
2365 117
2366 254
2367 445
2368 112
2369 137
2370 44
2371 362
2372 288
2373 222
2374 138
2375 285
2376 82
2377 361
2378 249
2379 108
2380 254
2381 86
2382 61
2383 38
2384 213
2385 409
2386 466
2387 237
2388 280
2389 330
2390 364
2391 153
2392 272
2393 365
2394 84
2395 126
2396 340
2397 155
2398 61
2399 465
2400 475
2401 69
2402 1
2403 274
2404 105
2405 471
2406 3
2407 352
2408 52
2409 395
2410 485
2411 216
2412 228
2413 496
2414 303
2415 30
2416 212
2417 374
2418 477
2419 345
2420 271
2421 93
2422 109
2423 443
2424 187
2425 386
2426 66
2427 145
2428 423
2429 80
2430 320
2431 323
2432 422
2433 485
2434 225
2435 416
2436 12
2437 101
2438 73
2439 230
2440 179
2441 362
2442 47
2443 344
2444 138
2445 391
2446 357
2447 116
2448 320
2449 291
2450 355
2451 458
2452 169
2453 215
2454 116
2455 111
2456 157
2457 116
2458 262
2459 270
2460 67
2461 393
2462 20
2463 47
2464 496
2465 414
2466 77
2467 474
2468 128
2469 390
2470 146
2471 18
2472 339
2473 29
2474 202
2475 299
2476 270
2477 158
2478 110
2479 238
2480 322
2481 103
2482 415
2483 399
2484 471
2485 421
2486 436
2487 433
2488 274
2489 460
2490 443
2491 94
2492 218
2493 280
2494 270
2495 395
2496 230
2497 130
2498 401
2499 377
2500 103
2501 64
2502 354
2503 138
2504 81
2505 82
2506 284
2507 330
2508 127
2509 175
2510 369
2511 280
2512 428
2513 153
2514 19
2515 65
2516 183
2517 315
2518 413
2519 243
2520 242
2521 255
2522 36
2523 3
2524 230
2525 239
2526 251
2527 135
2528 398
2529 169
2530 192
2531 57
2532 218
2533 441
2534 193
2535 378
2536 437
2537 222
2538 20
2539 375
2540 85
2541 29
2542 445
2543 326
2544 477
2545 300
2546 47
2547 371
2548 226
2549 213
2550 374
2551 2
2552 392
2553 118
2554 367
2555 202
2556 402
2557 343
2558 62
2559 200
2560 169
2561 411
2562 162
2563 464
2564 408
2565 400
2566 154
2567 56
2568 99
2569 299
2570 169
2571 182
2572 207
2573 408
2574 43
2575 205
2576 333
2577 257
2578 292
2579 232
2580 339
2581 102
2582 496
2583 57
2584 106
2585 148
2586 302
2587 446
2588 210
2589 216
2590 285
2591 301
2592 306
2593 310
2594 4
2595 198
2596 437
2597 407
2598 25
2599 278
2600 416
2601 298
2602 425
2603 70
2604 181
2605 221
2606 56
2607 72
2608 114
2609 478
2610 246
2611 176
2612 339
2613 117
2614 241
2615 392
2616 164
2617 21
2618 202
2619 216
2620 274
2621 173
2622 441
2623 61
2624 137
2625 326
2626 119
2627 4
2628 379
2629 227
2630 216
2631 110
2632 446
2633 351
2634 341
2635 79
2636 404
2637 459
2638 305
2639 388
2640 18
2641 249
2642 187
2643 0
2644 36
2645 138
2646 328
2647 482
2648 29
2649 281
2650 223
2651 245
2652 125
2653 300
2654 375
2655 290
2656 0
2657 156
2658 71
2659 174
2660 497
2661 319
2662 259
2663 79
2664 394
2665 423
2666 115
2667 204
2668 358
2669 448
2670 278
2671 389
2672 479
2673 0
2674 457
2675 223
2676 296
2677 299
2678 443
2679 176
2680 104
2681 25
2682 57
2683 440
2684 313
2685 144
2686 338
2687 361
2688 182
2689 200
2690 262
2691 329
2692 377
2693 465
2694 468
2695 354
2696 285
2697 379
2698 76
2699 52
2700 352
2701 240
2702 385
2703 70
2704 323
2705 325
2706 363
2707 210
2708 353
2709 406
2710 383
2711 6
2712 155
2713 343
2714 122
2715 366
2716 95
2717 496
2718 479
2719 341
2720 13
2721 441
2722 177
2723 261
2724 380
2725 25
2726 275
2727 293
2728 235
2729 480
2730 189
2731 132
2732 91
2733 428
2734 203
2735 17
2736 450
2737 365
2738 299
2739 281
2740 20
2741 85
2742 365
2743 67
2744 364
2745 348
2746 5
2747 286
2748 188
2749 471
2750 406
2751 351
2752 8
2753 24
2754 466
2755 300
2756 263
2757 77
2758 56
2759 271
2760 209
2761 141
2762 282
2763 321
2764 190
2765 153
2766 349
2767 61
2768 297
2769 470
2770 203
2771 483
2772 293
2773 376
2774 109
2775 421
2776 325
2777 247
2778 148
2779 411
2780 215
2781 448
2782 487
2783 292
2784 392
2785 301
2786 293
2787 306
2788 365
2789 64
2790 128
2791 298
2792 68
2793 4
2794 461
2795 216
2796 399
2797 312
2798 253
2799 382
2800 104
2801 214
2802 150
2803 343
2804 110
2805 255
2806 39
2807 330
2808 182
2809 152
2810 448
2811 170
2812 424
2813 45
2814 218
2815 203
2816 412
2817 194
2818 332
2819 462
2820 185
2821 89
2822 60
2823 89
2824 467
2825 245
2826 160
2827 98
2828 383
2829 392
2830 366
2831 461
2832 74
2833 380
2834 231
2835 450
2836 404
2837 74
2838 403
2839 280
2840 171
2841 227
2842 322
2843 218
2844 65
2845 91
2846 416
2847 142
2848 491
2849 410
2850 18
2851 15
2852 65
2853 493
2854 164
2855 217
2856 328
2857 254
2858 317
2859 77
2860 7
2861 354
2862 3
2863 74
2864 287
2865 344
2866 230
2867 432
2868 77
2869 21
2870 239
2871 66
2872 163
2873 495
2874 254
2875 162
2876 394
2877 110
2878 261
2879 252
2880 425
2881 137
2882 75
2883 494
2884 231
2885 28
2886 473
2887 342
2888 136
2889 212
2890 427
2891 115
2892 74
2893 28
2894 491
2895 328
2896 475
2897 273
2898 403
2899 249
2900 91
2901 440
2902 443
2903 291
2904 14
2905 380
2906 287
2907 424
2908 82
2909 24
2910 165
2911 456
2912 460
2913 170
2914 227
2915 114
2916 83
2917 374
2918 83
2919 328
2920 470
2921 227
2922 94
2923 219
2924 185
2925 330
2926 338
2927 453
2928 118
2929 179
2930 475
2931 443
2932 300
2933 447
2934 320
2935 433
2936 407
2937 102
2938 112
2939 16
2940 378
2941 450
2942 97
2943 56
2944 97
2945 205
2946 420
2947 405
2948 204
2949 382
2950 365
2951 446
2952 93
2953 172
2954 422
2955 95
2956 411
2957 268
2958 270
2959 403
2960 190
2961 135
2962 486
2963 292
2964 111
2965 227
2966 434
2967 43
2968 443
2969 318
2970 31
2971 403
2972 233
2973 169
2974 157
2975 140
2976 228
2977 143
2978 343
2979 162
2980 182
2981 368
2982 136
2983 402
2984 397
2985 496
2986 276
2987 227
2988 400
2989 270
2990 42
2991 194
2992 30
2993 147
2994 34
2995 190
2996 132
2997 273
2998 349
2999 317
3000 414
3001 304
3002 402
3003 497
3004 401
3005 147
3006 365
3007 432
3008 20
3009 420
3010 495
3011 232
3012 182
3013 337
3014 65
3015 390
3016 426
3017 466
3018 389
3019 125
3020 199
3021 387
3022 84
3023 133
3024 231
3025 342
3026 18
3027 243
3028 197
3029 63
3030 357
3031 389
3032 126
3033 276
3034 300
3035 235
3036 96
3037 69
3038 230
3039 338
3040 57
3041 108
3042 106
3043 152
3044 336
3045 84
3046 137
3047 158
3048 43
3049 82
3050 159
3051 275
3052 334
3053 31
3054 174
3055 452
3056 106
3057 423
3058 33
3059 93
3060 416
3061 200
3062 404
3063 108
3064 307
3065 480
3066 215
3067 379
3068 208
3069 21
3070 3
3071 218
3072 34
3073 273
3074 132
3075 481
3076 173
3077 247
3078 243
3079 477
3080 389
3081 206
3082 359
3083 467
3084 472
3085 475
3086 342
3087 228
3088 260
3089 85
3090 162
3091 464
3092 428
3093 276
3094 446
3095 289
3096 463
3097 183
3098 198
3099 74
3100 267
3101 321
3102 398
3103 404
3104 394
3105 21
3106 283
3107 98
3108 339
3109 132
3110 224
3111 180
3112 255
3113 265
3114 74
3115 298
3116 326
3117 14
3118 212
3119 56
3120 379
3121 416
3122 166
3123 333
3124 247
3125 266
3126 21
3127 111
3128 440
3129 284
3130 83
3131 207
3132 16
3133 172
3134 210
3135 285
3136 182
3137 474
3138 433
3139 201
3140 269
3141 48
3142 66
3143 361
3144 486
3145 174
3146 387
3147 254
3148 371
3149 112
3150 433
3151 59
3152 291
3153 17
3154 122
3155 367
3156 271
3157 408
3158 45
3159 314
3160 199
3161 297
3162 337
3163 39
3164 133
3165 119
3166 298
3167 218
3168 192
3169 359
3170 365
3171 351
3172 109
3173 411
3174 260
3175 445
3176 199
3177 327
3178 77
3179 398
3180 119
3181 328
3182 441
3183 486
3184 121
3185 350
3186 116
3187 220
3188 141
3189 460
3190 486
3191 451
3192 312
3193 255
3194 277
3195 41
3196 482
3197 402
3198 97
3199 367
3200 145
3201 283
3202 453
3203 116
3204 437
3205 67
3206 282
3207 429
3208 56
3209 328
3210 326
3211 192
3212 357
3213 232
3214 228
3215 276
3216 434
3217 132
3218 353
3219 291
3220 136
3221 135
3222 108
3223 7
3224 223
3225 379
3226 22
3227 419
3228 283
3229 410
3230 226
3231 376
3232 176
3233 236
3234 421
3235 159
3236 17
3237 456
3238 175
3239 282
3240 167
3241 341
3242 362
3243 357
3244 88
3245 350
3246 299
3247 147
3248 167
3249 491
3250 440
3251 4
3252 141
3253 281
3254 196
3255 289
3256 233
3257 117
3258 107
3259 76
3260 197
3261 183
3262 319
3263 212
3264 399
3265 70
3266 261
3267 322
3268 197
3269 277
3270 149
3271 250
3272 418
3273 174
3274 344
3275 20
3276 390
3277 163
3278 354
3279 111
3280 493
3281 399
3282 278
3283 28
3284 412
3285 9
3286 233
3287 418
3288 230
3289 39
3290 440
3291 309
3292 478
3293 405
3294 97
3295 128
3296 478
3297 1
3298 172
3299 329
3300 179
3301 24
3302 275
3303 136
3304 40
3305 21
3306 295
3307 45
3308 399
3309 202
3310 174
3311 459
3312 118
3313 201
3314 263
3315 161
3316 77
3317 370
3318 349
3319 110
3320 65
3321 298
3322 398
3323 257
3324 348
3325 79
3326 163
3327 224
3328 90
3329 292
3330 320
3331 486
3332 420
3333 211
3334 65
3335 184
3336 322
3337 267
3338 53
3339 412
3340 122
3341 195
3342 52
3343 446
3344 6
3345 303
3346 137
3347 467
3348 108
3349 479
3350 24
3351 111
3352 136
3353 420
3354 251
3355 204
3356 161
3357 280
3358 299
3359 43
3360 3
3361 415
3362 246
3363 464
3364 340
3365 49
3366 179
3367 44
3368 397
3369 321
3370 145
3371 418
3372 328
3373 395
3374 485
3375 188
3376 47
3377 110
3378 127
3379 448
3380 180
3381 37
3382 434
3383 229
3384 80
3385 241
3386 32
3387 226
3388 184
3389 222
3390 306
3391 250
3392 474
3393 265
3394 175
3395 39
3396 308
3397 393
3398 489
3399 349
3400 120
3401 246
3402 494
3403 268
3404 288
3405 107
3406 485
3407 424
3408 302
3409 31
3410 314
3411 217
3412 306
3413 81
3414 318
3415 330
3416 1
3417 132
3418 427
3419 71
3420 79
3421 171
3422 396
3423 291
3424 426
3425 40
3426 46
3427 234
3428 227
3429 494
3430 440
3431 39
3432 116
3433 434
3434 84
3435 367
3436 173
3437 338
3438 62
3439 448
3440 93
3441 324
3442 379
3443 101
3444 117
3445 296
3446 84
3447 411
3448 390
3449 436
3450 458
3451 13
3452 124
3453 486
3454 165
3455 209
3456 113
3457 295
3458 148
3459 275
3460 427
3461 277
3462 412
3463 287
3464 18
3465 177
3466 203
3467 363
3468 396
3469 325
3470 273
3471 11
3472 322
3473 208
3474 100
3475 82
3476 421
3477 119
3478 430
3479 151
3480 312
3481 402
3482 483
3483 446
3484 497
3485 50
3486 88
3487 493
3488 396
3489 277
3490 266
3491 90
3492 35
3493 17
3494 329
3495 491
3496 403
3497 267
3498 415
3499 395
3500 490
3501 473
3502 43
3503 433
3504 450
3505 391
3506 360
3507 75
3508 297
3509 474
3510 360
3511 192
3512 4
3513 8
3514 3
3515 193
3516 408
3517 342
3518 197
3519 452
3520 288
3521 466
3522 195
3523 288
3524 18
3525 79
3526 203
3527 151
3528 454
3529 348
3530 407
3531 333
3532 226
3533 386
3534 393
3535 220
3536 120
3537 436
3538 270
3539 483
3540 287
3541 309
3542 266
3543 323
3544 129
3545 473
3546 335
3547 413
3548 85
3549 248
3550 100
3551 382
3552 382
3553 422
3554 386
3555 29
3556 170
3557 88
3558 318
3559 209
3560 333
3561 22
3562 142
3563 451
3564 477
3565 196
3566 334
3567 363
3568 426
3569 318
3570 67
3571 24
3572 396
3573 424
3574 183
3575 376
3576 248
3577 224
3578 218
3579 77
3580 284
3581 281
3582 3
3583 43
3584 203
3585 47
3586 345
3587 490
3588 462
3589 324
3590 249
3591 153
3592 449
3593 481
3594 426
3595 242
3596 376
3597 218
3598 340
3599 156
3600 430
3601 356
3602 431
3603 46
3604 328
3605 18
3606 227
3607 10
3608 225
3609 276
3610 489
3611 2
3612 187
3613 224
3614 432
3615 35
3616 353
3617 421
3618 398
3619 107
3620 180
3621 213
3622 177
3623 458
3624 364
3625 352
3626 394
3627 56
3628 151
3629 53
3630 29
3631 486
3632 124
3633 52
3634 201
3635 451
3636 112
3637 414
3638 293
3639 393
3640 165
3641 114
3642 465
3643 478
3644 292
3645 177
3646 88
3647 186
3648 480
3649 445
3650 31
3651 20
3652 318
3653 110
3654 221
3655 419
3656 11
3657 471
3658 355
3659 108
3660 407
3661 151
3662 186
3663 284
3664 62
3665 418
3666 389
3667 350
3668 125
3669 458
3670 423
3671 18
3672 460
3673 197
3674 165
3675 176
3676 97
3677 304
3678 142
3679 495
3680 359
3681 380
3682 19
3683 193
3684 190
3685 210
3686 15
3687 324
3688 193
3689 287
3690 475
3691 34
3692 50
3693 309
3694 4
3695 450
3696 338
3697 146
3698 321
3699 73
3700 494
3701 163
3702 271
3703 473
3704 104
3705 350
3706 401
3707 293
3708 445
3709 267
3710 344
3711 14
3712 164
3713 357
3714 174
3715 128
3716 275
3717 209
3718 177
3719 62
3720 44
3721 289
3722 76
3723 191
3724 475
3725 138
3726 491
3727 357
3728 455
3729 469
3730 320
3731 59
3732 314
3733 453
3734 72
3735 325
3736 246
3737 473
3738 239
3739 448
3740 252
3741 372
3742 242
3743 457
3744 384
3745 32
3746 304
3747 68
3748 273
3749 448
3750 99
3751 312
3752 107
3753 15
3754 383
3755 225
3756 257
3757 455
3758 263
3759 410
3760 171
3761 131
3762 147
3763 467
3764 337
3765 259
3766 40
3767 96
3768 359
3769 227
3770 251
3771 296
3772 448
3773 202
3774 404
3775 237
3776 6
3777 152
3778 76
3779 225
3780 323
3781 325
3782 55
3783 173
3784 226
3785 90
3786 212
3787 319
3788 450
3789 213
3790 424
3791 30
3792 75
3793 166
3794 347
3795 320
3796 14
3797 280
3798 340
3799 412
3800 320
3801 112
3802 142
3803 414
3804 159
3805 74
3806 248
3807 462
3808 239
3809 123
3810 177
3811 448
3812 234
3813 29
3814 343
3815 343
3816 227
3817 361
3818 245
3819 20
3820 83
3821 296
3822 213
3823 153
3824 478
3825 193
3826 160
3827 250
3828 46
3829 329
3830 420
3831 42
3832 332
3833 332
3834 399
3835 45
3836 149
3837 81
3838 381
3839 81
3840 400
3841 465
3842 104
3843 492
3844 275
3845 192
3846 427
3847 442
3848 384
3849 253
3850 443
3851 10
3852 271
3853 260
3854 255
3855 402
3856 443
3857 332
3858 91
3859 222
3860 375
3861 148
3862 377
3863 323
3864 176
3865 264
3866 171
3867 452
3868 48
3869 24
3870 446
3871 404
3872 491
3873 47
3874 448
3875 244
3876 221
3877 67
3878 285
3879 389
3880 269
3881 101
3882 203
3883 243
3884 479
3885 456
3886 436
3887 182
3888 486
3889 313
3890 282
3891 343
3892 397
3893 26
3894 155
3895 326
3896 367
3897 455
3898 292
3899 46
3900 151
3901 404
3902 197
3903 232
3904 349
3905 408
3906 134
3907 452
3908 303
3909 245
3910 333
3911 46
3912 66
3913 46
3914 260
3915 27
3916 373
3917 121
3918 79
3919 409
3920 26
3921 43
3922 266
3923 382
3924 16
3925 334
3926 78
3927 412
3928 126
3929 9
3930 275
3931 84
3932 56
3933 362
3934 282
3935 381
3936 169
3937 243
3938 277
3939 154
3940 218
3941 135
3942 10
3943 428
3944 31
3945 405
3946 243
3947 314
3948 471
3949 309
3950 464
3951 251
3952 279
3953 170
3954 136
3955 329
3956 238
3957 242
3958 65
3959 124
3960 377
3961 280
3962 374
3963 87
3964 215
3965 249
3966 227
3967 336
3968 278
3969 157
3970 11
3971 165
3972 220
3973 444
3974 387
3975 29
3976 224
3977 144
3978 123
3979 172
3980 78
3981 196
3982 368
3983 131
3984 62
3985 364
3986 37
3987 321
3988 251
3989 362
3990 419
3991 280
3992 282
3993 239
3994 11
3995 198
3996 124
3997 205
3998 41
3999 65
4000 183
4001 189
4002 250
4003 147
4004 155
4005 226
4006 169
4007 384
4008 283
4009 295
4010 264
4011 104
4012 310
4013 335
4014 231
4015 310
4016 205
4017 72
4018 176
4019 210
4020 392
4021 20
4022 164
4023 308
4024 288
4025 410
4026 259
4027 49
4028 14
4029 60
4030 320
4031 473
4032 180
4033 349
4034 259
4035 360
4036 207
4037 403
4038 335
4039 298
4040 58
4041 428
4042 12
4043 405
4044 59
4045 491
4046 358
4047 194
4048 49
4049 114
4050 168
4051 106
4052 389
4053 205
4054 490
4055 314
4056 385
4057 113
4058 86
4059 250
4060 277
4061 35
4062 319
4063 99
4064 208
4065 400
4066 182
4067 246
4068 120
4069 472
4070 328
4071 206
4072 359
4073 78
4074 360
4075 154
4076 421
4077 453
4078 436
4079 86
4080 115
4081 132
4082 37
4083 422
4084 283
4085 173
4086 471
4087 275
4088 482
4089 38
4090 209
4091 276
4092 223
4093 394
4094 470
4095 151
4096 321
4097 27
4098 437
4099 44
4100 351
4101 239
4102 99
4103 198
4104 125
4105 140
4106 218
4107 444
4108 418
4109 172
4110 101
4111 301
4112 177
4113 21
4114 218
4115 474
4116 371
4117 349
4118 298
4119 150
4120 153
4121 78
4122 132
4123 391
4124 81
4125 48
4126 265
4127 121
4128 100
4129 310
4130 138
4131 242
4132 160
4133 421
4134 332
4135 377
4136 118
4137 371
4138 271
4139 492
4140 240
4141 320
4142 99
4143 33
4144 189
4145 176
4146 494
4147 335
4148 191
4149 282
4150 242
4151 443
4152 167
4153 111
4154 330
4155 268
4156 483
4157 434
4158 223
4159 290
4160 333
4161 167
4162 27
4163 252
4164 10
4165 15
4166 294
4167 257
4168 314
4169 74
4170 469
4171 161
4172 418
4173 4
4174 180
4175 287
4176 414
4177 351
4178 16
4179 18
4180 146
4181 56
4182 339
4183 98
4184 442
4185 260
4186 383
4187 406
4188 366
4189 411
4190 219
4191 427
4192 201
4193 453
4194 160
4195 251
4196 167
4197 460
4198 272
4199 75
4200 482
4201 345
4202 295
4203 391
4204 171
4205 239
4206 266
4207 295
4208 439
4209 52
4210 221
4211 457
4212 322
4213 368
4214 258
4215 438
4216 132
4217 46
4218 128
4219 26
4220 174
4221 267
4222 86
4223 271
4224 119
4225 479
4226 354
4227 158
4228 113
4229 419
4230 213
4231 378
4232 228
4233 77
4234 476
4235 183
4236 6
4237 461
4238 59
4239 398
4240 368
4241 18
4242 185
4243 49
4244 34
4245 271
4246 165
4247 61
4248 341
4249 85
4250 343
4251 198
4252 337
4253 147
4254 201
4255 460
4256 418
4257 340
4258 270
4259 68
4260 480
4261 429
4262 38
4263 312
4264 186
4265 245
4266 492
4267 284
4268 215
4269 151
4270 424
4271 110
4272 32
4273 187
4274 138
4275 34
4276 410
4277 56
4278 322
4279 245
4280 71
4281 452
4282 287
4283 87
4284 391
4285 440
4286 267
4287 261
4288 284
4289 164
4290 461
4291 298
4292 330
4293 14
4294 288
4295 399
4296 3
4297 374
4298 497
4299 206
4300 164
4301 255
4302 89
4303 427
4304 96
4305 255
4306 211
4307 412
4308 121
4309 71
4310 363
4311 1
4312 350
4313 234
4314 125
4315 137
4316 308
4317 118
4318 411
4319 96
4320 304
4321 184
4322 284
4323 35
4324 159
4325 279
4326 213
4327 163
4328 40
4329 36
4330 262
4331 268
4332 415
4333 14
4334 230
4335 261
4336 189
4337 183
4338 336
4339 447
4340 448
4341 134
4342 271
4343 436
4344 358
4345 61
4346 442
4347 255
4348 144
4349 264
4350 356
4351 85
4352 448
4353 105
4354 401
4355 456
4356 46
4357 408
4358 130
4359 461
4360 251
4361 151
4362 191
4363 4
4364 300
4365 130
4366 32
4367 279
4368 349
4369 266
4370 261
4371 312
4372 358
4373 463
4374 367
4375 115
4376 281
4377 319
4378 445
4379 198
4380 49
4381 348
4382 41
4383 153
4384 381
4385 288
4386 154
4387 489
4388 64
4389 233
4390 200
4391 206
4392 194
4393 292
4394 115
4395 280
4396 240
4397 70
4398 317
4399 434
4400 50
4401 253
4402 310
4403 184
4404 338
4405 399
4406 378
4407 36
4408 156
4409 226
4410 55
4411 117
4412 202
4413 269
4414 331
4415 217
4416 9
4417 218
4418 60
4419 431
4420 67
4421 321
4422 319
4423 24
4424 282
4425 168
4426 384
4427 27
4428 170
4429 75
4430 494
4431 346
4432 403
4433 165
4434 402
4435 60
4436 156
4437 94
4438 185
4439 489
4440 138
4441 246
4442 203
4443 28
4444 476
4445 161
4446 53
4447 328
4448 298
4449 6
4450 248
4451 213
4452 191
4453 451
4454 460
4455 1
4456 475
4457 30
4458 116
4459 332
4460 373
4461 153
4462 275
4463 79
4464 171
4465 23
4466 355
4467 335
4468 479
4469 105
4470 135
4471 470
4472 178
4473 68
4474 364
4475 43
4476 94
4477 216
4478 105
4479 78
4480 50
4481 107
4482 182
4483 418
4484 177
4485 51
4486 227
4487 236
4488 283
4489 299
4490 251
4491 264
4492 82
4493 361
4494 433
4495 338
4496 16
4497 320
4498 72
4499 23
4500 157
4501 275
4502 338
4503 93
4504 351
4505 28
4506 149
4507 348
4508 236
4509 215
4510 203
4511 40
4512 396
4513 112
4514 358
4515 92
4516 195
4517 135
4518 38
4519 365
4520 273
4521 394
4522 73
4523 265
4524 152
4525 29
4526 234
4527 250
4528 6
4529 231
4530 55
4531 72
4532 465
4533 340
4534 249
4535 379
4536 49
4537 415
4538 158
4539 367
4540 101
4541 147
4542 11
4543 81
4544 54
4545 183
4546 319
4547 216
4548 235
4549 11
4550 408
4551 339
4552 444
4553 117
4554 330
4555 387
4556 149
4557 124
4558 62
4559 371
4560 350
4561 322
4562 30
4563 64
4564 197
4565 344
4566 3
4567 384
4568 159
4569 439
4570 142
4571 344
4572 474
4573 223
4574 27
4575 97
4576 453
4577 408
4578 105
4579 188
4580 266
4581 169
4582 404
4583 449
4584 82
4585 315
4586 432
4587 280
4588 178
4589 3
4590 9
4591 330
4592 311
4593 174
4594 337
4595 147
4596 241
4597 409
4598 344
4599 126
4600 155
4601 395
4602 270
4603 45
4604 379
4605 60
4606 411
4607 59
4608 189
4609 106
4610 362
4611 190
4612 472
4613 496
4614 120
4615 217
4616 325
4617 100
4618 119
4619 145
4620 352
4621 318
4622 251
4623 257
4624 384
4625 31
4626 180
4627 288
4628 85
4629 497
4630 437
4631 250
4632 38
4633 137
4634 311
4635 279
4636 370
4637 385
4638 444
4639 437
4640 67
4641 357
4642 453
4643 26
4644 351
4645 137
4646 367
4647 281
4648 189
4649 440
4650 173
4651 224
4652 151
4653 454
4654 312
4655 148
4656 36
4657 186
4658 192
4659 144
4660 488
4661 291
4662 314
4663 101
4664 89
4665 315
4666 253
4667 19
4668 361
4669 238
4670 306
4671 149
4672 197
4673 166
4674 264
4675 47
4676 290
4677 224
4678 258
4679 341
4680 457
4681 289
4682 231
4683 121
4684 274
4685 297
4686 287
4687 170
4688 480
4689 147
4690 30
4691 494
4692 227
4693 403
4694 208
4695 479
4696 262
4697 68
4698 176
4699 156
4700 255
4701 247
4702 313
4703 429
4704 175
4705 120
4706 114
4707 386
4708 449
4709 226
4710 128
4711 52
4712 23
4713 50
4714 448
4715 490
4716 425
4717 386
4718 163
4719 272
4720 261
4721 80
4722 140
4723 4
4724 222
4725 246
4726 25
4727 180
4728 410
4729 27
4730 303
4731 120
4732 172
4733 472
4734 67
4735 172
4736 345
4737 363
4738 139
4739 433
4740 383
4741 353
4742 137
4743 334
4744 226
4745 199
4746 458
4747 465
4748 114
4749 107
4750 105
4751 231
4752 130
4753 233
4754 39
4755 53
4756 280
4757 239
4758 298
4759 99
4760 268
4761 310
4762 465
4763 223
4764 76
4765 272
4766 408
4767 323
4768 0
4769 168
4770 469
4771 61
4772 116
4773 88
4774 97
4775 120
4776 285
4777 494
4778 179
4779 475
4780 391
4781 468
4782 469
4783 404
4784 75
4785 379
4786 299
4787 10
4788 180
4789 412
4790 208
4791 139
4792 290
4793 37
4794 199
4795 360
4796 387
4797 159
4798 24
4799 210
4800 409
4801 238
4802 232
4803 88
4804 474
4805 252
4806 121
4807 427
4808 210
4809 309
4810 265
4811 336
4812 55
4813 44
4814 371
4815 46
4816 66
4817 169
4818 328
4819 20
4820 297
4821 257
4822 487
4823 156
4824 496
4825 468
4826 416
4827 125
4828 272
4829 371
4830 270
4831 154
4832 73
4833 144
4834 263
4835 134
4836 22
4837 256
4838 23
4839 138
4840 225
4841 251
4842 177
4843 249
4844 364
4845 214
4846 465
4847 411
4848 290
4849 361
4850 302
4851 114
4852 282
4853 294
4854 226
4855 128
4856 344
4857 482
4858 411
4859 446
4860 215
4861 489
4862 36
4863 225
4864 119
4865 175
4866 237
4867 22
4868 479
4869 59
4870 55
4871 358
4872 368
4873 389
4874 297
4875 233
4876 211
4877 299
4878 458
4879 46
4880 265
4881 144
4882 366
4883 294
4884 17
4885 17
4886 244
4887 332
4888 468
4889 451
4890 71
4891 14
4892 363
4893 279
4894 410
4895 312
4896 82
4897 46
4898 65
4899 72
4900 203
4901 84
4902 202
4903 321
4904 318
4905 55
4906 89
4907 365
4908 443
4909 38
4910 178
4911 163
4912 31
4913 112
4914 18
4915 153
4916 236
4917 302
4918 182
4919 160
4920 439
4921 232
4922 333
4923 483
4924 451
4925 210
4926 383
4927 447
4928 101
4929 292
4930 418
4931 276
4932 14
4933 472
4934 263
4935 5
4936 465
4937 313
4938 85
4939 215
4940 151
4941 109
4942 308
4943 389
4944 156
4945 64
4946 393
4947 117
4948 183
4949 49
4950 183
4951 63
4952 204
4953 376
4954 66
4955 291
4956 127
4957 257
4958 118
4959 143
4960 180
4961 97
4962 245
4963 4
4964 173
4965 359
4966 51
4967 327
4968 476
4969 211
4970 25
4971 164
4972 303
4973 74
4974 224
4975 358
4976 281
4977 437
4978 196
4979 141
4980 135
4981 16
4982 133
4983 191
4984 474
4985 174
4986 366
4987 12
4988 33
4989 446
4990 465
4991 188
4992 39
4993 497
4994 194
4995 313
4996 113
4997 140
4998 248
4999 162
