15000 190
15001 32
15002 115
15003 34
15004 155
15005 202
15006 147
15007 105
15008 133
15009 226
15010 68
15011 22
15012 195
15013 132
15014 15
15015 159
15016 187
15017 73
15018 155
15019 238
15020 171
15021 132
15022 83
15023 81
15024 57
15025 33
15026 210
15027 108
15028 75
15029 171
15030 192
15031 6
15032 104
15033 111
15034 150
15035 219
15036 77
15037 185
15038 220
15039 41
15040 147
15041 248
15042 93
15043 157
15044 172
15045 80
15046 190
15047 230
15048 183
15049 40
15050 64
15051 187
15052 206
15053 182
15054 219
15055 116
15056 7
15057 103
15058 172
15059 244
15060 11
15061 49
15062 57
15063 228
15064 65
15065 168
15066 212
15067 123
15068 175
15069 87
15070 123
15071 105
15072 227
15073 51
15074 59
15075 1
15076 208
15077 227
15078 136
15079 200
15080 13
15081 96
15082 71
15083 171
15084 27
15085 145
15086 19
15087 143
15088 139
15089 192
15090 174
15091 2
15092 58
15093 206
15094 224
15095 130
15096 2
15097 227
15098 165
15099 148
15100 108
15101 230
15102 114
15103 191
15104 183
15105 150
15106 47
15107 211
15108 74
15109 128
15110 31
15111 162
15112 11
15113 237
15114 214
15115 122
15116 137
15117 72
15118 36
15119 27
15120 76
15121 134
15122 29
15123 184
15124 219
15125 174
15126 95
15127 102
15128 24
15129 187
15130 15
15131 234
15132 87
15133 152
15134 132
15135 163
15136 108
15137 70
15138 67
15139 59
15140 171
15141 105
15142 225
15143 42
15144 24
15145 125
15146 248
15147 175
15148 137
15149 115
15150 30
15151 94
15152 142
15153 95
15154 95
15155 159
15156 143
15157 118
15158 156
15159 150
15160 79
15161 51
15162 91
15163 166
15164 45
15165 131
15166 159
15167 98
15168 112
15169 205
15170 120
15171 177
15172 243
15173 18
15174 147
15175 36
15176 138
15177 96
15178 62
15179 82
15180 207
15181 189
15182 131
15183 215
15184 124
15185 45
15186 185
15187 145
15188 107
15189 170
15190 226
15191 204
15192 130
15193 163
15194 240
15195 218
15196 4
15197 201
15198 88
15199 218
15200 34
15201 212
15202 94
15203 134
15204 225
15205 89
15206 17
15207 232
15208 151
15209 52
15210 230
15211 92
15212 9
15213 157
15214 201
15215 29
15216 204
15217 88
15218 151
15219 37
15220 201
15221 11
15222 65
15223 55
15224 89
15225 20
15226 215
15227 221
15228 128
15229 68
15230 233
15231 159
15232 139
15233 111
15234 9
15235 92
15236 162
15237 82
15238 14
15239 25
15240 68
15241 61
15242 58
15243 244
15244 128
15245 57
15246 76
15247 114
15248 27
15249 218
15250 186
15251 245
15252 228
15253 171
15254 136
15255 246
15256 193
15257 5
15258 54
15259 25
15260 70
15261 115
15262 33
15263 244
15264 227
15265 5
15266 180
15267 163
15268 28
15269 160
15270 109
15271 49
15272 133
15273 219
15274 100
15275 44
15276 234
15277 26
15278 157
15279 232
15280 168
15281 6
15282 210
15283 248
15284 210
15285 15
15286 139
15287 155
15288 144
15289 230
15290 133
15291 218
15292 245
15293 137
15294 182
15295 220
15296 214
15297 115
15298 243
15299 214
15300 203
15301 184
15302 131
15303 10
15304 140
15305 78
15306 70
15307 123
15308 99
15309 139
15310 168
15311 84
15312 158
15313 30
15314 226
15315 101
15316 101
15317 216
15318 85
15319 243
15320 201
15321 135
15322 102
15323 38
15324 201
15325 37
15326 40
15327 150
15328 234
15329 106
15330 53
15331 33
15332 70
15333 180
15334 231
15335 92
15336 218
15337 122
15338 98
15339 87
15340 154
15341 65
15342 67
15343 211
15344 105
15345 38
15346 194
15347 146
15348 232
15349 161
15350 47
15351 18
15352 192
15353 161
15354 32
15355 7
15356 226
15357 108
15358 107
15359 68
15360 200
15361 145
15362 243
15363 64
15364 196
15365 242
15366 212
15367 90
15368 203
15369 23
15370 204
15371 73
15372 198
15373 249
15374 144
15375 225
15376 36
15377 167
15378 221
15379 64
15380 133
15381 52
15382 167
15383 241
15384 143
15385 191
15386 5
15387 151
15388 130
15389 26
15390 218
15391 244
15392 64
15393 180
15394 238
15395 6
15396 209
15397 196
15398 234
15399 63
15400 31
15401 231
15402 34
15403 73
15404 147
15405 138
15406 108
15407 100
15408 124
15409 41
15410 124
15411 171
15412 42
15413 120
15414 13
15415 6
15416 59
15417 121
15418 86
15419 140
15420 136
15421 207
15422 71
15423 1
15424 68
15425 158
15426 246
15427 138
15428 197
15429 93
15430 226
15431 83
15432 169
15433 168
15434 140
15435 75
15436 128
15437 78
15438 184
15439 102
15440 194
15441 5
15442 76
15443 162
15444 82
15445 101
15446 171
15447 4
15448 78
15449 214
15450 87
15451 156
15452 35
15453 180
15454 227
15455 213
15456 236
15457 189
15458 51
15459 105
15460 143
15461 213
15462 39
15463 215
15464 183
15465 43
15466 236
15467 29
15468 239
15469 158
15470 51
15471 174
15472 63
15473 11
15474 120
15475 169
15476 238
15477 60
15478 221
15479 19
15480 114
15481 183
15482 78
15483 126
15484 201
15485 228
15486 46
15487 13
15488 24
15489 224
15490 11
15491 193
15492 83
15493 236
15494 115
15495 72
15496 10
15497 160
15498 248
15499 178
15500 220
15501 224
15502 154
15503 208
15504 74
15505 101
15506 71
15507 102
15508 46
15509 213
15510 76
15511 170
15512 176
15513 64
15514 220
15515 86
15516 159
15517 151
15518 141
15519 41
15520 46
15521 97
15522 34
15523 84
15524 126
15525 240
15526 112
15527 63
15528 218
15529 179
15530 104
15531 159
15532 134
15533 195
15534 54
15535 114
15536 130
15537 189
15538 85
15539 168
15540 4
15541 225
15542 3
15543 240
15544 103
15545 26
15546 165
15547 25
15548 65
15549 7
15550 116
15551 3
15552 162
15553 182
15554 109
15555 143
15556 231
15557 167
15558 102
15559 68
15560 136
15561 77
15562 199
15563 111
15564 210
15565 12
15566 181
15567 197
15568 127
15569 151
15570 131
15571 107
15572 3
15573 213
15574 152
15575 203
15576 20
15577 244
15578 185
15579 9
15580 113
15581 36
15582 4
15583 192
15584 106
15585 90
15586 91
15587 182
15588 189
15589 88
15590 112
15591 130
15592 206
15593 2
15594 192
15595 184
15596 136
15597 114
15598 180
15599 42
15600 57
15601 84
15602 67
15603 202
15604 114
15605 127
15606 105
15607 206
15608 138
15609 56
15610 215
15611 178
15612 118
15613 127
15614 130
15615 31
15616 216
15617 177
15618 157
15619 186
15620 103
15621 77
15622 176
15623 199
15624 101
15625 115
15626 160
15627 111
15628 149
15629 99
15630 208
15631 225
15632 39
15633 16
15634 153
15635 101
15636 64
15637 94
15638 166
15639 27
15640 147
15641 161
15642 203
15643 184
15644 159
15645 231
15646 168
15647 64
15648 50
15649 25
15650 39
15651 29
15652 76
15653 231
15654 136
15655 125
15656 36
15657 116
15658 121
15659 52
15660 178
15661 207
15662 233
15663 169
15664 46
15665 63
15666 153
15667 78
15668 166
15669 139
15670 204
15671 248
15672 178
15673 9
15674 32
15675 115
15676 20
15677 174
15678 102
15679 172
15680 92
15681 138
15682 198
15683 26
15684 95
15685 165
15686 242
15687 71
15688 122
15689 64
15690 30
15691 125
15692 16
15693 151
15694 79
15695 141
15696 247
15697 209
15698 81
15699 30
15700 105
15701 204
15702 204
15703 228
15704 100
15705 81
15706 40
15707 185
15708 27
15709 84
15710 141
15711 80
15712 96
15713 228
15714 95
15715 107
15716 241
15717 243
15718 142
15719 243
15720 108
15721 103
15722 3
15723 138
15724 187
15725 69
15726 122
15727 145
15728 147
15729 75
15730 161
15731 140
15732 93
15733 241
15734 192
15735 0
15736 194
15737 236
15738 100
15739 158
15740 30
15741 226
15742 110
15743 21
15744 204
15745 243
15746 125
15747 188
15748 240
15749 97
15750 44
15751 26
15752 159
15753 213
15754 76
15755 143
15756 144
15757 177
15758 199
15759 129
15760 73
15761 167
15762 128
15763 157
15764 127
15765 96
15766 47
15767 127
15768 144
15769 238
15770 96
15771 82
15772 209
15773 56
15774 101
15775 233
15776 73
15777 18
15778 44
15779 32
15780 202
15781 239
15782 164
15783 7
15784 66
15785 0
15786 215
15787 100
15788 175
15789 47
15790 234
15791 90
15792 235
15793 248
15794 134
15795 81
15796 107
15797 56
15798 53
15799 191
15800 197
15801 213
15802 175
15803 108
15804 61
15805 76
15806 155
15807 36
15808 130
15809 120
15810 38
15811 237
15812 221
15813 36
15814 234
15815 48
15816 217
15817 182
15818 226
15819 76
15820 77
15821 215
15822 119
15823 15
15824 165
15825 157
15826 213
15827 149
15828 192
15829 233
15830 222
15831 51
15832 19
15833 182
15834 146
15835 97
15836 87
15837 197
15838 128
15839 79
15840 118
15841 35
15842 205
15843 125
15844 94
15845 138
15846 13
15847 88
15848 222
15849 210
15850 149
15851 70
15852 94
15853 247
15854 3
15855 137
15856 163
15857 156
15858 226
15859 18
15860 128
15861 65
15862 65
15863 110
15864 239
15865 171
15866 105
15867 239
15868 125
15869 100
15870 37
15871 193
15872 73
15873 97
15874 84
15875 9
15876 183
15877 249
15878 40
15879 218
15880 70
15881 21
15882 105
15883 34
15884 197
15885 131
15886 146
15887 238
15888 197
15889 10
15890 78
15891 140
15892 141
15893 220
15894 13
15895 25
15896 68
15897 235
15898 4
15899 218
15900 98
15901 232
15902 56
15903 76
15904 146
15905 74
15906 125
15907 47
15908 93
15909 40
15910 203
15911 19
15912 66
15913 6
15914 148
15915 152
15916 125
15917 2
15918 114
15919 111
15920 68
15921 30
15922 179
15923 147
15924 108
15925 176
15926 215
15927 110
15928 123
15929 45
15930 209
15931 197
15932 99
15933 89
15934 14
15935 232
15936 178
15937 191
15938 121
15939 52
15940 50
15941 107
15942 115
15943 6
15944 235
15945 72
15946 12
15947 18
15948 144
15949 55
15950 152
15951 24
15952 145
15953 203
15954 176
15955 1
15956 245
15957 58
15958 26
15959 3
15960 238
15961 165
15962 30
15963 177
15964 56
15965 34
15966 92
15967 123
15968 180
15969 19
15970 36
15971 225
15972 192
15973 109
15974 228
15975 199
15976 137
15977 237
15978 212
15979 239
15980 6
15981 93
15982 79
15983 180
15984 202
15985 142
15986 153
15987 237
15988 6
15989 85
15990 179
15991 74
15992 80
15993 76
15994 15
15995 0
15996 104
15997 99
15998 117
15999 186
16000 120
16001 176
16002 30
16003 69
16004 216
16005 239
16006 160
16007 227
16008 91
16009 29
16010 134
16011 195
16012 28
16013 175
16014 173
16015 133
16016 135
16017 86
16018 235
16019 4
16020 164
16021 235
16022 137
16023 96
16024 16
16025 1
16026 107
16027 117
16028 20
16029 172
16030 26
16031 57
16032 73
16033 237
16034 100
16035 117
16036 2
16037 192
16038 164
16039 232
16040 177
16041 208
16042 13
16043 61
16044 91
16045 236
16046 246
16047 185
16048 184
16049 139
16050 139
16051 192
16052 48
16053 15
16054 208
16055 13
16056 244
16057 223
16058 104
16059 173
16060 88
16061 134
16062 36
16063 41
16064 188
16065 93
16066 207
16067 66
16068 73
16069 114
16070 147
16071 98
16072 236
16073 147
16074 46
16075 157
16076 229
16077 237
16078 134
16079 86
16080 226
16081 201
16082 90
16083 84
16084 18
16085 25
16086 1
16087 209
16088 151
16089 80
16090 86
16091 185
16092 64
16093 24
16094 97
16095 65
16096 245
16097 193
16098 165
16099 231
16100 27
16101 130
16102 177
16103 37
16104 50
16105 191
16106 233
16107 137
16108 25
16109 88
16110 7
16111 14
16112 52
16113 82
16114 35
16115 144
16116 96
16117 8
16118 98
16119 164
16120 202
16121 208
16122 65
16123 123
16124 198
16125 69
16126 34
16127 165
16128 26
16129 246
16130 140
16131 87
16132 119
16133 128
16134 238
16135 227
16136 33
16137 198
16138 176
16139 65
16140 135
16141 196
16142 15
16143 73
16144 76
16145 113
16146 60
16147 132
16148 92
16149 96
16150 48
16151 20
16152 80
16153 121
16154 99
16155 210
16156 167
16157 129
16158 59
16159 93
16160 206
16161 121
16162 43
16163 217
16164 14
16165 169
16166 90
16167 5
16168 180
16169 33
16170 25
16171 53
16172 225
16173 1
16174 87
16175 45
16176 10
16177 39
16178 195
16179 216
16180 174
16181 113
16182 53
16183 198
16184 215
16185 241
16186 247
16187 103
16188 21
16189 121
16190 164
16191 92
16192 31
16193 44
16194 66
16195 16
16196 165
16197 8
16198 206
16199 242
16200 178
16201 169
16202 110
16203 199
16204 59
16205 201
16206 41
16207 112
16208 108
16209 82
16210 219
16211 79
16212 15
16213 157
16214 211
16215 139
16216 45
16217 139
16218 81
16219 200
16220 49
16221 208
16222 30
16223 182
16224 19
16225 96
16226 176
16227 207
16228 240
16229 99
16230 135
16231 35
16232 93
16233 59
16234 29
16235 58
16236 26
16237 229
16238 27
16239 7
16240 215
16241 36
16242 12
16243 168
16244 134
16245 152
16246 21
16247 117
16248 159
16249 28
16250 238
16251 211
16252 108
16253 87
16254 220
16255 181
16256 66
16257 22
16258 243
16259 62
16260 145
16261 177
16262 110
16263 122
16264 205
16265 195
16266 104
16267 161
16268 127
16269 112
16270 215
16271 83
16272 58
16273 165
16274 90
16275 201
16276 63
16277 44
16278 248
16279 201
16280 179
16281 95
16282 130
16283 51
16284 146
16285 233
16286 177
16287 179
16288 81
16289 39
16290 30
16291 14
16292 133
16293 191
16294 144
16295 206
16296 78
16297 150
16298 248
16299 238
16300 83
16301 140
16302 206
16303 208
16304 84
16305 67
16306 81
16307 90
16308 56
16309 191
16310 175
16311 13
16312 201
16313 80
16314 7
16315 241
16316 155
16317 174
16318 106
16319 136
16320 91
16321 228
16322 7
16323 198
16324 122
16325 180
16326 92
16327 33
16328 62
16329 144
16330 211
16331 152
16332 8
16333 79
16334 102
16335 58
16336 237
16337 63
16338 245
16339 77
16340 123
16341 248
16342 100
16343 185
16344 51
16345 212
16346 51
16347 194
16348 138
16349 103
16350 86
16351 198
16352 34
16353 199
16354 68
16355 228
16356 12
16357 14
16358 245
16359 58
16360 66
16361 180
16362 11
16363 56
16364 74
16365 88
16366 89
16367 230
16368 216
16369 21
16370 227
16371 75
16372 23
16373 18
16374 204
16375 209
16376 157
16377 136
16378 46
16379 91
16380 126
16381 112
16382 204
16383 109
16384 73
16385 210
16386 7
16387 199
16388 58
16389 24
16390 38
16391 7
16392 224
16393 131
16394 216
16395 200
16396 15
16397 170
16398 3
16399 79
16400 12
16401 143
16402 160
16403 50
16404 219
16405 229
16406 219
16407 110
16408 155
16409 181
16410 107
16411 59
16412 200
16413 47
16414 132
16415 129
16416 189
16417 142
16418 96
16419 143
16420 52
16421 11
16422 65
16423 202
16424 9
16425 175
16426 126
16427 108
16428 53
16429 59
16430 66
16431 216
16432 66
16433 113
16434 129
16435 107
16436 140
16437 87
16438 220
16439 162
16440 80
16441 19
16442 40
16443 10
16444 31
16445 218
16446 123
16447 26
16448 2
16449 96
16450 176
16451 161
16452 79
16453 63
16454 80
16455 81
16456 217
16457 0
16458 246
16459 96
16460 233
16461 143
16462 4
16463 109
16464 166
16465 11
16466 87
16467 55
16468 91
16469 126
16470 191
16471 8
16472 114
16473 42
16474 249
16475 216
16476 221
16477 169
16478 126
16479 241
16480 162
16481 183
16482 178
16483 247
16484 11
16485 71
16486 126
16487 207
16488 33
16489 52
16490 206
16491 226
16492 114
16493 235
16494 217
16495 51
16496 212
16497 33
16498 87
16499 91
16500 85
16501 233
16502 157
16503 133
16504 127
16505 0
16506 25
16507 169
16508 40
16509 127
16510 110
16511 30
16512 221
16513 67
16514 165
16515 54
16516 71
16517 108
16518 41
16519 183
16520 91
16521 147
16522 137
16523 2
16524 49
16525 142
16526 33
16527 223
16528 44
16529 81
16530 42
16531 75
16532 201
16533 212
16534 87
16535 145
16536 172
16537 59
16538 128
16539 127
16540 73
16541 205
16542 34
16543 135
16544 127
16545 150
16546 125
16547 25
16548 93
16549 1
16550 133
16551 77
16552 225
16553 104
16554 21
16555 201
16556 227
16557 162
16558 153
16559 86
16560 40
16561 66
16562 102
16563 114
16564 153
16565 93
16566 209
16567 84
16568 244
16569 110
16570 114
16571 155
16572 17
16573 35
16574 98
16575 10
16576 170
16577 108
16578 211
16579 136
16580 5
16581 150
16582 85
16583 6
16584 32
16585 211
16586 90
16587 20
16588 120
16589 58
16590 210
16591 75
16592 207
16593 29
16594 138
16595 53
16596 21
16597 223
16598 120
16599 28
16600 116
16601 109
16602 17
16603 106
16604 58
16605 224
16606 145
16607 44
16608 180
16609 186
16610 5
16611 144
16612 245
16613 18
16614 215
16615 183
16616 219
16617 142
16618 243
16619 50
16620 210
16621 149
16622 82
16623 33
16624 152
16625 206
16626 99
16627 222
16628 229
16629 69
16630 8
16631 64
16632 83
16633 110
16634 224
16635 9
16636 16
16637 175
16638 243
16639 54
16640 209
16641 197
16642 19
16643 54
16644 223
16645 190
16646 210
16647 60
16648 146
16649 129
16650 36
16651 102
16652 232
16653 52
16654 205
16655 210
16656 129
16657 43
16658 53
16659 149
16660 158
16661 63
16662 73
16663 202
16664 178
16665 206
16666 121
16667 188
16668 40
16669 117
16670 202
16671 103
16672 154
16673 141
16674 24
16675 48
16676 117
16677 159
16678 147
16679 191
16680 204
16681 113
16682 230
16683 173
16684 228
16685 160
16686 85
16687 211
16688 14
16689 8
16690 195
16691 98
16692 177
16693 142
16694 89
16695 109
16696 249
16697 199
16698 111
16699 71
16700 147
16701 88
16702 212
16703 142
16704 165
16705 33
16706 101
16707 67
16708 135
16709 240
16710 0
16711 12
16712 176
16713 214
16714 107
16715 211
16716 25
16717 35
16718 227
16719 112
16720 21
16721 116
16722 30
16723 152
16724 237
16725 207
16726 90
16727 159
16728 185
16729 194
16730 245
16731 145
16732 246
16733 206
16734 180
16735 25
16736 55
16737 45
16738 29
16739 105
16740 166
16741 246
16742 198
16743 209
16744 238
16745 59
16746 132
16747 129
16748 225
16749 160
16750 146
16751 205
16752 135
16753 188
16754 178
16755 121
16756 242
16757 164
16758 71
16759 169
16760 41
16761 82
16762 70
16763 208
16764 236
16765 187
16766 240
16767 202
16768 154
16769 57
16770 17
16771 115
16772 144
16773 180
16774 89
16775 16
16776 132
16777 116
16778 218
16779 168
16780 139
16781 132
16782 41
16783 32
16784 26
16785 2
16786 60
16787 9
16788 100
16789 226
16790 227
16791 205
16792 229
16793 236
16794 7
16795 32
16796 241
16797 51
16798 145
16799 6
16800 231
16801 193
16802 114
16803 71
16804 125
16805 137
16806 98
16807 230
16808 24
16809 44
16810 79
16811 70
16812 51
16813 13
16814 6
16815 213
16816 189
16817 114
16818 72
16819 138
16820 171
16821 6
16822 12
16823 173
16824 102
16825 249
16826 249
16827 56
16828 135
16829 26
16830 231
16831 82
16832 51
16833 100
16834 88
16835 167
16836 34
16837 101
16838 113
16839 169
16840 131
16841 245
16842 80
16843 194
16844 135
16845 230
16846 145
16847 231
16848 236
16849 73
16850 53
16851 208
16852 239
16853 102
16854 25
16855 136
16856 4
16857 28
16858 54
16859 220
16860 202
16861 55
16862 47
16863 104
16864 105
16865 165
16866 164
16867 125
16868 194
16869 191
16870 148
16871 152
16872 194
16873 99
16874 222
16875 23
16876 245
16877 140
16878 81
16879 201
16880 7
16881 8
16882 88
16883 71
16884 104
16885 224
16886 220
16887 174
16888 190
16889 236
16890 69
16891 239
16892 76
16893 214
16894 43
16895 108
16896 60
16897 97
16898 116
16899 169
16900 101
16901 117
16902 68
16903 202
16904 53
16905 88
16906 238
16907 62
16908 200
16909 172
16910 176
16911 82
16912 174
16913 145
16914 123
16915 173
16916 111
16917 233
16918 156
16919 154
16920 95
16921 243
16922 158
16923 198
16924 121
16925 84
16926 217
16927 85
16928 49
16929 172
16930 139
16931 203
16932 110
16933 142
16934 146
16935 183
16936 14
16937 113
16938 129
16939 72
16940 196
16941 64
16942 208
16943 79
16944 158
16945 58
16946 218
16947 170
16948 48
16949 151
16950 191
16951 49
16952 149
16953 120
16954 211
16955 58
16956 156
16957 71
16958 127
16959 155
16960 245
16961 129
16962 90
16963 170
16964 21
16965 101
16966 187
16967 159
16968 225
16969 192
16970 87
16971 85
16972 228
16973 243
16974 64
16975 80
16976 185
16977 14
16978 208
16979 154
16980 205
16981 176
16982 13
16983 11
16984 128
16985 10
16986 232
16987 201
16988 118
16989 5
16990 240
16991 70
16992 33
16993 75
16994 179
16995 68
16996 135
16997 71
16998 222
16999 101
17000 118
17001 145
17002 242
17003 84
17004 46
17005 103
17006 27
17007 43
17008 19
17009 39
17010 131
17011 143
17012 46
17013 33
17014 225
17015 28
17016 44
17017 213
17018 10
17019 151
17020 87
17021 76
17022 157
17023 115
17024 217
17025 0
17026 120
17027 184
17028 13
17029 37
17030 192
17031 61
17032 196
17033 38
17034 224
17035 118
17036 0
17037 48
17038 229
17039 5
17040 120
17041 86
17042 229
17043 191
17044 114
17045 131
17046 186
17047 181
17048 243
17049 63
17050 172
17051 31
17052 46
17053 152
17054 63
17055 132
17056 93
17057 137
17058 207
17059 207
17060 104
17061 189
17062 32
17063 51
17064 99
17065 65
17066 13
17067 35
17068 68
17069 192
17070 105
17071 30
17072 150
17073 55
17074 118
17075 54
17076 185
17077 229
17078 188
17079 140
17080 94
17081 104
17082 109
17083 171
17084 100
17085 13
17086 221
17087 166
17088 110
17089 55
17090 128
17091 83
17092 126
17093 220
17094 210
17095 117
17096 41
17097 214
17098 139
17099 174
17100 199
17101 242
17102 8
17103 181
17104 235
17105 34
17106 73
17107 55
17108 162
17109 151
17110 151
17111 67
17112 101
17113 89
17114 73
17115 64
17116 81
17117 32
17118 52
17119 116
17120 21
17121 140
17122 37
17123 69
17124 165
17125 176
17126 220
17127 97
17128 25
17129 59
17130 52
17131 201
17132 15
17133 238
17134 131
17135 34
17136 89
17137 78
17138 64
17139 42
17140 47
17141 101
17142 135
17143 62
17144 78
17145 241
17146 128
17147 177
17148 24
17149 74
17150 132
17151 27
17152 202
17153 31
17154 147
17155 143
17156 50
17157 73
17158 109
17159 69
17160 243
17161 81
17162 3
17163 163
17164 82
17165 136
17166 56
17167 222
17168 166
17169 88
17170 192
17171 196
17172 230
17173 80
17174 45
17175 222
17176 69
17177 16
17178 107
17179 181
17180 88
17181 21
17182 107
17183 55
17184 67
17185 90
17186 215
17187 16
17188 10
17189 149
17190 49
17191 85
17192 185
17193 177
17194 70
17195 57
17196 91
17197 235
17198 179
17199 88
17200 156
17201 167
17202 172
17203 28
17204 2
17205 196
17206 145
17207 98
17208 212
17209 65
17210 109
17211 66
17212 193
17213 207
17214 137
17215 194
17216 234
17217 110
17218 71
17219 216
17220 165
17221 120
17222 193
17223 192
17224 236
17225 162
17226 19
17227 203
17228 2
17229 70
17230 15
17231 183
17232 178
17233 55
17234 79
17235 241
17236 136
17237 101
17238 216
17239 228
17240 54
17241 114
17242 167
17243 133
17244 61
17245 231
17246 197
17247 215
17248 231
17249 88
17250 175
17251 44
17252 202
17253 105
17254 145
17255 227
17256 163
17257 18
17258 194
17259 198
17260 33
17261 223
17262 94
17263 28
17264 85
17265 28
17266 94
17267 182
17268 89
17269 189
17270 80
17271 179
17272 213
17273 225
17274 183
17275 7
17276 218
17277 135
17278 74
17279 77
17280 233
17281 52
17282 168
17283 113
17284 160
17285 118
17286 181
17287 188
17288 82
17289 188
17290 201
17291 170
17292 20
17293 235
17294 144
17295 122
17296 29
17297 202
17298 244
17299 159
17300 14
17301 164
17302 51
17303 208
17304 141
17305 146
17306 167
17307 5
17308 38
17309 213
17310 130
17311 185
17312 188
17313 232
17314 1
17315 107
17316 32
17317 44
17318 38
17319 215
17320 246
17321 62
17322 17
17323 167
17324 123
17325 226
17326 206
17327 19
17328 25
17329 212
17330 66
17331 197
17332 248
17333 132
17334 242
17335 54
17336 201
17337 107
17338 181
17339 82
17340 241
17341 88
17342 137
17343 87
17344 16
17345 75
17346 24
17347 231
17348 167
17349 141
17350 45
17351 174
17352 206
17353 200
17354 33
17355 77
17356 185
17357 167
17358 91
17359 21
17360 48
17361 105
17362 142
17363 133
17364 120
17365 24
17366 152
17367 41
17368 230
17369 90
17370 136
17371 146
17372 132
17373 163
17374 100
17375 0
17376 184
17377 117
17378 123
17379 220
17380 32
17381 229
17382 38
17383 81
17384 29
17385 74
17386 123
17387 135
17388 22
17389 216
17390 195
17391 144
17392 242
17393 52
17394 111
17395 108
17396 56
17397 73
17398 202
17399 64
17400 47
17401 12
17402 177
17403 246
17404 44
17405 151
17406 3
17407 88
17408 53
17409 43
17410 178
17411 37
17412 103
17413 119
17414 163
17415 70
17416 230
17417 177
17418 87
17419 166
17420 129
17421 66
17422 8
17423 72
17424 78
17425 118
17426 35
17427 239
17428 105
17429 14
17430 149
17431 19
17432 43
17433 242
17434 165
17435 225
17436 132
17437 134
17438 14
17439 238
17440 82
17441 169
17442 216
17443 99
17444 181
17445 172
17446 97
17447 170
17448 115
17449 200
17450 234
17451 138
17452 113
17453 178
17454 196
17455 61
17456 99
17457 79
17458 179
17459 106
17460 60
17461 141
17462 81
17463 42
17464 214
17465 1
17466 157
17467 47
17468 108
17469 213
17470 177
17471 203
17472 236
17473 21
17474 69
17475 8
17476 189
17477 31
17478 122
17479 123
17480 6
17481 36
17482 7
17483 106
17484 94
17485 163
17486 52
17487 161
17488 97
17489 136
17490 173
17491 233
17492 98
17493 63
17494 95
17495 205
17496 70
17497 45
17498 203
17499 195
17500 58
17501 161
17502 119
17503 42
17504 56
17505 224
17506 11
17507 15
17508 155
17509 36
17510 171
17511 46
17512 44
17513 138
17514 31
17515 236
17516 194
17517 195
17518 198
17519 188
17520 193
17521 213
17522 80
17523 51
17524 142
17525 106
17526 20
17527 214
17528 98
17529 91
17530 50
17531 220
17532 221
17533 219
17534 125
17535 247
17536 181
17537 235
17538 204
17539 10
17540 40
17541 178
17542 205
17543 20
17544 60
17545 38
17546 150
17547 241
17548 91
17549 164
17550 227
17551 149
17552 117
17553 215
17554 182
17555 76
17556 200
17557 159
17558 193
17559 123
17560 119
17561 106
17562 233
17563 197
17564 133
17565 140
17566 72
17567 118
17568 46
17569 37
17570 231
17571 154
17572 121
17573 47
17574 15
17575 137
17576 198
17577 99
17578 119
17579 85
17580 180
17581 45
17582 169
17583 139
17584 231
17585 71
17586 67
17587 35
17588 221
17589 106
17590 167
17591 146
17592 206
17593 52
17594 177
17595 229
17596 171
17597 56
17598 239
17599 215
17600 17
17601 158
17602 118
17603 177
17604 150
17605 1
17606 149
17607 67
17608 141
17609 52
17610 70
17611 213
17612 82
17613 125
17614 138
17615 232
17616 97
17617 76
17618 171
17619 229
17620 133
17621 65
17622 124
17623 161
17624 27
17625 87
17626 145
17627 86
17628 150
17629 129
17630 232
17631 163
17632 65
17633 34
17634 45
17635 60
17636 86
17637 212
17638 149
17639 37
17640 129
17641 115
17642 153
17643 147
17644 211
17645 136
17646 201
17647 146
17648 42
17649 22
17650 118
17651 171
17652 144
17653 44
17654 51
17655 94
17656 11
17657 71
17658 240
17659 157
17660 66
17661 82
17662 128
17663 118
17664 74
17665 245
17666 105
17667 206
17668 100
17669 101
17670 5
17671 145
17672 131
17673 3
17674 196
17675 60
17676 186
17677 146
17678 199
17679 209
17680 51
17681 185
17682 145
17683 171
17684 190
17685 41
17686 103
17687 142
17688 231
17689 183
17690 160
17691 225
17692 31
17693 65
17694 125
17695 223
17696 139
17697 181
17698 244
17699 100
17700 78
17701 168
17702 57
17703 152
17704 32
17705 18
17706 69
17707 39
17708 221
17709 202
17710 126
17711 194
17712 155
17713 144
17714 85
17715 177
17716 155
17717 240
17718 113
17719 108
17720 214
17721 103
17722 239
17723 56
17724 189
17725 169
17726 195
17727 212
17728 30
17729 206
17730 176
17731 70
17732 211
17733 81
17734 60
17735 153
17736 26
17737 190
17738 208
17739 118
17740 216
17741 84
17742 135
17743 189
17744 63
17745 163
17746 79
17747 197
17748 249
17749 247
17750 161
17751 214
17752 175
17753 92
17754 155
17755 167
17756 165
17757 183
17758 209
17759 88
17760 107
17761 192
17762 8
17763 224
17764 200
17765 38
17766 167
17767 166
17768 180
17769 77
17770 55
17771 152
17772 85
17773 227
17774 157
17775 92
17776 30
17777 32
17778 20
17779 186
17780 246
17781 77
17782 168
17783 189
17784 34
17785 64
17786 220
17787 112
17788 58
17789 206
17790 207
17791 58
17792 132
17793 0
17794 102
17795 198
17796 217
17797 69
17798 223
17799 215
17800 192
17801 32
17802 226
17803 182
17804 24
17805 206
17806 131
17807 222
17808 89
17809 136
17810 84
17811 230
17812 29
17813 149
17814 210
17815 176
17816 239
17817 76
17818 79
17819 19
17820 117
17821 43
17822 44
17823 229
17824 201
17825 132
17826 243
17827 77
17828 160
17829 130
17830 33
17831 0
17832 146
17833 74
17834 43
17835 246
17836 227
17837 25
17838 189
17839 230
17840 201
17841 42
17842 0
17843 6
17844 226
17845 119
17846 181
17847 94
17848 214
17849 144
17850 155
17851 102
17852 165
17853 167
17854 165
17855 185
17856 29
17857 2
17858 48
17859 85
17860 26
17861 169
17862 188
17863 55
17864 63
17865 14
17866 8
17867 209
17868 69
17869 98
17870 171
17871 142
17872 229
17873 173
17874 22
17875 74
17876 207
17877 9
17878 79
17879 8
17880 226
17881 143
17882 177
17883 8
17884 208
17885 208
17886 51
17887 231
17888 32
17889 97
17890 126
17891 209
17892 200
17893 244
17894 242
17895 229
17896 74
17897 44
17898 141
17899 3
17900 171
17901 186
17902 168
17903 217
17904 0
17905 154
17906 249
17907 103
17908 128
17909 1
17910 131
17911 98
17912 15
17913 149
17914 8
17915 2
17916 222
17917 106
17918 88
17919 220
17920 87
17921 244
17922 12
17923 135
17924 206
17925 237
17926 145
17927 24
17928 107
17929 39
17930 59
17931 18
17932 96
17933 98
17934 150
17935 27
17936 60
17937 66
17938 171
17939 114
17940 28
17941 211
17942 217
17943 111
17944 170
17945 196
17946 99
17947 75
17948 18
17949 49
17950 91
17951 6
17952 209
17953 60
17954 48
17955 200
17956 166
17957 204
17958 95
17959 86
17960 182
17961 84
17962 127
17963 234
17964 199
17965 215
17966 208
17967 130
17968 246
17969 14
17970 219
17971 6
17972 158
17973 121
17974 161
17975 74
17976 224
17977 171
17978 98
17979 84
17980 30
17981 43
17982 122
17983 213
17984 91
17985 12
17986 24
17987 236
17988 195
17989 1
17990 167
17991 46
17992 230
17993 12
17994 147
17995 117
17996 58
17997 129
17998 110
17999 12
18000 68
18001 244
18002 96
18003 107
18004 225
18005 17
18006 40
18007 222
18008 225
18009 153
18010 231
18011 138
18012 32
18013 47
18014 21
18015 79
18016 245
18017 5
18018 140
18019 100
18020 211
18021 201
18022 36
18023 172
18024 65
18025 103
18026 160
18027 123
18028 14
18029 131
18030 54
18031 45
18032 89
18033 18
18034 157
18035 133
18036 69
18037 171
18038 29
18039 61
18040 196
18041 22
18042 149
18043 123
18044 133
18045 46
18046 60
18047 222
18048 213
18049 107
18050 1
18051 147
18052 62
18053 150
18054 8
18055 7
18056 114
18057 23
18058 159
18059 19
18060 213
18061 188
18062 141
18063 239
18064 48
18065 15
18066 57
18067 32
18068 133
18069 225
18070 164
18071 48
18072 163
18073 107
18074 149
18075 179
18076 95
18077 58
18078 221
18079 211
18080 26
18081 101
18082 100
18083 242
18084 225
18085 10
18086 17
18087 80
18088 147
18089 177
18090 116
18091 212
18092 41
18093 128
18094 27
18095 148
18096 219
18097 90
18098 110
18099 11
18100 224
18101 183
18102 87
18103 25
18104 213
18105 107
18106 19
18107 109
18108 82
18109 211
18110 117
18111 130
18112 169
18113 170
18114 220
18115 201
18116 121
18117 36
18118 220
18119 119
18120 224
18121 144
18122 154
18123 216
18124 168
18125 214
18126 22
18127 185
18128 237
18129 99
18130 129
18131 112
18132 88
18133 102
18134 160
18135 86
18136 72
18137 18
18138 66
18139 210
18140 156
18141 157
18142 41
18143 67
18144 203
18145 48
18146 88
18147 218
18148 34
18149 49
18150 217
18151 187
18152 203
18153 242
18154 110
18155 246
18156 229
18157 90
18158 152
18159 217
18160 203
18161 125
18162 47
18163 121
18164 234
18165 223
18166 174
18167 136
18168 11
18169 78
18170 32
18171 153
18172 141
18173 183
18174 133
18175 71
18176 191
18177 46
18178 91
18179 111
18180 4
18181 128
18182 44
18183 102
18184 224
18185 160
18186 180
18187 180
18188 129
18189 129
18190 0
18191 72
18192 130
18193 227
18194 29
18195 73
18196 200
18197 87
18198 104
18199 166
18200 2
18201 233
18202 92
18203 152
18204 169
18205 29
18206 31
18207 25
18208 200
18209 246
18210 205
18211 181
18212 169
18213 11
18214 136
18215 104
18216 179
18217 235
18218 224
18219 123
18220 210
18221 65
18222 72
18223 41
18224 126
18225 186
18226 64
18227 79
18228 185
18229 101
18230 110
18231 82
18232 128
18233 27
18234 56
18235 42
18236 225
18237 125
18238 77
18239 218
18240 81
18241 223
18242 248
18243 233
18244 53
18245 17
18246 18
18247 121
18248 196
18249 104
18250 62
18251 122
18252 208
18253 144
18254 73
18255 163
18256 7
18257 93
18258 223
18259 185
18260 100
18261 96
18262 63
18263 236
18264 220
18265 52
18266 109
18267 119
18268 179
18269 242
18270 97
18271 223
18272 228
18273 247
18274 67
18275 38
18276 191
18277 237
18278 33
18279 35
18280 81
18281 61
18282 239
18283 66
18284 193
18285 1
18286 8
18287 90
18288 161
18289 119
18290 114
18291 143
18292 170
18293 65
18294 141
18295 128
18296 120
18297 60
18298 90
18299 68
18300 153
18301 40
18302 190
18303 76
18304 103
18305 59
18306 194
18307 168
18308 244
18309 180
18310 78
18311 49
18312 208
18313 52
18314 156
18315 167
18316 242
18317 184
18318 162
18319 106
18320 121
18321 64
18322 20
18323 50
18324 159
18325 55
18326 22
18327 125
18328 69
18329 180
18330 197
18331 100
18332 146
18333 159
18334 17
18335 55
18336 226
18337 237
18338 222
18339 225
18340 239
18341 26
18342 189
18343 142
18344 2
18345 88
18346 85
18347 101
18348 217
18349 91
18350 115
18351 15
18352 21
18353 182
18354 16
18355 204
18356 167
18357 144
18358 33
18359 11
18360 92
18361 159
18362 93
18363 26
18364 86
18365 34
18366 194
18367 34
18368 179
18369 171
18370 144
18371 172
18372 246
18373 240
18374 50
18375 129
18376 121
18377 224
18378 113
18379 42
18380 193
18381 55
18382 249
18383 13
18384 158
18385 153
18386 130
18387 71
18388 10
18389 113
18390 113
18391 132
18392 204
18393 36
18394 105
18395 55
18396 85
18397 183
18398 186
18399 248
18400 220
18401 239
18402 230
18403 21
18404 139
18405 44
18406 97
18407 97
18408 131
18409 107
18410 214
18411 98
18412 194
18413 163
18414 38
18415 213
18416 236
18417 57
18418 19
18419 24
18420 243
18421 194
18422 52
18423 234
18424 139
18425 173
18426 122
18427 192
18428 171
18429 233
18430 0
18431 185
18432 32
18433 83
18434 201
18435 82
18436 33
18437 44
18438 107
18439 5
18440 178
18441 140
18442 21
18443 21
18444 193
18445 169
18446 76
18447 247
18448 82
18449 120
18450 236
18451 48
18452 1
18453 134
18454 70
18455 142
18456 90
18457 11
18458 24
18459 34
18460 218
18461 214
18462 113
18463 7
18464 138
18465 74
18466 208
18467 2
18468 167
18469 151
18470 151
18471 182
18472 137
18473 70
18474 140
18475 243
18476 10
18477 174
18478 9
18479 97
18480 84
18481 243
18482 112
18483 236
18484 84
18485 81
18486 104
18487 164
18488 104
18489 16
18490 136
18491 128
18492 169
18493 1
18494 195
18495 142
18496 58
18497 118
18498 175
18499 200
18500 198
18501 172
18502 216
18503 239
18504 57
18505 93
18506 244
18507 19
18508 44
18509 94
18510 78
18511 244
18512 213
18513 47
18514 183
18515 227
18516 248
18517 164
18518 24
18519 218
18520 59
18521 217
18522 45
18523 25
18524 245
18525 225
18526 16
18527 118
18528 234
18529 149
18530 166
18531 218
18532 181
18533 180
18534 38
18535 93
18536 214
18537 112
18538 197
18539 216
18540 6
18541 77
18542 193
18543 231
18544 171
18545 85
18546 44
18547 21
18548 89
18549 28
18550 197
18551 231
18552 128
18553 139
18554 209
18555 52
18556 156
18557 10
18558 132
18559 245
18560 227
18561 206
18562 72
18563 10
18564 166
18565 137
18566 86
18567 162
18568 235
18569 184
18570 45
18571 93
18572 83
18573 238
18574 226
18575 220
18576 156
18577 101
18578 98
18579 182
18580 244
18581 5
18582 0
18583 198
18584 85
18585 195
18586 186
18587 174
18588 7
18589 126
18590 143
18591 138
18592 135
18593 75
18594 99
18595 113
18596 115
18597 103
18598 210
18599 77
18600 88
18601 195
18602 214
18603 121
18604 180
18605 31
18606 168
18607 134
18608 229
18609 100
18610 146
18611 165
18612 16
18613 198
18614 80
18615 168
18616 154
18617 140
18618 66
18619 117
18620 142
18621 1
18622 229
18623 100
18624 23
18625 162
18626 249
18627 156
18628 0
18629 12
18630 40
18631 33
18632 231
18633 39
18634 24
18635 33
18636 223
18637 50
18638 239
18639 172
18640 167
18641 5
18642 169
18643 6
18644 54
18645 108
18646 185
18647 94
18648 246
18649 44
18650 120
18651 223
18652 16
18653 32
18654 193
18655 11
18656 131
18657 36
18658 99
18659 220
18660 127
18661 132
18662 188
18663 32
18664 123
18665 183
18666 145
18667 204
18668 20
18669 154
18670 19
18671 198
18672 218
18673 181
18674 152
18675 202
18676 3
18677 191
18678 25
18679 131
18680 222
18681 159
18682 220
18683 48
18684 118
18685 141
18686 80
18687 24
18688 72
18689 213
18690 12
18691 13
18692 62
18693 2
18694 4
18695 39
18696 145
18697 236
18698 83
18699 192
18700 105
18701 139
18702 232
18703 69
18704 6
18705 203
18706 67
18707 7
18708 225
18709 60
18710 15
18711 17
18712 149
18713 137
18714 165
18715 80
18716 68
18717 165
18718 51
18719 16
18720 47
18721 100
18722 224
18723 154
18724 57
18725 214
18726 121
18727 122
18728 126
18729 196
18730 195
18731 237
18732 61
18733 168
18734 214
18735 158
18736 86
18737 238
18738 78
18739 72
18740 80
18741 10
18742 100
18743 162
18744 99
18745 95
18746 47
18747 85
18748 145
18749 78
18750 21
18751 190
18752 218
18753 189
18754 130
18755 205
18756 140
18757 45
18758 121
18759 108
18760 121
18761 28
18762 12
18763 198
18764 186
18765 86
18766 127
18767 48
18768 54
18769 107
18770 95
18771 0
18772 65
18773 144
18774 221
18775 203
18776 66
18777 243
18778 183
18779 55
18780 74
18781 115
18782 134
18783 22
18784 134
18785 59
18786 34
18787 156
18788 146
18789 146
18790 246
18791 184
18792 47
18793 243
18794 13
18795 141
18796 81
18797 218
18798 66
18799 90
18800 221
18801 54
18802 181
18803 202
18804 27
18805 140
18806 135
18807 147
18808 111
18809 155
18810 25
18811 101
18812 178
18813 103
18814 75
18815 103
18816 27
18817 58
18818 176
18819 40
18820 160
18821 119
18822 60
18823 36
18824 58
18825 2
18826 122
18827 122
18828 138
18829 234
18830 41
18831 176
18832 226
18833 150
18834 128
18835 206
18836 104
18837 194
18838 136
18839 165
18840 235
18841 143
18842 196
18843 61
18844 115
18845 26
18846 206
18847 41
18848 206
18849 91
18850 13
18851 70
18852 207
18853 224
18854 241
18855 139
18856 138
18857 102
18858 21
18859 196
18860 195
18861 173
18862 54
18863 18
18864 210
18865 88
18866 191
18867 189
18868 222
18869 227
18870 142
18871 39
18872 52
18873 22
18874 54
18875 90
18876 142
18877 28
18878 240
18879 41
18880 23
18881 239
18882 218
18883 226
18884 43
18885 62
18886 96
18887 203
18888 45
18889 57
18890 122
18891 57
18892 228
18893 139
18894 82
18895 70
18896 31
18897 97
18898 66
18899 168
18900 3
18901 191
18902 204
18903 170
18904 88
18905 236
18906 44
18907 91
18908 1
18909 10
18910 0
18911 68
18912 82
18913 9
18914 25
18915 164
18916 106
18917 99
18918 99
18919 206
18920 129
18921 88
18922 195
18923 13
18924 31
18925 144
18926 54
18927 76
18928 26
18929 96
18930 213
18931 95
18932 16
18933 73
18934 94
18935 191
18936 148
18937 92
18938 123
18939 119
18940 229
18941 66
18942 28
18943 238
18944 43
18945 167
18946 230
18947 169
18948 60
18949 226
18950 171
18951 134
18952 59
18953 90
18954 79
18955 244
18956 73
18957 53
18958 141
18959 151
18960 49
18961 202
18962 167
18963 15
18964 49
18965 104
18966 63
18967 33
18968 227
18969 167
18970 219
18971 27
18972 138
18973 54
18974 32
18975 19
18976 12
18977 189
18978 160
18979 166
18980 242
18981 52
18982 165
18983 106
18984 69
18985 19
18986 206
18987 200
18988 29
18989 140
18990 122
18991 238
18992 173
18993 131
18994 40
18995 113
18996 63
18997 136
18998 225
18999 36
19000 121
19001 16
19002 130
19003 178
19004 7
19005 91
19006 225
19007 179
19008 108
19009 142
19010 51
19011 20
19012 120
19013 7
19014 200
19015 153
19016 179
19017 225
19018 239
19019 110
19020 129
19021 34
19022 159
19023 209
19024 220
19025 176
19026 94
19027 222
19028 21
19029 15
19030 237
19031 208
19032 242
19033 224
19034 112
19035 15
19036 230
19037 94
19038 144
19039 230
19040 238
19041 40
19042 94
19043 168
19044 21
19045 243
19046 117
19047 171
19048 102
19049 114
19050 178
19051 152
19052 34
19053 131
19054 3
19055 211
19056 68
19057 94
19058 179
19059 124
19060 185
19061 216
19062 73
19063 120
19064 170
19065 20
19066 140
19067 214
19068 223
19069 211
19070 167
19071 219
19072 135
19073 216
19074 223
19075 24
19076 17
19077 175
19078 90
19079 134
19080 156
19081 108
19082 99
19083 129
19084 216
19085 114
19086 163
19087 43
19088 112
19089 58
19090 190
19091 72
19092 114
19093 137
19094 26
19095 76
19096 7
19097 144
19098 237
19099 29
19100 249
19101 113
19102 177
19103 163
19104 46
19105 92
19106 3
19107 154
19108 5
19109 87
19110 105
19111 246
19112 85
19113 2
19114 32
19115 140
19116 213
19117 220
19118 107
19119 98
19120 10
19121 180
19122 9
19123 39
19124 107
19125 237
19126 249
19127 5
19128 106
19129 104
19130 242
19131 163
19132 203
19133 130
19134 190
19135 170
19136 4
19137 116
19138 203
19139 56
19140 94
19141 186
19142 71
19143 216
19144 145
19145 118
19146 185
19147 138
19148 201
19149 209
19150 151
19151 222
19152 47
19153 195
19154 194
19155 175
19156 235
19157 9
19158 99
19159 14
19160 104
19161 48
19162 110
19163 19
19164 70
19165 168
19166 193
19167 204
19168 81
19169 178
19170 201
19171 24
19172 19
19173 133
19174 12
19175 147
19176 11
19177 36
19178 68
19179 185
19180 50
19181 74
19182 239
19183 60
19184 207
19185 210
19186 107
19187 107
19188 83
19189 145
19190 87
19191 173
19192 196
19193 148
19194 91
19195 61
19196 12
19197 128
19198 189
19199 159
19200 76
19201 231
19202 244
19203 18
19204 202
19205 210
19206 137
19207 241
19208 4
19209 13
19210 157
19211 49
19212 46
19213 228
19214 24
19215 213
19216 145
19217 88
19218 18
19219 149
19220 153
19221 9
19222 240
19223 91
19224 104
19225 40
19226 157
19227 199
19228 78
19229 141
19230 219
19231 157
19232 209
19233 131
19234 218
19235 245
19236 206
19237 34
19238 213
19239 198
19240 223
19241 242
19242 61
19243 42
19244 70
19245 203
19246 41
19247 179
19248 20
19249 189
19250 248
19251 230
19252 86
19253 30
19254 67
19255 120
19256 195
19257 237
19258 77
19259 110
19260 167
19261 150
19262 30
19263 160
19264 135
19265 121
19266 162
19267 113
19268 243
19269 80
19270 205
19271 244
19272 117
19273 69
19274 197
19275 122
19276 79
19277 80
19278 233
19279 125
19280 55
19281 239
19282 174
19283 28
19284 34
19285 27
19286 95
19287 20
19288 94
19289 91
19290 243
19291 41
19292 207
19293 137
19294 105
19295 102
19296 204
19297 181
19298 137
19299 14
19300 25
19301 190
19302 17
19303 79
19304 206
19305 143
19306 196
19307 170
19308 241
19309 209
19310 180
19311 146
19312 23
19313 162
19314 191
19315 105
19316 225
19317 173
19318 68
19319 162
19320 112
19321 223
19322 33
19323 235
19324 204
19325 207
19326 82
19327 207
19328 196
19329 208
19330 9
19331 139
19332 110
19333 106
19334 103
19335 12
19336 221
19337 63
19338 76
19339 117
19340 24
19341 50
19342 82
19343 28
19344 69
19345 8
19346 81
19347 141
19348 185
19349 73
19350 204
19351 172
19352 245
19353 229
19354 220
19355 247
19356 104
19357 43
19358 194
19359 202
19360 121
19361 236
19362 129
19363 4
19364 24
19365 80
19366 117
19367 129
19368 134
19369 168
19370 98
19371 102
19372 72
19373 192
19374 168
19375 16
19376 50
19377 125
19378 190
19379 49
19380 60
19381 95
19382 200
19383 143
19384 169
19385 172
19386 116
19387 131
19388 112
19389 39
19390 212
19391 29
19392 247
19393 163
19394 62
19395 24
19396 42
19397 205
19398 156
19399 189
19400 71
19401 96
19402 46
19403 193
19404 54
19405 132
19406 39
19407 107
19408 143
19409 243
19410 237
19411 13
19412 194
19413 68
19414 24
19415 19
19416 4
19417 158
19418 184
19419 234
19420 96
19421 22
19422 2
19423 69
19424 19
19425 178
19426 240
19427 16
19428 105
19429 5
19430 159
19431 1
19432 146
19433 209
19434 176
19435 70
19436 224
19437 9
19438 95
19439 87
19440 37
19441 177
19442 13
19443 2
19444 216
19445 105
19446 222
19447 143
19448 38
19449 2
19450 61
19451 195
19452 238
19453 120
19454 164
19455 59
19456 207
19457 17
19458 81
19459 211
19460 182
19461 46
19462 92
19463 1
19464 184
19465 100
19466 245
19467 30
19468 130
19469 194
19470 76
19471 94
19472 240
19473 192
19474 68
19475 179
19476 103
19477 87
19478 149
19479 98
19480 88
19481 241
19482 38
19483 101
19484 134
19485 94
19486 202
19487 68
19488 115
19489 183
19490 204
19491 78
19492 138
19493 243
19494 209
19495 140
19496 97
19497 165
19498 4
19499 39
19500 15
19501 177
19502 88
19503 143
19504 165
19505 234
19506 125
19507 7
19508 225
19509 105
19510 83
19511 82
19512 41
19513 112
19514 164
19515 62
19516 84
19517 200
19518 228
19519 244
19520 202
19521 155
19522 200
19523 6
19524 188
19525 176
19526 192
19527 166
19528 210
19529 16
19530 30
19531 141
19532 67
19533 208
19534 190
19535 136
19536 163
19537 141
19538 189
19539 50
19540 242
19541 237
19542 3
19543 104
19544 76
19545 137
19546 112
19547 7
19548 249
19549 55
19550 41
19551 175
19552 180
19553 201
19554 117
19555 219
19556 21
19557 185
19558 135
19559 153
19560 27
19561 160
19562 64
19563 225
19564 114
19565 4
19566 237
19567 240
19568 182
19569 95
19570 245
19571 34
19572 56
19573 102
19574 195
19575 40
19576 49
19577 106
19578 221
19579 225
19580 226
19581 6
19582 160
19583 99
19584 43
19585 200
19586 36
19587 235
19588 233
19589 208
19590 197
19591 24
19592 248
19593 80
19594 3
19595 3
19596 223
19597 71
19598 23
19599 148
19600 101
19601 125
19602 8
19603 226
19604 28
19605 174
19606 146
19607 152
19608 128
19609 54
19610 195
19611 1
19612 188
19613 235
19614 86
19615 232
19616 209
19617 202
19618 130
19619 233
19620 37
19621 104
19622 176
19623 151
19624 200
19625 118
19626 35
19627 128
19628 177
19629 110
19630 247
19631 17
19632 85
19633 215
19634 92
19635 83
19636 223
19637 214
19638 144
19639 46
19640 212
19641 78
19642 237
19643 18
19644 230
19645 77
19646 4
19647 230
19648 23
19649 96
19650 62
19651 81
19652 196
19653 183
19654 83
19655 46
19656 220
19657 237
19658 67
19659 188
19660 174
19661 95
19662 17
19663 188
19664 35
19665 84
19666 78
19667 134
19668 18
19669 218
19670 169
19671 193
19672 29
19673 221
19674 155
19675 139
19676 221
19677 134
19678 150
19679 94
19680 54
19681 190
19682 72
19683 17
19684 205
19685 102
19686 47
19687 157
19688 167
19689 8
19690 25
19691 17
19692 224
19693 141
19694 236
19695 87
19696 36
19697 123
19698 213
19699 199
19700 29
19701 191
19702 154
19703 173
19704 41
19705 241
19706 90
19707 97
19708 84
19709 163
19710 79
19711 28
19712 24
19713 234
19714 117
19715 26
19716 16
19717 193
19718 149
19719 159
19720 72
19721 64
19722 52
19723 202
19724 201
19725 108
19726 135
19727 120
19728 198
19729 58
19730 145
19731 125
19732 237
19733 151
19734 42
19735 45
19736 30
19737 45
19738 73
19739 94
19740 161
19741 48
19742 62
19743 181
19744 121
19745 248
19746 46
19747 101
19748 120
19749 54
19750 40
19751 142
19752 174
19753 231
19754 104
19755 182
19756 42
19757 183
19758 83
19759 49
19760 198
19761 248
19762 77
19763 191
19764 14
19765 228
19766 79
19767 36
19768 161
19769 70
19770 206
19771 181
19772 143
19773 94
19774 229
19775 213
19776 169
19777 202
19778 131
19779 168
19780 194
19781 32
19782 139
19783 147
19784 223
19785 246
19786 54
19787 69
19788 149
19789 123
19790 61
19791 13
19792 158
19793 192
19794 0
19795 214
19796 64
19797 189
19798 228
19799 93
19800 104
19801 195
19802 35
19803 26
19804 179
19805 85
19806 104
19807 121
19808 91
19809 149
19810 174
19811 208
19812 232
19813 127
19814 163
19815 204
19816 242
19817 9
19818 150
19819 221
19820 217
19821 223
19822 58
19823 54
19824 195
19825 136
19826 61
19827 142
19828 85
19829 98
19830 248
19831 170
19832 69
19833 239
19834 184
19835 65
19836 154
19837 43
19838 180
19839 104
19840 196
19841 74
19842 118
19843 39
19844 119
19845 110
19846 173
19847 38
19848 238
19849 235
19850 102
19851 0
19852 39
19853 212
19854 55
19855 49
19856 78
19857 217
19858 209
19859 53
19860 64
19861 204
19862 227
19863 231
19864 229
19865 120
19866 91
19867 30
19868 238
19869 224
19870 53
19871 84
19872 34
19873 232
19874 50
19875 203
19876 84
19877 48
19878 144
19879 119
19880 91
19881 168
19882 229
19883 3
19884 176
19885 109
19886 24
19887 209
19888 241
19889 26
19890 234
19891 200
19892 220
19893 76
19894 157
19895 43
19896 144
19897 100
19898 195
19899 14
19900 211
19901 76
19902 36
19903 203
19904 121
19905 225
19906 196
19907 99
19908 111
19909 14
19910 91
19911 153
19912 65
19913 9
19914 219
19915 46
19916 194
19917 246
19918 179
19919 83
19920 241
19921 158
19922 245
19923 166
19924 17
19925 40
19926 76
19927 197
19928 97
19929 68
19930 14
19931 49
19932 237
19933 174
19934 78
19935 162
19936 185
19937 157
19938 167
19939 182
19940 28
19941 209
19942 244
19943 120
19944 195
19945 240
19946 214
19947 209
19948 17
19949 93
19950 147
19951 220
19952 58
19953 147
19954 23
19955 63
19956 14
19957 229
19958 36
19959 65
19960 92
19961 87
19962 59
19963 66
19964 224
19965 27
19966 57
19967 16
19968 86
19969 101
19970 235
19971 121
19972 123
19973 213
19974 112
19975 170
19976 242
19977 140
19978 108
19979 214
19980 163
19981 132
19982 32
19983 81
19984 90
19985 208
19986 149
19987 238
19988 59
19989 84
19990 51
19991 92
19992 14
19993 116
19994 147
19995 149
19996 222
19997 150
19998 166
19999 68
20000 197
20001 134
20002 28
20003 96
20004 114
20005 8
20006 150
20007 38
20008 78
20009 2
20010 136
20011 184
20012 152
20013 44
20014 74
20015 2
20016 149
20017 173
20018 13
20019 38
20020 146
20021 143
20022 108
20023 162
20024 35
20025 240
20026 110
20027 222
20028 73
20029 29
20030 248
20031 85
20032 189
20033 244
20034 40
20035 128
20036 233
20037 131
20038 35
20039 8
20040 35
20041 39
20042 66
20043 188
20044 166
20045 141
20046 179
20047 215
20048 213
20049 237
20050 160
20051 38
20052 150
20053 214
20054 30
20055 117
20056 96
20057 154
20058 78
20059 193
20060 58
20061 205
20062 162
20063 213
20064 189
20065 110
20066 78
20067 140
20068 103
20069 107
20070 122
20071 207
20072 143
20073 239
20074 171
20075 145
20076 246
20077 29
20078 144
20079 158
20080 65
20081 139
20082 159
20083 157
20084 118
20085 240
20086 186
20087 18
20088 83
20089 188
20090 29
20091 30
20092 32
20093 14
20094 200
20095 76
20096 202
20097 230
20098 64
20099 168
20100 48
20101 220
20102 24
20103 133
20104 22
20105 144
20106 120
20107 126
20108 80
20109 195
20110 199
20111 37
20112 56
20113 194
20114 116
20115 240
20116 188
20117 44
20118 84
20119 91
20120 165
20121 163
20122 229
20123 40
20124 42
20125 202
20126 194
20127 190
20128 111
20129 246
20130 151
20131 232
20132 211
20133 82
20134 103
20135 203
20136 80
20137 184
20138 143
20139 241
20140 248
20141 175
20142 126
20143 106
20144 111
20145 177
20146 57
20147 240
20148 237
20149 185
20150 91
20151 81
20152 218
20153 67
20154 45
20155 233
20156 111
20157 138
20158 59
20159 115
20160 104
20161 191
20162 45
20163 120
20164 58
20165 12
20166 94
20167 89
20168 142
20169 183
20170 225
20171 125
20172 153
20173 39
20174 175
20175 242
20176 30
20177 204
20178 203
20179 95
20180 79
20181 224
20182 130
20183 16
20184 189
20185 82
20186 16
20187 29
20188 210
20189 175
20190 17
20191 0
20192 215
20193 228
20194 157
20195 129
20196 12
20197 211
20198 154
20199 107
20200 198
20201 23
20202 45
20203 196
20204 131
20205 174
20206 215
20207 238
20208 28
20209 175
20210 242
20211 200
20212 195
20213 1
20214 109
20215 162
20216 111
20217 18
20218 63
20219 238
20220 200
20221 141
20222 79
20223 227
20224 105
20225 165
20226 10
20227 136
20228 39
20229 145
20230 83
20231 163
20232 197
