10000 6
10001 127
10002 127
10003 127
10004 484
10005 49
10006 484
10007 484
10008 49
10009 209
10010 179
10011 163
10012 77
10013 257
10014 350
10015 256
10016 191
10017 364
10018 364
10019 5
10020 48
10021 21
10022 207
10023 27
10024 93
10025 225
10026 456
10027 21
10028 465
10029 337
10030 147
10031 456
10032 318
10033 318
10034 317
10035 142
10036 384
10037 142
10038 406
10039 195
10040 195
10041 174
10042 174
10043 174
10044 473
10045 118
10046 109
10047 130
10048 130
10049 130
10050 253
10051 273
10052 253
10053 253
10054 365
10055 15
10056 253
10057 64
10058 116
10059 170
10060 14
10061 54
10062 116
10063 328
10064 64
10065 14
10066 23
10067 39
10068 452
10069 452
10070 59
10071 59
10072 244
10073 244
10074 69
10075 209
10076 209
10077 209
10078 19
10079 85
10080 25
10081 36
10082 36
10083 18
10084 36
10085 315
10086 259
10087 353
10088 353
10089 438
10090 403
10091 52
10092 438
10093 438
10094 86
10095 49
10096 490
10097 123
10098 123
10099 277
10100 277
10101 277
10102 95
10103 117
10104 468
10105 95
10106 109
10107 318
10108 109
10109 338
10110 367
10111 338
10112 338
10113 495
10114 356
10115 449
10116 413
10117 234
10118 413
10119 492
10120 413
10121 487
10122 487
10123 372
10124 495
10125 372
10126 23
10127 468
10128 296
10129 335
10130 405
10131 175
10132 418
10133 405
10134 239
10135 143
10136 143
10137 143
10138 143
10139 143
10140 143
10141 143
10142 200
10143 200
10144 200
10145 491
10146 491
10147 491
10148 431
10149 431
10150 21
10151 471
10152 490
10153 471
10154 137
10155 137
10156 118
10157 415
10158 430
10159 415
10160 448
10161 448
10162 10
10163 23
10164 448
10165 202
10166 202
10167 239
10168 239
10169 59
10170 498
10171 128
10172 128
10173 429
10174 461
10175 480
10176 161
10177 137
10178 357
10179 357
10180 357
10181 37
10182 37
10183 35
10184 37
10185 213
10186 289
10187 213
10188 289
10189 213
10190 241
10191 348
10192 266
10193 455
10194 419
10195 50
10196 264
10197 294
10198 419
10199 318
10200 175
10201 30
10202 175
10203 109
10204 73
10205 73
10206 73
10207 281
10208 268
10209 416
10210 416
10211 416
10212 416
10213 416
10214 458
10215 462
10216 458
10217 458
10218 4
10219 462
10220 414
10221 182
10222 208
10223 494
10224 494
10225 494
10226 407
10227 407
10228 494
10229 242
10230 183
10231 18
10232 242
10233 268
10234 272
10235 19
10236 242
10237 20
10238 443
10239 443
10240 272
10241 2
10242 482
10243 28
10244 225
10245 323
10246 225
10247 90
10248 247
10249 48
10250 348
10251 348
10252 31
10253 436
10254 348
10255 185
10256 185
10257 347
10258 347
10259 347
10260 349
10261 349
10262 319
10263 257
10264 349
10265 170
10266 170
10267 257
10268 95
10269 458
10270 458
10271 458
10272 458
10273 391
10274 155
10275 155
10276 122
10277 122
10278 192
10279 194
10280 192
10281 72
10282 72
10283 29
10284 389
10285 135
10286 309
10287 309
10288 309
10289 71
10290 106
10291 309
10292 71
10293 71
10294 311
10295 386
10296 386
10297 222
10298 222
10299 222
10300 222
10301 487
10302 487
10303 45
10304 38
10305 38
10306 243
10307 243
10308 243
10309 243
10310 248
10311 18
10312 249
10313 219
10314 222
10315 219
10316 219
10317 219
10318 219
10319 219
10320 118
10321 118
10322 141
10323 141
10324 141
10325 141
10326 141
10327 141
10328 451
10329 271
10330 271
10331 451
10332 297
10333 142
10334 139
10335 260
10336 260
10337 260
10338 260
10339 260
10340 24
10341 364
10342 279
10343 364
10344 273
10345 364
10346 343
10347 343
10348 23
10349 328
10350 328
10351 328
10352 196
10353 196
10354 404
10355 398
10356 57
10357 398
10358 57
10359 140
10360 341
10361 495
10362 383
10363 278
10364 278
10365 62
10366 170
10367 170
10368 18
10369 250
10370 201
10371 240
10372 240
10373 240
10374 160
10375 160
10376 34
10377 60
10378 39
10379 160
10380 431
10381 401
10382 381
10383 381
10384 51
10385 327
10386 182
10387 182
10388 213
10389 407
10390 162
10391 407
10392 86
10393 86
10394 137
10395 86
10396 205
10397 113
10398 205
10399 11
10400 113
10401 205
10402 205
10403 438
10404 477
10405 115
10406 137
10407 426
10408 180
10409 180
10410 431
10411 431
10412 431
10413 28
10414 28
10415 136
10416 197
10417 136
10418 271
10419 271
10420 342
10421 269
10422 272
10423 67
10424 157
10425 70
10426 425
10427 67
10428 67
10429 2
10430 18
10431 157
10432 136
10433 489
10434 121
10435 121
10436 11
10437 430
10438 482
10439 482
10440 416
10441 365
10442 416
10443 416
10444 42
10445 42
10446 490
10447 24
10448 490
10449 24
10450 24
10451 441
10452 19
10453 261
10454 365
10455 289
10456 55
10457 289
10458 329
10459 474
10460 184
10461 184
10462 184
10463 184
10464 184
10465 184
10466 184
10467 422
10468 13
10469 294
10470 14
10471 449
10472 75
10473 448
10474 75
10475 96
10476 17
10477 17
10478 146
10479 146
10480 362
10481 101
10482 101
10483 498
10484 479
10485 101
10486 482
10487 482
10488 175
10489 2
10490 452
10491 452
10492 44
10493 135
10494 44
10495 44
10496 135
10497 376
10498 376
10499 376
10500 279
10501 43
10502 43
10503 123
10504 123
10505 47
10506 23
10507 123
10508 357
10509 357
10510 357
10511 357
10512 330
10513 330
10514 330
10515 40
10516 40
10517 21
10518 370
10519 55
10520 370
10521 456
10522 42
10523 9
10524 42
10525 9
10526 284
10527 150
10528 284
10529 200
10530 323
10531 323
10532 323
10533 256
10534 175
10535 175
10536 94
10537 94
10538 94
10539 351
10540 351
10541 436
10542 312
10543 466
10544 403
10545 121
10546 121
10547 13
10548 156
10549 156
10550 156
10551 156
10552 156
10553 156
10554 378
10555 378
10556 201
10557 195
10558 148
10559 62
10560 23
10561 490
10562 215
10563 4
10564 380
10565 68
10566 379
10567 209
10568 320
10569 11
10570 88
10571 88
10572 250
10573 250
10574 319
10575 327
10576 319
10577 276
10578 276
10579 276
10580 309
10581 306
10582 306
10583 339
10584 306
10585 117
10586 93
10587 155
10588 289
10589 289
10590 289
10591 446
10592 249
10593 125
10594 449
10595 305
10596 53
10597 58
10598 85
10599 261
10600 427
10601 79
10602 427
10603 261
10604 58
10605 277
10606 120
10607 351
10608 272
10609 120
10610 277
10611 60
10612 292
10613 351
10614 277
10615 277
10616 277
10617 436
10618 456
10619 449
10620 434
10621 391
10622 119
10623 119
10624 119
10625 324
10626 55
10627 246
10628 119
10629 111
10630 480
10631 216
10632 86
10633 417
10634 216
10635 216
10636 360
10637 289
10638 281
10639 479
10640 387
10641 421
10642 466
10643 171
10644 171
10645 84
10646 84
10647 485
10648 485
10649 485
10650 466
10651 485
10652 485
10653 496
10654 485
10655 451
10656 451
10657 12
10658 14
10659 393
10660 351
10661 368
10662 368
10663 368
10664 335
10665 257
10666 471
10667 103
10668 459
10669 482
10670 272
10671 272
10672 97
10673 309
10674 405
10675 2
10676 405
10677 15
10678 380
10679 257
10680 47
10681 361
10682 303
10683 425
10684 303
10685 459
10686 186
10687 192
10688 186
10689 186
10690 192
10691 186
10692 350
10693 350
10694 100
10695 97
10696 257
10697 242
10698 242
10699 238
10700 242
10701 368
10702 483
10703 368
10704 9
10705 368
10706 310
10707 234
10708 157
10709 157
10710 157
10711 26
10712 26
10713 26
10714 133
10715 111
10716 7
10717 278
10718 278
10719 278
10720 278
10721 23
10722 421
10723 295
10724 23
10725 220
10726 220
10727 220
10728 337
10729 337
10730 50
10731 431
10732 405
10733 467
10734 429
10735 179
10736 93
10737 359
10738 473
10739 473
10740 262
10741 262
10742 473
10743 410
10744 473
10745 410
10746 166
10747 7
10748 297
10749 202
10750 166
10751 166
10752 166
10753 203
10754 95
10755 95
10756 95
10757 475
10758 357
10759 97
10760 95
10761 356
10762 356
10763 356
10764 442
10765 442
10766 254
10767 284
10768 265
10769 254
10770 254
10771 254
10772 284
10773 434
10774 434
10775 55
10776 55
10777 306
10778 306
10779 363
10780 363
10781 389
10782 150
10783 150
10784 150
10785 49
10786 29
10787 230
10788 230
10789 230
10790 421
10791 491
10792 104
10793 218
10794 364
10795 364
10796 215
10797 25
10798 339
10799 339
10800 95
10801 435
10802 24
10803 418
10804 272
10805 82
10806 93
10807 468
10808 31
10809 205
10810 136
10811 207
10812 9
10813 19
10814 204
10815 208
10816 205
10817 205
10818 150
10819 150
10820 150
10821 145
10822 154
10823 150
10824 150
10825 396
10826 409
10827 14
10828 396
10829 306
10830 159
10831 159
10832 98
10833 191
10834 98
10835 188
10836 13
10837 6
10838 227
10839 227
10840 135
10841 484
10842 484
10843 164
10844 164
10845 164
10846 288
10847 288
10848 288
10849 288
10850 205
10851 205
10852 205
10853 390
10854 205
10855 261
10856 334
10857 24
10858 261
10859 261
10860 100
10861 100
10862 100
10863 23
10864 246
10865 109
10866 109
10867 109
10868 92
10869 76
10870 358
10871 402
10872 487
10873 354
10874 285
10875 354
10876 193
10877 193
10878 187
10879 105
10880 92
10881 28
10882 334
10883 260
10884 4
10885 336
10886 336
10887 217
10888 233
10889 199
10890 475
10891 286
10892 365
10893 121
10894 76
10895 130
10896 115
10897 15
10898 197
10899 197
10900 119
10901 119
10902 119
10903 83
10904 83
10905 83
10906 83
10907 44
10908 44
10909 28
10910 468
10911 60
10912 60
10913 480
10914 451
10915 252
10916 108
10917 160
10918 160
10919 137
10920 135
10921 137
10922 172
10923 81
10924 405
10925 81
10926 118
10927 118
10928 317
10929 9
10930 317
10931 319
10932 317
10933 361
10934 100
10935 396
10936 54
10937 54
10938 257
10939 13
10940 449
10941 247
10942 247
10943 247
10944 247
10945 247
10946 126
10947 126
10948 126
10949 126
10950 485
10951 485
10952 485
10953 485
10954 185
10955 435
10956 428
10957 74
10958 356
10959 356
10960 356
10961 298
10962 298
10963 360
10964 260
10965 273
10966 260
10967 353
10968 411
10969 411
10970 14
10971 395
10972 392
10973 487
10974 377
10975 376
10976 20
10977 20
10978 302
10979 302
10980 302
10981 357
10982 362
10983 23
10984 362
10985 365
10986 178
10987 116
10988 178
10989 303
10990 12
10991 280
10992 262
10993 196
10994 197
10995 196
10996 6
10997 484
10998 484
10999 72
11000 208
11001 72
11002 360
11003 351
11004 360
11005 357
11006 357
11007 357
11008 166
11009 166
11010 166
11011 123
11012 123
11013 119
11014 107
11015 218
11016 218
11017 218
11018 166
11019 346
11020 263
11021 263
11022 70
11023 70
11024 78
11025 360
11026 360
11027 360
11028 403
11029 22
11030 361
11031 361
11032 365
11033 361
11034 306
11035 56
11036 298
11037 306
11038 56
11039 271
11040 271
11041 296
11042 76
11043 343
11044 192
11045 192
11046 146
11047 153
11048 146
11049 146
11050 452
11051 386
11052 359
11053 358
11054 69
11055 248
11056 435
11057 286
11058 286
11059 28
11060 286
11061 226
11062 72
11063 388
11064 72
11065 72
11066 328
11067 456
11068 392
11069 456
11070 456
11071 311
11072 307
11073 311
11074 163
11075 494
11076 494
11077 298
11078 27
11079 7
11080 496
11081 496
11082 441
11083 42
11084 203
11085 387
11086 405
11087 428
11088 478
11089 302
11090 93
11091 178
11092 56
11093 48
11094 48
11095 477
11096 477
11097 217
11098 377
11099 477
11100 371
11101 371
11102 371
11103 10
11104 276
11105 452
11106 452
11107 206
11108 206
11109 230
11110 206
11111 206
11112 229
11113 59
11114 389
11115 389
11116 357
11117 228
11118 152
11119 172
11120 172
11121 387
11122 481
11123 387
11124 28
11125 376
11126 196
11127 376
11128 239
11129 361
11130 376
11131 38
11132 366
11133 235
11134 475
11135 452
11136 441
11137 494
11138 72
11139 490
11140 443
11141 429
11142 43
11143 43
11144 68
11145 25
11146 25
11147 73
11148 350
11149 82
11150 194
11151 301
11152 301
11153 406
11154 121
11155 47
11156 128
11157 217
11158 50
11159 217
11160 206
11161 395
11162 395
11163 397
11164 395
11165 9
11166 267
11167 416
11168 24
11169 416
11170 24
11171 399
11172 399
11173 3
11174 23
11175 399
11176 342
11177 348
11178 348
11179 483
11180 311
11181 459
11182 348
11183 451
11184 451
11185 294
11186 294
11187 153
11188 153
11189 296
11190 296
11191 296
11192 296
11193 296
11194 158
11195 158
11196 158
11197 158
11198 158
11199 164
11200 316
11201 23
11202 59
11203 59
11204 241
11205 16
11206 16
11207 273
11208 402
11209 153
11210 402
11211 433
11212 433
11213 194
11214 279
11215 353
11216 472
11217 365
11218 194
11219 27
11220 472
11221 365
11222 375
11223 364
11224 229
11225 375
11226 185
11227 158
11228 285
11229 49
11230 49
11231 49
11232 74
11233 74
11234 310
11235 310
11236 310
11237 109
11238 428
11239 490
11240 381
11241 20
11242 298
11243 298
11244 430
11245 21
11246 308
11247 318
11248 318
11249 243
11250 243
11251 454
11252 353
11253 353
11254 353
11255 345
11256 353
11257 93
11258 90
11259 185
11260 6
11261 154
11262 154
11263 154
11264 154
11265 154
11266 116
11267 480
11268 83
11269 480
11270 239
11271 175
11272 175
11273 175
11274 175
11275 14
11276 175
11277 322
11278 322
11279 322
11280 322
11281 457
11282 451
11283 467
11284 457
11285 35
11286 35
11287 35
11288 39
11289 35
11290 216
11291 357
11292 216
11293 216
11294 84
11295 428
11296 428
11297 428
11298 473
11299 438
11300 438
11301 438
11302 133
11303 398
11304 398
11305 18
11306 379
11307 398
11308 18
11309 477
11310 477
11311 477
11312 101
11313 247
11314 465
11315 107
11316 107
11317 173
11318 173
11319 473
11320 281
11321 473
11322 329
11323 459
11324 135
11325 135
11326 135
11327 135
11328 135
11329 135
11330 100
11331 54
11332 483
11333 465
11334 430
11335 465
11336 98
11337 199
11338 429
11339 199
11340 169
11341 95
11342 95
11343 215
11344 247
11345 247
11346 295
11347 217
11348 217
11349 311
11350 311
11351 311
11352 433
11353 311
11354 400
11355 399
11356 343
11357 184
11358 13
11359 403
11360 154
11361 473
11362 473
11363 473
11364 154
11365 137
11366 69
11367 261
11368 267
11369 297
11370 251
11371 297
11372 292
11373 57
11374 89
11375 459
11376 57
11377 57
11378 57
11379 417
11380 78
11381 266
11382 123
11383 266
11384 313
11385 313
11386 313
11387 313
11388 313
11389 350
11390 350
11391 350
11392 350
11393 350
11394 492
11395 411
11396 434
11397 284
11398 434
11399 467
11400 414
11401 47
11402 47
11403 2
11404 116
11405 84
11406 113
11407 84
11408 407
11409 407
11410 407
11411 326
11412 398
11413 395
11414 326
11415 326
11416 284
11417 326
11418 164
11419 22
11420 14
11421 436
11422 75
11423 398
11424 286
11425 286
11426 307
11427 403
11428 388
11429 6
11430 388
11431 388
11432 147
11433 147
11434 147
11435 147
11436 145
11437 146
11438 147
11439 229
11440 230
11441 229
11442 229
11443 349
11444 242
11445 229
11446 229
11447 230
11448 190
11449 190
11450 190
11451 232
11452 232
11453 186
11454 171
11455 240
11456 242
11457 29
11458 240
11459 240
11460 231
11461 231
11462 231
11463 345
11464 345
11465 345
11466 267
11467 325
11468 259
11469 259
11470 294
11471 402
11472 301
11473 402
11474 56
11475 332
11476 56
11477 332
11478 56
11479 304
11480 201
11481 201
11482 201
11483 160
11484 160
11485 160
11486 55
11487 380
11488 480
11489 462
11490 480
11491 480
11492 169
11493 288
11494 254
11495 257
11496 239
11497 343
11498 14
11499 142
11500 142
11501 142
11502 142
11503 64
11504 64
11505 64
11506 66
11507 66
11508 64
11509 96
11510 489
11511 392
11512 489
11513 69
11514 498
11515 362
11516 345
11517 363
11518 362
11519 362
11520 489
11521 251
11522 29
11523 487
11524 468
11525 487
11526 30
11527 213
11528 288
11529 9
11530 258
11531 258
11532 460
11533 179
11534 109
11535 179
11536 179
11537 155
11538 155
11539 155
11540 262
11541 262
11542 262
11543 172
11544 172
11545 172
11546 321
11547 321
11548 321
11549 156
11550 156
11551 204
11552 204
11553 268
11554 268
11555 27
11556 107
11557 350
11558 107
11559 350
11560 34
11561 34
11562 34
11563 406
11564 341
11565 373
11566 420
11567 420
11568 434
11569 14
11570 75
11571 448
11572 448
11573 16
11574 338
11575 21
11576 348
11577 393
11578 179
11579 433
11580 435
11581 433
11582 433
11583 163
11584 301
11585 301
11586 183
11587 412
11588 412
11589 383
11590 111
11591 422
11592 412
11593 435
11594 250
11595 479
11596 261
11597 144
11598 261
11599 409
11600 409
11601 498
11602 294
11603 77
11604 112
11605 112
11606 314
11607 314
11608 314
11609 314
11610 314
11611 314
11612 291
11613 291
11614 431
11615 91
11616 431
11617 452
11618 355
11619 431
11620 431
11621 360
11622 11
11623 360
11624 401
11625 360
11626 369
11627 356
11628 356
11629 264
11630 356
11631 68
11632 394
11633 18
11634 394
11635 342
11636 342
11637 427
11638 115
11639 288
11640 115
11641 268
11642 268
11643 178
11644 437
11645 437
11646 178
11647 303
11648 305
11649 96
11650 364
11651 364
11652 91
11653 483
11654 326
11655 32
11656 32
11657 32
11658 32
11659 34
11660 32
11661 32
11662 323
11663 323
11664 129
11665 250
11666 250
11667 250
11668 410
11669 266
11670 288
11671 470
11672 470
11673 144
11674 470
11675 371
11676 349
11677 470
11678 261
11679 313
11680 233
11681 233
11682 14
11683 403
11684 382
11685 382
11686 382
11687 441
11688 468
11689 307
11690 307
11691 344
11692 198
11693 198
11694 366
11695 73
11696 73
11697 247
11698 20
11699 162
11700 162
11701 248
11702 147
11703 248
11704 233
11705 429
11706 67
11707 10
11708 10
11709 67
11710 106
11711 434
11712 122
11713 122
11714 122
11715 461
11716 461
11717 264
11718 461
11719 153
11720 169
11721 301
11722 109
11723 169
11724 96
11725 46
11726 418
11727 418
11728 418
11729 348
11730 418
11731 261
11732 418
11733 163
11734 406
11735 406
11736 460
11737 460
11738 460
11739 460
11740 118
11741 13
11742 460
11743 341
11744 341
11745 412
11746 179
11747 294
11748 460
11749 294
11750 43
11751 43
11752 96
11753 57
11754 419
11755 57
11756 173
11757 173
11758 173
11759 242
11760 53
11761 139
11762 242
11763 45
11764 45
11765 453
11766 23
11767 21
11768 161
11769 81
11770 130
11771 208
11772 56
11773 56
11774 56
11775 56
11776 242
11777 236
11778 20
11779 248
11780 483
11781 450
11782 483
11783 83
11784 482
11785 482
11786 393
11787 393
11788 213
11789 242
11790 226
11791 26
11792 460
11793 460
11794 226
11795 342
11796 127
11797 127
11798 327
11799 327
11800 89
11801 89
11802 115
11803 334
11804 383
11805 383
11806 4
11807 210
11808 210
11809 125
11810 125
11811 125
11812 125
11813 36
11814 36
11815 39
11816 166
11817 389
11818 389
11819 79
11820 482
11821 79
11822 425
11823 283
11824 425
11825 103
11826 103
11827 100
11828 316
11829 103
11830 103
11831 390
11832 490
11833 251
11834 251
11835 251
11836 251
11837 251
11838 170
11839 12
11840 12
11841 119
11842 119
11843 173
11844 173
11845 382
11846 415
11847 5
11848 481
11849 481
11850 481
11851 441
11852 305
11853 61
11854 373
11855 77
11856 373
11857 337
11858 337
11859 436
11860 381
11861 26
11862 26
11863 361
11864 27
11865 12
11866 12
11867 256
11868 442
11869 405
11870 337
11871 140
11872 162
11873 162
11874 230
11875 226
11876 230
11877 230
11878 320
11879 223
11880 226
11881 460
11882 460
11883 31
11884 365
11885 460
11886 176
11887 176
11888 176
11889 398
11890 398
11891 398
11892 288
11893 121
11894 185
11895 311
11896 435
11897 80
11898 413
11899 435
11900 79
11901 253
11902 391
11903 16
11904 182
11905 391
11906 140
11907 140
11908 140
11909 98
11910 98
11911 98
11912 130
11913 96
11914 232
11915 200
11916 371
11917 28
11918 232
11919 33
11920 371
11921 365
11922 496
11923 286
11924 376
11925 15
11926 91
11927 91
11928 53
11929 135
11930 135
11931 135
11932 378
11933 244
11934 142
11935 244
11936 244
11937 244
11938 244
11939 123
11940 123
11941 123
11942 123
11943 123
11944 318
11945 318
11946 366
11947 317
11948 195
11949 107
11950 107
11951 220
11952 220
11953 222
11954 412
11955 192
11956 192
11957 302
11958 493
11959 174
11960 27
11961 196
11962 255
11963 255
11964 127
11965 128
11966 127
11967 458
11968 417
11969 31
11970 458
11971 13
11972 190
11973 173
11974 333
11975 333
11976 339
11977 251
11978 333
11979 188
11980 188
11981 188
11982 188
11983 188
11984 92
11985 377
11986 92
11987 265
11988 265
11989 266
11990 449
11991 70
11992 218
11993 351
11994 354
11995 351
11996 318
11997 90
11998 90
11999 267
12000 267
12001 22
12002 472
12003 267
12004 267
12005 413
12006 413
12007 14
12008 27
12009 487
12010 263
12011 455
12012 455
12013 263
12014 305
12015 428
12016 295
12017 253
12018 266
12019 294
12020 99
12021 136
12022 59
12023 59
12024 59
12025 91
12026 17
12027 133
12028 17
12029 17
12030 482
12031 91
12032 463
12033 463
12034 463
12035 420
12036 463
12037 463
12038 463
12039 331
12040 179
12041 242
12042 56
12043 56
12044 171
12045 176
12046 179
12047 349
12048 73
12049 422
12050 112
12051 410
12052 182
12053 182
12054 93
12055 463
12056 463
12057 453
12058 495
12059 495
12060 59
12061 336
12062 103
12063 361
12064 163
12065 300
12066 403
12067 85
12068 85
12069 85
12070 74
12071 74
12072 46
12073 427
12074 427
12075 483
12076 263
12077 305
12078 263
12079 378
12080 246
12081 246
12082 246
12083 460
12084 76
12085 76
12086 76
12087 76
12088 76
12089 450
12090 450
12091 232
12092 232
12093 223
12094 271
12095 271
12096 156
12097 271
12098 271
12099 62
12100 377
12101 377
12102 365
12103 381
12104 375
12105 415
12106 483
12107 483
12108 264
12109 269
12110 359
12111 4
12112 263
12113 269
12114 352
12115 484
12116 444
12117 484
12118 484
12119 42
12120 107
12121 86
12122 22
12123 44
12124 357
12125 357
12126 16
12127 357
12128 410
12129 211
12130 23
12131 73
12132 38
12133 73
12134 73
12135 91
12136 276
12137 188
12138 187
12139 188
12140 188
12141 191
12142 455
12143 461
12144 455
12145 455
12146 455
12147 455
12148 210
12149 210
12150 210
12151 154
12152 168
12153 154
12154 154
12155 42
12156 136
12157 200
12158 272
12159 25
12160 58
12161 240
12162 44
12163 69
12164 465
12165 195
12166 195
12167 304
12168 85
12169 304
12170 15
12171 408
12172 408
12173 169
12174 167
12175 209
12176 209
12177 209
12178 279
12179 220
12180 220
12181 220
12182 220
12183 249
12184 249
12185 373
12186 430
12187 373
12188 401
12189 262
12190 302
12191 262
12192 48
12193 13
12194 50
12195 18
12196 444
12197 444
12198 328
12199 328
12200 399
12201 380
12202 399
12203 373
12204 356
12205 14
12206 245
12207 17
12208 78
12209 245
12210 330
12211 330
12212 330
12213 330
12214 384
12215 345
12216 258
12217 195
12218 206
12219 206
12220 237
12221 207
12222 94
12223 9
12224 94
12225 94
12226 323
12227 264
12228 94
12229 389
12230 417
12231 289
12232 34
12233 34
12234 34
12235 34
12236 34
12237 34
12238 447
12239 87
12240 447
12241 93
12242 475
12243 461
12244 226
12245 431
12246 431
12247 431
12248 371
12249 308
12250 18
12251 371
12252 459
12253 308
12254 16
12255 14
12256 80
12257 334
12258 401
12259 401
12260 401
12261 401
12262 494
12263 261
12264 261
12265 381
12266 441
12267 379
12268 390
12269 381
12270 11
12271 10
12272 336
12273 6
12274 76
12275 300
12276 89
12277 85
12278 35
12279 36
12280 436
12281 254
12282 19
12283 324
12284 324
12285 383
12286 388
12287 5
12288 457
12289 116
12290 116
12291 116
12292 486
12293 16
12294 486
12295 235
12296 235
12297 62
12298 233
12299 328
12300 27
12301 376
12302 231
12303 306
12304 298
12305 306
12306 362
12307 367
12308 306
12309 106
12310 381
12311 86
12312 15
12313 86
12314 473
12315 411
12316 18
12317 5
12318 411
12319 190
12320 190
12321 190
12322 85
12323 190
12324 376
12325 376
12326 376
12327 376
12328 376
12329 156
12330 122
12331 115
12332 170
12333 170
12334 314
12335 314
12336 314
12337 314
12338 458
12339 272
12340 259
12341 259
12342 29
12343 423
12344 423
12345 300
12346 76
12347 300
12348 300
12349 300
12350 470
12351 301
12352 339
12353 300
12354 300
12355 371
12356 371
12357 22
12358 306
12359 306
12360 476
12361 457
12362 418
12363 417
12364 30
12365 24
12366 290
12367 290
12368 290
12369 398
12370 216
12371 216
12372 216
12373 330
12374 330
12375 236
12376 107
12377 174
12378 236
12379 27
12380 236
12381 492
12382 38
12383 283
12384 283
12385 283
12386 284
12387 283
12388 494
12389 170
12390 170
12391 171
12392 170
12393 242
12394 253
12395 26
12396 242
12397 57
12398 324
12399 28
12400 324
12401 264
12402 261
12403 355
12404 12
12405 355
12406 97
12407 139
12408 247
12409 224
12410 468
12411 389
12412 358
12413 345
12414 345
12415 32
12416 32
12417 238
12418 218
12419 218
12420 341
12421 304
12422 304
12423 18
12424 385
12425 108
12426 385
12427 108
12428 477
12429 477
12430 445
12431 477
12432 63
12433 38
12434 63
12435 387
12436 387
12437 387
12438 149
12439 149
12440 377
12441 362
12442 87
12443 193
12444 193
12445 193
12446 273
12447 273
12448 68
12449 30
12450 482
12451 311
12452 311
12453 236
12454 288
12455 236
12456 497
12457 497
12458 497
12459 351
12460 351
12461 401
12462 401
12463 16
12464 401
12465 444
12466 21
12467 297
12468 295
12469 295
12470 79
12471 79
12472 79
12473 79
12474 79
12475 84
12476 86
12477 203
12478 184
12479 375
12480 317
12481 375
12482 389
12483 375
12484 375
12485 362
12486 362
12487 216
12488 70
12489 216
12490 20
12491 78
12492 496
12493 307
12494 307
12495 307
12496 307
12497 365
12498 9
12499 211
12500 147
12501 147
12502 147
12503 258
12504 258
12505 258
12506 77
12507 338
12508 77
12509 399
12510 402
12511 399
12512 395
12513 391
12514 391
12515 248
12516 427
12517 336
12518 427
12519 430
12520 261
12521 261
12522 75
12523 85
12524 410
12525 215
12526 48
12527 148
12528 67
12529 67
12530 296
12531 296
12532 348
12533 297
12534 297
12535 271
12536 271
12537 271
12538 193
12539 193
12540 54
12541 435
12542 328
12543 371
12544 229
12545 229
12546 229
12547 237
12548 321
12549 321
12550 321
12551 321
12552 328
12553 471
12554 387
12555 471
12556 471
12557 359
12558 359
12559 438
12560 438
12561 153
12562 494
12563 153
12564 20
12565 55
12566 52
12567 270
12568 270
12569 473
12570 33
12571 75
12572 73
12573 204
12574 204
12575 204
12576 204
12577 204
12578 44
12579 497
12580 497
12581 85
12582 85
12583 372
12584 372
12585 441
12586 235
12587 438
12588 438
12589 438
12590 438
12591 438
12592 304
12593 304
12594 417
12595 358
12596 155
12597 13
12598 246
12599 20
12600 155
12601 13
12602 77
12603 77
12604 77
12605 406
12606 73
12607 472
12608 286
12609 115
12610 115
12611 115
12612 115
12613 115
12614 484
12615 279
12616 120
12617 160
12618 279
12619 367
12620 160
12621 279
12622 214
12623 214
12624 218
12625 91
12626 22
12627 462
12628 148
12629 317
12630 317
12631 317
12632 92
12633 92
12634 366
12635 375
12636 463
12637 463
12638 316
12639 154
12640 463
12641 463
12642 360
12643 227
12644 360
12645 310
12646 218
12647 360
12648 360
12649 299
12650 310
12651 61
12652 270
12653 299
12654 241
12655 241
12656 158
12657 158
12658 158
12659 158
12660 481
12661 481
12662 126
12663 126
12664 126
12665 126
12666 126
12667 134
12668 134
12669 223
12670 223
12671 223
12672 57
12673 481
12674 61
12675 287
12676 429
12677 57
12678 480
12679 63
12680 63
12681 207
12682 94
12683 63
12684 23
12685 63
12686 63
12687 63
12688 63
12689 463
12690 72
12691 461
12692 292
12693 289
12694 280
12695 272
12696 166
12697 166
12698 166
12699 151
12700 151
12701 464
12702 303
12703 337
12704 320
12705 130
12706 130
12707 209
12708 73
12709 130
12710 115
12711 6
12712 84
12713 227
12714 227
12715 400
12716 153
12717 333
12718 153
12719 153
12720 94
12721 94
12722 185
12723 21
12724 185
12725 403
12726 411
12727 462
12728 462
12729 34
12730 34
12731 35
12732 34
12733 34
12734 272
12735 243
12736 243
12737 243
12738 426
12739 243
12740 376
12741 383
12742 417
12743 417
12744 127
12745 127
12746 127
12747 127
12748 403
12749 394
12750 62
12751 15
12752 214
12753 89
12754 89
12755 76
12756 477
12757 477
12758 96
12759 477
12760 477
12761 414
12762 414
12763 414
12764 9
12765 298
12766 490
12767 490
12768 402
12769 490
12770 396
12771 73
12772 396
12773 11
12774 431
12775 428
12776 285
12777 431
12778 406
12779 406
12780 12
12781 107
12782 182
12783 182
12784 182
12785 182
12786 427
12787 427
12788 427
12789 38
12790 403
12791 403
12792 86
12793 86
12794 74
12795 343
12796 202
12797 202
12798 157
12799 157
12800 307
12801 273
12802 307
12803 307
12804 375
12805 375
12806 375
12807 375
12808 375
12809 297
12810 147
12811 107
12812 297
12813 147
12814 324
12815 324
12816 418
12817 418
12818 275
12819 241
12820 275
12821 406
12822 172
12823 491
12824 491
12825 384
12826 384
12827 452
12828 380
12829 55
12830 359
12831 216
12832 460
12833 491
12834 460
12835 460
12836 72
12837 47
12838 72
12839 72
12840 493
12841 493
12842 493
12843 416
12844 448
12845 448
12846 426
12847 177
12848 420
12849 177
12850 23
12851 177
12852 237
12853 232
12854 237
12855 238
12856 237
12857 447
12858 449
12859 447
12860 231
12861 231
12862 231
12863 227
12864 268
12865 268
12866 268
12867 268
12868 268
12869 461
12870 130
12871 461
12872 72
12873 428
12874 428
12875 351
12876 332
12877 12
12878 297
12879 415
12880 430
12881 351
12882 421
12883 430
12884 351
12885 450
12886 450
12887 307
12888 450
12889 333
12890 307
12891 422
12892 302
12893 302
12894 302
12895 46
12896 114
12897 384
12898 252
12899 93
12900 342
12901 48
12902 235
12903 208
12904 464
12905 464
12906 386
12907 386
12908 343
12909 386
12910 168
12911 168
12912 168
12913 172
12914 101
12915 362
12916 469
12917 207
12918 113
12919 240
12920 113
12921 113
12922 113
12923 240
12924 195
12925 195
12926 179
12927 396
12928 396
12929 391
12930 391
12931 203
12932 391
12933 27
12934 199
12935 60
12936 432
12937 318
12938 432
12939 13
12940 432
12941 465
12942 497
12943 465
12944 465
12945 211
12946 211
12947 211
12948 234
12949 88
12950 255
12951 97
12952 200
12953 200
12954 221
12955 221
12956 488
12957 295
12958 254
12959 31
12960 185
12961 431
12962 431
12963 431
12964 466
12965 458
12966 494
12967 494
12968 381
12969 179
12970 391
12971 380
12972 391
12973 386
12974 390
12975 90
12976 90
12977 90
12978 90
12979 33
12980 33
12981 38
12982 38
12983 33
12984 234
12985 230
12986 234
12987 88
12988 292
12989 292
12990 496
12991 67
12992 326
12993 13
12994 14
12995 227
12996 217
12997 361
12998 361
12999 361
13000 462
13001 490
13002 69
13003 490
13004 141
13005 141
13006 99
13007 4
13008 389
13009 324
13010 389
13011 355
13012 21
13013 389
13014 53
13015 78
13016 169
13017 169
13018 190
13019 106
13020 106
13021 281
13022 13
13023 263
13024 281
13025 330
13026 264
13027 261
13028 397
13029 13
13030 83
13031 83
13032 83
13033 121
13034 85
13035 121
13036 85
13037 86
13038 44
13039 44
13040 332
13041 332
13042 115
13043 328
13044 387
13045 115
13046 474
13047 423
13048 243
13049 297
13050 246
13051 396
13052 396
13053 195
13054 99
13055 193
13056 191
13057 195
13058 99
13059 424
13060 424
13061 424
13062 424
13063 261
13064 424
13065 107
13066 46
13067 311
13068 107
13069 46
13070 152
13071 152
13072 8
13073 152
13074 361
13075 361
13076 276
13077 361
13078 387
13079 387
13080 387
13081 476
13082 59
13083 293
13084 293
13085 428
13086 413
13087 428
13088 60
13089 60
13090 413
13091 124
13092 413
13093 472
13094 122
13095 87
13096 86
13097 87
13098 87
13099 175
13100 29
13101 319
13102 347
13103 276
13104 347
13105 436
13106 319
13107 351
13108 130
13109 55
13110 192
13111 192
13112 43
13113 163
13114 383
13115 13
13116 404
13117 404
13118 346
13119 346
13120 162
13121 448
13122 448
13123 361
13124 491
13125 372
13126 361
13127 144
13128 144
13129 144
13130 70
13131 156
13132 324
13133 120
13134 120
13135 245
13136 245
13137 245
13138 416
13139 416
13140 426
13141 416
13142 450
13143 414
13144 391
13145 391
13146 397
13147 17
13148 180
13149 51
13150 180
13151 226
13152 180
13153 107
13154 115
13155 107
13156 107
13157 107
13158 338
13159 338
13160 334
13161 184
13162 108
13163 109
13164 108
13165 19
13166 437
13167 19
13168 335
13169 152
13170 335
13171 335
13172 406
13173 480
13174 406
13175 32
13176 32
13177 32
13178 43
13179 356
13180 288
13181 43
13182 43
13183 370
13184 470
13185 342
13186 342
13187 342
13188 158
13189 158
13190 158
13191 158
13192 18
13193 456
13194 169
13195 377
13196 251
13197 377
13198 60
13199 229
13200 229
13201 274
13202 274
13203 286
13204 274
13205 277
13206 274
13207 431
13208 54
13209 431
13210 431
13211 386
13212 386
13213 468
13214 179
13215 179
13216 179
13217 179
13218 329
13219 53
13220 283
13221 285
13222 283
13223 283
13224 283
13225 29
13226 430
13227 203
13228 40
13229 40
13230 338
13231 445
13232 338
13233 451
13234 372
13235 362
13236 275
13237 126
13238 126
13239 339
13240 380
13241 339
13242 430
13243 390
13244 424
13245 417
13246 284
13247 471
13248 471
13249 293
13250 249
13251 472
13252 498
13253 492
13254 114
13255 114
13256 114
13257 384
13258 384
13259 384
13260 377
13261 440
13262 440
13263 440
13264 42
13265 42
13266 472
13267 472
13268 472
13269 253
13270 146
13271 146
13272 143
13273 343
13274 20
13275 8
13276 99
13277 99
13278 137
13279 195
13280 211
13281 144
13282 211
13283 6
13284 144
13285 258
13286 258
13287 258
13288 258
13289 258
13290 273
13291 258
13292 258
13293 257
13294 257
13295 422
13296 257
13297 267
13298 267
13299 186
13300 186
13301 186
13302 216
13303 216
13304 15
13305 19
13306 219
13307 219
13308 168
13309 311
13310 311
13311 367
13312 367
13313 491
13314 483
13315 491
13316 494
13317 487
13318 470
13319 458
13320 458
13321 458
13322 55
13323 349
13324 468
13325 188
13326 188
13327 231
13328 233
13329 233
13330 233
13331 233
13332 233
13333 420
13334 420
13335 420
13336 420
13337 420
13338 270
13339 14
13340 289
13341 270
13342 385
13343 279
13344 279
13345 314
13346 314
13347 21
13348 314
13349 15
13350 304
13351 298
13352 304
13353 340
13354 304
13355 163
13356 153
13357 405
13358 323
13359 440
13360 20
13361 31
13362 72
13363 315
13364 72
13365 163
13366 163
13367 109
13368 420
13369 113
13370 334
13371 334
13372 481
13373 334
13374 441
13375 441
13376 56
13377 56
13378 56
13379 56
13380 56
13381 160
13382 160
13383 167
13384 167
13385 101
13386 101
13387 101
13388 66
13389 389
13390 75
13391 273
13392 273
13393 19
13394 310
13395 19
13396 310
13397 437
13398 464
13399 109
13400 13
13401 136
13402 136
13403 136
13404 136
13405 417
13406 417
13407 222
13408 222
13409 222
13410 225
13411 222
13412 123
13413 48
13414 48
13415 303
13416 99
13417 98
13418 415
13419 415
13420 415
13421 382
13422 449
13423 415
13424 70
13425 70
13426 28
13427 367
13428 367
13429 367
13430 407
13431 239
13432 239
13433 233
13434 28
13435 246
13436 373
13437 388
13438 388
13439 135
13440 170
13441 170
13442 100
13443 117
13444 46
13445 117
13446 167
13447 167
13448 167
13449 215
13450 215
13451 5
13452 457
13453 457
13454 457
13455 457
13456 457
13457 354
13458 354
13459 276
13460 446
13461 446
13462 307
13463 307
13464 488
13465 249
13466 268
13467 195
13468 268
13469 195
13470 224
13471 224
13472 230
13473 224
13474 323
13475 323
13476 323
13477 480
13478 480
13479 456
13480 73
13481 216
13482 73
13483 74
13484 73
13485 216
13486 65
13487 287
13488 65
13489 65
13490 113
13491 50
13492 244
13493 68
13494 113
13495 234
13496 234
13497 234
13498 56
13499 56
13500 56
13501 21
13502 21
13503 362
13504 362
13505 29
13506 362
13507 421
13508 14
13509 212
13510 212
13511 59
13512 338
13513 264
13514 264
13515 54
13516 3
13517 25
13518 384
13519 384
13520 384
13521 421
13522 9
13523 433
13524 490
13525 433
13526 157
13527 157
13528 58
13529 183
13530 183
13531 382
13532 267
13533 456
13534 23
13535 247
13536 264
13537 226
13538 146
13539 146
13540 145
13541 146
13542 422
13543 422
13544 143
13545 113
13546 113
13547 113
13548 113
13549 113
13550 357
13551 23
13552 87
13553 87
13554 87
13555 87
13556 495
13557 268
13558 268
13559 258
13560 6
13561 11
13562 258
13563 258
13564 97
13565 43
13566 408
13567 454
13568 454
13569 454
13570 454
13571 454
13572 454
13573 451
13574 452
13575 451
13576 451
13577 452
13578 449
13579 77
13580 52
13581 302
13582 305
13583 302
13584 419
13585 297
13586 52
13587 483
13588 467
13589 52
13590 52
13591 18
13592 190
13593 27
13594 190
13595 151
13596 362
13597 362
13598 61
13599 21
13600 432
13601 474
13602 432
13603 486
13604 486
13605 272
13606 272
13607 272
13608 479
13609 270
13610 498
13611 451
13612 297
13613 451
13614 451
13615 178
13616 51
13617 419
13618 419
13619 387
13620 419
13621 152
13622 5
13623 152
13624 152
13625 105
13626 152
13627 114
13628 434
13629 219
13630 406
13631 411
13632 41
13633 406
13634 190
13635 54
13636 26
13637 121
13638 26
13639 119
13640 119
13641 320
13642 247
13643 400
13644 301
13645 400
13646 400
13647 226
13648 381
13649 406
13650 382
13651 287
13652 129
13653 483
13654 58
13655 483
13656 483
13657 58
13658 246
13659 246
13660 157
13661 157
13662 263
13663 366
13664 420
13665 263
13666 329
13667 19
13668 443
13669 94
13670 94
13671 136
13672 136
13673 194
13674 42
13675 409
13676 13
13677 337
13678 337
13679 337
13680 337
13681 41
13682 41
13683 41
13684 123
13685 288
13686 84
13687 325
13688 458
13689 458
13690 458
13691 458
13692 9
13693 124
13694 124
13695 178
13696 214
13697 214
13698 366
13699 288
13700 335
13701 335
13702 22
13703 335
13704 335
13705 309
13706 309
13707 79
13708 79
13709 420
13710 420
13711 420
13712 160
13713 31
13714 92
13715 150
13716 150
13717 248
13718 121
13719 122
13720 51
13721 51
13722 98
13723 51
13724 224
13725 340
13726 147
13727 108
13728 224
13729 161
13730 161
13731 200
13732 200
13733 92
13734 92
13735 400
13736 343
13737 431
13738 431
13739 431
13740 263
13741 419
13742 263
13743 310
13744 419
13745 67
13746 336
13747 67
13748 93
13749 389
13750 117
13751 257
13752 297
13753 404
13754 404
13755 409
13756 184
13757 16
13758 184
13759 312
13760 312
13761 467
13762 69
13763 304
13764 12
13765 281
13766 270
13767 350
13768 435
13769 270
13770 32
13771 32
13772 32
13773 32
13774 320
13775 320
13776 367
13777 367
13778 334
13779 102
13780 432
13781 84
13782 390
13783 402
13784 177
13785 388
13786 162
13787 162
13788 162
13789 430
13790 393
13791 331
13792 331
13793 331
13794 331
13795 331
13796 99
13797 453
13798 179
13799 94
13800 278
13801 55
13802 94
13803 278
13804 7
13805 278
13806 47
13807 275
13808 275
13809 272
13810 478
13811 478
13812 54
13813 30
13814 9
13815 327
13816 327
13817 369
13818 85
13819 85
13820 22
13821 85
13822 440
13823 440
13824 440
13825 239
13826 239
13827 169
13828 142
13829 170
13830 170
13831 170
13832 50
13833 50
13834 451
13835 451
13836 297
13837 482
13838 297
13839 343
13840 343
13841 312
13842 312
13843 311
13844 270
13845 463
13846 358
13847 169
13848 430
13849 70
13850 70
13851 325
13852 325
13853 325
13854 397
13855 242
13856 328
13857 397
13858 397
13859 288
13860 17
13861 242
13862 411
13863 343
13864 293
13865 355
13866 87
13867 98
13868 98
13869 348
13870 328
13871 348
13872 348
13873 191
13874 409
13875 409
13876 281
13877 409
13878 409
13879 471
13880 471
13881 471
13882 117
13883 178
13884 180
13885 226
13886 361
13887 361
13888 264
13889 264
13890 264
13891 95
13892 100
13893 95
13894 401
13895 401
13896 401
13897 94
13898 294
13899 222
13900 326
13901 172
13902 203
13903 203
13904 7
13905 86
13906 242
13907 86
13908 86
13909 120
13910 100
13911 175
13912 175
13913 168
13914 293
13915 42
13916 258
13917 305
13918 85
13919 403
13920 390
13921 369
13922 369
13923 13
13924 369
13925 498
13926 498
13927 54
13928 54
13929 31
13930 31
13931 23
13932 25
13933 22
13934 144
13935 314
13936 22
13937 22
13938 22
13939 144
13940 314
13941 12
13942 12
13943 300
13944 300
13945 393
13946 300
13947 310
13948 259
13949 69
13950 68
13951 366
13952 153
13953 366
13954 443
13955 443
13956 92
13957 91
13958 116
13959 91
13960 172
13961 172
13962 232
13963 211
13964 448
13965 448
13966 422
13967 333
13968 422
13969 476
13970 422
13971 476
13972 333
13973 382
13974 382
13975 382
13976 240
13977 466
13978 449
13979 42
13980 478
13981 478
13982 291
13983 208
13984 476
13985 128
13986 128
13987 128
13988 128
13989 128
13990 128
13991 128
13992 391
13993 391
13994 455
13995 455
13996 455
13997 455
13998 364
13999 364
14000 48
14001 364
14002 410
14003 453
14004 182
14005 182
14006 45
14007 45
14008 152
14009 161
14010 161
14011 52
14012 52
14013 52
14014 86
14015 86
14016 471
14017 471
14018 471
14019 98
14020 98
14021 148
14022 195
14023 148
14024 365
14025 365
14026 233
14027 233
14028 289
14029 233
14030 99
14031 471
14032 471
14033 42
14034 351
14035 42
14036 43
14037 36
14038 196
14039 196
14040 196
14041 196
14042 196
14043 170
14044 131
14045 131
14046 325
14047 325
14048 325
14049 210
14050 36
14051 34
14052 34
14053 244
14054 441
14055 190
14056 441
14057 441
14058 389
14059 389
14060 25
14061 49
14062 498
14063 174
14064 182
14065 182
14066 182
14067 182
14068 205
14069 495
14070 205
14071 130
14072 130
14073 170
14074 345
14075 487
14076 335
14077 469
14078 22
14079 345
14080 408
14081 408
14082 479
14083 437
14084 408
14085 422
14086 428
14087 422
14088 422
14089 441
14090 44
14091 109
14092 462
14093 462
14094 326
14095 326
14096 136
14097 127
14098 326
14099 406
14100 406
14101 349
14102 240
14103 240
14104 255
14105 255
14106 255
14107 83
14108 83
14109 83
14110 83
14111 83
14112 73
14113 71
14114 170
14115 71
14116 338
14117 338
14118 170
14119 441
14120 86
14121 396
14122 442
14123 182
14124 442
14125 442
14126 327
14127 425
14128 81
14129 327
14130 371
14131 441
14132 403
14133 403
14134 388
14135 387
14136 387
14137 408
14138 190
14139 494
14140 494
14141 494
14142 494
14143 494
14144 463
14145 464
14146 45
14147 483
14148 45
14149 45
14150 444
14151 45
14152 45
14153 163
14154 348
14155 163
14156 18
14157 121
14158 121
14159 47
14160 47
14161 53
14162 53
14163 238
14164 53
14165 228
14166 408
14167 362
14168 193
14169 362
14170 362
14171 38
14172 153
14173 25
14174 153
14175 177
14176 177
14177 480
14178 480
14179 480
14180 103
14181 103
14182 75
14183 156
14184 22
14185 311
14186 75
14187 163
14188 163
14189 163
14190 116
14191 116
14192 445
14193 442
14194 255
14195 385
14196 385
14197 493
14198 54
14199 54
14200 242
14201 178
14202 435
14203 442
14204 442
14205 442
14206 482
14207 442
14208 442
14209 130
14210 176
14211 69
14212 406
14213 406
14214 126
14215 126
14216 126
14217 126
14218 102
14219 431
14220 102
14221 431
14222 284
14223 9
14224 386
14225 386
14226 386
14227 241
14228 241
14229 241
14230 413
14231 449
14232 473
14233 39
14234 39
14235 241
14236 241
14237 61
14238 25
14239 61
14240 358
14241 287
14242 276
14243 276
14244 280
14245 460
14246 460
14247 266
14248 476
14249 266
14250 256
14251 46
14252 312
14253 482
14254 348
14255 348
14256 55
14257 341
14258 284
14259 341
14260 15
14261 335
14262 11
14263 195
14264 436
14265 452
14266 239
14267 16
14268 50
14269 393
14270 393
14271 393
14272 393
14273 440
14274 342
14275 190
14276 190
14277 362
14278 216
14279 310
14280 310
14281 310
14282 304
14283 147
14284 251
14285 357
14286 348
14287 348
14288 31
14289 298
14290 298
14291 304
14292 337
14293 182
14294 337
14295 337
14296 337
14297 175
14298 182
14299 188
14300 188
14301 188
14302 359
14303 152
14304 152
14305 83
14306 83
14307 435
14308 435
14309 356
14310 356
14311 356
14312 356
14313 241
14314 352
14315 343
14316 288
14317 415
14318 415
14319 77
14320 319
14321 77
14322 273
14323 396
14324 54
14325 28
14326 28
14327 428
14328 371
14329 468
14330 254
14331 254
14332 256
14333 254
14334 495
14335 265
14336 465
14337 243
14338 243
14339 243
14340 450
14341 450
14342 450
14343 156
14344 461
14345 476
14346 461
14347 461
14348 117
14349 117
14350 280
14351 280
14352 371
14353 425
14354 394
14355 394
14356 178
14357 178
14358 417
14359 474
14360 474
14361 474
14362 474
14363 498
14364 474
14365 320
14366 320
14367 320
14368 21
14369 90
14370 11
14371 212
14372 163
14373 422
14374 422
14375 89
14376 293
14377 89
14378 89
14379 483
14380 499
14381 487
14382 383
14383 383
14384 310
14385 165
14386 165
14387 165
14388 165
14389 165
14390 301
14391 332
14392 107
14393 107
14394 185
14395 395
14396 107
14397 342
14398 342
14399 342
14400 97
14401 34
14402 34
14403 32
14404 33
14405 47
14406 27
14407 27
14408 20
14409 177
14410 147
14411 81
14412 26
14413 81
14414 100
14415 295
14416 280
14417 487
14418 295
14419 295
14420 54
14421 211
14422 211
14423 211
14424 211
14425 63
14426 63
14427 63
14428 59
14429 14
14430 59
14431 59
14432 216
14433 216
14434 116
14435 143
14436 143
14437 165
14438 172
14439 165
14440 85
14441 85
14442 12
14443 332
14444 332
14445 424
14446 286
14447 430
14448 424
14449 425
14450 406
14451 404
14452 355
14453 355
14454 355
14455 355
14456 355
14457 311
14458 355
14459 111
14460 111
14461 111
14462 68
14463 68
14464 35
14465 324
14466 324
14467 324
14468 113
14469 324
14470 324
14471 22
14472 425
14473 425
14474 425
14475 425
14476 352
14477 425
14478 425
14479 225
14480 225
14481 424
14482 424
14483 424
14484 424
14485 42
14486 62
14487 42
14488 236
14489 236
14490 236
14491 236
14492 236
14493 236
14494 246
14495 379
14496 246
14497 181
14498 67
14499 67
14500 313
14501 313
14502 313
14503 336
14504 180
14505 180
14506 421
14507 421
14508 272
14509 109
14510 376
14511 265
14512 310
14513 265
14514 20
14515 341
14516 130
14517 130
14518 171
14519 411
14520 411
14521 411
14522 113
14523 113
14524 222
14525 104
14526 113
14527 298
14528 298
14529 193
14530 193
14531 191
14532 58
14533 58
14534 58
14535 214
14536 21
14537 385
14538 159
14539 159
14540 164
14541 159
14542 436
14543 436
14544 436
14545 428
14546 428
14547 18
14548 47
14549 18
14550 465
14551 428
14552 351
14553 380
14554 373
14555 351
14556 320
14557 320
14558 75
14559 78
14560 8
14561 445
14562 265
14563 75
14564 75
14565 157
14566 185
14567 60
14568 379
14569 492
14570 377
14571 377
14572 466
14573 466
14574 163
14575 310
14576 87
14577 238
14578 163
14579 330
14580 330
14581 28
14582 94
14583 209
14584 209
14585 209
14586 123
14587 195
14588 195
14589 195
14590 195
14591 192
14592 211
14593 137
14594 280
14595 276
14596 47
14597 276
14598 497
14599 75
14600 117
14601 117
14602 165
14603 165
14604 165
14605 296
14606 159
14607 159
14608 159
14609 123
14610 126
14611 126
14612 126
14613 44
14614 44
14615 465
14616 463
14617 460
14618 22
14619 450
14620 465
14621 80
14622 341
14623 85
14624 177
14625 177
14626 177
14627 71
14628 158
14629 158
14630 158
14631 301
14632 325
14633 479
14634 439
14635 441
14636 439
14637 140
14638 140
14639 295
14640 123
14641 123
14642 147
14643 97
14644 125
14645 125
14646 177
14647 177
14648 254
14649 27
14650 385
14651 169
14652 278
14653 278
14654 297
14655 278
14656 308
14657 308
14658 308
14659 301
14660 476
14661 160
14662 301
14663 160
14664 155
14665 308
14666 377
14667 377
14668 377
14669 166
14670 166
14671 166
14672 176
14673 166
14674 111
14675 111
14676 420
14677 20
14678 15
14679 251
14680 420
14681 43
14682 43
14683 157
14684 61
14685 12
14686 181
14687 181
14688 375
14689 375
14690 23
14691 387
14692 82
14693 38
14694 82
14695 82
14696 148
14697 148
14698 183
14699 183
14700 183
14701 183
14702 259
14703 115
14704 115
14705 395
14706 467
14707 420
14708 467
14709 459
14710 420
14711 467
14712 420
14713 162
14714 7
14715 227
14716 360
14717 360
14718 5
14719 360
14720 360
14721 360
14722 256
14723 256
14724 256
14725 216
14726 216
14727 216
14728 147
14729 4
14730 114
14731 427
14732 33
14733 427
14734 33
14735 76
14736 10
14737 314
14738 314
14739 171
14740 280
14741 171
14742 280
14743 254
14744 255
14745 254
14746 223
14747 223
14748 223
14749 112
14750 376
14751 330
14752 330
14753 30
14754 121
14755 11
14756 121
14757 459
14758 459
14759 27
14760 202
14761 27
14762 214
14763 27
14764 41
14765 190
14766 190
14767 338
14768 66
14769 131
14770 74
14771 131
14772 461
14773 407
14774 388
14775 492
14776 70
14777 380
14778 131
14779 70
14780 380
14781 320
14782 42
14783 85
14784 28
14785 407
14786 407
14787 186
14788 186
14789 261
14790 264
14791 116
14792 116
14793 116
14794 187
14795 172
14796 372
14797 27
14798 27
14799 34
14800 34
14801 498
14802 118
14803 400
14804 118
14805 118
14806 400
14807 475
14808 96
14809 96
14810 416
14811 416
14812 340
14813 416
14814 59
14815 416
14816 340
14817 172
14818 172
14819 223
14820 223
14821 158
14822 211
14823 158
14824 158
14825 158
14826 176
14827 493
14828 16
14829 110
14830 110
14831 110
14832 393
14833 437
14834 152
14835 384
14836 434
14837 426
14838 410
14839 434
14840 190
14841 434
14842 234
14843 443
14844 21
14845 369
14846 444
14847 443
14848 75
14849 75
14850 404
14851 302
14852 3
14853 106
14854 160
14855 160
14856 484
14857 23
14858 475
14859 479
14860 475
14861 361
14862 475
14863 215
14864 215
14865 215
14866 215
14867 215
14868 294
14869 294
14870 377
14871 136
14872 136
14873 427
14874 13
14875 21
14876 52
14877 427
14878 169
14879 427
14880 427
14881 256
14882 341
14883 256
14884 341
14885 259
14886 31
14887 259
14888 128
14889 26
14890 128
14891 128
14892 331
14893 12
14894 26
14895 17
14896 128
14897 230
14898 230
14899 230
14900 230
14901 117
14902 100
14903 291
14904 291
14905 378
14906 45
14907 378
14908 474
14909 479
14910 474
14911 474
14912 474
14913 160
14914 474
14915 245
14916 213
14917 245
14918 377
14919 377
14920 184
14921 377
14922 368
14923 368
14924 242
14925 242
14926 364
14927 13
14928 319
14929 333
14930 173
14931 467
14932 203
14933 203
14934 399
14935 301
14936 137
14937 381
14938 93
14939 129
14940 60
14941 60
14942 60
14943 58
14944 58
14945 198
14946 81
14947 169
14948 187
14949 233
14950 233
14951 233
14952 209
14953 209
14954 209
14955 14
14956 200
14957 200
14958 24
14959 306
14960 335
14961 310
14962 46
14963 46
14964 146
14965 146
14966 146
14967 87
14968 16
14969 87
14970 25
14971 487
14972 134
14973 134
14974 134
14975 104
14976 133
14977 230
14978 175
14979 230
14980 302
14981 373
14982 373
14983 263
14984 290
14985 290
14986 396
14987 293
14988 293
14989 396
14990 294
14991 294
14992 231
14993 231
14994 449
14995 448
14996 449
14997 29
14998 449
14999 412
15000 412
15001 191
15002 328
15003 328
15004 136
15005 136
15006 127
15007 136
15008 450
15009 450
15010 218
15011 453
15012 218
15013 434
15014 235
15015 133
15016 104
15017 370
15018 370
15019 403
15020 319
15021 245
15022 245
15023 245
15024 108
15025 228
15026 107
15027 108
15028 108
15029 100
15030 473
15031 191
15032 192
15033 202
15034 52
15035 52
15036 390
15037 234
15038 441
15039 281
15040 115
15041 273
15042 496
15043 55
15044 496
15045 270
15046 383
15047 45
15048 71
15049 71
15050 108
15051 20
15052 175
15053 230
15054 85
15055 90
15056 31
15057 304
15058 85
15059 104
15060 104
15061 150
15062 212
15063 150
15064 150
15065 445
15066 75
15067 350
15068 337
15069 337
15070 402
15071 337
15072 325
15073 325
15074 325
15075 9
15076 226
15077 226
15078 226
15079 441
15080 43
15081 401
15082 486
15083 219
15084 219
15085 222
15086 219
15087 289
15088 289
15089 289
15090 472
15091 26
15092 482
15093 472
15094 206
15095 192
15096 193
15097 19
15098 14
15099 263
15100 19
15101 293
15102 290
15103 290
15104 293
15105 293
15106 297
15107 371
15108 70
15109 491
15110 276
15111 429
15112 257
15113 105
15114 105
15115 246
15116 416
15117 416
15118 278
15119 250
15120 250
15121 250
15122 250
15123 250
15124 339
15125 225
15126 279
15127 339
15128 382
15129 72
15130 72
15131 72
15132 72
15133 19
15134 150
15135 403
15136 6
15137 384
15138 384
15139 384
15140 384
15141 129
15142 129
15143 146
15144 148
15145 7
15146 148
15147 148
15148 444
15149 444
15150 310
15151 310
15152 189
15153 189
15154 189
15155 358
15156 189
15157 189
15158 169
15159 169
15160 169
15161 257
15162 265
15163 257
15164 257
15165 257
15166 214
15167 192
15168 192
15169 417
15170 417
15171 417
15172 234
15173 348
15174 428
15175 22
15176 428
15177 143
15178 143
15179 143
15180 143
15181 143
15182 143
15183 365
15184 365
15185 268
15186 193
15187 193
15188 71
15189 71
15190 294
15191 201
15192 294
15193 185
15194 444
15195 319
15196 319
15197 287
15198 287
15199 93
15200 484
15201 484
15202 483
15203 365
15204 365
15205 365
15206 479
15207 480
15208 241
15209 241
15210 241
15211 210
15212 210
15213 144
15214 210
15215 210
15216 283
15217 122
15218 284
15219 283
15220 283
15221 150
15222 150
15223 150
15224 370
15225 140
15226 140
15227 140
15228 462
15229 462
15230 462
15231 224
15232 224
15233 224
15234 232
15235 234
15236 232
15237 124
15238 475
15239 280
15240 280
15241 84
15242 84
15243 26
15244 26
15245 26
15246 39
15247 39
15248 445
15249 445
15250 445
15251 406
15252 310
15253 406
15254 406
15255 161
15256 161
15257 35
15258 202
15259 370
15260 370
15261 476
15262 429
15263 9
15264 359
15265 157
15266 407
15267 74
15268 262
15269 226
15270 226
15271 226
15272 7
15273 162
15274 461
15275 151
15276 151
15277 426
15278 468
15279 421
15280 330
15281 329
15282 330
15283 330
15284 330
15285 329
15286 288
15287 178
15288 476
15289 408
15290 408
15291 436
15292 408
15293 330
15294 487
15295 330
15296 330
15297 163
15298 425
15299 425
15300 425
15301 488
15302 488
15303 488
15304 488
15305 91
15306 40
15307 40
15308 368
15309 368
15310 430
15311 427
15312 89
15313 89
15314 89
15315 21
15316 89
15317 89
15318 89
15319 259
15320 259
15321 248
15322 13
15323 310
15324 261
15325 328
15326 16
15327 71
15328 71
15329 71
15330 71
15331 74
15332 254
15333 304
15334 252
15335 55
15336 254
15337 199
15338 199
15339 183
15340 12
15341 55
15342 462
15343 462
15344 422
15345 14
15346 110
15347 16
15348 249
15349 421
15350 463
15351 393
15352 421
15353 281
15354 204
15355 421
15356 295
15357 300
15358 426
15359 496
15360 264
15361 320
15362 320
15363 441
15364 69
15365 399
15366 403
15367 399
15368 399
15369 383
15370 383
15371 383
15372 201
15373 201
15374 116
15375 192
15376 116
15377 409
15378 409
15379 409
15380 429
15381 213
15382 213
15383 213
15384 307
15385 435
15386 307
15387 307
15388 312
15389 319
15390 40
15391 328
15392 330
15393 330
15394 330
15395 330
15396 330
15397 406
15398 406
15399 406
15400 406
15401 32
15402 32
15403 32
15404 354
15405 354
15406 194
15407 189
15408 202
15409 194
15410 199
15411 226
15412 226
15413 226
15414 204
15415 204
15416 177
15417 154
15418 204
15419 263
15420 301
15421 263
15422 263
15423 155
15424 155
15425 69
15426 19
15427 19
15428 186
15429 186
15430 186
15431 186
15432 180
15433 240
15434 240
15435 406
15436 406
15437 395
15438 349
15439 197
15440 458
15441 458
15442 458
15443 37
15444 37
15445 37
15446 454
15447 454
15448 273
15449 382
15450 207
15451 207
15452 207
15453 295
15454 359
15455 171
15456 371
15457 237
15458 107
15459 406
15460 47
15461 273
15462 62
15463 354
15464 350
15465 350
15466 428
15467 72
15468 16
15469 427
15470 429
15471 428
15472 42
15473 106
15474 37
15475 332
15476 332
15477 332
15478 332
15479 332
15480 240
15481 240
15482 27
15483 27
15484 122
15485 99
15486 122
15487 117
15488 386
15489 386
15490 386
15491 386
15492 201
15493 77
15494 377
15495 377
15496 91
15497 235
15498 235
15499 235
15500 410
15501 118
15502 441
15503 330
15504 330
15505 369
15506 369
15507 369
15508 369
15509 219
15510 219
15511 219
15512 247
15513 247
15514 247
15515 266
15516 389
15517 370
15518 30
15519 474
15520 195
15521 378
15522 471
15523 300
15524 297
15525 267
15526 78
15527 336
15528 267
15529 267
15530 267
15531 50
15532 485
15533 485
15534 21
15535 485
15536 162
15537 419
15538 419
15539 162
15540 114
15541 24
15542 117
15543 256
15544 28
15545 28
15546 411
15547 411
15548 405
15549 411
15550 279
15551 15
15552 417
15553 417
15554 418
15555 418
15556 440
15557 281
15558 478
15559 297
15560 492
15561 317
15562 359
15563 359
15564 482
15565 482
15566 482
15567 341
15568 98
15569 482
15570 333
15571 200
15572 200
15573 203
15574 200
15575 111
15576 111
15577 111
15578 111
15579 63
15580 172
15581 63
15582 63
15583 211
15584 476
15585 409
15586 409
15587 25
15588 70
15589 70
15590 65
15591 9
15592 9
15593 102
15594 102
15595 30
15596 62
15597 419
15598 419
15599 419
15600 117
15601 438
15602 181
15603 181
15604 181
15605 192
15606 192
15607 416
15608 416
15609 466
15610 398
15611 476
15612 479
15613 476
15614 100
15615 172
15616 413
15617 448
15618 29
15619 31
15620 301
15621 55
15622 456
15623 456
15624 456
15625 349
15626 456
15627 148
15628 148
15629 7
15630 55
15631 391
15632 391
15633 281
15634 18
15635 306
15636 364
15637 364
15638 149
15639 149
15640 149
15641 149
15642 241
15643 72
15644 71
15645 52
15646 72
15647 72
15648 456
15649 445
15650 141
15651 141
15652 114
15653 114
15654 114
15655 387
15656 387
15657 387
15658 215
15659 437
15660 264
15661 172
15662 62
15663 404
15664 356
15665 108
15666 356
15667 356
15668 104
15669 96
15670 251
15671 105
15672 232
15673 251
15674 111
15675 99
15676 99
15677 236
15678 237
15679 236
15680 61
15681 10
15682 339
15683 339
15684 342
15685 339
15686 339
15687 228
15688 212
15689 228
15690 357
15691 460
15692 278
15693 278
15694 465
15695 310
15696 278
15697 103
15698 176
15699 278
15700 183
15701 183
15702 183
15703 433
15704 483
15705 496
15706 491
15707 461
15708 491
15709 375
15710 375
15711 375
15712 406
15713 437
15714 369
15715 369
15716 227
15717 484
15718 241
15719 212
15720 212
15721 212
15722 467
15723 467
15724 467
15725 142
15726 65
15727 142
15728 142
15729 363
15730 337
15731 494
15732 367
15733 468
15734 47
15735 47
15736 460
15737 115
15738 115
15739 115
15740 332
15741 283
15742 283
15743 411
15744 283
15745 406
15746 283
15747 430
15748 30
15749 336
15750 213
15751 213
15752 494
15753 194
15754 214
15755 182
15756 214
15757 433
15758 380
15759 460
15760 463
15761 383
15762 383
15763 383
15764 383
15765 383
15766 98
15767 98
15768 98
15769 65
15770 191
15771 245
15772 232
15773 149
15774 149
15775 149
15776 142
15777 149
15778 213
15779 213
15780 186
15781 186
15782 186
15783 50
15784 172
15785 55
15786 50
15787 477
15788 477
15789 477
15790 477
15791 100
15792 144
15793 144
15794 142
15795 144
15796 144
15797 144
15798 202
15799 202
15800 202
15801 357
15802 357
15803 361
15804 248
15805 248
15806 248
15807 248
15808 198
15809 197
15810 268
15811 300
15812 457
15813 73
15814 268
15815 268
15816 97
15817 92
15818 22
15819 487
15820 11
15821 168
15822 170
15823 170
15824 379
15825 379
15826 379
15827 348
15828 417
15829 42
15830 357
15831 357
15832 457
15833 181
15834 181
15835 314
15836 349
15837 349
15838 99
15839 349
15840 349
15841 349
15842 433
15843 433
15844 307
15845 436
15846 436
15847 234
15848 234
15849 245
15850 135
15851 269
15852 231
15853 338
15854 338
15855 338
15856 338
15857 338
15858 362
15859 143
15860 176
15861 455
15862 223
15863 213
15864 213
15865 213
15866 368
15867 368
15868 165
15869 165
15870 165
15871 363
15872 340
15873 14
15874 296
15875 77
15876 92
15877 296
15878 288
15879 18
15880 77
15881 163
15882 343
15883 163
15884 443
15885 303
15886 113
15887 113
15888 351
15889 113
15890 113
15891 407
15892 409
15893 407
15894 407
15895 407
15896 409
15897 246
15898 392
15899 193
15900 442
15901 246
15902 413
15903 165
15904 165
15905 18
15906 226
15907 158
15908 158
15909 114
15910 450
15911 114
15912 117
15913 93
15914 93
15915 20
15916 20
15917 258
15918 258
15919 203
15920 258
15921 77
15922 94
15923 94
15924 92
15925 92
15926 235
15927 349
15928 235
15929 235
15930 235
15931 201
15932 147
15933 19
15934 58
15935 58
15936 243
15937 243
15938 480
15939 76
15940 112
15941 162
15942 110
15943 112
15944 112
15945 50
15946 105
15947 105
15948 105
15949 105
15950 105
15951 105
15952 316
15953 316
15954 62
15955 43
15956 43
15957 401
15958 43
15959 342
15960 297
15961 297
15962 365
15963 365
15964 365
15965 181
15966 181
15967 181
15968 181
15969 104
15970 104
15971 127
15972 479
15973 479
15974 305
15975 253
15976 253
15977 388
15978 388
15979 164
15980 168
15981 168
15982 161
15983 168
15984 175
15985 175
15986 323
15987 47
15988 323
15989 323
15990 323
15991 323
15992 472
15993 472
15994 310
15995 310
15996 4
15997 435
15998 435
15999 396
16000 396
16001 396
16002 396
16003 396
16004 381
16005 100
16006 239
16007 239
16008 316
16009 336
16010 316
16011 316
16012 60
16013 496
16014 28
16015 109
16016 475
16017 469
16018 469
16019 214
16020 214
16021 320
16022 241
16023 241
16024 483
16025 483
16026 483
16027 234
16028 45
16029 234
16030 234
16031 116
16032 240
16033 240
16034 35
16035 35
16036 35
16037 35
16038 59
16039 202
16040 202
16041 467
16042 426
16043 146
16044 237
16045 146
16046 193
16047 193
16048 193
16049 193
16050 232
16051 107
16052 96
16053 123
16054 387
16055 387
16056 33
16057 33
16058 33
16059 33
16060 121
16061 367
16062 478
16063 358
16064 478
16065 358
16066 440
16067 98
16068 449
16069 98
16070 217
16071 217
16072 217
16073 217
16074 78
16075 340
16076 78
16077 78
16078 255
16079 495
16080 404
16081 389
16082 404
16083 64
16084 64
16085 64
16086 66
16087 336
16088 9
16089 481
16090 437
16091 452
16092 175
16093 175
16094 218
16095 201
16096 218
16097 345
16098 345
16099 345
16100 345
16101 441
16102 76
16103 7
16104 338
16105 338
16106 349
16107 338
16108 123
16109 401
16110 257
16111 484
16112 84
16113 294
16114 294
16115 257
16116 257
16117 343
16118 300
16119 147
16120 315
16121 461
16122 341
16123 92
16124 252
16125 252
16126 262
16127 354
16128 354
16129 314
16130 354
16131 15
16132 264
16133 65
16134 19
16135 18
16136 41
16137 41
16138 432
16139 41
16140 41
16141 259
16142 154
16143 259
16144 259
16145 144
16146 373
16147 373
16148 193
16149 194
16150 202
16151 197
16152 193
16153 389
16154 413
16155 426
16156 69
16157 69
16158 352
16159 27
16160 352
16161 362
16162 248
16163 352
16164 44
16165 352
16166 477
16167 477
16168 461
16169 288
16170 479
16171 230
16172 230
16173 350
16174 119
16175 350
16176 326
16177 121
16178 350
16179 236
16180 236
16181 236
16182 236
16183 41
16184 236
16185 28
16186 28
16187 357
16188 352
16189 357
16190 435
16191 238
16192 238
16193 238
16194 221
16195 462
16196 131
16197 131
16198 131
16199 34
16200 34
16201 34
16202 211
16203 297
16204 248
16205 297
16206 265
16207 302
16208 265
16209 455
16210 424
16211 424
16212 424
16213 424
16214 54
16215 429
16216 404
16217 242
16218 242
16219 238
16220 103
16221 9
16222 242
16223 177
16224 234
16225 161
16226 161
16227 26
16228 161
16229 258
16230 258
16231 258
16232 258
16233 260
16234 227
16235 227
16236 17
16237 17
16238 305
16239 354
16240 354
16241 68
16242 117
16243 294
16244 68
16245 461
16246 206
16247 206
16248 90
16249 2
16250 455
16251 455
16252 455
16253 455
16254 456
16255 456
16256 148
16257 148
16258 27
16259 470
16260 470
16261 470
16262 395
16263 395
16264 412
16265 412
16266 90
16267 272
16268 189
16269 189
16270 189
16271 189
16272 125
16273 125
16274 125
16275 125
16276 125
16277 125
16278 238
16279 357
16280 238
16281 62
16282 73
16283 401
16284 233
16285 240
16286 240
16287 31
16288 240
16289 165
16290 201
16291 120
16292 120
16293 166
16294 166
16295 414
16296 414
16297 426
16298 214
16299 56
16300 214
16301 352
16302 352
16303 467
16304 467
16305 280
16306 467
16307 225
16308 225
16309 131
16310 131
16311 115
16312 420
16313 417
16314 115
16315 47
16316 139
16317 135
16318 37
16319 37
16320 37
16321 37
16322 480
16323 480
16324 473
16325 443
16326 27
16327 434
16328 443
16329 431
16330 431
16331 87
16332 297
16333 383
16334 304
16335 122
16336 122
16337 269
16338 123
16339 267
16340 267
16341 420
16342 47
16343 47
16344 420
16345 406
16346 385
16347 406
16348 14
16349 25
16350 17
16351 441
16352 441
16353 441
16354 482
16355 482
16356 122
16357 28
16358 87
16359 184
16360 307
16361 279
16362 279
16363 30
16364 220
16365 220
16366 220
16367 74
16368 74
16369 74
16370 9
16371 273
16372 273
16373 273
16374 273
16375 191
16376 178
16377 173
16378 351
16379 173
16380 224
16381 18
16382 224
16383 224
16384 269
16385 18
16386 224
16387 56
16388 56
16389 127
16390 74
16391 115
16392 15
16393 115
16394 115
16395 120
16396 339
16397 338
16398 460
16399 21
16400 265
16401 180
16402 180
16403 39
16404 461
16405 90
16406 90
16407 90
16408 397
16409 92
16410 92
16411 92
16412 92
16413 137
16414 137
16415 366
16416 264
16417 260
16418 260
16419 264
16420 20
16421 442
16422 20
16423 20
16424 78
16425 188
16426 78
16427 130
16428 193
16429 322
16430 319
16431 322
16432 322
16433 322
16434 129
16435 439
16436 439
16437 19
16438 129
16439 132
16440 129
16441 129
16442 59
16443 33
16444 33
16445 39
16446 33
16447 37
16448 69
16449 264
16450 72
16451 72
16452 454
16453 454
16454 320
16455 473
16456 252
16457 252
16458 252
16459 257
16460 297
16461 325
16462 252
16463 398
16464 253
16465 380
16466 241
16467 241
16468 241
16469 465
16470 411
16471 336
16472 336
16473 336
16474 452
16475 267
16476 267
16477 267
16478 267
16479 267
16480 267
16481 88
16482 88
16483 88
16484 195
16485 195
16486 195
16487 90
16488 116
16489 425
16490 124
16491 464
16492 45
16493 315
16494 315
16495 144
16496 315
16497 191
16498 275
16499 275
16500 275
16501 279
16502 275
16503 277
16504 199
16505 199
16506 206
16507 199
16508 199
16509 147
16510 147
16511 147
16512 438
16513 438
16514 438
16515 186
16516 482
16517 482
16518 69
16519 432
16520 478
16521 478
16522 478
16523 462
16524 75
16525 462
16526 462
16527 115
16528 75
16529 228
16530 228
16531 228
16532 76
16533 70
16534 76
16535 34
16536 34
16537 34
16538 34
16539 99
16540 100
16541 265
16542 99
16543 78
16544 346
16545 346
16546 346
16547 352
16548 346
16549 326
16550 247
16551 140
16552 101
16553 339
16554 498
16555 95
16556 339
16557 95
16558 200
16559 200
16560 29
16561 440
16562 55
16563 440
16564 440
16565 440
16566 84
16567 84
16568 20
16569 20
16570 491
16571 480
16572 102
16573 44
16574 136
16575 136
16576 236
16577 236
16578 236
16579 339
16580 236
16581 236
16582 436
16583 431
16584 295
16585 295
16586 431
16587 147
16588 112
16589 92
16590 92
16591 46
16592 92
16593 92
16594 432
16595 432
16596 101
16597 445
16598 445
16599 445
16600 81
16601 123
16602 12
16603 474
16604 430
16605 104
16606 393
16607 295
16608 247
16609 247
16610 247
16611 478
16612 75
16613 247
16614 498
16615 475
16616 216
16617 28
16618 315
16619 315
16620 295
16621 315
16622 182
16623 182
16624 108
16625 302
16626 302
16627 302
16628 302
16629 472
16630 472
16631 472
16632 291
16633 293
16634 291
16635 488
16636 291
16637 140
16638 62
16639 175
16640 160
16641 261
16642 21
16643 21
16644 415
16645 415
16646 422
16647 493
16648 387
16649 224
16650 224
16651 224
16652 224
16653 224
16654 226
16655 224
16656 224
16657 112
16658 112
16659 466
16660 367
16661 199
16662 199
16663 199
16664 6
16665 199
16666 206
16667 206
16668 212
16669 212
16670 15
16671 212
16672 487
16673 245
16674 439
16675 441
16676 179
16677 370
16678 391
16679 28
16680 148
16681 148
16682 151
16683 193
16684 193
16685 132
16686 125
16687 132
16688 307
16689 307
16690 307
16691 307
16692 453
16693 209
16694 360
16695 391
16696 360
16697 360
16698 391
16699 423
16700 423
16701 423
16702 317
16703 431
16704 317
16705 324
16706 324
16707 325
16708 338
16709 295
16710 295
16711 47
16712 21
16713 38
16714 38
16715 253
16716 261
16717 253
16718 208
16719 43
16720 209
16721 208
16722 208
16723 158
16724 158
16725 242
16726 187
16727 181
16728 181
16729 53
16730 483
16731 258
16732 261
16733 258
16734 258
16735 474
16736 124
16737 365
16738 365
16739 367
16740 365
16741 207
16742 365
16743 497
16744 360
16745 497
16746 334
16747 334
16748 365
16749 365
16750 392
16751 146
16752 392
16753 392
16754 392
16755 45
16756 45
16757 45
16758 56
16759 357
16760 357
16761 202
16762 120
16763 210
16764 202
16765 334
16766 252
16767 332
16768 335
16769 335
16770 14
16771 492
16772 2
16773 433
16774 488
16775 488
16776 38
16777 208
16778 445
16779 232
16780 232
16781 204
16782 204
16783 194
16784 294
16785 50
16786 482
16787 7
16788 50
16789 91
16790 270
16791 270
16792 48
16793 48
16794 216
16795 215
16796 215
16797 470
16798 470
16799 470
16800 470
16801 470
16802 470
16803 220
16804 220
16805 383
16806 15
16807 383
16808 494
16809 494
16810 494
16811 235
16812 494
16813 250
16814 250
16815 255
16816 250
16817 284
16818 255
16819 252
16820 309
16821 14
16822 136
16823 136
16824 310
16825 310
16826 79
16827 79
16828 79
16829 114
16830 270
16831 114
16832 106
16833 106
16834 18
16835 94
16836 9
16837 447
16838 345
16839 345
16840 156
16841 150
16842 150
16843 172
16844 179
16845 172
16846 308
16847 323
16848 308
16849 301
16850 308
16851 415
16852 140
16853 413
16854 413
16855 69
16856 69
16857 25
16858 252
16859 252
16860 252
16861 252
16862 52
16863 52
16864 98
16865 271
16866 271
16867 271
16868 268
16869 268
16870 452
16871 452
16872 452
16873 106
16874 322
16875 322
16876 44
16877 241
16878 493
16879 493
16880 493
16881 493
16882 239
16883 111
16884 452
16885 26
16886 26
16887 26
16888 441
16889 441
16890 287
16891 441
16892 278
16893 441
16894 358
16895 358
16896 488
16897 112
16898 109
16899 297
16900 211
16901 211
16902 348
16903 348
16904 348
16905 348
16906 409
16907 409
16908 409
16909 394
16910 394
16911 230
16912 202
16913 192
16914 191
16915 202
16916 202
16917 192
16918 194
16919 194
16920 194
16921 201
16922 201
16923 391
16924 391
16925 48
16926 48
16927 488
16928 488
16929 488
16930 488
16931 472
16932 488
16933 488
16934 486
16935 486
16936 290
16937 486
16938 219
16939 235
16940 390
16941 261
16942 261
16943 333
16944 50
16945 143
16946 470
16947 470
16948 470
16949 96
16950 96
16951 96
16952 336
16953 96
16954 96
16955 355
16956 355
16957 435
16958 164
16959 489
16960 489
16961 295
16962 489
16963 270
16964 305
16965 305
16966 305
16967 246
16968 246
16969 237
16970 413
16971 437
16972 237
16973 237
16974 480
16975 18
16976 222
16977 208
16978 31
16979 55
16980 88
16981 413
16982 315
16983 315
16984 314
16985 315
16986 315
16987 281
16988 454
16989 196
16990 454
16991 454
16992 277
16993 277
16994 397
16995 277
16996 102
16997 102
16998 47
16999 474
17000 474
17001 270
17002 270
17003 198
17004 198
17005 198
17006 306
17007 306
17008 306
17009 484
17010 459
17011 135
17012 484
17013 454
17014 248
17015 38
17016 38
17017 35
17018 89
17019 89
17020 498
17021 145
17022 145
17023 145
17024 145
17025 42
17026 417
17027 417
17028 98
17029 415
17030 417
17031 401
17032 397
17033 397
17034 173
17035 63
17036 63
17037 63
17038 125
17039 125
17040 440
17041 90
17042 308
17043 440
17044 440
17045 440
17046 111
17047 111
17048 111
17049 111
17050 366
17051 288
17052 465
17053 275
17054 275
17055 275
17056 276
17057 434
17058 434
17059 30
17060 141
17061 141
17062 141
17063 141
17064 141
17065 141
17066 141
17067 63
17068 63
17069 317
17070 317
17071 317
17072 320
17073 320
17074 252
17075 252
17076 252
17077 451
17078 95
17079 95
17080 95
17081 70
17082 70
17083 70
17084 281
17085 281
17086 238
17087 238
17088 413
17089 413
17090 147
17091 311
17092 287
17093 75
17094 294
17095 76
17096 320
17097 76
17098 407
17099 407
17100 407
17101 209
17102 209
17103 209
17104 78
17105 239
17106 239
17107 83
17108 239
17109 179
17110 202
17111 156
17112 156
17113 376
17114 156
17115 468
17116 468
17117 297
17118 418
17119 316
17120 316
17121 303
17122 28
17123 303
17124 486
17125 286
17126 128
17127 177
17128 419
17129 163
17130 470
17131 391
17132 419
17133 419
17134 419
17135 206
17136 206
17137 210
17138 163
17139 467
17140 467
17141 145
17142 467
17143 283
17144 295
17145 422
17146 233
17147 283
17148 284
17149 431
17150 139
17151 297
17152 273
17153 206
17154 136
17155 422
17156 422
17157 415
17158 99
17159 329
17160 273
17161 60
17162 60
17163 39
17164 39
17165 39
17166 35
17167 39
17168 226
17169 312
17170 312
17171 270
17172 313
17173 52
17174 411
17175 411
17176 216
17177 216
17178 398
17179 401
17180 126
17181 126
17182 126
17183 126
17184 184
17185 126
17186 73
17187 76
17188 17
17189 73
17190 76
17191 279
17192 193
17193 489
17194 216
17195 490
17196 489
17197 482
17198 489
17199 131
17200 317
17201 93
17202 449
17203 468
17204 74
17205 51
17206 376
17207 306
17208 306
17209 294
17210 234
17211 346
17212 405
17213 240
17214 240
17215 189
17216 468
17217 468
17218 42
17219 42
17220 154
17221 154
17222 44
17223 44
17224 78
17225 78
17226 250
17227 69
17228 12
17229 53
17230 53
17231 236
17232 98
17233 98
17234 395
17235 395
17236 179
17237 179
17238 471
17239 122
17240 122
17241 122
17242 122
17243 122
17244 122
17245 484
17246 484
17247 228
17248 228
17249 228
17250 348
17251 348
17252 380
17253 47
17254 47
17255 421
17256 11
17257 421
17258 472
17259 471
17260 472
17261 472
17262 304
17263 345
17264 345
17265 290
17266 290
17267 210
17268 290
17269 174
17270 175
17271 243
17272 243
17273 273
17274 118
17275 59
17276 59
17277 145
17278 145
17279 145
17280 145
17281 143
17282 154
17283 154
17284 154
17285 429
17286 429
17287 40
17288 47
17289 498
17290 47
17291 152
17292 491
17293 457
17294 371
17295 55
17296 300
17297 300
17298 300
17299 300
17300 300
17301 369
17302 198
17303 198
17304 28
17305 292
17306 465
17307 134
17308 210
17309 197
17310 197
17311 430
17312 60
17313 60
17314 463
17315 260
17316 443
17317 463
17318 174
17319 178
17320 366
17321 93
17322 93
17323 353
17324 353
17325 353
17326 53
17327 53
17328 53
17329 195
17330 195
17331 373
17332 246
17333 231
17334 62
17335 231
17336 231
17337 44
17338 94
17339 137
17340 9
17341 358
17342 358
17343 235
17344 235
17345 95
17346 235
17347 235
17348 95
17349 95
17350 95
17351 95
17352 11
17353 25
17354 25
17355 45
17356 389
17357 385
17358 465
17359 260
17360 260
17361 167
17362 167
17363 421
17364 421
17365 198
17366 198
17367 364
17368 364
17369 377
17370 194
17371 203
17372 45
17373 45
17374 45
17375 309
17376 309
17377 309
17378 309
17379 309
17380 48
17381 48
17382 48
17383 128
17384 128
17385 128
17386 128
17387 128
17388 128
17389 128
17390 157
17391 474
17392 474
17393 474
17394 92
17395 429
17396 194
17397 20
17398 329
17399 329
17400 332
17401 266
17402 266
17403 266
17404 266
17405 266
17406 306
17407 306
17408 23
17409 23
17410 306
17411 196
17412 196
17413 196
17414 203
17415 413
17416 413
17417 493
17418 493
17419 206
17420 206
17421 469
17422 46
17423 111
17424 111
17425 111
17426 359
17427 359
17428 210
17429 178
17430 210
17431 210
17432 210
17433 210
17434 126
17435 279
17436 275
17437 275
17438 275
17439 244
17440 396
17441 396
17442 396
17443 376
17444 303
17445 122
17446 269
17447 269
17448 269
17449 293
17450 372
17451 188
17452 188
17453 188
17454 188
17455 189
17456 189
17457 189
17458 189
17459 189
17460 190
17461 170
17462 170
17463 85
17464 198
17465 435
17466 435
17467 435
17468 435
17469 9
17470 307
17471 154
17472 307
17473 304
17474 460
17475 304
17476 55
17477 136
17478 397
17479 284
17480 297
17481 435
17482 40
17483 40
17484 46
17485 40
17486 310
17487 310
17488 252
17489 52
17490 52
17491 412
17492 52
17493 415
17494 320
17495 453
17496 323
17497 170
17498 397
17499 397
17500 438
17501 438
17502 438
17503 438
17504 180
17505 240
17506 240
17507 413
17508 233
17509 418
17510 383
17511 383
17512 216
17513 177
17514 450
17515 377
17516 450
17517 145
17518 145
17519 145
17520 174
17521 174
17522 174
17523 184
17524 184
17525 131
17526 131
17527 131
17528 131
17529 191
17530 191
17531 331
17532 331
17533 331
17534 410
17535 441
17536 426
17537 65
17538 206
17539 206
17540 228
17541 228
17542 293
17543 174
17544 174
17545 174
17546 60
17547 2
17548 167
17549 163
17550 305
17551 163
17552 90
17553 313
17554 301
17555 115
17556 209
17557 260
17558 340
17559 85
17560 240
17561 61
17562 456
17563 256
17564 30
17565 256
17566 27
17567 444
17568 100
17569 445
17570 332
17571 332
17572 332
17573 97
17574 483
17575 97
17576 305
17577 305
17578 487
17579 388
17580 317
17581 317
17582 317
17583 367
17584 378
17585 98
17586 215
17587 351
17588 370
17589 474
17590 474
17591 370
17592 359
17593 359
17594 479
17595 51
17596 51
17597 48
17598 51
17599 219
17600 225
17601 219
17602 309
17603 309
17604 422
17605 422
17606 30
17607 422
17608 464
17609 450
17610 183
17611 489
17612 199
17613 199
17614 199
17615 417
17616 417
17617 417
17618 141
17619 30
17620 303
17621 481
17622 363
17623 267
17624 269
17625 447
17626 288
17627 288
17628 282
17629 282
17630 288
17631 166
17632 166
17633 166
17634 305
17635 13
17636 305
17637 305
17638 305
17639 24
17640 469
17641 469
17642 469
17643 23
17644 438
17645 479
17646 372
17647 211
17648 213
17649 292
17650 211
17651 211
17652 311
17653 311
17654 311
17655 438
17656 80
17657 496
17658 394
17659 255
17660 471
17661 80
17662 461
17663 339
17664 339
17665 182
17666 182
17667 97
17668 97
17669 97
17670 434
17671 434
17672 493
17673 493
17674 493
17675 111
17676 111
17677 111
17678 462
17679 462
17680 350
17681 350
17682 441
17683 370
17684 370
17685 370
17686 370
17687 108
17688 41
17689 108
17690 156
17691 85
17692 304
17693 313
17694 437
17695 313
17696 34
17697 39
17698 38
17699 39
17700 210
17701 210
17702 231
17703 496
17704 496
17705 257
17706 281
17707 328
17708 27
17709 50
17710 312
17711 223
17712 22
17713 345
17714 349
17715 345
17716 483
17717 88
17718 482
17719 345
17720 98
17721 36
17722 35
17723 36
17724 36
17725 177
17726 333
17727 333
17728 333
17729 325
17730 156
17731 491
17732 331
17733 200
17734 200
17735 248
17736 248
17737 403
17738 55
17739 403
17740 433
17741 433
17742 119
17743 387
17744 387
17745 387
17746 225
17747 225
17748 225
17749 225
17750 225
17751 225
17752 225
17753 377
17754 389
17755 314
17756 314
17757 428
17758 16
17759 486
17760 178
17761 103
17762 442
17763 178
17764 178
17765 397
17766 309
17767 308
17768 308
17769 308
17770 308
17771 163
17772 219
17773 219
17774 219
17775 358
17776 358
17777 358
17778 418
17779 410
17780 185
17781 185
17782 185
17783 219
17784 219
17785 219
17786 219
17787 441
17788 257
17789 456
17790 229
17791 21
17792 279
17793 279
17794 460
17795 312
17796 312
17797 312
17798 38
17799 331
17800 187
17801 186
17802 341
17803 210
17804 210
17805 210
17806 78
17807 192
17808 192
17809 194
17810 194
17811 192
17812 43
17813 489
17814 489
17815 489
17816 24
17817 162
17818 162
17819 162
17820 129
17821 129
17822 166
17823 166
17824 153
17825 166
17826 180
17827 59
17828 59
17829 157
17830 157
17831 72
17832 78
17833 339
17834 480
17835 72
17836 72
17837 329
17838 329
17839 329
17840 329
17841 329
17842 319
17843 324
17844 351
17845 319
17846 382
17847 382
17848 50
17849 50
17850 338
17851 338
17852 52
17853 437
17854 48
17855 325
17856 328
17857 325
17858 473
17859 473
17860 473
17861 186
17862 186
17863 308
17864 308
17865 75
17866 75
17867 84
17868 333
17869 269
17870 393
17871 333
17872 333
17873 266
17874 326
17875 326
17876 331
17877 331
17878 77
17879 487
17880 487
17881 97
17882 476
17883 476
17884 413
17885 476
17886 416
17887 57
17888 416
17889 77
17890 122
17891 122
17892 122
17893 334
17894 487
17895 173
17896 172
17897 149
17898 161
17899 227
17900 161
17901 227
17902 261
17903 434
17904 434
17905 256
17906 291
17907 291
17908 291
17909 234
17910 151
17911 151
17912 151
17913 151
17914 195
17915 195
17916 195
17917 195
17918 334
17919 246
17920 288
17921 441
17922 361
17923 361
17924 312
17925 270
17926 270
17927 397
17928 30
17929 416
17930 416
17931 192
17932 192
17933 192
17934 192
17935 463
17936 270
17937 270
17938 270
17939 367
17940 61
17941 474
17942 429
17943 429
17944 104
17945 104
17946 104
17947 104
17948 418
17949 308
17950 410
17951 418
17952 418
17953 252
17954 252
17955 31
17956 252
17957 78
17958 163
17959 474
17960 252
17961 300
17962 300
17963 300
17964 136
17965 29
17966 367
17967 288
17968 285
17969 8
17970 173
17971 173
17972 432
17973 432
17974 388
17975 336
17976 325
17977 125
17978 125
17979 125
17980 125
17981 68
17982 315
17983 68
17984 315
17985 314
17986 314
17987 430
17988 478
17989 314
17990 314
17991 244
17992 243
17993 244
17994 428
17995 428
17996 359
17997 410
17998 359
17999 430
18000 444
18001 24
18002 404
18003 404
18004 474
18005 46
18006 55
18007 474
18008 474
18009 215
18010 215
18011 234
18012 189
18013 110
18014 173
18015 467
18016 110
18017 380
18018 349
18019 380
18020 477
18021 211
18022 211
18023 8
18024 62
18025 104
18026 74
18027 74
18028 438
18029 481
18030 340
18031 457
18032 261
18033 441
18034 85
18035 459
18036 416
18037 416
18038 416
18039 416
18040 495
18041 495
18042 151
18043 495
18044 130
18045 148
18046 160
18047 278
18048 278
18049 278
18050 278
18051 336
18052 336
18053 461
18054 207
18055 273
18056 207
18057 207
18058 207
18059 199
18060 202
18061 265
18062 20
18063 202
18064 237
18065 217
18066 139
18067 136
18068 139
18069 139
18070 132
18071 410
18072 73
18073 73
18074 73
18075 73
18076 32
18077 32
18078 54
18079 54
18080 54
18081 326
18082 263
18083 398
18084 355
18085 355
18086 355
18087 355
18088 133
18089 133
18090 133
18091 44
18092 434
18093 13
18094 480
18095 351
18096 229
18097 212
18098 460
18099 58
18100 58
18101 412
18102 412
18103 415
18104 412
18105 433
18106 412
18107 254
18108 254
18109 438
18110 492
18111 163
18112 498
18113 429
18114 241
18115 429
18116 490
18117 490
18118 378
18119 229
18120 210
18121 485
18122 367
18123 485
18124 485
18125 398
18126 398
18127 131
18128 131
18129 461
18130 149
18131 149
18132 84
18133 307
18134 307
18135 307
18136 186
18137 12
18138 186
18139 12
18140 186
18141 111
18142 111
18143 111
18144 92
18145 340
18146 340
18147 340
18148 397
18149 340
18150 459
18151 43
18152 459
18153 459
18154 412
18155 310
18156 412
18157 423
18158 423
18159 423
18160 421
18161 26
18162 5
18163 96
18164 75
18165 404
18166 437
18167 75
18168 143
18169 143
18170 143
18171 318
18172 318
18173 318
18174 210
18175 195
18176 210
18177 245
18178 245
18179 490
18180 245
18181 349
18182 277
18183 277
18184 404
18185 435
18186 309
18187 309
18188 429
18189 429
18190 398
18191 396
18192 398
18193 178
18194 178
18195 178
18196 263
18197 263
18198 189
18199 189
18200 191
18201 189
18202 193
18203 202
18204 442
18205 442
18206 442
18207 61
18208 476
18209 327
18210 411
18211 326
18212 476
18213 14
18214 325
18215 311
18216 229
18217 260
18218 260
18219 278
18220 235
18221 235
18222 124
18223 102
18224 335
18225 102
18226 223
18227 306
18228 306
18229 41
18230 41
18231 390
18232 183
18233 277
18234 235
18235 73
18236 235
18237 351
18238 351
18239 351
18240 460
18241 460
18242 465
18243 347
18244 302
18245 347
18246 128
18247 347
18248 220
18249 233
18250 471
18251 27
18252 64
18253 465
18254 64
18255 23
18256 20
18257 64
18258 465
18259 450
18260 329
18261 450
18262 221
18263 221
18264 221
18265 171
18266 118
18267 171
18268 383
18269 383
18270 368
18271 370
18272 368
18273 368
18274 242
18275 122
18276 57
18277 421
18278 431
18279 431
18280 435
18281 435
18282 256
18283 448
18284 489
18285 93
18286 419
18287 13
18288 48
18289 48
18290 160
18291 160
18292 366
18293 366
18294 111
18295 111
18296 18
18297 181
18298 181
18299 494
18300 494
18301 494
18302 273
18303 494
18304 494
18305 461
18306 461
18307 347
18308 41
18309 404
18310 404
18311 41
18312 238
18313 424
18314 424
18315 386
18316 410
18317 410
18318 410
18319 407
18320 75
18321 75
18322 309
18323 7
18324 309
18325 199
18326 199
18327 199
18328 199
18329 212
18330 212
18331 212
18332 268
18333 135
18334 309
18335 476
18336 404
18337 121
18338 477
18339 456
18340 390
18341 390
18342 129
18343 129
18344 446
18345 446
18346 446
18347 446
18348 446
18349 143
18350 143
18351 255
18352 351
18353 307
18354 389
18355 255
18356 104
18357 349
18358 177
18359 177
18360 177
18361 265
18362 265
18363 223
18364 223
18365 223
18366 403
18367 390
18368 479
18369 386
18370 333
18371 287
18372 256
18373 256
18374 78
18375 78
18376 43
18377 81
18378 81
18379 485
18380 81
18381 215
18382 246
18383 246
18384 389
18385 249
18386 475
18387 94
18388 94
18389 94
18390 94
18391 390
18392 85
18393 162
18394 168
18395 168
18396 162
18397 162
18398 380
18399 135
18400 135
18401 380
18402 285
18403 60
18404 47
18405 114
18406 114
18407 267
18408 360
18409 360
18410 367
18411 295
18412 466
18413 102
18414 102
18415 102
18416 458
18417 25
18418 437
18419 437
18420 93
18421 93
18422 58
18423 58
18424 58
18425 199
18426 58
18427 477
18428 276
18429 477
18430 477
18431 264
18432 477
18433 236
18434 236
18435 236
18436 238
18437 236
18438 236
18439 422
18440 422
18441 497
18442 247
18443 238
18444 247
18445 445
18446 254
18447 445
18448 368
18449 368
18450 157
18451 157
18452 239
18453 239
18454 102
18455 100
18456 253
18457 253
18458 253
18459 253
18460 319
18461 253
18462 136
18463 156
18464 491
18465 444
18466 404
18467 491
18468 491
18469 483
18470 449
18471 119
18472 308
18473 119
18474 119
18475 119
18476 476
18477 475
18478 476
18479 396
18480 396
18481 261
18482 325
18483 54
18484 325
18485 297
18486 333
18487 403
18488 352
18489 352
18490 352
18491 352
18492 38
18493 38
18494 61
18495 46
18496 40
18497 105
18498 424
18499 424
18500 320
18501 199
18502 199
18503 199
18504 404
18505 404
18506 75
18507 79
18508 75
18509 75
18510 375
18511 375
18512 375
18513 486
18514 386
18515 113
18516 355
18517 113
18518 386
18519 313
18520 368
18521 279
18522 13
18523 165
18524 75
18525 371
18526 111
18527 111
18528 169
18529 169
18530 12
18531 151
18532 455
18533 114
18534 151
18535 404
18536 404
18537 190
18538 451
18539 90
18540 234
18541 69
18542 100
18543 100
18544 34
18545 93
18546 485
18547 485
18548 485
18549 485
18550 65
18551 99
18552 187
18553 249
18554 56
18555 56
18556 56
18557 236
18558 236
18559 236
18560 167
18561 29
18562 200
18563 221
18564 200
18565 304
18566 304
18567 304
18568 420
18569 175
18570 253
18571 475
18572 475
18573 210
18574 72
18575 294
18576 411
18577 227
18578 234
18579 336
18580 336
18581 336
18582 354
18583 356
18584 356
18585 356
18586 356
18587 200
18588 197
18589 394
18590 445
18591 394
18592 395
18593 394
18594 394
18595 472
18596 498
18597 230
18598 230
18599 230
18600 230
18601 230
18602 405
18603 363
18604 363
18605 363
18606 363
18607 280
18608 91
18609 457
18610 418
18611 457
18612 441
18613 457
18614 495
18615 99
18616 101
18617 101
18618 424
18619 424
18620 121
18621 121
18622 289
18623 48
18624 88
18625 77
18626 88
18627 208
18628 208
18629 37
18630 198
18631 467
18632 415
18633 415
18634 45
18635 202
18636 103
18637 180
18638 395
18639 31
18640 358
18641 459
18642 490
18643 459
18644 31
18645 444
18646 53
18647 494
18648 494
18649 430
18650 430
18651 358
18652 241
18653 7
18654 298
18655 298
18656 298
18657 298
18658 82
18659 82
18660 82
18661 82
18662 285
18663 69
18664 286
18665 94
18666 94
18667 110
18668 110
18669 357
18670 478
18671 345
18672 52
18673 335
18674 335
18675 335
18676 241
18677 241
18678 237
18679 361
18680 382
18681 484
18682 385
18683 409
18684 409
18685 409
18686 281
18687 24
18688 186
18689 128
18690 186
18691 452
18692 477
18693 477
18694 477
18695 212
18696 212
18697 446
18698 445
18699 446
18700 446
18701 446
18702 446
18703 401
18704 401
18705 401
18706 121
18707 200
18708 200
18709 200
18710 400
18711 400
18712 313
18713 313
18714 313
18715 324
18716 479
18717 324
18718 433
18719 479
18720 264
18721 381
18722 232
18723 357
18724 161
18725 161
18726 161
18727 255
18728 255
18729 25
18730 25
18731 11
18732 11
18733 61
18734 61
18735 226
18736 242
18737 242
18738 460
18739 307
18740 307
18741 307
18742 73
18743 73
18744 73
18745 97
18746 59
18747 229
18748 205
18749 229
18750 228
18751 234
18752 228
18753 262
18754 265
18755 262
18756 321
18757 321
18758 321
18759 180
18760 466
18761 466
18762 430
18763 430
18764 269
18765 269
18766 269
18767 403
18768 419
18769 492
18770 88
18771 268
18772 444
18773 367
18774 6
18775 367
18776 79
18777 295
18778 58
18779 367
18780 367
18781 215
18782 58
18783 58
18784 58
18785 281
18786 53
18787 53
18788 307
18789 307
18790 307
18791 414
18792 414
18793 287
18794 184
18795 184
18796 184
18797 133
18798 133
18799 494
18800 494
18801 72
18802 476
18803 176
18804 176
18805 176
18806 155
18807 203
18808 348
18809 255
18810 445
18811 255
18812 301
18813 343
18814 301
18815 301
18816 51
18817 496
18818 496
18819 496
18820 366
18821 366
18822 250
18823 250
18824 250
18825 127
18826 193
18827 127
18828 148
18829 148
18830 85
18831 369
18832 369
18833 369
18834 362
18835 362
18836 362
18837 362
18838 362
18839 66
18840 66
18841 70
18842 66
18843 376
18844 356
18845 376
18846 356
18847 216
18848 216
18849 216
18850 216
18851 216
18852 216
18853 216
18854 208
18855 208
18856 421
18857 471
18858 471
18859 441
18860 436
18861 436
18862 39
18863 35
18864 39
18865 356
18866 356
18867 472
18868 260
18869 369
18870 272
18871 296
18872 363
18873 296
18874 173
18875 338
18876 338
18877 210
18878 263
18879 210
18880 210
18881 380
18882 376
18883 247
18884 247
18885 39
18886 492
18887 492
18888 492
18889 261
18890 485
18891 90
18892 422
18893 427
18894 418
18895 427
18896 429
18897 418
18898 427
18899 99
18900 99
18901 273
18902 100
18903 108
18904 318
18905 318
18906 472
18907 472
18908 472
18909 495
18910 495
18911 495
18912 495
18913 334
18914 334
18915 435
18916 305
18917 114
18918 435
18919 435
18920 435
18921 69
18922 207
18923 441
18924 476
18925 268
18926 268
18927 268
18928 268
18929 268
18930 268
18931 472
18932 472
18933 327
18934 327
18935 216
18936 440
18937 440
18938 211
18939 254
18940 457
18941 457
18942 285
18943 285
18944 459
18945 134
18946 134
18947 134
18948 134
18949 82
18950 82
18951 207
18952 389
18953 389
18954 472
18955 134
18956 134
18957 66
18958 114
18959 28
18960 78
18961 12
18962 78
18963 341
18964 341
18965 341
18966 495
18967 111
18968 111
18969 111
18970 96
18971 96
18972 96
18973 96
18974 96
18975 96
18976 96
18977 180
18978 111
18979 111
18980 347
18981 355
18982 347
18983 47
18984 324
18985 348
18986 348
18987 310
18988 207
18989 207
18990 211
18991 190
18992 190
18993 190
18994 386
18995 286
18996 286
18997 389
18998 172
18999 173
19000 173
19001 171
19002 72
19003 116
19004 116
19005 221
19006 221
19007 45
19008 45
19009 89
19010 54
19011 441
19012 456
19013 380
19014 282
19015 285
19016 282
19017 64
19018 152
19019 297
19020 152
19021 64
19022 64
19023 36
19024 482
19025 246
19026 76
19027 27
19028 27
19029 214
19030 214
19031 91
19032 58
19033 421
19034 142
19035 421
19036 421
19037 165
19038 170
19039 165
19040 165
19041 170
19042 73
19043 449
19044 133
19045 133
19046 133
19047 26
19048 26
19049 327
19050 26
19051 432
19052 158
19053 161
19054 158
19055 158
19056 299
19057 299
19058 299
19059 299
19060 299
19061 299
19062 497
19063 369
19064 369
19065 369
19066 133
19067 133
19068 347
19069 347
19070 240
19071 347
19072 347
19073 347
19074 351
19075 11
19076 11
19077 144
19078 23
19079 23
19080 117
19081 348
19082 296
19083 264
19084 401
19085 401
19086 401
19087 221
19088 221
19089 221
19090 50
19091 52
19092 50
19093 210
19094 55
19095 91
19096 89
19097 94
19098 89
19099 254
19100 110
19101 110
19102 110
19103 110
19104 69
19105 69
19106 68
19107 68
19108 148
19109 309
19110 309
19111 309
19112 309
19113 261
19114 76
19115 35
19116 35
19117 35
19118 35
19119 35
19120 35
19121 195
19122 195
19123 61
19124 219
19125 266
19126 162
19127 23
19128 232
19129 232
19130 232
19131 453
19132 453
19133 453
19134 370
19135 350
19136 422
19137 9
19138 141
19139 296
19140 226
19141 141
19142 141
19143 141
19144 488
19145 488
19146 367
19147 367
19148 375
19149 250
19150 99
19151 99
19152 123
19153 123
19154 391
19155 391
19156 475
19157 391
19158 391
19159 391
19160 250
19161 250
19162 250
19163 250
19164 250
19165 56
19166 59
19167 56
19168 56
19169 290
19170 290
19171 290
19172 215
19173 215
19174 33
19175 33
19176 35
19177 33
19178 243
19179 243
19180 397
19181 397
19182 78
19183 78
19184 338
19185 338
19186 266
19187 266
19188 266
19189 74
19190 70
19191 154
19192 154
19193 154
19194 153
19195 154
19196 411
19197 411
19198 411
19199 329
19200 329
19201 16
19202 211
19203 211
19204 211
19205 290
19206 290
19207 290
19208 293
19209 137
19210 297
19211 137
19212 403
19213 292
19214 46
19215 10
19216 52
19217 52
19218 52
19219 351
19220 22
19221 486
19222 486
19223 351
19224 78
19225 384
19226 384
19227 384
19228 384
19229 248
19230 148
19231 148
19232 148
19233 303
19234 303
19235 414
19236 414
19237 414
19238 200
19239 49
19240 301
19241 208
19242 208
19243 187
19244 277
19245 59
19246 307
19247 457
19248 323
19249 304
19250 126
19251 127
19252 126
19253 126
19254 132
19255 126
19256 188
19257 8
19258 188
19259 378
19260 231
19261 135
19262 135
19263 135
19264 107
19265 411
19266 411
19267 289
19268 442
19269 192
19270 192
19271 207
19272 207
19273 293
19274 264
19275 395
19276 395
19277 398
19278 395
19279 468
19280 395
19281 14
19282 395
19283 395
19284 78
19285 78
19286 78
19287 498
19288 498
19289 498
19290 285
19291 498
19292 498
19293 447
19294 449
19295 447
19296 447
19297 453
19298 447
19299 452
19300 174
19301 174
19302 174
19303 89
19304 89
19305 254
19306 254
19307 254
19308 254
19309 189
19310 201
19311 256
19312 367
19313 446
19314 446
19315 446
19316 12
19317 139
19318 139
19319 88
19320 68
19321 15
19322 317
19323 317
19324 317
19325 227
19326 194
19327 55
19328 249
19329 18
19330 175
19331 175
19332 7
19333 137
19334 137
19335 315
19336 486
19337 486
19338 495
19339 495
19340 434
19341 495
19342 459
19343 280
19344 280
19345 280
19346 167
19347 453
19348 453
19349 466
19350 435
19351 23
19352 435
19353 281
19354 355
19355 355
19356 429
19357 292
19358 272
19359 388
19360 389
19361 388
19362 385
19363 323
19364 399
19365 386
19366 264
19367 465
19368 307
19369 399
19370 386
19371 272
19372 307
19373 263
19374 399
19375 401
19376 381
19377 413
19378 493
19379 493
19380 22
19381 325
19382 325
19383 68
19384 207
19385 324
19386 324
19387 34
19388 34
19389 34
19390 69
19391 128
19392 128
19393 496
19394 59
19395 59
19396 260
19397 475
19398 292
19399 292
19400 131
19401 259
19402 259
19403 259
19404 89
19405 89
19406 89
19407 171
19408 6
19409 89
19410 89
19411 93
19412 186
19413 87
19414 280
19415 161
19416 161
19417 161
19418 483
19419 483
19420 458
19421 458
19422 48
19423 483
19424 349
19425 349
19426 251
19427 242
19428 373
19429 104
19430 483
19431 483
19432 483
19433 483
19434 212
19435 231
19436 212
19437 212
19438 212
19439 428
19440 180
19441 154
19442 152
19443 154
19444 483
19445 298
19446 154
19447 231
19448 199
19449 191
19450 199
19451 302
19452 302
19453 234
19454 459
19455 234
19456 234
19457 443
19458 443
19459 443
19460 443
19461 428
19462 265
19463 265
19464 448
19465 390
19466 448
19467 65
19468 477
19469 303
19470 65
19471 279
19472 185
19473 115
19474 282
19475 272
19476 282
19477 446
19478 446
19479 348
19480 36
19481 36
19482 157
19483 157
19484 157
19485 167
19486 33
19487 33
19488 463
19489 463
19490 284
19491 475
19492 455
19493 461
19494 455
19495 455
19496 421
19497 455
19498 455
19499 351
19500 82
19501 82
19502 215
19503 82
19504 82
19505 82
19506 49
19507 197
19508 197
19509 197
19510 197
19511 83
19512 83
19513 222
19514 382
19515 382
19516 272
19517 44
19518 10
19519 315
19520 315
19521 315
19522 315
19523 315
19524 238
19525 10
19526 54
19527 490
19528 490
19529 490
19530 316
19531 315
19532 316
19533 316
19534 487
19535 59
19536 59
19537 23
19538 31
19539 31
19540 479
19541 363
19542 363
19543 390
19544 167
19545 172
19546 167
19547 231
19548 59
19549 59
19550 59
19551 32
19552 32
19553 32
19554 73
19555 233
19556 305
19557 314
19558 314
19559 314
19560 314
19561 321
19562 321
19563 321
19564 401
19565 171
19566 401
19567 401
19568 88
19569 336
19570 88
19571 88
19572 42
19573 88
19574 165
19575 165
19576 476
19577 476
19578 466
19579 466
19580 120
19581 120
19582 120
19583 151
19584 385
19585 41
19586 412
19587 385
19588 327
19589 385
19590 385
19591 299
19592 299
19593 246
19594 47
19595 344
19596 344
19597 363
19598 344
19599 344
19600 347
19601 104
19602 463
19603 332
19604 463
19605 468
19606 468
19607 162
19608 162
19609 353
19610 427
19611 427
19612 165
19613 165
19614 440
19615 445
19616 440
19617 261
19618 444
19619 225
19620 221
19621 39
19622 449
19623 449
19624 449
19625 453
19626 460
19627 439
19628 439
19629 466
19630 462
19631 462
19632 35
19633 35
19634 35
19635 111
19636 111
19637 384
19638 111
19639 435
19640 435
19641 399
19642 381
19643 406
19644 192
19645 192
19646 305
19647 487
19648 412
19649 87
19650 44
19651 87
19652 173
19653 333
19654 237
19655 237
19656 93
19657 237
19658 237
19659 375
19660 300
19661 375
19662 424
19663 424
19664 376
19665 98
19666 100
19667 98
19668 281
19669 265
19670 269
19671 246
19672 246
19673 350
19674 350
19675 200
19676 350
19677 350
19678 24
19679 83
19680 83
19681 280
19682 280
19683 480
19684 264
19685 410
19686 480
19687 480
19688 399
19689 347
19690 81
19691 80
19692 80
19693 80
19694 292
19695 292
19696 355
19697 455
19698 292
19699 90
19700 90
19701 363
19702 167
19703 168
19704 321
19705 321
19706 358
19707 321
19708 477
19709 207
19710 54
19711 100
19712 461
19713 350
19714 166
19715 255
19716 166
19717 166
19718 193
19719 206
19720 206
19721 408
19722 45
19723 206
19724 206
19725 445
19726 459
19727 459
19728 459
19729 169
19730 378
19731 169
19732 354
19733 354
19734 70
19735 78
19736 91
19737 91
19738 91
19739 91
19740 335
19741 92
19742 92
19743 85
19744 388
19745 403
19746 259
19747 259
19748 33
19749 407
19750 211
19751 51
19752 51
19753 51
19754 257
19755 203
19756 214
19757 348
19758 241
19759 22
19760 318
19761 241
19762 197
19763 197
19764 38
19765 38
19766 52
19767 52
19768 52
19769 52
19770 159
19771 159
19772 159
19773 159
19774 159
19775 334
19776 334
19777 334
19778 176
19779 176
19780 176
19781 42
19782 252
19783 257
19784 252
19785 482
19786 482
19787 376
19788 376
19789 410
19790 287
19791 76
19792 76
19793 113
19794 113
19795 113
19796 256
19797 82
19798 82
19799 82
19800 175
19801 250
19802 175
19803 349
19804 349
19805 48
19806 48
19807 48
19808 75
19809 332
19810 361
19811 332
19812 444
19813 444
19814 444
19815 314
19816 314
19817 334
19818 434
19819 451
19820 434
19821 288
19822 325
19823 325
19824 208
19825 437
19826 437
19827 72
19828 72
19829 72
19830 72
19831 368
19832 368
19833 368
19834 103
19835 341
19836 375
19837 8
19838 375
19839 222
19840 225
19841 222
19842 222
19843 222
19844 444
19845 55
19846 191
19847 191
19848 191
19849 129
19850 404
19851 433
19852 404
19853 88
19854 491
19855 88
19856 147
19857 147
19858 147
19859 290
19860 290
19861 290
19862 443
19863 443
19864 258
19865 258
19866 258
19867 258
19868 201
19869 214
19870 201
19871 201
19872 201
19873 201
19874 214
19875 432
19876 432
19877 193
19878 163
19879 77
19880 454
19881 456
19882 454
19883 454
19884 461
19885 69
19886 41
19887 420
19888 460
19889 118
19890 118
19891 41
19892 51
19893 425
19894 41
19895 51
19896 101
19897 329
19898 329
19899 329
19900 329
19901 429
19902 429
19903 118
19904 118
19905 171
19906 245
19907 245
19908 247
19909 354
19910 354
19911 354
19912 349
19913 370
19914 109
19915 306
19916 306
19917 37
19918 37
19919 37
19920 37
19921 88
19922 88
19923 195
19924 212
19925 212
19926 405
19927 286
19928 286
19929 103
19930 58
19931 243
19932 197
19933 240
19934 240
19935 240
19936 100
19937 161
19938 260
19939 190
19940 190
19941 190
19942 373
19943 413
19944 293
19945 293
19946 351
19947 397
19948 397
19949 397
19950 63
19951 63
19952 339
19953 339
19954 339
19955 87
19956 87
19957 256
19958 51
19959 51
19960 51
19961 51
19962 333
19963 340
19964 321
19965 179
19966 280
19967 280
19968 432
19969 432
19970 432
19971 459
19972 134
19973 134
19974 134
19975 325
19976 325
19977 325
19978 325
19979 144
19980 21
19981 144
19982 144
19983 144
19984 266
19985 294
19986 305
19987 266
19988 266
19989 268
19990 288
19991 309
19992 373
19993 282
19994 88
19995 88
19996 242
19997 242
19998 197
19999 197
