0 187
1 10
2 187
3 24
4 348
5 10
6 17
7 1
8 0
9 0
10 136
11 1
12 53
13 136
14 136
15 0
16 0
17 1
18 1
19 0
20 0
21 1
22 53
23 136
24 136
25 164
26 4
27 31
28 218
29 164
30 62
31 0
32 0
33 65
34 25
35 4
36 223
37 129
38 275
39 29
40 276
41 22
42 487
43 275
44 275
45 0
46 0
47 346
48 305
49 469
50 6
51 1
52 0
53 305
54 322
55 328
56 114
57 10
58 5
59 18
60 0
61 0
62 0
63 1
64 10
65 117
66 494
67 484
68 11
69 498
70 494
71 6
72 0
73 238
74 491
75 238
76 113
77 238
78 0
79 161
80 140
81 135
82 140
83 0
84 0
85 0
86 1
87 3
88 304
89 46
90 17
91 304
92 328
93 370
94 9
95 328
96 328
97 0
98 1
99 3
100 9
101 370
102 36
103 36
104 36
105 36
106 0
107 455
108 420
109 455
110 14
111 420
112 126
113 408
114 27
115 468
116 61
117 126
118 0
119 0
120 247
121 133
122 1
123 133
124 135
125 133
126 231
127 321
128 10
129 264
130 351
131 321
132 321
133 388
134 390
135 328
136 1
137 10
138 378
139 105
140 378
141 390
142 378
143 10
144 31
145 105
146 355
147 355
148 10
149 10
150 370
151 1
152 98
153 184
154 184
155 0
156 1
157 0
158 3
159 47
160 47
161 446
162 436
163 0
164 15
165 259
166 332
167 259
168 259
169 468
170 23
171 255
172 262
173 145
174 231
175 145
176 198
177 145
178 0
179 162
180 285
181 483
182 28
183 301
184 301
185 6
186 288
187 427
188 285
189 28
190 339
191 248
192 11
193 289
194 11
195 11
196 1
197 109
198 20
199 21
200 13
201 13
202 97
203 0
204 247
205 7
206 69
207 481
208 0
209 409
210 409
211 63
212 194
213 215
214 63
215 100
216 0
217 269
218 269
219 269
220 0
221 61
222 9
223 355
224 6
225 16
226 6
227 0
228 6
229 1
230 0
231 17
232 18
233 19
234 61
235 17
236 22
237 446
238 9
239 13
240 227
241 0
242 102
243 6
244 102
245 436
246 451
247 272
248 102
249 1
250 0
251 36
252 36
253 36
254 36
255 36
256 36
257 36
258 416
259 416
260 416
261 416
262 0
263 433
264 358
265 16
266 0
267 3
268 16
269 358
270 220
271 226
272 220
273 0
274 0
275 1
276 84
277 91
278 0
279 0
280 84
281 394
282 335
283 394
284 393
285 18
286 17
287 0
288 0
289 18
290 17
291 335
292 390
293 5
294 390
295 10
296 436
297 169
298 301
299 1
300 1
301 65
302 65
303 65
304 65
305 65
306 0
307 11
308 0
309 1
310 11
311 65
312 65
313 410
314 410
315 430
316 23
317 430
318 5
319 0
320 19
321 15
322 67
323 293
324 426
325 426
326 426
327 426
328 426
329 371
330 429
331 115
332 117
333 16
334 467
335 5
336 16
337 368
338 223
339 117
340 53
341 33
342 38
343 35
344 39
345 35
346 33
347 39
348 210
349 2
350 347
351 489
352 8
353 19
354 0
355 3
356 24
357 8
358 24
359 13
360 372
361 19
362 239
363 207
364 226
365 415
366 315
367 396
368 410
369 30
370 0
371 0
372 1
373 7
374 396
375 1
376 7
377 3
378 236
379 108
380 396
381 30
382 396
383 315
384 109
385 10
386 351
387 487
388 403
389 166
390 109
391 10
392 162
393 193
394 7
395 162
396 0
397 193
398 390
399 10
400 390
401 2
402 10
403 0
404 14
405 10
406 10
407 181
408 7
409 294
410 78
411 181
412 370
413 11
414 30
415 24
416 0
417 97
418 334
419 268
420 444
421 97
422 196
423 74
424 196
425 196
426 1
427 5
428 438
429 105
430 187
431 252
432 226
433 110
434 3
435 268
436 176
437 97
438 3
439 110
440 497
441 13
442 422
443 497
444 13
445 447
446 447
447 328
448 449
449 447
450 468
451 468
452 18
453 262
454 0
455 262
456 425
457 24
458 426
459 28
460 386
461 8
462 484
463 114
464 8
465 139
466 484
467 24
468 192
469 7
470 192
471 192
472 1
473 202
474 325
475 13
476 82
477 325
478 1
479 387
480 290
481 290
482 23
483 290
484 290
485 282
486 282
487 282
488 0
489 263
490 0
491 229
492 3
493 280
494 282
495 133
496 133
497 190
498 190
499 190
500 164
501 190
502 320
503 286
504 2
505 1
506 133
507 486
508 30
509 133
510 464
511 11
512 12
513 133
514 133
515 363
516 363
517 445
518 363
519 363
520 351
521 0
522 108
523 1
524 108
525 1
526 422
527 3
528 336
529 16
530 16
531 422
532 16
533 16
534 422
535 311
536 311
537 213
538 311
539 311
540 0
541 213
542 129
543 129
544 2
545 366
546 92
547 129
548 434
549 161
550 143
551 161
552 428
553 435
554 428
555 1
556 2
557 428
558 429
559 0
560 81
561 78
562 454
563 17
564 7
565 17
566 454
567 78
568 105
569 105
570 320
571 481
572 20
573 481
574 243
575 243
576 243
577 18
578 20
579 3
580 21
581 21
582 18
583 20
584 243
585 229
586 135
587 191
588 19
589 0
590 427
591 8
592 427
593 273
594 270
595 215
596 17
597 289
598 0
599 17
600 289
601 271
602 271
603 271
604 270
605 271
606 271
607 70
608 31
609 7
610 443
611 417
612 376
613 497
614 497
615 2
616 378
617 0
618 1
619 422
620 22
621 25
622 274
623 20
624 274
625 277
626 25
627 70
628 115
629 20
630 422
631 22
632 121
633 489
634 489
635 328
636 489
637 475
638 489
639 1
640 489
641 304
642 97
643 210
644 90
645 304
646 304
647 344
648 320
649 304
650 14
651 1
652 388
653 397
654 381
655 371
656 285
657 53
658 381
659 241
660 29
661 4
662 29
663 174
664 174
665 174
666 357
667 24
668 0
669 246
670 27
671 14
672 2
673 10
674 10
675 1
676 235
677 172
678 188
679 8
680 8
681 188
682 172
683 470
684 303
685 470
686 297
687 1
688 278
689 4
690 252
691 278
692 3
693 4
694 278
695 452
696 100
697 2
698 449
699 1
700 349
701 349
702 349
703 0
704 449
705 2
706 449
707 290
708 489
709 449
710 0
711 13
712 429
713 429
714 429
715 429
716 6
717 348
718 348
719 294
720 59
721 364
722 22
723 22
724 22
725 241
726 241
727 4
728 7
729 34
730 33
731 34
732 34
733 42
734 42
735 371
736 42
737 42
738 42
739 342
740 342
741 326
742 342
743 326
744 430
745 482
746 481
747 291
748 420
749 456
750 481
751 420
752 291
753 406
754 219
755 200
756 319
757 219
758 0
759 219
760 138
761 138
762 105
763 175
764 1
765 469
766 348
767 469
768 77
769 469
770 250
771 144
772 147
773 419
774 250
775 254
776 245
777 144
778 469
779 396
780 335
781 226
782 477
783 469
784 469
785 487
786 0
787 1
788 7
789 1
790 396
791 469
792 496
793 335
794 332
795 26
796 26
797 26
798 26
799 86
800 336
801 329
802 22
803 17
804 329
805 43
806 336
807 103
808 22
809 109
810 367
811 57
812 0
813 8
814 294
815 109
816 228
817 170
818 228
819 172
820 0
821 112
822 27
823 121
824 6
825 121
826 376
827 7
828 491
829 121
830 0
831 9
832 206
833 206
834 2
835 349
836 4
837 349
838 0
839 422
840 8
841 489
842 8
843 6
844 3
845 473
846 8
847 4
848 8
849 23
850 473
851 489
852 269
853 255
854 151
855 421
856 60
857 60
858 473
859 278
860 60
861 140
862 140
863 0
864 130
865 140
866 211
867 432
868 17
869 113
870 9
871 17
872 3
873 113
874 6
875 432
876 9
877 222
878 109
879 9
880 21
881 397
882 422
883 30
884 1
885 259
886 184
887 49
888 259
889 21
890 48
891 447
892 48
893 5
894 387
895 333
896 475
897 0
898 447
899 333
900 154
901 8
902 4
903 154
904 0
905 124
906 388
907 27
908 382
909 19
910 19
911 19
912 19
913 346
914 11
915 346
916 0
917 398
918 171
919 17
920 292
921 171
922 171
923 171
924 171
925 0
926 439
927 370
928 2
929 456
930 439
931 2
932 410
933 47
934 381
935 1
936 340
937 488
938 30
939 340
940 340
941 488
942 49
943 2
944 50
945 49
946 375
947 375
948 88
949 9
950 88
951 4
952 42
953 149
954 172
955 172
956 92
957 59
958 380
959 7
960 28
961 72
962 72
963 402
964 446
965 77
966 243
967 18
968 243
969 397
970 64
971 476
972 5
973 484
974 20
975 74
976 45
977 74
978 74
979 246
980 239
981 180
982 165
983 165
984 16
985 497
986 494
987 28
988 17
989 432
990 461
991 2
992 1
993 259
994 327
995 259
996 301
997 301
998 301
999 305
1000 48
1001 48
1002 48
1003 48
1004 48
1005 0
1006 1
1007 1
1008 3
1009 48
1010 225
1011 254
1012 225
1013 4
1014 468
1015 21
1016 4
1017 254
1018 104
1019 288
1020 11
1021 31
1022 11
1023 24
1024 104
1025 30
1026 1
1027 107
1028 124
1029 194
1030 194
1031 194
1032 194
1033 194
1034 202
1035 148
1036 4
1037 24
1038 5
1039 24
1040 476
1041 322
1042 322
1043 322
1044 322
1045 322
1046 322
1047 0
1048 46
1049 11
1050 7
1051 0
1052 3
1053 4
1054 15
1055 12
1056 22
1057 12
1058 413
1059 12
1060 95
1061 16
1062 6
1063 365
1064 16
1065 429
1066 245
1067 224
1068 224
1069 224
1070 0
1071 224
1072 487
1073 20
1074 487
1075 477
1076 268
1077 20
1078 464
1079 464
1080 14
1081 29
1082 464
1083 14
1084 72
1085 56
1086 16
1087 10
1088 16
1089 56
1090 14
1091 72
1092 178
1093 18
1094 52
1095 244
1096 178
1097 18
1098 428
1099 6
1100 428
1101 1
1102 428
1103 490
1104 490
1105 8
1106 27
1107 492
1108 38
1109 0
1110 8
1111 12
1112 8
1113 412
1114 147
1115 147
1116 147
1117 0
1118 396
1119 431
1120 396
1121 396
1122 396
1123 1
1124 3
1125 431
1126 26
1127 373
1128 373
1129 373
1130 391
1131 373
1132 324
1133 87
1134 87
1135 87
1136 458
1137 24
1138 10
1139 24
1140 34
1141 275
1142 35
1143 34
1144 34
1145 34
1146 39
1147 379
1148 479
1149 8
1150 381
1151 331
1152 0
1153 237
1154 147
1155 147
1156 61
1157 30
1158 485
1159 372
1160 261
1161 8
1162 485
1163 30
1164 8
1165 262
1166 359
1167 3
1168 358
1169 481
1170 8
1171 208
1172 3
1173 3
1174 3
1175 8
1176 18
1177 473
1178 31
1179 430
1180 5
1181 430
1182 442
1183 442
1184 465
1185 442
1186 458
1187 319
1188 1
1189 340
1190 14
1191 12
1192 490
1193 202
1194 4
1195 202
1196 393
1197 393
1198 393
1199 393
1200 393
1201 1
1202 402
1203 27
1204 2
1205 433
1206 198
1207 27
1208 433
1209 324
1210 426
1211 10
1212 10
1213 292
1214 415
1215 453
1216 459
1217 278
1218 77
1219 415
1220 278
1221 5
1222 350
1223 459
1224 182
1225 280
1226 16
1227 305
1228 280
1229 16
1230 372
1231 372
1232 223
1233 372
1234 247
1235 247
1236 40
1237 120
1238 40
1239 40
1240 90
1241 240
1242 151
1243 288
1244 476
1245 20
1246 231
1247 231
1248 1
1249 497
1250 420
1251 19
1252 4
1253 294
1254 114
1255 4
1256 294
1257 18
1258 16
1259 30
1260 472
1261 422
1262 119
1263 443
1264 472
1265 66
1266 8
1267 119
1268 472
1269 177
1270 470
1271 341
1272 351
1273 317
1274 470
1275 172
1276 5
1277 18
1278 23
1279 5
1280 210
1281 210
1282 15
1283 88
1284 272
1285 477
1286 84
1287 241
1288 2
1289 2
1290 2
1291 236
1292 2
1293 25
1294 6
1295 1
1296 2
1297 25
1298 369
1299 1
1300 369
1301 97
1302 97
1303 97
1304 454
1305 454
1306 454
1307 454
1308 492
1309 145
1310 454
1311 454
1312 369
1313 261
1314 4
1315 6
1316 369
1317 9
1318 9
1319 104
1320 104
1321 2
1322 2
1323 97
1324 9
1325 2
1326 409
1327 435
1328 411
1329 177
1330 93
1331 85
1332 22
1333 4
1334 261
1335 480
1336 480
1337 247
1338 10
1339 476
1340 249
1341 10
1342 10
1343 387
1344 10
1345 469
1346 10
1347 174
1348 164
1349 174
1350 1
1351 282
1352 282
1353 282
1354 248
1355 1
1356 1
1357 304
1358 304
1359 16
1360 145
1361 466
1362 410
1363 155
1364 410
1365 410
1366 386
1367 386
1368 386
1369 213
1370 325
1371 47
1372 4
1373 399
1374 289
1375 399
1376 399
1377 402
1378 402
1379 403
1380 297
1381 302
1382 3
1383 23
1384 222
1385 302
1386 302
1387 3
1388 186
1389 16
1390 185
1391 7
1392 1
1393 57
1394 16
1395 186
1396 496
1397 496
1398 496
1399 4
1400 146
1401 146
1402 146
1403 146
1404 146
1405 117
1406 373
1407 360
1408 26
1409 99
1410 93
1411 9
1412 46
1413 93
1414 16
1415 93
1416 93
1417 16
1418 31
1419 9
1420 382
1421 84
1422 29
1423 80
1424 80
1425 80
1426 478
1427 28
1428 478
1429 1
1430 341
1431 207
1432 205
1433 205
1434 169
1435 18
1436 169
1437 498
1438 199
1439 498
1440 483
1441 483
1442 483
1443 268
1444 268
1445 268
1446 413
1447 6
1448 5
1449 468
1450 333
1451 462
1452 273
1453 462
1454 466
1455 2
1456 52
1457 52
1458 3
1459 129
1460 129
1461 239
1462 98
1463 61
1464 445
1465 13
1466 104
1467 8
1468 8
1469 1
1470 470
1471 470
1472 491
1473 470
1474 470
1475 470
1476 337
1477 28
1478 25
1479 16
1480 20
1481 16
1482 337
1483 18
1484 28
1485 20
1486 25
1487 428
1488 337
1489 337
1490 161
1491 161
1492 161
1493 242
1494 161
1495 161
1496 2
1497 2
1498 162
1499 41
1500 497
1501 41
1502 378
1503 74
1504 378
1505 80
1506 430
1507 44
1508 378
1509 422
1510 14
1511 46
1512 351
1513 21
1514 2
1515 403
1516 178
1517 74
1518 3
1519 74
1520 26
1521 148
1522 81
1523 8
1524 162
1525 8
1526 232
1527 232
1528 174
1529 278
1530 475
1531 5
1532 232
1533 232
1534 340
1535 340
1536 340
1537 285
1538 340
1539 170
1540 10
1541 379
1542 277
1543 10
1544 48
1545 229
1546 0
1547 176
1548 14
1549 8
1550 8
1551 3
1552 59
1553 338
1554 434
1555 388
1556 431
1557 2
1558 10
1559 338
1560 3
1561 3
1562 431
1563 23
1564 23
1565 10
1566 434
1567 470
1568 183
1569 470
1570 473
1571 0
1572 7
1573 294
1574 294
1575 23
1576 432
1577 264
1578 208
1579 9
1580 66
1581 208
1582 308
1583 9
1584 208
1585 339
1586 208
1587 243
1588 243
1589 475
1590 247
1591 243
1592 247
1593 31
1594 47
1595 233
1596 1
1597 31
1598 352
1599 352
1600 352
1601 370
1602 352
1603 293
1604 126
1605 301
1606 126
1607 120
1608 120
1609 414
1610 8
1611 10
1612 323
1613 323
1614 5
1615 5
1616 20
1617 241
1618 357
1619 22
1620 162
1621 70
1622 429
1623 10
1624 1
1625 305
1626 10
1627 76
1628 14
1629 65
1630 2
1631 2
1632 233
1633 0
1634 21
1635 31
1636 370
1637 9
1638 0
1639 326
1640 9
1641 218
1642 330
1643 485
1644 330
1645 29
1646 273
1647 299
1648 299
1649 299
1650 467
1651 9
1652 7
1653 10
1654 404
1655 9
1656 203
1657 183
1658 203
1659 2
1660 183
1661 176
1662 176
1663 356
1664 176
1665 176
1666 154
1667 8
1668 133
1669 2
1670 11
1671 181
1672 181
1673 31
1674 181
1675 181
1676 181
1677 181
1678 482
1679 482
1680 457
1681 482
1682 298
1683 312
1684 298
1685 301
1686 12
1687 265
1688 443
1689 1
1690 248
1691 45
1692 396
1693 21
1694 388
1695 396
1696 298
1697 312
1698 265
1699 94
1700 5
1701 94
1702 94
1703 94
1704 5
1705 209
1706 159
1707 338
1708 310
1709 159
1710 166
1711 11
1712 11
1713 310
1714 159
1715 252
1716 442
1717 252
1718 469
1719 498
1720 252
1721 3
1722 469
1723 465
1724 277
1725 16
1726 268
1727 465
1728 270
1729 16
1730 110
1731 110
1732 1
1733 110
1734 301
1735 4
1736 490
1737 362
1738 449
1739 6
1740 7
1741 317
1742 47
1743 302
1744 303
1745 333
1746 302
1747 302
1748 57
1749 333
1750 302
1751 302
1752 62
1753 60
1754 6
1755 16
1756 27
1757 60
1758 65
1759 9
1760 75
1761 65
1762 30
1763 452
1764 319
1765 9
1766 192
1767 123
1768 192
1769 488
1770 379
1771 488
1772 62
1773 192
1774 405
1775 297
1776 22
1777 91
1778 4
1779 475
1780 405
1781 0
1782 395
1783 279
1784 395
1785 395
1786 390
1787 15
1788 397
1789 395
1790 279
1791 197
1792 3
1793 197
1794 3
1795 344
1796 344
1797 344
1798 6
1799 278
1800 57
1801 278
1802 278
1803 1
1804 7
1805 314
1806 314
1807 382
1808 5
1809 433
1810 85
1811 74
1812 451
1813 74
1814 250
1815 303
1816 250
1817 268
1818 18
1819 19
1820 77
1821 445
1822 77
1823 50
1824 9
1825 8
1826 188
1827 335
1828 188
1829 7
1830 4
1831 205
1832 211
1833 205
1834 205
1835 205
1836 7
1837 18
1838 205
1839 209
1840 70
1841 211
1842 205
1843 209
1844 211
1845 80
1846 3
1847 80
1848 147
1849 147
1850 4
1851 147
1852 147
1853 27
1854 13
1855 13
1856 432
1857 12
1858 12
1859 246
1860 12
1861 13
1862 246
1863 168
1864 12
1865 261
1866 327
1867 327
1868 328
1869 432
1870 43
1871 327
1872 134
1873 134
1874 134
1875 133
1876 228
1877 462
1878 133
1879 462
1880 207
1881 10
1882 28
1883 207
1884 10
1885 207
1886 245
1887 218
1888 10
1889 207
1890 106
1891 106
1892 106
1893 259
1894 231
1895 231
1896 231
1897 213
1898 199
1899 401
1900 405
1901 11
1902 28
1903 11
1904 242
1905 4
1906 385
1907 388
1908 336
1909 342
1910 5
1911 8
1912 261
1913 8
1914 185
1915 492
1916 444
1917 403
1918 403
1919 492
1920 412
1921 13
1922 13
1923 412
1924 273
1925 312
1926 412
1927 412
1928 224
1929 234
1930 224
1931 224
1932 224
1933 1
1934 234
1935 233
1936 4
1937 145
1938 219
1939 219
1940 147
1941 82
1942 81
1943 82
1944 176
1945 366
1946 176
1947 360
1948 342
1949 360
1950 442
1951 9
1952 2
1953 100
1954 27
1955 309
1956 22
1957 24
1958 289
1959 20
1960 309
1961 24
1962 289
1963 493
1964 278
1965 14
1966 210
1967 15
1968 493
1969 417
1970 4
1971 2
1972 26
1973 193
1974 39
1975 4
1976 410
1977 400
1978 400
1979 460
1980 30
1981 489
1982 497
1983 489
1984 14
1985 1
1986 6
1987 3
1988 336
1989 5
1990 14
1991 51
1992 51
1993 415
1994 280
1995 415
1996 415
1997 280
1998 355
1999 419
2000 13
2001 15
2002 31
2003 397
2004 13
2005 54
2006 487
2007 487
2008 131
2009 92
2010 51
2011 393
2012 402
2013 393
2014 221
2015 495
2016 463
2017 388
2018 31
2019 62
2020 495
2021 5
2022 463
2023 74
2024 413
2025 412
2026 218
2027 211
2028 3
2029 15
2030 110
2031 258
2032 110
2033 110
2034 288
2035 258
2036 435
2037 294
2038 305
2039 258
2040 435
2041 260
2042 5
2043 108
2044 120
2045 233
2046 0
2047 233
2048 33
2049 33
2050 33
2051 37
2052 33
2053 162
2054 162
2055 224
2056 224
2057 300
2058 294
2059 300
2060 469
2061 23
2062 296
2063 469
2064 23
2065 443
2066 440
2067 336
2068 3
2069 338
2070 338
2071 217
2072 54
2073 29
2074 80
2075 54
2076 4
2077 3
2078 20
2079 2
2080 234
2081 105
2082 245
2083 245
2084 245
2085 245
2086 95
2087 95
2088 286
2089 10
2090 50
2091 30
2092 15
2093 286
2094 287
2095 181
2096 181
2097 2
2098 428
2099 428
2100 234
2101 231
2102 373
2103 234
2104 234
2105 432
2106 269
2107 234
2108 117
2109 184
2110 369
2111 369
2112 369
2113 369
2114 312
2115 312
2116 11
2117 3
2118 312
2119 402
2120 238
2121 402
2122 456
2123 27
2124 1
2125 8
2126 238
2127 231
2128 29
2129 46
2130 3
2131 477
2132 3
2133 191
2134 202
2135 191
2136 217
2137 191
2138 212
2139 191
2140 202
2141 191
2142 398
2143 398
2144 5
2145 398
2146 288
2147 12
2148 443
2149 288
2150 231
2151 231
2152 23
2153 231
2154 231
2155 251
2156 10
2157 381
2158 239
2159 251
2160 10
2161 31
2162 16
2163 333
2164 30
2165 38
2166 99
2167 15
2168 99
2169 179
2170 179
2171 17
2172 68
2173 5
2174 68
2175 17
2176 27
2177 40
2178 30
2179 2
2180 40
2181 9
2182 186
2183 181
2184 181
2185 130
2186 129
2187 1
2188 282
2189 129
2190 234
2191 294
2192 295
2193 294
2194 108
2195 99
2196 160
2197 172
2198 160
2199 160
2200 107
2201 164
2202 85
2203 346
2204 367
2205 85
2206 15
2207 194
2208 2
2209 348
2210 5
2211 276
2212 284
2213 18
2214 284
2215 276
2216 349
2217 353
2218 349
2219 349
2220 266
2221 76
2222 234
2223 103
2224 67
2225 244
2226 234
2227 372
2228 29
2229 29
2230 372
2231 1
2232 31
2233 13
2234 2
2235 2
2236 31
2237 31
2238 310
2239 273
2240 7
2241 310
2242 304
2243 189
2244 189
2245 446
2246 450
2247 446
2248 446
2249 352
2250 18
2251 446
2252 450
2253 158
2254 158
2255 158
2256 158
2257 271
2258 271
2259 110
2260 110
2261 110
2262 390
2263 390
2264 57
2265 16
2266 261
2267 183
2268 131
2269 1
2270 131
2271 131
2272 1
2273 131
2274 435
2275 183
2276 183
2277 117
2278 390
2279 466
2280 397
2281 10
2282 162
2283 172
2284 171
2285 33
2286 33
2287 33
2288 424
2289 424
2290 2
2291 104
2292 65
2293 41
2294 104
2295 7
2296 65
2297 466
2298 466
2299 106
2300 2
2301 106
2302 426
2303 211
2304 234
2305 106
2306 100
2307 276
2308 260
2309 6
2310 398
2311 260
2312 260
2313 366
2314 371
2315 1
2316 53
2317 53
2318 53
2319 53
2320 53
2321 53
2322 173
2323 23
2324 173
2325 89
2326 89
2327 72
2328 19
2329 311
2330 307
2331 19
2332 6
2333 311
2334 5
2335 19
2336 252
2337 10
2338 401
2339 287
2340 338
2341 429
2342 401
2343 10
2344 359
2345 213
2346 28
2347 4
2348 231
2349 28
2350 50
2351 213
2352 383
2353 337
2354 446
2355 16
2356 21
2357 337
2358 16
2359 446
2360 446
2361 480
2362 269
2363 31
2364 344
2365 5
2366 344
2367 5
2368 464
2369 344
2370 344
2371 310
2372 174
2373 366
2374 8
2375 75
2376 8
2377 288
2378 344
2379 288
2380 20
2381 6
2382 288
2383 189
2384 99
2385 20
2386 344
2387 276
2388 100
2389 31
2390 257
2391 276
2392 276
2393 459
2394 335
2395 8
2396 77
2397 3
2398 15
2399 436
2400 100
2401 185
2402 185
2403 436
2404 38
2405 33
2406 418
2407 106
2408 183
2409 483
2410 310
2411 474
2412 31
2413 31
2414 9
2415 29
2416 10
2417 10
2418 29
2419 395
2420 45
2421 30
2422 53
2423 53
2424 53
2425 53
2426 480
2427 484
2428 342
2429 456
2430 495
2431 1
2432 198
2433 2
2434 367
2435 11
2436 14
2437 491
2438 1
2439 11
2440 26
2441 198
2442 180
2443 169
2444 146
2445 146
2446 146
2447 146
2448 290
2449 375
2450 293
2451 290
2452 27
2453 310
2454 293
2455 290
2456 375
2457 478
2458 176
2459 478
2460 176
2461 341
2462 478
2463 363
2464 265
2465 313
2466 313
2467 265
2468 148
2469 472
2470 256
2471 441
2472 287
2473 2
2474 305
2475 305
2476 125
2477 125
2478 125
2479 9
2480 208
2481 339
2482 208
2483 175
2484 175
2485 412
2486 175
2487 377
2488 288
2489 288
2490 288
2491 51
2492 15
2493 484
2494 280
2495 385
2496 23
2497 186
2498 385
2499 20
2500 5
2501 291
2502 291
2503 6
2504 265
2505 254
2506 254
2507 342
2508 342
2509 342
2510 342
2511 342
2512 342
2513 199
2514 156
2515 129
2516 199
2517 318
2518 28
2519 318
2520 207
2521 207
2522 85
2523 239
2524 207
2525 207
2526 44
2527 44
2528 5
2529 5
2530 44
2531 92
2532 92
2533 141
2534 148
2535 92
2536 57
2537 57
2538 387
2539 379
2540 387
2541 11
2542 489
2543 469
2544 1
2545 282
2546 379
2547 169
2548 169
2549 169
2550 194
2551 136
2552 69
2553 69
2554 198
2555 198
2556 198
2557 452
2558 282
2559 29
2560 381
2561 452
2562 381
2563 8
2564 308
2565 308
2566 296
2567 318
2568 486
2569 489
2570 486
2571 421
2572 19
2573 486
2574 421
2575 427
2576 452
2577 489
2578 169
2579 169
2580 169
2581 395
2582 117
2583 395
2584 215
2585 215
2586 11
2587 36
2588 4
2589 8
2590 451
2591 7
2592 36
2593 450
2594 19
2595 451
2596 476
2597 241
2598 241
2599 241
2600 241
2601 241
2602 241
2603 205
2604 437
2605 117
2606 18
2607 113
2608 6
2609 7
2610 113
2611 7
2612 4
2613 295
2614 117
2615 113
2616 397
2617 491
2618 455
2619 20
2620 455
2621 15
2622 74
2623 3
2624 4
2625 26
2626 25
2627 208
2628 4
2629 26
2630 46
2631 58
2632 3
2633 488
2634 10
2635 14
2636 350
2637 14
2638 386
2639 350
2640 69
2641 69
2642 242
2643 69
2644 5
2645 344
2646 344
2647 355
2648 344
2649 355
2650 417
2651 344
2652 344
2653 444
2654 444
2655 444
2656 303
2657 444
2658 444
2659 444
2660 285
2661 285
2662 446
2663 16
2664 446
2665 17
2666 446
2667 17
2668 469
2669 320
2670 31
2671 469
2672 380
2673 44
2674 320
2675 464
2676 3
2677 464
2678 163
2679 24
2680 232
2681 219
2682 17
2683 22
2684 17
2685 24
2686 228
2687 450
2688 25
2689 460
2690 25
2691 228
2692 160
2693 160
2694 7
2695 160
2696 123
2697 123
2698 123
2699 81
2700 200
2701 81
2702 198
2703 2
2704 7
2705 432
2706 431
2707 297
2708 22
2709 17
2710 59
2711 17
2712 432
2713 432
2714 431
2715 116
2716 116
2717 234
2718 234
2719 105
2720 72
2721 329
2722 8
2723 6
2724 329
2725 6
2726 232
2727 21
2728 198
2729 46
2730 338
2731 354
2732 75
2733 338
2734 366
2735 464
2736 24
2737 453
2738 31
2739 111
2740 464
2741 187
2742 24
2743 150
2744 150
2745 172
2746 172
2747 498
2748 490
2749 28
2750 371
2751 28
2752 231
2753 261
2754 310
2755 98
2756 201
2757 98
2758 230
2759 8
2760 456
2761 16
2762 11
2763 456
2764 98
2765 98
2766 223
2767 223
2768 223
2769 248
2770 248
2771 248
2772 204
2773 204
2774 204
2775 132
2776 132
2777 132
2778 132
2779 132
2780 132
2781 84
2782 5
2783 405
2784 84
2785 84
2786 84
2787 1
2788 312
2789 5
2790 297
2791 84
2792 473
2793 3
2794 468
2795 112
2796 343
2797 112
2798 112
2799 105
2800 116
2801 116
2802 477
2803 340
2804 7
2805 365
2806 482
2807 414
2808 366
2809 482
2810 365
2811 340
2812 366
2813 21
2814 414
2815 222
2816 222
2817 307
2818 307
2819 411
2820 411
2821 352
2822 4
2823 9
2824 9
2825 103
2826 103
2827 103
2828 103
2829 236
2830 236
2831 236
2832 325
2833 354
2834 354
2835 354
2836 354
2837 354
2838 121
2839 6
2840 153
2841 174
2842 153
2843 153
2844 494
2845 491
2846 93
2847 436
2848 394
2849 257
2850 459
2851 25
2852 413
2853 432
2854 61
2855 167
2856 181
2857 29
2858 5
2859 64
2860 4
2861 412
2862 64
2863 412
2864 2
2865 11
2866 1
2867 4
2868 265
2869 329
2870 258
2871 276
2872 258
2873 329
2874 63
2875 63
2876 63
2877 65
2878 318
2879 381
2880 397
2881 382
2882 381
2883 381
2884 2
2885 2
2886 397
2887 199
2888 199
2889 199
2890 70
2891 17
2892 16
2893 16
2894 17
2895 16
2896 308
2897 61
2898 14
2899 70
2900 62
2901 428
2902 0
2903 11
2904 453
2905 453
2906 453
2907 131
2908 153
2909 118
2910 7
2911 21
2912 29
2913 111
2914 111
2915 27
2916 110
2917 110
2918 99
2919 99
2920 29
2921 10
2922 2
2923 160
2924 160
2925 160
2926 160
2927 6
2928 195
2929 195
2930 195
2931 351
2932 351
2933 84
2934 398
2935 169
2936 23
2937 489
2938 358
2939 489
2940 19
2941 32
2942 56
2943 489
2944 195
2945 233
2946 359
2947 2
2948 2
2949 15
2950 2
2951 430
2952 277
2953 57
2954 57
2955 57
2956 292
2957 301
2958 302
2959 401
2960 476
2961 167
2962 2
2963 1
2964 376
2965 397
2966 280
2967 495
2968 296
2969 359
2970 7
2971 13
2972 26
2973 444
2974 5
2975 1
2976 444
2977 53
2978 53
2979 17
2980 225
2981 17
2982 489
2983 219
2984 319
2985 219
2986 380
2987 85
2988 379
2989 429
2990 425
2991 16
2992 21
2993 70
2994 70
2995 122
2996 122
2997 376
2998 29
2999 30
3000 12
3001 29
3002 217
3003 217
3004 375
3005 6
3006 375
3007 102
3008 457
3009 102
3010 378
3011 13
3012 30
3013 433
3014 433
3015 433
3016 478
3017 212
3018 212
3019 212
3020 16
3021 443
3022 337
3023 16
3024 443
3025 316
3026 408
3027 463
3028 317
3029 316
3030 316
3031 316
3032 412
3033 475
3034 316
3035 316
3036 316
3037 461
3038 316
3039 359
3040 164
3041 316
3042 444
3043 25
3044 6
3045 25
3046 344
3047 486
3048 113
3049 356
3050 113
3051 486
3052 400
3053 467
3054 120
3055 285
3056 402
3057 114
3058 400
3059 12
3060 120
3061 151
3062 398
3063 58
3064 357
3065 404
3066 357
3067 103
3068 387
3069 387
3070 140
3071 3
3072 3
3073 199
3074 199
3075 64
3076 70
3077 223
3078 64
3079 64
3080 410
3081 451
3082 451
3083 451
3084 89
3085 6
3086 451
3087 436
3088 101
3089 5
3090 40
3091 25
3092 311
3093 40
3094 386
3095 386
3096 2
3097 156
3098 266
3099 16
3100 5
3101 273
3102 93
3103 69
3104 3
3105 49
3106 74
3107 69
3108 487
3109 324
3110 464
3111 487
3112 489
3113 422
3114 110
3115 418
3116 422
3117 10
3118 353
3119 353
3120 353
3121 353
3122 240
3123 490
3124 20
3125 240
3126 494
3127 445
3128 16
3129 20
3130 169
3131 190
3132 375
3133 8
3134 205
3135 350
3136 309
3137 205
3138 21
3139 455
3140 455
3141 455
3142 437
3143 457
3144 300
3145 455
3146 384
3147 300
3148 371
3149 455
3150 455
3151 39
3152 35
3153 39
3154 496
3155 496
3156 223
3157 185
3158 185
3159 6
3160 78
3161 185
3162 319
3163 461
3164 357
3165 461
3166 156
3167 30
3168 258
3169 258
3170 18
3171 18
3172 108
3173 297
3174 287
3175 401
3176 439
3177 297
3178 396
3179 396
3180 19
3181 385
3182 324
3183 396
3184 369
3185 99
3186 20
3187 369
3188 369
3189 99
3190 435
3191 435
3192 72
3193 418
3194 418
3195 153
3196 451
3197 258
3198 258
3199 39
3200 191
3201 13
3202 14
3203 48
3204 48
3205 13
3206 9
3207 44
3208 13
3209 48
3210 221
3211 221
3212 3
3213 18
3214 210
3215 305
3216 370
3217 371
3218 25
3219 443
3220 47
3221 492
3222 25
3223 497
3224 134
3225 134
3226 109
3227 450
3228 398
3229 103
3230 5
3231 90
3232 450
3233 110
3234 436
3235 110
3236 110
3237 164
3238 326
3239 328
3240 326
3241 326
3242 261
3243 343
3244 261
3245 321
3246 379
3247 321
3248 379
3249 343
3250 375
3251 15
3252 332
3253 397
3254 99
3255 449
3256 14
3257 14
3258 449
3259 449
3260 449
3261 66
3262 48
3263 66
3264 66
3265 110
3266 48
3267 292
3268 29
3269 60
3270 26
3271 29
3272 217
3273 217
3274 101
3275 353
3276 353
3277 362
3278 234
3279 54
3280 230
3281 234
3282 234
3283 2
3284 4
3285 174
3286 267
3287 487
3288 493
3289 6
3290 492
3291 288
3292 9
3293 89
3294 9
3295 489
3296 3
3297 189
3298 341
3299 3
3300 237
3301 341
3302 227
3303 1
3304 3
3305 346
3306 356
3307 23
3308 23
3309 303
3310 5
3311 297
3312 498
3313 468
3314 12
3315 12
3316 437
3317 437
3318 437
3319 86
3320 480
3321 262
3322 60
3323 18
3324 86
3325 480
3326 437
3327 79
3328 85
3329 223
3330 31
3331 79
3332 296
3333 297
3334 296
3335 296
3336 261
3337 100
3338 338
3339 26
3340 266
3341 18
3342 5
3343 338
3344 26
3345 450
3346 450
3347 450
3348 475
3349 367
3350 450
3351 311
3352 311
3353 311
3354 311
3355 47
3356 311
3357 438
3358 467
3359 445
3360 438
3361 396
3362 393
3363 52
3364 396
3365 4
3366 4
3367 393
3368 62
3369 11
3370 3
3371 12
3372 413
3373 13
3374 312
3375 496
3376 496
3377 183
3378 496
3379 371
3380 14
3381 245
3382 62
3383 371
3384 14
3385 24
3386 497
3387 393
3388 343
3389 92
3390 92
3391 52
3392 203
3393 75
3394 52
3395 26
3396 396
3397 26
3398 52
3399 347
3400 347
3401 128
3402 103
3403 386
3404 10
3405 237
3406 224
3407 237
3408 1
3409 107
3410 25
3411 12
3412 473
3413 473
3414 111
3415 8
3416 111
3417 432
3418 7
3419 8
3420 223
3421 223
3422 382
3423 382
3424 238
3425 238
3426 61
3427 6
3428 174
3429 395
3430 174
3431 395
3432 422
3433 478
3434 3
3435 110
3436 467
3437 42
3438 478
3439 183
3440 170
3441 170
3442 239
3443 413
3444 14
3445 328
3446 345
3447 492
3448 69
3449 390
3450 2
3451 390
3452 325
3453 22
3454 409
3455 389
3456 305
3457 355
3458 279
3459 266
3460 6
3461 305
3462 24
3463 246
3464 334
3465 334
3466 334
3467 334
3468 334
3469 132
3470 132
3471 132
3472 132
3473 464
3474 412
3475 464
3476 464
3477 269
3478 88
3479 6
3480 266
3481 88
3482 5
3483 19
3484 273
3485 273
3486 65
3487 61
3488 227
3489 227
3490 185
3491 436
3492 341
3493 177
3494 292
3495 292
3496 292
3497 292
3498 137
3499 184
3500 349
3501 10
3502 239
3503 4
3504 227
3505 11
3506 227
3507 164
3508 57
3509 433
3510 434
3511 433
3512 101
3513 38
3514 448
3515 271
3516 29
3517 17
3518 16
3519 448
3520 251
3521 499
3522 251
3523 251
3524 377
3525 251
3526 251
3527 76
3528 76
3529 3
3530 76
3531 424
3532 26
3533 424
3534 424
3535 424
3536 26
3537 424
3538 165
3539 8
3540 170
3541 165
3542 167
3543 165
3544 55
3545 8
3546 456
3547 245
3548 165
3549 344
3550 344
3551 344
3552 344
3553 255
3554 344
3555 344
3556 81
3557 189
3558 189
3559 101
3560 376
3561 13
3562 113
3563 160
3564 160
3565 160
3566 160
3567 2
3568 87
3569 29
3570 73
3571 479
3572 400
3573 403
3574 226
3575 403
3576 243
3577 243
3578 243
3579 302
3580 302
3581 252
3582 251
3583 302
3584 321
3585 385
3586 321
3587 260
3588 20
3589 185
3590 96
3591 82
3592 82
3593 262
3594 262
3595 267
3596 227
3597 353
3598 386
3599 398
3600 353
3601 358
3602 398
3603 195
3604 194
3605 471
3606 195
3607 269
3608 269
3609 342
3610 119
3611 119
3612 119
3613 337
3614 464
3615 337
3616 48
3617 340
3618 337
3619 337
3620 333
3621 333
3622 2
3623 25
3624 101
3625 44
3626 288
3627 436
3628 412
3629 388
3630 201
3631 201
3632 29
3633 5
3634 29
3635 417
3636 417
3637 417
3638 124
3639 215
3640 65
3641 124
3642 215
3643 375
3644 375
3645 497
3646 498
3647 394
3648 394
3649 418
3650 418
3651 203
3652 25
3653 203
3654 25
3655 193
3656 193
3657 491
3658 32
3659 454
3660 442
3661 491
3662 32
3663 115
3664 406
3665 441
3666 478
3667 15
3668 4
3669 478
3670 472
3671 124
3672 124
3673 124
3674 126
3675 473
3676 128
3677 454
3678 489
3679 126
3680 378
3681 472
3682 433
3683 378
3684 5
3685 453
3686 6
3687 118
3688 120
3689 118
3690 120
3691 118
3692 175
3693 8
3694 304
3695 432
3696 3
3697 304
3698 174
3699 419
3700 174
3701 174
3702 45
3703 370
3704 207
3705 269
3706 327
3707 45
3708 207
3709 361
3710 367
3711 361
3712 361
3713 361
3714 47
3715 15
3716 47
3717 61
3718 61
3719 16
3720 464
3721 264
3722 168
3723 168
3724 168
3725 168
3726 137
3727 137
3728 128
3729 128
3730 127
3731 128
3732 123
3733 123
3734 411
3735 411
3736 300
3737 300
3738 486
3739 464
3740 23
3741 23
3742 1
3743 464
3744 21
3745 23
3746 411
3747 97
3748 97
3749 151
3750 497
3751 364
3752 359
3753 8
3754 252
3755 72
3756 359
3757 8
3758 224
3759 224
3760 2
3761 184
3762 184
3763 249
3764 249
3765 249
3766 95
3767 95
3768 341
3769 109
3770 463
3771 89
3772 493
3773 493
3774 493
3775 238
3776 292
3777 235
3778 238
3779 238
3780 292
3781 410
3782 6
3783 412
3784 184
3785 184
3786 403
3787 321
3788 321
3789 172
3790 27
3791 387
3792 176
3793 387
3794 110
3795 111
3796 110
3797 110
3798 111
3799 110
3800 197
3801 19
3802 281
3803 203
3804 197
3805 197
3806 16
3807 1
3808 16
3809 131
3810 197
3811 19
3812 61
3813 61
3814 61
3815 253
3816 253
3817 251
3818 247
3819 229
3820 327
3821 229
3822 3
3823 19
3824 327
3825 381
3826 483
3827 6
3828 26
3829 18
3830 351
3831 496
3832 370
3833 214
3834 3
3835 43
3836 444
3837 5
3838 5
3839 47
3840 6
3841 493
3842 493
3843 203
3844 28
3845 203
3846 203
3847 14
3848 424
3849 380
3850 424
3851 42
3852 427
3853 427
3854 385
3855 427
3856 104
3857 105
3858 104
3859 43
3860 43
3861 250
3862 43
3863 105
3864 79
3865 79
3866 79
3867 79
3868 208
3869 1
3870 1
3871 467
3872 427
3873 276
3874 329
3875 427
3876 427
3877 473
3878 78
3879 294
3880 452
3881 296
3882 476
3883 91
3884 255
3885 4
3886 28
3887 305
3888 305
3889 305
3890 305
3891 36
3892 36
3893 36
3894 36
3895 36
3896 349
3897 341
3898 273
3899 415
3900 452
3901 349
3902 278
3903 5
3904 13
3905 443
3906 18
3907 443
3908 446
3909 5
3910 397
3911 278
3912 5
3913 394
3914 394
3915 194
3916 73
3917 394
3918 72
3919 72
3920 72
3921 395
3922 395
3923 395
3924 486
3925 211
3926 205
3927 211
3928 255
3929 6
3930 23
3931 162
3932 164
3933 202
3934 433
3935 164
3936 409
3937 379
3938 310
3939 490
3940 448
3941 409
3942 409
3943 280
3944 312
3945 359
3946 278
3947 4
3948 313
3949 19
3950 278
3951 224
3952 3
3953 327
3954 327
3955 327
3956 204
3957 333
3958 181
3959 166
3960 171
3961 23
3962 166
3963 166
3964 492
3965 495
3966 492
3967 165
3968 165
3969 55
3970 340
3971 3
3972 3
3973 469
3974 98
3975 12
3976 18
3977 494
3978 70
3979 414
3980 12
3981 18
3982 404
3983 111
3984 1
3985 259
3986 259
3987 433
3988 259
3989 259
3990 23
3991 21
3992 191
3993 194
3994 473
3995 175
3996 498
3997 498
3998 175
3999 175
4000 4
4001 206
4002 26
4003 26
4004 206
4005 85
4006 60
4007 257
4008 445
4009 445
4010 338
4011 445
4012 445
4013 395
4014 420
4015 397
4016 182
4017 434
4018 372
4019 421
4020 183
4021 182
4022 395
4023 219
4024 69
4025 11
4026 112
4027 437
4028 498
4029 480
4030 498
4031 16
4032 498
4033 16
4034 381
4035 279
4036 400
4037 75
4038 28
4039 75
4040 279
4041 279
4042 279
4043 28
4044 453
4045 64
4046 453
4047 453
4048 8
4049 8
4050 64
4051 419
4052 441
4053 29
4054 24
4055 419
4056 302
4057 24
4058 358
4059 411
4060 398
4061 433
4062 343
4063 411
4064 229
4065 229
4066 297
4067 492
4068 28
4069 12
4070 492
4071 492
4072 130
4073 395
4074 130
4075 124
4076 8
4077 333
4078 8
4079 156
4080 296
4081 477
4082 477
4083 238
4084 15
4085 466
4086 466
4087 3
4088 492
4089 115
4090 362
4091 14
4092 14
4093 14
4094 69
4095 30
4096 86
4097 86
4098 23
4099 21
4100 86
4101 134
4102 134
4103 363
4104 363
4105 14
4106 176
4107 106
4108 227
4109 227
4110 227
4111 452
4112 452
4113 6
4114 199
4115 41
4116 41
4117 21
4118 12
4119 62
4120 495
4121 333
4122 386
4123 147
4124 62
4125 293
4126 293
4127 148
4128 296
4129 490
4130 425
4131 417
4132 429
4133 261
4134 17
4135 287
4136 260
4137 287
4138 4
4139 484
4140 300
4141 2
4142 263
4143 300
4144 300
4145 11
4146 30
4147 494
4148 300
4149 300
4150 300
4151 349
4152 349
4153 70
4154 252
4155 252
4156 300
4157 277
4158 300
4159 9
4160 276
4161 53
4162 28
4163 58
4164 54
4165 53
4166 6
4167 53
4168 59
4169 487
4170 54
4171 53
4172 174
4173 453
4174 235
4175 95
4176 174
4177 174
4178 19
4179 174
4180 195
4181 195
4182 16
4183 18
4184 383
4185 12
4186 347
4187 352
4188 383
4189 383
4190 383
4191 12
4192 281
4193 278
4194 278
4195 20
4196 20
4197 281
4198 278
4199 137
4200 25
4201 403
4202 77
4203 25
4204 387
4205 387
4206 277
4207 355
4208 257
4209 387
4210 120
4211 7
4212 7
4213 77
4214 29
4215 69
4216 4
4217 42
4218 350
4219 350
4220 350
4221 15
4222 444
4223 12
4224 444
4225 27
4226 444
4227 480
4228 17
4229 268
4230 308
4231 268
4232 378
4233 378
4234 272
4235 378
4236 53
4237 24
4238 53
4239 53
4240 23
4241 59
4242 302
4243 16
4244 369
4245 302
4246 444
4247 413
4248 197
4249 197
4250 66
4251 59
4252 215
4253 3
4254 59
4255 66
4256 211
4257 3
4258 6
4259 6
4260 59
4261 66
4262 52
4263 280
4264 66
4265 211
4266 66
4267 66
4268 66
4269 215
4270 137
4271 211
4272 66
4273 468
4274 468
4275 459
4276 285
4277 285
4278 436
4279 440
4280 426
4281 459
4282 92
4283 9
4284 67
4285 31
4286 31
4287 246
4288 164
4289 319
4290 483
4291 186
4292 394
4293 25
4294 394
4295 10
4296 78
4297 78
4298 179
4299 262
4300 137
4301 179
4302 494
4303 494
4304 473
4305 494
4306 474
4307 91
4308 30
4309 19
4310 21
4311 195
4312 19
4313 21
4314 122
4315 122
4316 122
4317 254
4318 254
4319 254
4320 254
4321 194
4322 25
4323 194
4324 481
4325 481
4326 264
4327 264
4328 3
4329 446
4330 147
4331 237
4332 54
4333 197
4334 237
4335 237
4336 116
4337 116
4338 116
4339 88
4340 85
4341 282
4342 90
4343 400
4344 400
4345 400
4346 400
4347 22
4348 22
4349 420
4350 406
4351 402
4352 204
4353 468
4354 467
4355 217
4356 6
4357 316
4358 468
4359 254
4360 316
4361 90
4362 468
4363 316
4364 86
4365 86
4366 25
4367 284
4368 466
4369 272
4370 75
4371 272
4372 471
4373 476
4374 498
4375 476
4376 3
4377 310
4378 4
4379 254
4380 465
4381 378
4382 471
4383 490
4384 490
4385 490
4386 160
4387 342
4388 160
4389 160
4390 319
4391 455
4392 455
4393 233
4394 233
4395 107
4396 12
4397 107
4398 497
4399 26
4400 425
4401 9
4402 26
4403 145
4404 145
4405 157
4406 410
4407 157
4408 410
4409 482
4410 27
4411 104
4412 104
4413 220
4414 131
4415 220
4416 1
4417 131
4418 4
4419 370
4420 370
4421 340
4422 286
4423 282
4424 55
4425 286
4426 286
4427 100
4428 100
4429 336
4430 100
4431 75
4432 225
4433 15
4434 225
4435 377
4436 327
4437 377
4438 238
4439 336
4440 336
4441 333
4442 419
4443 336
4444 150
4445 17
4446 18
4447 357
4448 17
4449 398
4450 78
4451 42
4452 9
4453 78
4454 77
4455 146
4456 20
4457 233
4458 146
4459 146
4460 22
4461 13
4462 485
4463 270
4464 21
4465 485
4466 485
4467 21
4468 432
4469 270
4470 290
4471 152
4472 335
4473 340
4474 335
4475 348
4476 348
4477 30
4478 335
4479 67
4480 82
4481 67
4482 483
4483 50
4484 4
4485 21
4486 50
4487 70
4488 483
4489 82
4490 254
4491 461
4492 264
4493 257
4494 262
4495 262
4496 318
4497 24
4498 354
4499 319
4500 5
4501 201
4502 318
4503 318
4504 472
4505 24
4506 288
4507 288
4508 71
4509 14
4510 71
4511 222
4512 222
4513 222
4514 45
4515 45
4516 45
4517 272
4518 449
4519 319
4520 45
4521 303
4522 303
4523 303
4524 303
4525 93
4526 341
4527 381
4528 233
4529 133
4530 341
4531 297
4532 341
4533 360
4534 360
4535 259
4536 12
4537 350
4538 350
4539 484
4540 350
4541 264
4542 2
4543 59
4544 350
4545 289
4546 348
4547 348
4548 436
4549 246
4550 7
4551 461
4552 6
4553 81
4554 288
4555 245
4556 52
4557 245
4558 117
4559 272
4560 237
4561 52
4562 126
4563 126
4564 127
4565 126
4566 59
4567 112
4568 112
4569 300
4570 52
4571 118
4572 300
4573 298
4574 333
4575 305
4576 477
4577 1
4578 489
4579 273
4580 446
4581 477
4582 340
4583 489
4584 481
4585 474
4586 236
4587 236
4588 445
4589 445
4590 445
4591 394
4592 11
4593 468
4594 1
4595 15
4596 375
4597 398
4598 382
4599 131
4600 362
4601 422
4602 290
4603 289
4604 29
4605 10
4606 30
4607 410
4608 422
4609 290
4610 30
4611 354
4612 356
4613 356
4614 170
4615 3
4616 171
4617 170
4618 7
4619 375
4620 29
4621 445
4622 61
4623 20
4624 397
4625 397
4626 397
4627 2
4628 355
4629 160
4630 160
4631 466
4632 466
4633 466
4634 120
4635 120
4636 120
4637 13
4638 210
4639 51
4640 466
4641 466
4642 466
4643 55
4644 24
4645 340
4646 326
4647 120
4648 326
4649 5
4650 120
4651 435
4652 291
4653 291
4654 291
4655 308
4656 15
4657 401
4658 19
4659 293
4660 291
4661 15
4662 293
4663 291
4664 394
4665 394
4666 395
4667 87
4668 29
4669 351
4670 398
4671 87
4672 300
4673 169
4674 29
4675 164
4676 408
4677 487
4678 412
4679 408
4680 425
4681 423
4682 393
4683 404
4684 425
4685 263
4686 417
4687 323
4688 263
4689 469
4690 160
4691 469
4692 469
4693 294
4694 294
4695 19
4696 218
4697 160
4698 469
4699 192
4700 20
4701 175
4702 147
4703 54
4704 2
4705 13
4706 234
4707 419
4708 415
4709 419
4710 419
4711 79
4712 182
4713 198
4714 198
4715 198
4716 115
4717 181
4718 181
4719 331
4720 255
4721 331
4722 332
4723 332
4724 294
4725 294
4726 350
4727 273
4728 167
4729 311
4730 43
4731 43
4732 77
4733 77
4734 405
4735 384
4736 303
4737 32
4738 32
4739 38
4740 119
4741 119
4742 349
4743 349
4744 349
4745 349
4746 294
4747 280
4748 414
4749 414
4750 414
4751 414
4752 3
4753 414
4754 414
4755 414
4756 466
4757 15
4758 466
4759 406
4760 406
4761 403
4762 450
4763 56
4764 190
4765 193
4766 193
4767 52
4768 306
4769 300
4770 253
4771 306
4772 300
4773 172
4774 2
4775 3
4776 15
4777 384
4778 78
4779 384
4780 78
4781 15
4782 42
4783 10
4784 420
4785 230
4786 420
4787 100
4788 476
4789 418
4790 322
4791 104
4792 326
4793 322
4794 327
4795 322
4796 322
4797 447
4798 451
4799 447
4800 449
4801 447
4802 349
4803 464
4804 30
4805 10
4806 114
4807 114
4808 114
4809 20
4810 252
4811 252
4812 466
4813 466
4814 272
4815 180
4816 7
4817 44
4818 44
4819 44
4820 362
4821 426
4822 362
4823 429
4824 362
4825 401
4826 463
4827 401
4828 142
4829 167
4830 92
4831 167
4832 142
4833 167
4834 416
4835 416
4836 186
4837 433
4838 105
4839 305
4840 90
4841 90
4842 5
4843 438
4844 474
4845 307
4846 28
4847 479
4848 2
4849 253
4850 417
4851 300
4852 7
4853 89
4854 52
4855 236
4856 269
4857 269
4858 19
4859 182
4860 341
4861 341
4862 86
4863 9
4864 114
4865 9
4866 86
4867 66
4868 450
4869 453
4870 450
4871 436
4872 436
4873 79
4874 79
4875 23
4876 493
4877 23
4878 278
4879 493
4880 262
4881 493
4882 239
4883 239
4884 94
4885 94
4886 7
4887 33
4888 33
4889 33
4890 33
4891 33
4892 458
4893 458
4894 8
4895 411
4896 8
4897 6
4898 127
4899 8
4900 148
4901 149
4902 148
4903 23
4904 29
4905 153
4906 72
4907 28
4908 72
4909 485
4910 120
4911 485
4912 466
4913 144
4914 320
4915 43
4916 43
4917 381
4918 381
4919 289
4920 381
4921 25
4922 27
4923 408
4924 411
4925 244
4926 432
4927 408
4928 261
4929 489
4930 244
4931 4
4932 288
4933 226
4934 411
4935 408
4936 408
4937 115
4938 476
4939 53
4940 53
4941 438
4942 441
4943 484
4944 464
4945 441
4946 441
4947 464
4948 484
4949 441
4950 441
4951 303
4952 303
4953 134
4954 193
4955 22
4956 134
4957 193
4958 288
4959 273
4960 288
4961 388
4962 97
4963 44
4964 97
4965 78
4966 97
4967 50
4968 53
4969 53
4970 482
4971 411
4972 418
4973 225
4974 225
4975 279
4976 151
4977 151
4978 43
4979 56
4980 56
4981 216
4982 31
4983 216
4984 67
4985 480
4986 8
4987 390
4988 468
4989 8
4990 146
4991 403
4992 143
4993 373
4994 399
4995 399
4996 387
4997 399
4998 399
4999 474
5000 484
5001 191
5002 267
5003 319
5004 15
5005 15
5006 181
5007 181
5008 211
5009 487
5010 496
5011 357
5012 312
5013 4
5014 4
5015 115
5016 21
5017 211
5018 16
5019 53
5020 115
5021 211
5022 106
5023 179
5024 478
5025 437
5026 179
5027 59
5028 59
5029 59
5030 59
5031 164
5032 61
5033 139
5034 61
5035 61
5036 61
5037 3
5038 139
5039 83
5040 401
5041 3
5042 7
5043 3
5044 463
5045 463
5046 23
5047 103
5048 263
5049 262
5050 159
5051 159
5052 159
5053 159
5054 43
5055 419
5056 419
5057 23
5058 419
5059 117
5060 117
5061 73
5062 45
5063 13
5064 476
5065 362
5066 318
5067 417
5068 398
5069 362
5070 318
5071 362
5072 36
5073 36
5074 36
5075 36
5076 96
5077 36
5078 142
5079 142
5080 142
5081 142
5082 83
5083 17
5084 24
5085 24
5086 17
5087 444
5088 10
5089 11
5090 5
5091 63
5092 22
5093 269
5094 420
5095 70
5096 78
5097 458
5098 269
5099 464
5100 63
5101 481
5102 389
5103 481
5104 481
5105 481
5106 112
5107 17
5108 79
5109 112
5110 151
5111 17
5112 184
5113 114
5114 26
5115 278
5116 26
5117 185
5118 185
5119 262
5120 3
5121 262
5122 294
5123 376
5124 376
5125 154
5126 154
5127 154
5128 49
5129 175
5130 154
5131 154
5132 294
5133 53
5134 294
5135 331
5136 4
5137 490
5138 109
5139 203
5140 18
5141 358
5142 10
5143 350
5144 366
5145 392
5146 373
5147 187
5148 389
5149 312
5150 337
5151 341
5152 337
5153 494
5154 494
5155 385
5156 494
5157 52
5158 372
5159 62
5160 452
5161 452
5162 156
5163 287
5164 308
5165 8
5166 397
5167 487
5168 482
5169 351
5170 22
5171 165
5172 168
5173 165
5174 168
5175 441
5176 165
5177 165
5178 91
5179 90
5180 5
5181 13
5182 429
5183 429
5184 101
5185 429
5186 202
5187 8
5188 287
5189 8
5190 414
5191 202
5192 8
5193 197
5194 190
5195 197
5196 23
5197 51
5198 171
5199 12
5200 171
5201 109
5202 171
5203 442
5204 442
5205 442
5206 351
5207 11
5208 454
5209 73
5210 37
5211 37
5212 32
5213 37
5214 136
5215 136
5216 11
5217 259
5218 259
5219 62
5220 15
5221 341
5222 38
5223 367
5224 38
5225 406
5226 406
5227 33
5228 33
5229 33
5230 104
5231 38
5232 79
5233 79
5234 79
5235 153
5236 14
5237 79
5238 36
5239 36
5240 39
5241 39
5242 36
5243 44
5244 44
5245 44
5246 44
5247 453
5248 359
5249 385
5250 468
5251 261
5252 261
5253 288
5254 288
5255 480
5256 278
5257 278
5258 73
5259 437
5260 13
5261 17
5262 141
5263 73
5264 73
5265 236
5266 7
5267 314
5268 314
5269 7
5270 98
5271 171
5272 171
5273 171
5274 62
5275 180
5276 3
5277 301
5278 301
5279 301
5280 472
5281 397
5282 320
5283 397
5284 397
5285 177
5286 322
5287 322
5288 60
5289 322
5290 322
5291 41
5292 41
5293 41
5294 41
5295 41
5296 332
5297 41
5298 41
5299 165
5300 165
5301 165
5302 175
5303 465
5304 175
5305 215
5306 215
5307 8
5308 460
5309 484
5310 43
5311 215
5312 463
5313 68
5314 68
5315 273
5316 463
5317 347
5318 13
5319 201
5320 262
5321 201
5322 262
5323 165
5324 165
5325 31
5326 461
5327 346
5328 461
5329 453
5330 453
5331 436
5332 453
5333 280
5334 494
5335 494
5336 10
5337 239
5338 75
5339 75
5340 239
5341 400
5342 334
5343 101
5344 442
5345 130
5346 434
5347 100
5348 358
5349 272
5350 11
5351 464
5352 464
5353 417
5354 464
5355 409
5356 252
5357 268
5358 252
5359 82
5360 161
5361 7
5362 96
5363 225
5364 82
5365 82
5366 82
5367 82
5368 82
5369 71
5370 71
5371 71
5372 152
5373 74
5374 71
5375 132
5376 132
5377 23
5378 255
5379 132
5380 149
5381 132
5382 61
5383 430
5384 132
5385 132
5386 401
5387 206
5388 31
5389 28
5390 5
5391 445
5392 388
5393 382
5394 55
5395 55
5396 254
5397 441
5398 180
5399 276
5400 122
5401 409
5402 183
5403 159
5404 147
5405 159
5406 11
5407 319
5408 22
5409 224
5410 224
5411 224
5412 226
5413 381
5414 381
5415 381
5416 141
5417 141
5418 357
5419 365
5420 320
5421 249
5422 418
5423 76
5424 409
5425 358
5426 47
5427 421
5428 206
5429 461
5430 478
5431 7
5432 159
5433 41
5434 12
5435 210
5436 84
5437 290
5438 290
5439 290
5440 20
5441 251
5442 320
5443 320
5444 320
5445 320
5446 240
5447 71
5448 71
5449 224
5450 224
5451 44
5452 328
5453 449
5454 485
5455 31
5456 449
5457 466
5458 328
5459 365
5460 23
5461 262
5462 328
5463 402
5464 4
5465 402
5466 19
5467 4
5468 102
5469 22
5470 210
5471 210
5472 147
5473 291
5474 23
5475 25
5476 291
5477 377
5478 28
5479 10
5480 420
5481 17
5482 460
5483 404
5484 17
5485 394
5486 63
5487 202
5488 63
5489 63
5490 382
5491 382
5492 404
5493 304
5494 340
5495 20
5496 20
5497 459
5498 17
5499 284
5500 459
5501 409
5502 2
5503 410
5504 409
5505 3
5506 3
5507 409
5508 12
5509 189
5510 189
5511 202
5512 189
5513 227
5514 242
5515 398
5516 25
5517 259
5518 259
5519 325
5520 260
5521 319
5522 468
5523 193
5524 6
5525 402
5526 54
5527 491
5528 491
5529 419
5530 22
5531 403
5532 112
5533 112
5534 112
5535 334
5536 498
5537 498
5538 305
5539 80
5540 17
5541 17
5542 177
5543 177
5544 464
5545 272
5546 4
5547 335
5548 4
5549 217
5550 217
5551 217
5552 217
5553 210
5554 210
5555 349
5556 106
5557 289
5558 22
5559 22
5560 289
5561 106
5562 32
5563 256
5564 100
5565 31
5566 100
5567 48
5568 375
5569 378
5570 15
5571 380
5572 378
5573 51
5574 51
5575 263
5576 263
5577 261
5578 261
5579 168
5580 194
5581 460
5582 495
5583 163
5584 354
5585 319
5586 354
5587 370
5588 30
5589 354
5590 487
5591 487
5592 311
5593 50
5594 6
5595 6
5596 358
5597 487
5598 231
5599 128
5600 495
5601 14
5602 90
5603 402
5604 497
5605 8
5606 8
5607 453
5608 379
5609 137
5610 133
5611 133
5612 140
5613 136
5614 140
5615 136
5616 108
5617 5
5618 55
5619 139
5620 139
5621 68
5622 68
5623 395
5624 19
5625 19
5626 19
5627 70
5628 19
5629 294
5630 31
5631 270
5632 294
5633 79
5634 79
5635 79
5636 248
5637 176
5638 77
5639 263
5640 309
5641 21
5642 427
5643 427
5644 427
5645 492
5646 166
5647 491
5648 219
5649 245
5650 219
5651 219
5652 85
5653 9
5654 30
5655 30
5656 30
5657 246
5658 246
5659 43
5660 260
5661 43
5662 43
5663 413
5664 294
5665 181
5666 182
5667 59
5668 108
5669 108
5670 226
5671 202
5672 99
5673 202
5674 204
5675 122
5676 204
5677 204
5678 214
5679 399
5680 164
5681 399
5682 483
5683 399
5684 279
5685 185
5686 352
5687 292
5688 436
5689 11
5690 415
5691 292
5692 401
5693 287
5694 470
5695 470
5696 304
5697 470
5698 11
5699 10
5700 470
5701 237
5702 237
5703 237
5704 237
5705 116
5706 3
5707 3
5708 495
5709 465
5710 22
5711 495
5712 11
5713 23
5714 402
5715 22
5716 456
5717 7
5718 126
5719 130
5720 126
5721 126
5722 126
5723 157
5724 157
5725 108
5726 108
5727 483
5728 436
5729 468
5730 14
5731 463
5732 256
5733 78
5734 10
5735 25
5736 146
5737 146
5738 146
5739 146
5740 276
5741 276
5742 214
5743 214
5744 352
5745 381
5746 358
5747 214
5748 381
5749 214
5750 97
5751 459
5752 15
5753 349
5754 28
5755 349
5756 188
5757 349
5758 491
5759 491
5760 491
5761 491
5762 347
5763 347
5764 347
5765 160
5766 347
5767 347
5768 269
5769 269
5770 269
5771 297
5772 269
5773 269
5774 203
5775 143
5776 381
5777 347
5778 382
5779 458
5780 27
5781 494
5782 466
5783 309
5784 494
5785 494
5786 494
5787 466
5788 152
5789 152
5790 157
5791 152
5792 152
5793 498
5794 259
5795 258
5796 258
5797 259
5798 93
5799 473
5800 93
5801 194
5802 24
5803 25
5804 309
5805 238
5806 78
5807 10
5808 440
5809 224
5810 376
5811 440
5812 15
5813 81
5814 398
5815 206
5816 68
5817 381
5818 379
5819 80
5820 80
5821 379
5822 92
5823 381
5824 379
5825 100
5826 25
5827 25
5828 25
5829 85
5830 12
5831 251
5832 260
5833 12
5834 444
5835 430
5836 444
5837 226
5838 226
5839 226
5840 234
5841 226
5842 135
5843 135
5844 135
5845 484
5846 484
5847 283
5848 309
5849 12
5850 269
5851 202
5852 202
5853 138
5854 418
5855 31
5856 412
5857 20
5858 2
5859 20
5860 117
5861 240
5862 418
5863 339
5864 339
5865 339
5866 339
5867 177
5868 23
5869 482
5870 492
5871 478
5872 478
5873 478
5874 251
5875 202
5876 251
5877 105
5878 371
5879 38
5880 105
5881 371
5882 461
5883 445
5884 6
5885 14
5886 115
5887 120
5888 115
5889 37
5890 37
5891 35
5892 39
5893 35
5894 38
5895 444
5896 379
5897 87
5898 87
5899 106
5900 94
5901 360
5902 360
5903 360
5904 60
5905 24
5906 423
5907 423
5908 423
5909 423
5910 410
5911 410
5912 410
5913 23
5914 410
5915 215
5916 342
5917 10
5918 478
5919 478
5920 478
5921 50
5922 16
5923 50
5924 25
5925 25
5926 189
5927 12
5928 189
5929 189
5930 190
5931 189
5932 403
5933 28
5934 28
5935 290
5936 290
5937 284
5938 290
5939 460
5940 309
5941 351
5942 309
5943 480
5944 25
5945 480
5946 480
5947 12
5948 188
5949 25
5950 494
5951 455
5952 259
5953 94
5954 359
5955 359
5956 364
5957 30
5958 92
5959 364
5960 334
5961 334
5962 440
5963 440
5964 440
5965 176
5966 406
5967 176
5968 176
5969 176
5970 6
5971 360
5972 22
5973 360
5974 436
5975 137
5976 417
5977 344
5978 475
5979 331
5980 177
5981 177
5982 50
5983 483
5984 483
5985 483
5986 168
5987 8
5988 172
5989 172
5990 12
5991 169
5992 171
5993 168
5994 168
5995 8
5996 452
5997 4
5998 452
5999 358
6000 358
6001 311
6002 467
6003 26
6004 358
6005 311
6006 165
6007 166
6008 171
6009 165
6010 280
6011 59
6012 280
6013 15
6014 252
6015 15
6016 442
6017 281
6018 281
6019 318
6020 281
6021 13
6022 411
6023 318
6024 271
6025 271
6026 271
6027 351
6028 222
6029 126
6030 129
6031 126
6032 126
6033 129
6034 118
6035 481
6036 118
6037 14
6038 286
6039 225
6040 69
6041 3
6042 69
6043 188
6044 188
6045 15
6046 188
6047 373
6048 345
6049 394
6050 367
6051 58
6052 58
6053 373
6054 165
6055 172
6056 165
6057 165
6058 109
6059 65
6060 193
6061 414
6062 414
6063 67
6064 474
6065 428
6066 335
6067 428
6068 452
6069 341
6070 341
6071 92
6072 14
6073 389
6074 75
6075 3
6076 244
6077 271
6078 319
6079 496
6080 365
6081 190
6082 244
6083 319
6084 271
6085 244
6086 402
6087 247
6088 18
6089 25
6090 25
6091 18
6092 67
6093 371
6094 67
6095 403
6096 403
6097 159
6098 351
6099 2
6100 24
6101 12
6102 483
6103 382
6104 10
6105 287
6106 382
6107 229
6108 229
6109 31
6110 8
6111 294
6112 31
6113 8
6114 294
6115 383
6116 383
6117 89
6118 11
6119 383
6120 237
6121 136
6122 127
6123 441
6124 475
6125 397
6126 397
6127 475
6128 487
6129 286
6130 487
6131 373
6132 490
6133 12
6134 28
6135 422
6136 139
6137 422
6138 422
6139 139
6140 427
6141 427
6142 394
6143 60
6144 394
6145 394
6146 394
6147 55
6148 55
6149 357
6150 395
6151 395
6152 395
6153 473
6154 11
6155 3
6156 473
6157 473
6158 65
6159 65
6160 278
6161 284
6162 284
6163 312
6164 109
6165 257
6166 312
6167 410
6168 120
6169 410
6170 414
6171 414
6172 59
6173 410
6174 410
6175 182
6176 241
6177 114
6178 182
6179 182
6180 182
6181 303
6182 312
6183 475
6184 286
6185 273
6186 273
6187 273
6188 272
6189 477
6190 229
6191 229
6192 460
6193 50
6194 460
6195 346
6196 346
6197 346
6198 239
6199 390
6200 30
6201 122
6202 122
6203 418
6204 418
6205 418
6206 418
6207 418
6208 426
6209 426
6210 426
6211 122
6212 17
6213 122
6214 17
6215 289
6216 289
6217 338
6218 8
6219 8
6220 164
6221 297
6222 182
6223 164
6224 366
6225 372
6226 372
6227 243
6228 245
6229 8
6230 5
6231 94
6232 94
6233 109
6234 109
6235 433
6236 82
6237 109
6238 317
6239 423
6240 404
6241 88
6242 90
6243 30
6244 287
6245 481
6246 47
6247 287
6248 6
6249 475
6250 492
6251 475
6252 475
6253 16
6254 16
6255 129
6256 129
6257 17
6258 456
6259 76
6260 134
6261 338
6262 355
6263 134
6264 134
6265 69
6266 113
6267 310
6268 64
6269 265
6270 421
6271 421
6272 439
6273 439
6274 93
6275 4
6276 333
6277 231
6278 370
6279 231
6280 20
6281 468
6282 3
6283 118
6284 118
6285 402
6286 484
6287 126
6288 132
6289 126
6290 126
6291 126
6292 32
6293 32
6294 35
6295 32
6296 32
6297 173
6298 173
6299 377
6300 31
6301 81
6302 81
6303 350
6304 405
6305 405
6306 10
6307 446
6308 446
6309 328
6310 19
6311 38
6312 38
6313 38
6314 418
6315 418
6316 418
6317 418
6318 418
6319 467
6320 467
6321 467
6322 489
6323 130
6324 489
6325 210
6326 169
6327 12
6328 12
6329 328
6330 314
6331 439
6332 52
6333 439
6334 439
6335 439
6336 148
6337 4
6338 425
6339 425
6340 425
6341 206
6342 206
6343 206
6344 206
6345 131
6346 195
6347 131
6348 21
6349 25
6350 21
6351 21
6352 25
6353 205
6354 205
6355 272
6356 311
6357 311
6358 16
6359 121
6360 97
6361 190
6362 97
6363 97
6364 97
6365 458
6366 114
6367 465
6368 465
6369 465
6370 465
6371 465
6372 28
6373 341
6374 472
6375 341
6376 317
6377 261
6378 151
6379 151
6380 151
6381 151
6382 151
6383 392
6384 14
6385 159
6386 159
6387 23
6388 91
6389 382
6390 401
6391 30
6392 389
6393 272
6394 401
6395 16
6396 272
6397 325
6398 247
6399 325
6400 270
6401 325
6402 293
6403 342
6404 261
6405 278
6406 278
6407 263
6408 263
6409 263
6410 495
6411 495
6412 300
6413 150
6414 150
6415 145
6416 35
6417 246
6418 147
6419 150
6420 150
6421 345
6422 345
6423 345
6424 314
6425 345
6426 408
6427 408
6428 408
6429 408
6430 427
6431 427
6432 8
6433 6
6434 273
6435 277
6436 277
6437 30
6438 162
6439 32
6440 469
6441 469
6442 393
6443 396
6444 104
6445 104
6446 104
6447 79
6448 79
6449 79
6450 79
6451 79
6452 66
6453 66
6454 92
6455 111
6456 92
6457 395
6458 4
6459 349
6460 395
6461 4
6462 366
6463 242
6464 292
6465 366
6466 25
6467 48
6468 366
6469 176
6470 176
6471 82
6472 82
6473 439
6474 82
6475 82
6476 96
6477 96
6478 96
6479 244
6480 96
6481 96
6482 96
6483 86
6484 86
6485 86
6486 19
6487 144
6488 144
6489 22
6490 346
6491 13
6492 347
6493 346
6494 346
6495 13
6496 149
6497 149
6498 149
6499 109
6500 109
6501 427
6502 30
6503 443
6504 78
6505 12
6506 30
6507 184
6508 393
6509 405
6510 404
6511 40
6512 40
6513 277
6514 449
6515 451
6516 42
6517 491
6518 184
6519 121
6520 449
6521 18
6522 80
6523 477
6524 491
6525 171
6526 446
6527 69
6528 44
6529 15
6530 69
6531 208
6532 44
6533 103
6534 103
6535 103
6536 90
6537 90
6538 403
6539 16
6540 5
6541 430
6542 255
6543 255
6544 120
6545 120
6546 120
6547 293
6548 357
6549 357
6550 357
6551 54
6552 2
6553 357
6554 254
6555 254
6556 254
6557 254
6558 185
6559 185
6560 408
6561 408
6562 408
6563 370
6564 408
6565 412
6566 226
6567 408
6568 164
6569 410
6570 408
6571 379
6572 4
6573 379
6574 379
6575 379
6576 4
6577 158
6578 14
6579 158
6580 412
6581 158
6582 13
6583 415
6584 376
6585 415
6586 415
6587 13
6588 126
6589 27
6590 93
6591 451
6592 12
6593 202
6594 202
6595 202
6596 198
6597 30
6598 198
6599 198
6600 30
6601 100
6602 6
6603 88
6604 307
6605 100
6606 218
6607 10
6608 198
6609 198
6610 164
6611 198
6612 11
6613 198
6614 399
6615 399
6616 399
6617 399
6618 11
6619 366
6620 366
6621 197
6622 197
6623 197
6624 498
6625 399
6626 117
6627 147
6628 44
6629 44
6630 259
6631 259
6632 259
6633 327
6634 327
6635 20
6636 327
6637 408
6638 408
6639 408
6640 142
6641 408
6642 53
6643 91
6644 370
6645 476
6646 84
6647 370
6648 49
6649 49
6650 69
6651 183
6652 128
6653 124
6654 358
6655 25
6656 327
6657 358
6658 358
6659 7
6660 9
6661 25
6662 407
6663 466
6664 411
6665 466
6666 169
6667 196
6668 196
6669 397
6670 419
6671 196
6672 51
6673 248
6674 51
6675 197
6676 201
6677 201
6678 46
6679 223
6680 153
6681 153
6682 100
6683 401
6684 436
6685 13
6686 429
6687 26
6688 13
6689 163
6690 163
6691 122
6692 14
6693 227
6694 227
6695 227
6696 227
6697 311
6698 139
6699 139
6700 57
6701 431
6702 103
6703 450
6704 449
6705 449
6706 189
6707 96
6708 191
6709 189
6710 108
6711 108
6712 488
6713 225
6714 7
6715 211
6716 96
6717 249
6718 330
6719 458
6720 464
6721 204
6722 52
6723 19
6724 57
6725 25
6726 13
6727 364
6728 57
6729 25
6730 70
6731 70
6732 229
6733 473
6734 413
6735 415
6736 30
6737 65
6738 295
6739 287
6740 381
6741 381
6742 2
6743 365
6744 274
6745 281
6746 296
6747 274
6748 243
6749 243
6750 396
6751 396
6752 403
6753 9
6754 366
6755 414
6756 214
6757 256
6758 70
6759 184
6760 214
6761 6
6762 491
6763 177
6764 183
6765 183
6766 183
6767 183
6768 103
6769 183
6770 73
6771 73
6772 219
6773 222
6774 219
6775 219
6776 219
6777 463
6778 463
6779 463
6780 463
6781 463
6782 463
6783 193
6784 202
6785 491
6786 190
6787 4
6788 176
6789 176
6790 176
6791 176
6792 176
6793 176
6794 176
6795 472
6796 30
6797 209
6798 263
6799 472
6800 30
6801 303
6802 382
6803 57
6804 471
6805 380
6806 273
6807 382
6808 382
6809 235
6810 203
6811 197
6812 197
6813 197
6814 448
6815 448
6816 452
6817 448
6818 112
6819 112
6820 127
6821 127
6822 140
6823 202
6824 6
6825 105
6826 290
6827 290
6828 192
6829 192
6830 194
6831 192
6832 192
6833 192
6834 277
6835 277
6836 277
6837 277
6838 277
6839 277
6840 277
6841 364
6842 364
6843 297
6844 297
6845 214
6846 297
6847 226
6848 223
6849 223
6850 223
6851 9
6852 123
6853 298
6854 298
6855 298
6856 305
6857 269
6858 272
6859 246
6860 220
6861 220
6862 100
6863 384
6864 384
6865 165
6866 165
6867 341
6868 341
6869 5
6870 294
6871 5
6872 340
6873 447
6874 187
6875 445
6876 447
6877 447
6878 8
6879 25
6880 25
6881 25
6882 279
6883 279
6884 292
6885 292
6886 292
6887 292
6888 473
6889 471
6890 473
6891 473
6892 475
6893 90
6894 452
6895 456
6896 471
6897 471
6898 471
6899 324
6900 324
6901 297
6902 422
6903 324
6904 324
6905 498
6906 498
6907 498
6908 360
6909 365
6910 360
6911 148
6912 148
6913 144
6914 328
6915 390
6916 162
6917 420
6918 162
6919 379
6920 30
6921 14
6922 379
6923 172
6924 15
6925 172
6926 439
6927 313
6928 439
6929 316
6930 265
6931 439
6932 339
6933 360
6934 483
6935 483
6936 360
6937 5
6938 17
6939 68
6940 68
6941 128
6942 128
6943 128
6944 354
6945 181
6946 14
6947 181
6948 164
6949 164
6950 195
6951 164
6952 182
6953 354
6954 350
6955 354
6956 9
6957 54
6958 9
6959 354
6960 39
6961 182
6962 134
6963 444
6964 444
6965 15
6966 443
6967 347
6968 347
6969 476
6970 476
6971 476
6972 418
6973 39
6974 336
6975 336
6976 336
6977 336
6978 176
6979 46
6980 430
6981 183
6982 183
6983 12
6984 369
6985 31
6986 389
6987 84
6988 284
6989 38
6990 406
6991 406
6992 429
6993 412
6994 27
6995 103
6996 103
6997 355
6998 47
6999 21
7000 296
7001 280
7002 326
7003 349
7004 280
7005 105
7006 112
7007 452
7008 452
7009 152
7010 400
7011 323
7012 449
7013 400
7014 9
7015 453
7016 400
7017 329
7018 47
7019 329
7020 207
7021 115
7022 342
7023 207
7024 207
7025 220
7026 116
7027 116
7028 412
7029 12
7030 177
7031 200
7032 177
7033 436
7034 334
7035 436
7036 6
7037 35
7038 35
7039 35
7040 39
7041 35
7042 35
7043 242
7044 242
7045 242
7046 434
7047 11
7048 382
7049 434
7050 226
7051 354
7052 287
7053 193
7054 53
7055 440
7056 484
7057 53
7058 484
7059 114
7060 114
7061 114
7062 366
7063 484
7064 385
7065 43
7066 117
7067 385
7068 385
7069 390
7070 322
7071 322
7072 324
7073 492
7074 44
7075 208
7076 21
7077 199
7078 285
7079 425
7080 425
7081 426
7082 449
7083 432
7084 404
7085 241
7086 432
7087 119
7088 265
7089 119
7090 119
7091 382
7092 194
7093 382
7094 382
7095 25
7096 284
7097 284
7098 284
7099 284
7100 61
7101 489
7102 30
7103 15
7104 303
7105 116
7106 8
7107 152
7108 152
7109 400
7110 96
7111 460
7112 66
7113 218
7114 137
7115 52
7116 52
7117 21
7118 415
7119 179
7120 415
7121 106
7122 106
7123 106
7124 65
7125 193
7126 479
7127 65
7128 115
7129 208
7130 462
7131 208
7132 52
7133 208
7134 462
7135 208
7136 231
7137 19
7138 208
7139 281
7140 208
7141 208
7142 107
7143 196
7144 196
7145 196
7146 196
7147 485
7148 485
7149 370
7150 233
7151 245
7152 339
7153 89
7154 247
7155 382
7156 382
7157 20
7158 464
7159 40
7160 40
7161 40
7162 199
7163 199
7164 197
7165 170
7166 170
7167 170
7168 127
7169 361
7170 361
7171 361
7172 84
7173 452
7174 222
7175 361
7176 222
7177 64
7178 65
7179 490
7180 64
7181 190
7182 190
7183 215
7184 194
7185 399
7186 399
7187 399
7188 183
7189 183
7190 100
7191 183
7192 183
7193 183
7194 183
7195 330
7196 57
7197 7
7198 330
7199 458
7200 2
7201 458
7202 458
7203 373
7204 415
7205 282
7206 299
7207 11
7208 299
7209 2
7210 485
7211 485
7212 485
7213 384
7214 485
7215 485
7216 485
7217 383
7218 383
7219 342
7220 386
7221 179
7222 51
7223 14
7224 51
7225 175
7226 31
7227 122
7228 181
7229 122
7230 181
7231 251
7232 292
7233 19
7234 226
7235 251
7236 449
7237 125
7238 136
7239 125
7240 136
7241 82
7242 82
7243 82
7244 113
7245 69
7246 82
7247 467
7248 343
7249 343
7250 467
7251 53
7252 203
7253 282
7254 6
7255 446
7256 346
7257 7
7258 102
7259 102
7260 201
7261 203
7262 202
7263 199
7264 261
7265 425
7266 216
7267 216
7268 216
7269 238
7270 216
7271 263
7272 238
7273 471
7274 471
7275 5
7276 5
7277 330
7278 330
7279 107
7280 107
7281 443
7282 29
7283 72
7284 107
7285 416
7286 49
7287 416
7288 337
7289 90
7290 305
7291 49
7292 416
7293 416
7294 267
7295 267
7296 267
7297 370
7298 169
7299 206
7300 157
7301 213
7302 213
7303 19
7304 284
7305 284
7306 284
7307 284
7308 284
7309 337
7310 288
7311 284
7312 337
7313 288
7314 483
7315 47
7316 284
7317 284
7318 446
7319 323
7320 323
7321 328
7322 323
7323 323
7324 323
7325 323
7326 323
7327 268
7328 323
7329 323
7330 362
7331 371
7332 362
7333 15
7334 17
7335 30
7336 80
7337 30
7338 393
7339 393
7340 355
7341 420
7342 288
7343 316
7344 316
7345 316
7346 295
7347 316
7348 316
7349 316
7350 292
7351 316
7352 316
7353 316
7354 324
7355 324
7356 357
7357 455
7358 420
7359 455
7360 63
7361 63
7362 361
7363 102
7364 102
7365 102
7366 222
7367 222
7368 400
7369 400
7370 443
7371 476
7372 489
7373 400
7374 306
7375 306
7376 168
7377 429
7378 429
7379 401
7380 133
7381 466
7382 22
7383 171
7384 133
7385 355
7386 23
7387 355
7388 472
7389 280
7390 280
7391 362
7392 295
7393 495
7394 333
7395 319
7396 182
7397 20
7398 182
7399 421
7400 182
7401 22
7402 20
7403 58
7404 182
7405 59
7406 30
7407 38
7408 182
7409 263
7410 261
7411 263
7412 310
7413 448
7414 310
7415 451
7416 209
7417 6
7418 327
7419 327
7420 304
7421 17
7422 459
7423 459
7424 34
7425 35
7426 162
7427 34
7428 39
7429 341
7430 341
7431 53
7432 53
7433 437
7434 437
7435 437
7436 17
7437 218
7438 477
7439 115
7440 335
7441 218
7442 200
7443 225
7444 225
7445 225
7446 225
7447 225
7448 225
7449 225
7450 225
7451 331
7452 28
7453 314
7454 418
7455 30
7456 59
7457 275
7458 275
7459 275
7460 275
7461 275
7462 276
7463 275
7464 138
7465 487
7466 240
7467 389
7468 421
7469 138
7470 253
7471 253
7472 207
7473 253
7474 240
7475 279
7476 226
7477 240
7478 279
7479 442
7480 293
7481 442
7482 316
7483 442
7484 435
7485 435
7486 31
7487 435
7488 61
7489 4
7490 13
7491 35
7492 61
7493 369
7494 61
7495 223
7496 223
7497 226
7498 223
7499 223
7500 223
7501 2
7502 209
7503 29
7504 209
7505 14
7506 209
7507 29
7508 209
7509 216
7510 14
7511 209
7512 209
7513 274
7514 274
7515 274
7516 78
7517 182
7518 19
7519 18
7520 20
7521 19
7522 182
7523 236
7524 21
7525 12
7526 239
7527 158
7528 191
7529 158
7530 127
7531 127
7532 127
7533 127
7534 127
7535 173
7536 9
7537 247
7538 211
7539 450
7540 411
7541 460
7542 440
7543 28
7544 450
7545 450
7546 63
7547 277
7548 60
7549 63
7550 63
7551 418
7552 390
7553 359
7554 359
7555 359
7556 445
7557 445
7558 215
7559 115
7560 46
7561 242
7562 297
7563 242
7564 100
7565 459
7566 252
7567 252
7568 211
7569 252
7570 252
7571 44
7572 44
7573 282
7574 282
7575 484
7576 284
7577 118
7578 276
7579 44
7580 44
7581 44
7582 368
7583 370
7584 252
7585 368
7586 368
7587 405
7588 9
7589 9
7590 277
7591 19
7592 296
7593 368
7594 453
7595 488
7596 281
7597 277
7598 281
7599 277
7600 488
7601 277
7602 243
7603 243
7604 243
7605 466
7606 466
7607 466
7608 281
7609 260
7610 490
7611 281
7612 379
7613 105
7614 105
7615 105
7616 105
7617 327
7618 327
7619 218
7620 378
7621 295
7622 124
7623 263
7624 124
7625 327
7626 410
7627 410
7628 264
7629 326
7630 251
7631 251
7632 29
7633 18
7634 386
7635 71
7636 386
7637 386
7638 156
7639 492
7640 156
7641 492
7642 485
7643 485
7644 22
7645 485
7646 253
7647 409
7648 310
7649 382
7650 113
7651 382
7652 382
7653 382
7654 427
7655 414
7656 363
7657 409
7658 370
7659 319
7660 363
7661 302
7662 475
7663 397
7664 202
7665 397
7666 7
7667 486
7668 397
7669 418
7670 443
7671 86
7672 78
7673 401
7674 6
7675 476
7676 459
7677 253
7678 253
7679 312
7680 227
7681 26
7682 472
7683 472
7684 23
7685 256
7686 18
7687 367
7688 18
7689 471
7690 23
7691 21
7692 87
7693 87
7694 367
7695 437
7696 437
7697 66
7698 369
7699 387
7700 369
7701 19
7702 281
7703 281
7704 281
7705 254
7706 312
7707 5
7708 312
7709 421
7710 46
7711 16
7712 421
7713 426
7714 380
7715 50
7716 164
7717 339
7718 104
7719 14
7720 451
7721 377
7722 31
7723 380
7724 377
7725 242
7726 473
7727 473
7728 181
7729 181
7730 47
7731 9
7732 207
7733 486
7734 278
7735 181
7736 157
7737 157
7738 157
7739 157
7740 404
7741 343
7742 185
7743 299
7744 299
7745 299
7746 170
7747 170
7748 170
7749 286
7750 471
7751 170
7752 414
7753 452
7754 457
7755 457
7756 457
7757 87
7758 14
7759 87
7760 245
7761 444
7762 439
7763 438
7764 439
7765 120
7766 106
7767 172
7768 426
7769 468
7770 397
7771 426
7772 426
7773 426
7774 426
7775 314
7776 248
7777 420
7778 426
7779 426
7780 12
7781 60
7782 30
7783 315
7784 60
7785 244
7786 24
7787 17
7788 30
7789 222
7790 17
7791 4
7792 4
7793 24
7794 473
7795 118
7796 292
7797 286
7798 238
7799 286
7800 454
7801 228
7802 318
7803 78
7804 228
7805 400
7806 304
7807 400
7808 70
7809 310
7810 228
7811 318
7812 466
7813 466
7814 440
7815 350
7816 466
7817 207
7818 105
7819 350
7820 350
7821 221
7822 221
7823 331
7824 477
7825 136
7826 333
7827 50
7828 2
7829 50
7830 370
7831 24
7832 315
7833 50
7834 20
7835 193
7836 27
7837 24
7838 385
7839 27
7840 232
7841 232
7842 232
7843 232
7844 232
7845 232
7846 15
7847 129
7848 9
7849 207
7850 129
7851 129
7852 9
7853 85
7854 69
7855 473
7856 473
7857 379
7858 95
7859 95
7860 95
7861 31
7862 95
7863 270
7864 401
7865 19
7866 270
7867 419
7868 224
7869 224
7870 224
7871 224
7872 421
7873 421
7874 421
7875 46
7876 243
7877 243
7878 243
7879 55
7880 106
7881 106
7882 100
7883 100
7884 428
7885 295
7886 242
7887 465
7888 465
7889 268
7890 273
7891 297
7892 10
7893 29
7894 304
7895 349
7896 304
7897 138
7898 389
7899 472
7900 14
7901 342
7902 23
7903 311
7904 342
7905 18
7906 74
7907 342
7908 23
7909 342
7910 342
7911 342
7912 488
7913 342
7914 342
7915 342
7916 460
7917 342
7918 290
7919 290
7920 290
7921 420
7922 298
7923 303
7924 298
7925 81
7926 298
7927 303
7928 239
7929 239
7930 239
7931 97
7932 97
7933 97
7934 242
7935 395
7936 182
7937 7
7938 15
7939 410
7940 350
7941 452
7942 452
7943 461
7944 266
7945 279
7946 266
7947 266
7948 334
7949 267
7950 465
7951 465
7952 465
7953 98
7954 465
7955 185
7956 185
7957 50
7958 431
7959 416
7960 141
7961 431
7962 473
7963 260
7964 281
7965 272
7966 281
7967 284
7968 272
7969 281
7970 132
7971 40
7972 40
7973 124
7974 494
7975 124
7976 328
7977 184
7978 404
7979 184
7980 124
7981 81
7982 92
7983 81
7984 2
7985 2
7986 81
7987 62
7988 84
7989 214
7990 398
7991 214
7992 382
7993 382
7994 382
7995 49
7996 358
7997 284
7998 381
7999 477
8000 50
8001 485
8002 284
8003 49
8004 358
8005 203
8006 193
8007 202
8008 356
8009 193
8010 389
8011 401
8012 17
8013 28
8014 96
8015 52
8016 28
8017 28
8018 52
8019 249
8020 395
8021 482
8022 469
8023 122
8024 109
8025 469
8026 305
8027 305
8028 305
8029 169
8030 169
8031 169
8032 471
8033 395
8034 471
8035 13
8036 471
8037 471
8038 147
8039 218
8040 471
8041 220
8042 220
8043 153
8044 221
8045 95
8046 308
8047 111
8048 397
8049 95
8050 95
8051 59
8052 18
8053 442
8054 407
8055 277
8056 407
8057 407
8058 407
8059 407
8060 11
8061 35
8062 35
8063 300
8064 4
8065 431
8066 246
8067 51
8068 306
8069 306
8070 238
8071 420
8072 420
8073 416
8074 420
8075 211
8076 9
8077 238
8078 61
8079 409
8080 409
8081 6
8082 328
8083 371
8084 68
8085 68
8086 274
8087 276
8088 226
8089 171
8090 171
8091 171
8092 171
8093 52
8094 4
8095 319
8096 352
8097 368
8098 481
8099 146
8100 175
8101 146
8102 173
8103 173
8104 59
8105 126
8106 126
8107 126
8108 399
8109 399
8110 399
8111 275
8112 90
8113 93
8114 90
8115 321
8116 321
8117 326
8118 464
8119 464
8120 318
8121 6
8122 230
8123 230
8124 41
8125 41
8126 41
8127 231
8128 231
8129 417
8130 417
8131 417
8132 271
8133 271
8134 271
8135 331
8136 331
8137 194
8138 342
8139 28
8140 342
8141 392
8142 397
8143 392
8144 178
8145 392
8146 392
8147 392
8148 465
8149 465
8150 89
8151 89
8152 89
8153 89
8154 89
8155 98
8156 98
8157 7
8158 415
8159 415
8160 333
8161 457
8162 408
8163 144
8164 408
8165 294
8166 438
8167 497
8168 18
8169 12
8170 438
8171 268
8172 182
8173 182
8174 123
8175 28
8176 123
8177 301
8178 478
8179 301
8180 57
8181 57
8182 57
8183 19
8184 19
8185 397
8186 139
8187 147
8188 255
8189 255
8190 255
8191 113
8192 170
8193 73
8194 6
8195 50
8196 388
8197 459
8198 388
8199 104
8200 346
8201 361
8202 346
8203 136
8204 136
8205 172
8206 25
8207 473
8208 25
8209 310
8210 483
8211 319
8212 372
8213 372
8214 159
8215 159
8216 293
8217 297
8218 264
8219 57
8220 285
8221 288
8222 297
8223 293
8224 70
8225 452
8226 351
8227 78
8228 479
8229 479
8230 467
8231 479
8232 310
8233 464
8234 295
8235 287
8236 414
8237 6
8238 296
8239 421
8240 352
8241 352
8242 352
8243 22
8244 148
8245 121
8246 183
8247 459
8248 1
8249 401
8250 306
8251 306
8252 306
8253 306
8254 288
8255 50
8256 137
8257 137
8258 350
8259 57
8260 39
8261 21
8262 185
8263 28
8264 64
8265 64
8266 64
8267 10
8268 428
8269 214
8270 214
8271 364
8272 364
8273 137
8274 364
8275 78
8276 335
8277 78
8278 335
8279 404
8280 404
8281 380
8282 427
8283 354
8284 354
8285 354
8286 354
8287 354
8288 293
8289 242
8290 293
8291 187
8292 183
8293 183
8294 210
8295 210
8296 210
8297 62
8298 25
8299 156
8300 156
8301 201
8302 201
8303 201
8304 124
8305 7
8306 59
8307 59
8308 162
8309 475
8310 475
8311 164
8312 257
8313 257
8314 47
8315 31
8316 370
8317 175
8318 175
8319 13
8320 7
8321 214
8322 181
8323 309
8324 404
8325 404
8326 174
8327 174
8328 174
8329 174
8330 135
8331 135
8332 221
8333 221
8334 221
8335 61
8336 61
8337 239
8338 239
8339 41
8340 317
8341 308
8342 9
8343 23
8344 15
8345 317
8346 329
8347 44
8348 23
8349 51
8350 44
8351 268
8352 332
8353 178
8354 404
8355 178
8356 403
8357 408
8358 240
8359 240
8360 9
8361 248
8362 66
8363 427
8364 66
8365 328
8366 365
8367 335
8368 19
8369 19
8370 452
8371 19
8372 40
8373 40
8374 40
8375 200
8376 200
8377 380
8378 11
8379 380
8380 380
8381 380
8382 380
8383 254
8384 380
8385 388
8386 18
8387 18
8388 388
8389 481
8390 17
8391 481
8392 481
8393 286
8394 286
8395 286
8396 301
8397 4
8398 286
8399 126
8400 126
8401 126
8402 126
8403 303
8404 255
8405 255
8406 456
8407 54
8408 115
8409 438
8410 492
8411 115
8412 115
8413 175
8414 392
8415 392
8416 392
8417 28
8418 10
8419 125
8420 125
8421 125
8422 174
8423 125
8424 44
8425 475
8426 475
8427 475
8428 459
8429 255
8430 434
8431 351
8432 57
8433 11
8434 434
8435 203
8436 3
8437 3
8438 440
8439 490
8440 288
8441 490
8442 389
8443 389
8444 389
8445 195
8446 195
8447 117
8448 257
8449 11
8450 117
8451 401
8452 395
8453 178
8454 6
8455 178
8456 441
8457 352
8458 352
8459 352
8460 46
8461 324
8462 193
8463 46
8464 62
8465 46
8466 44
8467 44
8468 392
8469 392
8470 353
8471 353
8472 353
8473 300
8474 300
8475 301
8476 300
8477 5
8478 279
8479 300
8480 339
8481 339
8482 373
8483 339
8484 7
8485 339
8486 327
8487 90
8488 284
8489 90
8490 30
8491 448
8492 448
8493 448
8494 448
8495 162
8496 230
8497 162
8498 334
8499 162
8500 123
8501 84
8502 11
8503 84
8504 125
8505 125
8506 125
8507 343
8508 285
8509 40
8510 40
8511 324
8512 168
8513 29
8514 168
8515 168
8516 233
8517 284
8518 2
8519 297
8520 421
8521 241
8522 382
8523 328
8524 16
8525 44
8526 184
8527 16
8528 44
8529 183
8530 183
8531 183
8532 183
8533 159
8534 159
8535 159
8536 468
8537 9
8538 121
8539 121
8540 76
8541 76
8542 76
8543 76
8544 29
8545 310
8546 242
8547 36
8548 36
8549 295
8550 18
8551 295
8552 297
8553 492
8554 476
8555 293
8556 297
8557 287
8558 262
8559 297
8560 295
8561 381
8562 381
8563 381
8564 297
8565 115
8566 440
8567 401
8568 1
8569 317
8570 440
8571 70
8572 440
8573 440
8574 440
8575 440
8576 23
8577 440
8578 440
8579 231
8580 231
8581 231
8582 319
8583 319
8584 97
8585 126
8586 131
8587 126
8588 126
8589 126
8590 126
8591 134
8592 109
8593 131
8594 131
8595 228
8596 228
8597 27
8598 228
8599 208
8600 208
8601 208
8602 26
8603 171
8604 171
8605 322
8606 14
8607 322
8608 322
8609 315
8610 411
8611 315
8612 315
8613 315
8614 315
8615 475
8616 93
8617 475
8618 78
8619 162
8620 276
8621 276
8622 29
8623 11
8624 10
8625 492
8626 458
8627 458
8628 7
8629 458
8630 381
8631 381
8632 26
8633 348
8634 251
8635 127
8636 423
8637 5
8638 423
8639 446
8640 446
8641 497
8642 290
8643 290
8644 290
8645 263
8646 290
8647 198
8648 198
8649 198
8650 198
8651 198
8652 377
8653 408
8654 378
8655 377
8656 387
8657 13
8658 387
8659 30
8660 97
8661 97
8662 62
8663 45
8664 49
8665 92
8666 15
8667 79
8668 79
8669 2
8670 13
8671 31
8672 328
8673 265
8674 414
8675 46
8676 281
8677 347
8678 351
8679 336
8680 352
8681 3
8682 336
8683 229
8684 147
8685 164
8686 229
8687 147
8688 226
8689 226
8690 285
8691 446
8692 446
8693 443
8694 443
8695 359
8696 443
8697 186
8698 186
8699 189
8700 189
8701 373
8702 409
8703 189
8704 69
8705 391
8706 391
8707 207
8708 207
8709 207
8710 17
8711 212
8712 202
8713 106
8714 222
8715 202
8716 116
8717 397
8718 388
8719 397
8720 397
8721 59
8722 59
8723 337
8724 419
8725 448
8726 337
8727 343
8728 368
8729 368
8730 245
8731 117
8732 445
8733 356
8734 117
8735 26
8736 218
8737 45
8738 397
8739 442
8740 45
8741 412
8742 412
8743 305
8744 422
8745 131
8746 131
8747 234
8748 234
8749 38
8750 38
8751 38
8752 479
8753 479
8754 479
8755 391
8756 391
8757 391
8758 79
8759 79
8760 37
8761 37
8762 37
8763 37
8764 37
8765 37
8766 7
8767 201
8768 47
8769 61
8770 6
8771 21
8772 81
8773 26
8774 84
8775 81
8776 81
8777 4
8778 4
8779 81
8780 26
8781 311
8782 261
8783 433
8784 311
8785 427
8786 345
8787 263
8788 311
8789 311
8790 287
8791 469
8792 49
8793 226
8794 210
8795 210
8796 73
8797 46
8798 73
8799 446
8800 442
8801 470
8802 470
8803 421
8804 470
8805 45
8806 278
8807 334
8808 334
8809 160
8810 180
8811 369
8812 486
8813 385
8814 17
8815 395
8816 395
8817 119
8818 25
8819 93
8820 119
8821 25
8822 275
8823 275
8824 275
8825 275
8826 210
8827 201
8828 201
8829 75
8830 98
8831 313
8832 313
8833 247
8834 465
8835 388
8836 465
8837 465
8838 23
8839 465
8840 81
8841 81
8842 227
8843 227
8844 370
8845 395
8846 361
8847 2
8848 172
8849 12
8850 14
8851 395
8852 395
8853 253
8854 452
8855 280
8856 466
8857 253
8858 184
8859 427
8860 380
8861 427
8862 370
8863 377
8864 370
8865 436
8866 472
8867 472
8868 200
8869 200
8870 200
8871 463
8872 463
8873 463
8874 303
8875 303
8876 438
8877 385
8878 390
8879 74
8880 11
8881 284
8882 45
8883 284
8884 284
8885 45
8886 311
8887 273
8888 498
8889 61
8890 460
8891 130
8892 130
8893 130
8894 274
8895 48
8896 233
8897 48
8898 7
8899 372
8900 409
8901 8
8902 413
8903 7
8904 72
8905 72
8906 183
8907 72
8908 32
8909 39
8910 35
8911 32
8912 39
8913 39
8914 218
8915 209
8916 61
8917 294
8918 209
8919 496
8920 92
8921 308
8922 464
8923 24
8924 308
8925 416
8926 498
8927 416
8928 416
8929 57
8930 338
8931 349
8932 187
8933 187
8934 271
8935 20
8936 271
8937 437
8938 252
8939 467
8940 467
8941 247
8942 146
8943 146
8944 146
8945 146
8946 145
8947 444
8948 125
8949 444
8950 134
8951 134
8952 134
8953 134
8954 38
8955 474
8956 200
8957 200
8958 414
8959 481
8960 414
8961 414
8962 16
8963 223
8964 223
8965 226
8966 7
8967 7
8968 296
8969 223
8970 226
8971 211
8972 335
8973 183
8974 335
8975 335
8976 386
8977 187
8978 335
8979 261
8980 52
8981 14
8982 150
8983 150
8984 463
8985 463
8986 463
8987 458
8988 463
8989 51
8990 51
8991 51
8992 51
8993 470
8994 470
8995 300
8996 352
8997 217
8998 68
8999 68
9000 238
9001 238
9002 358
9003 76
9004 16
9005 416
9006 76
9007 473
9008 358
9009 124
9010 123
9011 123
9012 200
9013 200
9014 206
9015 235
9016 27
9017 235
9018 331
9019 331
9020 331
9021 295
9022 295
9023 84
9024 84
9025 84
9026 117
9027 451
9028 242
9029 195
9030 115
9031 115
9032 317
9033 317
9034 228
9035 141
9036 141
9037 141
9038 141
9039 203
9040 184
9041 184
9042 185
9043 488
9044 488
9045 488
9046 488
9047 175
9048 488
9049 364
9050 87
9051 468
9052 107
9053 107
9054 107
9055 360
9056 25
9057 360
9058 298
9059 367
9060 360
9061 25
9062 227
9063 447
9064 227
9065 336
9066 447
9067 120
9068 58
9069 194
9070 194
9071 194
9072 11
9073 194
9074 28
9075 456
9076 456
9077 15
9078 334
9079 310
9080 310
9081 277
9082 277
9083 435
9084 277
9085 23
9086 277
9087 104
9088 104
9089 118
9090 104
9091 304
9092 304
9093 303
9094 93
9095 390
9096 248
9097 248
9098 144
9099 98
9100 144
9101 142
9102 173
9103 489
9104 497
9105 456
9106 456
9107 457
9108 70
9109 261
9110 261
9111 28
9112 219
9113 434
9114 434
9115 219
9116 219
9117 346
9118 346
9119 361
9120 361
9121 334
9122 361
9123 359
9124 264
9125 359
9126 163
9127 13
9128 412
9129 163
9130 13
9131 114
9132 406
9133 114
9134 19
9135 114
9136 296
9137 268
9138 57
9139 257
9140 268
9141 45
9142 45
9143 45
9144 434
9145 434
9146 488
9147 23
9148 225
9149 7
9150 20
9151 21
9152 207
9153 206
9154 5
9155 72
9156 73
9157 72
9158 72
9159 59
9160 133
9161 133
9162 133
9163 243
9164 323
9165 15
9166 295
9167 295
9168 356
9169 356
9170 54
9171 284
9172 377
9173 444
9174 377
9175 67
9176 377
9177 402
9178 485
9179 247
9180 420
9181 402
9182 475
9183 490
9184 475
9185 272
9186 490
9187 274
9188 269
9189 274
9190 274
9191 274
9192 269
9193 246
9194 25
9195 29
9196 424
9197 17
9198 25
9199 424
9200 159
9201 159
9202 43
9203 54
9204 387
9205 494
9206 387
9207 272
9208 390
9209 383
9210 494
9211 272
9212 133
9213 133
9214 133
9215 133
9216 133
9217 209
9218 209
9219 263
9220 263
9221 362
9222 263
9223 263
9224 233
9225 86
9226 495
9227 318
9228 143
9229 143
9230 143
9231 143
9232 75
9233 143
9234 143
9235 144
9236 139
9237 200
9238 149
9239 144
9240 149
9241 405
9242 86
9243 77
9244 398
9245 405
9246 78
9247 78
9248 78
9249 78
9250 86
9251 93
9252 234
9253 130
9254 419
9255 419
9256 9
9257 419
9258 429
9259 57
9260 57
9261 57
9262 57
9263 57
9264 57
9265 57
9266 234
9267 234
9268 122
9269 8
9270 324
9271 59
9272 324
9273 19
9274 69
9275 304
9276 304
9277 304
9278 304
9279 425
9280 425
9281 274
9282 274
9283 457
9284 277
9285 274
9286 274
9287 257
9288 438
9289 429
9290 429
9291 476
9292 476
9293 164
9294 460
9295 300
9296 460
9297 364
9298 325
9299 328
9300 256
9301 390
9302 256
9303 390
9304 359
9305 428
9306 359
9307 317
9308 317
9309 327
9310 457
9311 156
9312 317
9313 436
9314 397
9315 497
9316 58
9317 58
9318 94
9319 94
9320 9
9321 414
9322 405
9323 208
9324 335
9325 405
9326 377
9327 377
9328 61
9329 172
9330 61
9331 61
9332 61
9333 222
9334 222
9335 28
9336 222
9337 24
9338 216
9339 24
9340 222
9341 142
9342 302
9343 302
9344 335
9345 335
9346 331
9347 464
9348 27
9349 216
9350 216
9351 103
9352 103
9353 424
9354 340
9355 426
9356 261
9357 249
9358 424
9359 424
9360 237
9361 239
9362 146
9363 237
9364 237
9365 212
9366 238
9367 10
9368 238
9369 238
9370 10
9371 70
9372 61
9373 58
9374 78
9375 78
9376 426
9377 377
9378 55
9379 8
9380 247
9381 60
9382 28
9383 122
9384 269
9385 267
9386 447
9387 272
9388 261
9389 294
9390 316
9391 42
9392 316
9393 316
9394 316
9395 316
9396 316
9397 176
9398 195
9399 176
9400 207
9401 176
9402 493
9403 493
9404 493
9405 271
9406 14
9407 271
9408 131
9409 136
9410 133
9411 133
9412 477
9413 421
9414 419
9415 10
9416 305
9417 8
9418 350
9419 351
9420 98
9421 99
9422 98
9423 424
9424 194
9425 99
9426 383
9427 347
9428 347
9429 432
9430 361
9431 14
9432 84
9433 84
9434 84
9435 232
9436 232
9437 341
9438 53
9439 364
9440 121
9441 132
9442 135
9443 132
9444 132
9445 135
9446 137
9447 132
9448 132
9449 343
9450 364
9451 343
9452 343
9453 151
9454 151
9455 377
9456 199
9457 350
9458 350
9459 350
9460 400
9461 260
9462 464
9463 350
9464 400
9465 260
9466 459
9467 350
9468 213
9469 213
9470 416
9471 24
9472 114
9473 114
9474 266
9475 266
9476 24
9477 33
9478 33
9479 33
9480 39
9481 365
9482 365
9483 121
9484 216
9485 216
9486 199
9487 216
9488 27
9489 106
9490 195
9491 278
9492 106
9493 364
9494 364
9495 263
9496 364
9497 484
9498 161
9499 294
9500 122
9501 122
9502 122
9503 179
9504 160
9505 391
9506 13
9507 317
9508 319
9509 317
9510 317
9511 495
9512 495
9513 389
9514 221
9515 193
9516 2
9517 364
9518 204
9519 204
9520 204
9521 208
9522 170
9523 208
9524 208
9525 208
9526 291
9527 291
9528 38
9529 355
9530 355
9531 85
9532 365
9533 81
9534 233
9535 233
9536 233
9537 471
9538 62
9539 471
9540 318
9541 318
9542 73
9543 261
9544 53
9545 53
9546 388
9547 451
9548 17
9549 17
9550 18
9551 467
9552 396
9553 46
9554 396
9555 396
9556 66
9557 445
9558 341
9559 337
9560 16
9561 289
9562 341
9563 298
9564 298
9565 301
9566 301
9567 130
9568 130
9569 316
9570 475
9571 316
9572 57
9573 26
9574 342
9575 57
9576 347
9577 347
9578 476
9579 440
9580 476
9581 446
9582 97
9583 429
9584 243
9585 449
9586 446
9587 117
9588 482
9589 23
9590 277
9591 117
9592 498
9593 293
9594 293
9595 5
9596 428
9597 429
9598 428
9599 379
9600 418
9601 379
9602 371
9603 371
9604 225
9605 21
9606 21
9607 116
9608 218
9609 137
9610 17
9611 482
9612 426
9613 426
9614 149
9615 27
9616 272
9617 67
9618 413
9619 375
9620 162
9621 338
9622 375
9623 187
9624 135
9625 489
9626 489
9627 379
9628 379
9629 379
9630 379
9631 56
9632 56
9633 264
9634 264
9635 264
9636 256
9637 68
9638 68
9639 68
9640 266
9641 266
9642 59
9643 129
9644 94
9645 58
9646 58
9647 331
9648 187
9649 103
9650 103
9651 7
9652 30
9653 105
9654 221
9655 222
9656 221
9657 221
9658 221
9659 336
9660 244
9661 5
9662 273
9663 418
9664 324
9665 27
9666 429
9667 365
9668 46
9669 14
9670 42
9671 42
9672 94
9673 434
9674 42
9675 42
9676 94
9677 372
9678 372
9679 359
9680 281
9681 359
9682 359
9683 320
9684 297
9685 320
9686 4
9687 318
9688 320
9689 408
9690 483
9691 483
9692 199
9693 199
9694 199
9695 241
9696 253
9697 359
9698 101
9699 359
9700 70
9701 270
9702 349
9703 477
9704 70
9705 270
9706 70
9707 84
9708 116
9709 14
9710 210
9711 310
9712 310
9713 452
9714 497
9715 497
9716 462
9717 466
9718 462
9719 462
9720 275
9721 275
9722 235
9723 235
9724 307
9725 441
9726 205
9727 233
9728 205
9729 158
9730 158
9731 164
9732 405
9733 405
9734 379
9735 230
9736 420
9737 405
9738 166
9739 166
9740 312
9741 312
9742 312
9743 494
9744 182
9745 460
9746 494
9747 312
9748 430
9749 431
9750 480
9751 480
9752 177
9753 5
9754 7
9755 470
9756 355
9757 416
9758 472
9759 470
9760 470
9761 253
9762 253
9763 227
9764 221
9765 230
9766 102
9767 170
9768 170
9769 94
9770 123
9771 123
9772 347
9773 372
9774 292
9775 292
9776 89
9777 292
9778 89
9779 123
9780 123
9781 123
9782 15
9783 376
9784 376
9785 376
9786 225
9787 111
9788 402
9789 402
9790 122
9791 481
9792 483
9793 347
9794 446
9795 436
9796 20
9797 2
9798 379
9799 135
9800 135
9801 257
9802 257
9803 257
9804 123
9805 345
9806 68
9807 13
9808 23
9809 321
9810 349
9811 454
9812 328
9813 454
9814 308
9815 308
9816 172
9817 194
9818 194
9819 194
9820 246
9821 403
9822 403
9823 403
9824 315
9825 174
9826 31
9827 7
9828 7
9829 448
9830 448
9831 58
9832 448
9833 289
9834 448
9835 295
9836 345
9837 345
9838 379
9839 379
9840 377
9841 379
9842 377
9843 319
9844 181
9845 314
9846 263
9847 21
9848 314
9849 381
9850 58
9851 257
9852 3
9853 482
9854 482
9855 482
9856 303
9857 303
9858 495
9859 495
9860 350
9861 411
9862 80
9863 80
9864 80
9865 80
9866 80
9867 48
9868 172
9869 48
9870 48
9871 48
9872 48
9873 59
9874 17
9875 48
9876 15
9877 251
9878 18
9879 22
9880 433
9881 251
9882 75
9883 75
9884 282
9885 22
9886 139
9887 136
9888 177
9889 177
9890 103
9891 57
9892 5
9893 486
9894 57
9895 59
9896 59
9897 384
9898 178
9899 440
9900 384
9901 334
9902 334
9903 178
9904 421
9905 288
9906 429
9907 84
9908 367
9909 153
9910 213
9911 464
9912 463
9913 213
9914 213
9915 181
9916 450
9917 181
9918 367
9919 181
9920 181
9921 81
9922 81
9923 342
9924 81
9925 262
9926 262
9927 263
9928 443
9929 276
9930 443
9931 319
9932 443
9933 400
9934 272
9935 400
9936 402
9937 89
9938 89
9939 351
9940 238
9941 345
9942 363
9943 363
9944 363
9945 363
9946 213
9947 213
9948 409
9949 407
9950 409
9951 409
9952 468
9953 430
9954 461
9955 430
9956 183
9957 439
9958 483
9959 430
9960 331
9961 331
9962 332
9963 331
9964 331
9965 452
9966 479
9967 479
9968 130
9969 11
9970 130
9971 130
9972 41
9973 41
9974 112
9975 10
9976 242
9977 380
9978 482
9979 380
9980 145
9981 145
9982 369
9983 369
9984 269
9985 74
9986 74
9987 92
9988 144
9989 144
9990 370
9991 93
9992 76
9993 245
9994 245
9995 245
9996 202
9997 198
9998 93
9999 238
