0 655
1 18
2 655
3 21
4 527
5 23
6 685
7 3
8 0
9 0
10 150
11 4
12 52
13 150
14 150
15 0
16 1
17 2
18 2
19 1
20 0
21 4
22 466
23 150
24 150
25 432
26 298
27 15
28 61
29 432
30 895
31 1
32 0
33 110
34 93
35 298
36 431
37 432
38 446
39 365
40 457
41 53
42 446
43 446
44 446
45 0
46 0
47 916
48 663
49 532
50 4
51 3
52 0
53 663
54 691
55 656
56 338
57 16
58 5
59 104
60 0
61 0
62 1
63 2
64 16
65 464
66 836
67 501
68 836
69 671
70 836
71 527
72 0
73 857
74 834
75 857
76 481
77 857
78 0
79 877
80 138
81 138
82 145
83 0
84 141
85 0
86 141
87 6
88 167
89 167
90 26
91 167
92 981
93 830
94 51
95 981
96 981
97 0
98 2
99 5
100 51
101 830
102 45
103 86
104 45
105 45
106 0
107 590
108 781
109 734
110 22
111 593
112 135
113 814
114 734
115 77
116 47
117 135
118 0
119 0
120 402
121 141
122 3
123 141
124 141
125 141
126 402
127 963
128 18
129 545
130 539
131 963
132 963
133 529
134 370
135 963
136 2
137 18
138 601
139 431
140 601
141 209
142 601
143 20
144 20
145 431
146 530
147 623
148 18
149 24
150 17
151 3
152 519
153 973
154 973
155 1
156 2
157 1
158 17
159 975
160 975
161 51
162 800
163 0
164 800
165 635
166 722
167 662
168 635
169 765
170 26
171 855
172 635
173 277
174 252
175 277
176 277
177 277
178 0
179 366
180 750
181 85
182 80
183 529
184 529
185 11
186 85
187 727
188 750
189 80
190 643
191 472
192 21
193 934
194 21
195 20
196 3
197 367
198 16
199 29
200 340
201 29
202 701
203 1
204 409
205 308
206 278
207 838
208 0
209 579
210 579
211 250
212 301
213 306
214 250
215 307
216 0
217 616
218 616
219 616
220 0
221 725
222 165
223 712
224 15
225 9
226 29
227 0
228 122
229 2
230 1
231 77
232 27
233 26
234 725
235 10
236 873
237 691
238 165
239 779
240 432
241 1
242 225
243 579
244 225
245 966
246 902
247 555
248 225
249 3
250 0
251 45
252 45
253 45
254 45
255 45
256 45
257 45
258 969
259 836
260 969
261 969
262 0
263 740
264 874
265 11
266 0
267 4
268 11
269 874
270 375
271 399
272 375
273 1
274 2
275 2
276 460
277 460
278 1
279 1
280 460
281 587
282 789
283 587
284 936
285 40
286 818
287 0
288 0
289 40
290 818
291 789
292 687
293 897
294 687
295 22
296 897
297 687
298 734
299 3
300 3
301 131
302 131
303 131
304 131
305 131
306 0
307 52
308 1
309 165
310 170
311 131
312 131
313 911
314 911
315 918
316 55
317 918
318 12
319 0
320 12
321 54
322 980
323 823
324 645
325 645
326 643
327 645
328 645
329 59
330 100
331 638
332 233
333 63
334 638
335 15
336 63
337 638
338 398
339 233
340 638
341 35
342 47
343 47
344 46
345 47
346 35
347 46
348 421
349 16
350 279
351 620
352 10
353 58
354 1
355 868
356 16
357 10
358 16
359 28
360 493
361 58
362 415
363 337
364 398
365 786
366 871
367 838
368 638
369 683
370 0
371 1
372 2
373 5
374 2
375 2
376 59
377 5
378 378
379 797
380 59
381 683
382 838
383 871
384 606
385 20
386 804
387 803
388 930
389 343
390 606
391 20
392 253
393 301
394 299
395 253
396 0
397 301
398 241
399 525
400 232
401 18
402 82
403 1
404 18
405 21
406 82
407 176
408 19
409 92
410 175
411 175
412 213
413 21
414 60
415 5
416 2
417 225
418 650
419 201
420 600
421 225
422 454
423 61
424 454
425 454
426 2
427 13
428 886
429 606
430 78
431 602
432 338
433 338
434 165
435 61
436 782
437 170
438 165
439 338
440 466
441 24
442 90
443 727
444 24
445 231
446 231
447 570
448 582
449 231
450 119
451 119
452 93
453 792
454 0
455 792
456 917
457 688
458 867
459 390
460 889
461 9
462 726
463 236
464 9
465 530
466 726
467 688
468 350
469 285
470 350
471 286
472 3
473 285
474 385
475 30
476 949
477 385
478 1
479 843
480 228
481 228
482 874
483 231
484 228
485 202
486 864
487 202
488 0
489 2
490 1
491 14
492 4
493 193
494 864
495 125
496 125
497 305
498 305
499 305
500 308
501 305
502 246
503 246
504 6
505 3
506 147
507 652
508 636
509 147
510 162
511 185
512 14
513 147
514 147
515 731
516 731
517 874
518 731
519 738
520 732
521 0
522 182
523 22
524 22
525 3
526 248
527 7
528 403
529 9
530 11
531 79
532 9
533 11
534 79
535 672
536 672
537 348
538 672
539 672
540 0
541 348
542 389
543 389
544 5
545 759
546 30
547 496
548 561
549 267
550 460
551 267
552 121
553 682
554 121
555 2
556 766
557 121
558 121
559 0
560 524
561 118
562 10
563 10
564 5
565 10
566 10
567 118
568 67
569 67
570 180
571 235
572 26
573 235
574 971
575 971
576 971
577 101
578 5
579 4
580 120
581 28
582 100
583 26
584 971
585 153
586 141
587 58
588 58
589 1
590 133
591 6
592 133
593 871
594 327
595 313
596 813
597 77
598 0
599 813
600 77
601 698
602 698
603 698
604 672
605 703
606 698
607 87
608 91
609 6
610 658
611 120
612 251
613 932
614 932
615 5
616 435
617 1
618 3
619 811
620 986
621 6
622 844
623 15
624 844
625 11
626 6
627 77
628 270
629 60
630 811
631 986
632 66
633 523
634 779
635 570
636 523
637 523
638 523
639 2
640 779
641 214
642 103
643 207
644 249
645 214
646 214
647 89
648 881
649 609
650 611
651 2
652 103
653 902
654 902
655 529
656 529
657 606
658 902
659 946
660 795
661 782
662 795
663 201
664 201
665 201
666 430
667 970
668 1
669 640
670 210
671 28
672 4
673 16
674 554
675 3
676 247
677 264
678 298
679 32
680 32
681 298
682 264
683 463
684 527
685 584
686 905
687 1
688 564
689 167
690 614
691 564
692 165
693 167
694 564
695 248
696 539
697 21
698 940
699 3
700 508
701 508
702 508
703 1
704 669
705 9
706 669
707 888
708 708
709 669
710 1
711 9
712 256
713 741
714 256
715 256
716 242
717 506
718 505
719 25
720 513
721 558
722 53
723 116
724 116
725 392
726 392
727 8
728 14
729 45
730 44
731 45
732 46
733 768
734 760
735 675
736 768
737 768
738 459
739 863
740 863
741 56
742 10
743 56
744 713
745 599
746 799
747 51
748 984
749 779
750 799
751 984
752 51
753 78
754 413
755 461
756 506
757 413
758 1
759 413
760 144
761 144
762 343
763 343
764 2
765 112
766 117
767 117
768 112
769 124
770 704
771 323
772 339
773 648
774 704
775 10
776 636
777 323
778 536
779 838
780 860
781 212
782 536
783 536
784 536
785 904
786 1
787 2
788 59
789 2
790 59
791 536
792 181
793 860
794 718
795 214
796 63
797 63
798 214
799 301
800 157
801 8
802 4
803 10
804 8
805 461
806 157
807 347
808 118
809 436
810 617
811 772
812 0
813 10
814 51
815 436
816 300
817 269
818 300
819 300
820 1
821 709
822 18
823 532
824 587
825 532
826 27
827 26
828 930
829 532
830 1
831 532
832 267
833 267
834 267
835 470
836 8
837 470
838 1
839 747
840 32
841 958
842 844
843 25
844 813
845 873
846 844
847 27
848 32
849 813
850 873
851 620
852 824
853 810
854 84
855 551
856 900
857 900
858 927
859 906
860 900
861 126
862 126
863 0
864 141
865 126
866 280
867 980
868 10
869 801
870 17
871 10
872 981
873 801
874 981
875 980
876 17
877 711
878 213
879 296
880 60
881 552
882 418
883 60
884 3
885 912
886 235
887 949
888 912
889 52
890 700
891 10
892 700
893 749
894 18
895 960
896 701
897 1
898 10
899 776
900 112
901 16
902 4
903 136
904 1
905 218
906 961
907 210
908 562
909 924
910 924
911 924
912 924
913 194
914 516
915 193
916 1
917 516
918 266
919 95
920 266
921 272
922 266
923 272
924 266
925 1
926 697
927 958
928 6
929 241
930 697
931 955
932 174
933 769
934 934
935 3
936 491
937 688
938 117
939 491
940 491
941 688
942 52
943 3
944 892
945 52
946 646
947 646
948 359
949 18
950 28
951 5
952 358
953 346
954 264
955 14
956 363
957 363
958 714
959 284
960 918
961 105
962 105
963 85
964 10
965 51
966 344
967 51
968 344
969 245
970 218
971 277
972 2
973 26
974 30
975 168
976 166
977 168
978 168
979 371
980 371
981 277
982 260
983 260
984 844
985 963
986 894
987 921
988 752
989 585
990 956
991 21
992 3
993 411
994 411
995 411
996 866
997 866
998 866
999 859
1000 196
1001 196
1002 196
1003 196
1004 196
1005 0
1006 2
1007 3
1008 5
1009 58
1010 276
1011 511
1012 276
1013 594
1014 15
1015 120
1016 594
1017 511
1018 553
1019 447
1020 405
1021 925
1022 500
1023 553
1024 553
1025 553
1026 3
1027 737
1028 122
1029 445
1030 445
1031 445
1032 445
1033 304
1034 307
1035 90
1036 13
1037 18
1038 12
1039 18
1040 12
1041 881
1042 881
1043 881
1044 881
1045 881
1046 881
1047 1
1048 749
1049 19
1050 12
1051 1
1052 5
1053 782
1054 54
1055 16
1056 60
1057 16
1058 770
1059 811
1060 549
1061 32
1062 14
1063 56
1064 32
1065 913
1066 56
1067 44
1068 44
1069 32
1070 1
1071 44
1072 565
1073 89
1074 565
1075 9
1076 800
1077 89
1078 162
1079 162
1080 11
1081 675
1082 162
1083 51
1084 653
1085 423
1086 8
1087 21
1088 8
1089 423
1090 22
1091 653
1092 113
1093 12
1094 113
1095 101
1096 113
1097 107
1098 620
1099 580
1100 620
1101 2
1102 620
1103 731
1104 199
1105 7
1106 553
1107 941
1108 47
1109 1
1110 7
1111 17
1112 27
1113 553
1114 334
1115 334
1116 334
1117 0
1118 271
1119 16
1120 199
1121 201
1122 271
1123 3
1124 374
1125 16
1126 483
1127 632
1128 632
1129 632
1130 236
1131 632
1132 632
1133 512
1134 512
1135 512
1136 523
1137 33
1138 5
1139 33
1140 40
1141 565
1142 46
1143 40
1144 40
1145 40
1146 46
1147 550
1148 807
1149 7
1150 550
1151 646
1152 1
1153 496
1154 32
1155 32
1156 81
1157 862
1158 15
1159 711
1160 732
1161 16
1162 817
1163 862
1164 17
1165 687
1166 60
1167 4
1168 805
1169 812
1170 6
1171 390
1172 657
1173 813
1174 657
1175 6
1176 813
1177 991
1178 588
1179 991
1180 20
1181 991
1182 520
1183 520
1184 521
1185 520
1186 520
1187 637
1188 3
1189 388
1190 25
1191 22
1192 11
1193 301
1194 298
1195 301
1196 803
1197 803
1198 803
1199 803
1200 803
1201 3
1202 527
1203 96
1204 5
1205 527
1206 353
1207 96
1208 903
1209 711
1210 547
1211 557
1212 23
1213 21
1214 750
1215 922
1216 102
1217 11
1218 56
1219 750
1220 11
1221 29
1222 343
1223 102
1224 667
1225 494
1226 844
1227 525
1228 494
1229 844
1230 308
1231 711
1232 403
1233 487
1234 190
1235 190
1236 188
1237 616
1238 188
1239 188
1240 556
1241 556
1242 950
1243 121
1244 12
1245 93
1246 752
1247 752
1248 778
1249 727
1250 802
1251 82
1252 48
1253 172
1254 236
1255 48
1256 172
1257 762
1258 8
1259 62
1260 772
1261 772
1262 844
1263 114
1264 772
1265 980
1266 844
1267 844
1268 772
1269 880
1270 633
1271 880
1272 532
1273 562
1274 633
1275 263
1276 26
1277 101
1278 24
1279 26
1280 427
1281 427
1282 19
1283 474
1284 555
1285 424
1286 230
1287 206
1288 4
1289 4
1290 4
1291 912
1292 4
1293 94
1294 15
1295 2
1296 4
1297 94
1298 462
1299 2
1300 462
1301 410
1302 410
1303 410
1304 385
1305 385
1306 385
1307 385
1308 389
1309 366
1310 385
1311 385
1312 462
1313 8
1314 9
1315 9
1316 462
1317 50
1318 50
1319 162
1320 162
1321 2
1322 5
1323 242
1324 16
1325 19
1326 943
1327 800
1328 840
1329 119
1330 97
1331 464
1332 100
1333 56
1334 79
1335 613
1336 613
1337 585
1338 16
1339 82
1340 561
1341 22
1342 23
1343 574
1344 16
1345 532
1346 23
1347 382
1348 309
1349 382
1350 393
1351 500
1352 500
1353 500
1354 948
1355 3
1356 3
1357 202
1358 202
1359 9
1360 69
1361 619
1362 174
1363 293
1364 176
1365 174
1366 740
1367 740
1368 740
1369 740
1370 919
1371 585
1372 50
1373 889
1374 889
1375 889
1376 889
1377 565
1378 565
1379 918
1380 806
1381 253
1382 8
1383 15
1384 265
1385 253
1386 253
1387 8
1388 678
1389 10
1390 521
1391 987
1392 2
1393 82
1394 10
1395 680
1396 94
1397 94
1398 94
1399 8
1400 330
1401 330
1402 330
1403 330
1404 330
1405 108
1406 31
1407 691
1408 31
1409 13
1410 810
1411 19
1412 794
1413 811
1414 11
1415 810
1416 811
1417 656
1418 62
1419 19
1420 210
1421 137
1422 605
1423 387
1424 387
1425 387
1426 487
1427 588
1428 487
1429 3
1430 512
1431 388
1432 453
1433 453
1434 262
1435 449
1436 262
1437 606
1438 608
1439 606
1440 80
1441 80
1442 85
1443 644
1444 644
1445 800
1446 757
1447 22
1448 657
1449 644
1450 671
1451 662
1452 662
1453 662
1454 662
1455 888
1456 113
1457 113
1458 7
1459 65
1460 65
1461 88
1462 305
1463 31
1464 874
1465 31
1466 393
1467 16
1468 250
1469 3
1470 193
1471 768
1472 881
1473 193
1474 193
1475 193
1476 158
1477 48
1478 360
1479 6
1480 14
1481 6
1482 174
1483 27
1484 48
1485 89
1486 360
1487 48
1488 158
1489 158
1490 268
1491 272
1492 268
1493 270
1494 268
1495 270
1496 7
1497 7
1498 278
1499 767
1500 987
1501 767
1502 547
1503 231
1504 547
1505 265
1506 547
1507 309
1508 231
1509 977
1510 28
1511 969
1512 932
1513 30
1514 964
1515 651
1516 114
1517 100
1518 14
1519 100
1520 53
1521 14
1522 153
1523 32
1524 152
1525 32
1526 456
1527 456
1528 467
1529 11
1530 585
1531 811
1532 456
1533 456
1534 609
1535 609
1536 609
1537 609
1538 78
1539 119
1540 20
1541 899
1542 19
1543 20
1544 411
1545 412
1546 1
1547 39
1548 53
1549 752
1550 752
1551 112
1552 39
1553 865
1554 865
1555 562
1556 5
1557 28
1558 20
1559 865
1560 6
1561 4
1562 519
1563 28
1564 24
1565 89
1566 865
1567 945
1568 239
1569 945
1570 529
1571 1
1572 12
1573 889
1574 889
1575 861
1576 817
1577 243
1578 321
1579 55
1580 180
1581 321
1582 664
1583 55
1584 321
1585 973
1586 321
1587 943
1588 943
1589 950
1590 953
1591 943
1592 585
1593 591
1594 585
1595 212
1596 2
1597 25
1598 823
1599 823
1600 823
1601 5
1602 823
1603 823
1604 419
1605 562
1606 419
1607 716
1608 716
1609 770
1610 16
1611 16
1612 767
1613 767
1614 7
1615 7
1616 16
1617 592
1618 898
1619 30
1620 592
1621 187
1622 518
1623 20
1624 3
1625 819
1626 20
1627 175
1628 25
1629 175
1630 6
1631 19
1632 212
1633 1
1634 29
1635 187
1636 213
1637 16
1638 1
1639 804
1640 16
1641 213
1642 534
1643 638
1644 534
1645 365
1646 534
1647 663
1648 904
1649 663
1650 854
1651 17
1652 26
1653 23
1654 524
1655 17
1656 312
1657 313
1658 312
1659 2
1660 313
1661 506
1662 506
1663 712
1664 803
1665 506
1666 531
1667 7
1668 548
1669 20
1670 20
1671 945
1672 945
1673 561
1674 945
1675 945
1676 945
1677 945
1678 583
1679 583
1680 362
1681 583
1682 688
1683 993
1684 694
1685 951
1686 111
1687 763
1688 860
1689 2
1690 9
1691 155
1692 13
1693 837
1694 111
1695 59
1696 694
1697 993
1698 763
1699 768
1700 13
1701 773
1702 768
1703 769
1704 13
1705 768
1706 212
1707 766
1708 538
1709 212
1710 325
1711 232
1712 12
1713 538
1714 212
1715 524
1716 724
1717 935
1718 719
1719 528
1720 524
1721 4
1722 719
1723 781
1724 54
1725 844
1726 106
1727 73
1728 56
1729 844
1730 383
1731 383
1732 383
1733 383
1734 872
1735 12
1736 872
1737 609
1738 694
1739 5
1740 651
1741 988
1742 651
1743 980
1744 980
1745 750
1746 980
1747 980
1748 613
1749 750
1750 980
1751 980
1752 459
1753 459
1754 779
1755 9
1756 31
1757 459
1758 571
1759 28
1760 864
1761 571
1762 30
1763 623
1764 515
1765 28
1766 205
1767 686
1768 205
1769 9
1770 513
1771 59
1772 184
1773 205
1774 203
1775 906
1776 92
1777 203
1778 26
1779 805
1780 203
1781 0
1782 583
1783 650
1784 583
1785 583
1786 528
1787 529
1788 514
1789 912
1790 650
1791 493
1792 3
1793 493
1794 3
1795 642
1796 642
1797 642
1798 62
1799 564
1800 827
1801 564
1802 564
1803 2
1804 868
1805 471
1806 471
1807 61
1808 524
1809 744
1810 99
1811 100
1812 114
1813 100
1814 263
1815 57
1816 263
1817 773
1818 51
1819 914
1820 221
1821 528
1822 221
1823 623
1824 29
1825 250
1826 295
1827 650
1828 295
1829 53
1830 6
1831 337
1832 482
1833 337
1834 337
1835 337
1836 14
1837 728
1838 337
1839 337
1840 15
1841 482
1842 886
1843 337
1844 482
1845 450
1846 3
1847 450
1848 937
1849 224
1850 13
1851 937
1852 937
1853 279
1854 31
1855 31
1856 14
1857 24
1858 802
1859 270
1860 18
1861 37
1862 296
1863 271
1864 18
1865 776
1866 413
1867 417
1868 413
1869 26
1870 413
1871 413
1872 133
1873 133
1874 133
1875 146
1876 427
1877 281
1878 141
1879 768
1880 513
1881 19
1882 557
1883 513
1884 21
1885 574
1886 543
1887 14
1888 19
1889 513
1890 892
1891 459
1892 892
1893 411
1894 752
1895 752
1896 752
1897 212
1898 299
1899 725
1900 226
1901 20
1902 26
1903 20
1904 561
1905 16
1906 624
1907 16
1908 742
1909 731
1910 26
1911 7
1912 732
1913 7
1914 175
1915 552
1916 906
1917 679
1918 679
1919 552
1920 510
1921 25
1922 511
1923 590
1924 49
1925 116
1926 617
1927 510
1928 383
1929 390
1930 383
1931 383
1932 383
1933 383
1934 390
1935 432
1936 13
1937 335
1938 381
1939 381
1940 335
1941 946
1942 948
1943 946
1944 232
1945 435
1946 232
1947 729
1948 72
1949 729
1950 863
1951 19
1952 20
1953 507
1954 413
1955 921
1956 81
1957 14
1958 93
1959 26
1960 921
1961 14
1962 93
1963 891
1964 905
1965 28
1966 115
1967 11
1968 891
1969 925
1970 6
1971 623
1972 395
1973 311
1974 58
1975 12
1976 123
1977 892
1978 891
1979 11
1980 19
1981 622
1982 621
1983 622
1984 20
1985 2
1986 4
1987 7
1988 742
1989 17
1990 20
1991 69
1992 69
1993 825
1994 964
1995 825
1996 825
1997 964
1998 398
1999 643
2000 24
2001 650
2002 435
2003 514
2004 24
2005 653
2006 493
2007 493
2008 364
2009 364
2010 69
2011 892
2012 928
2013 892
2014 852
2015 687
2016 28
2017 562
2018 62
2019 774
2020 687
2021 657
2022 512
2023 233
2024 797
2025 775
2026 460
2027 398
2028 10
2029 11
2030 786
2031 270
2032 786
2033 896
2034 465
2035 12
2036 827
2037 172
2038 695
2039 12
2040 827
2041 639
2042 13
2043 437
2044 467
2045 407
2046 1
2047 407
2048 34
2049 34
2050 34
2051 35
2052 41
2053 354
2054 354
2055 386
2056 383
2057 648
2058 654
2059 648
2060 719
2061 887
2062 682
2063 719
2064 887
2065 757
2066 764
2067 123
2068 6
2069 423
2070 423
2071 476
2072 990
2073 25
2074 117
2075 952
2076 4
2077 7
2078 81
2079 592
2080 352
2081 68
2082 942
2083 850
2084 942
2085 942
2086 754
2087 754
2088 919
2089 18
2090 562
2091 924
2092 716
2093 919
2094 920
2095 329
2096 329
2097 7
2098 748
2099 748
2100 361
2101 874
2102 632
2103 361
2104 361
2105 14
2106 841
2107 361
2108 271
2109 11
2110 190
2111 190
2112 190
2113 190
2114 900
2115 924
2116 23
2117 22
2118 900
2119 911
2120 891
2121 911
2122 897
2123 284
2124 3
2125 7
2126 891
2127 743
2128 556
2129 712
2130 563
2131 524
2132 563
2133 345
2134 298
2135 328
2136 345
2137 345
2138 439
2139 346
2140 298
2141 345
2142 741
2143 707
2144 5
2145 707
2146 465
2147 983
2148 930
2149 465
2150 381
2151 395
2152 304
2153 381
2154 381
2155 565
2156 532
2157 898
2158 898
2159 565
2160 532
2161 62
2162 9
2163 57
2164 62
2165 188
2166 188
2167 188
2168 188
2169 478
2170 478
2171 104
2172 511
2173 839
2174 511
2175 104
2176 120
2177 579
2178 29
2179 21
2180 579
2181 118
2182 913
2183 658
2184 658
2185 490
2186 154
2187 275
2188 609
2189 154
2190 703
2191 458
2192 51
2193 172
2194 124
2195 13
2196 239
2197 116
2198 239
2199 239
2200 395
2201 309
2202 711
2203 465
2204 558
2205 711
2206 733
2207 492
2208 21
2209 231
2210 29
2211 769
2212 757
2213 13
2214 857
2215 769
2216 641
2217 648
2218 641
2219 641
2220 671
2221 284
2222 457
2223 437
2224 395
2225 735
2226 284
2227 960
2228 589
2229 589
2230 967
2231 3
2232 54
2233 4
2234 4
2235 4
2236 54
2237 54
2238 862
2239 711
2240 711
2241 862
2242 681
2243 299
2244 299
2245 357
2246 357
2247 357
2248 357
2249 712
2250 103
2251 357
2252 357
2253 49
2254 49
2255 389
2256 350
2257 829
2258 829
2259 262
2260 262
2261 262
2262 683
2263 988
2264 772
2265 9
2266 55
2267 154
2268 154
2269 5
2270 154
2271 154
2272 141
2273 154
2274 241
2275 154
2276 171
2277 108
2278 108
2279 23
2280 556
2281 23
2282 128
2283 27
2284 128
2285 38
2286 38
2287 45
2288 917
2289 917
2290 5
2291 626
2292 131
2293 503
2294 626
2295 5
2296 131
2297 953
2298 953
2299 162
2300 21
2301 162
2302 585
2303 398
2304 489
2305 162
2306 405
2307 561
2308 829
2309 591
2310 593
2311 829
2312 749
2313 557
2314 623
2315 20
2316 637
2317 637
2318 637
2319 37
2320 637
2321 37
2322 383
2323 49
2324 383
2325 957
2326 957
2327 955
2328 82
2329 77
2330 798
2331 82
2332 14
2333 77
2334 27
2335 82
2336 579
2337 18
2338 579
2339 561
2340 579
2341 557
2342 579
2343 18
2344 557
2345 698
2346 8
2347 6
2348 400
2349 8
2350 476
2351 698
2352 207
2353 844
2354 10
2355 32
2356 60
2357 844
2358 32
2359 10
2360 51
2361 105
2362 949
2363 560
2364 759
2365 27
2366 759
2367 9
2368 84
2369 761
2370 759
2371 87
2372 382
2373 954
2374 7
2375 339
2376 7
2377 240
2378 32
2379 240
2380 81
2381 19
2382 240
2383 361
2384 304
2385 81
2386 32
2387 901
2388 922
2389 765
2390 905
2391 901
2392 901
2393 11
2394 870
2395 24
2396 30
2397 50
2398 50
2399 507
2400 922
2401 281
2402 281
2403 855
2404 47
2405 851
2406 855
2407 106
2408 534
2409 799
2410 555
2411 550
2412 561
2413 118
2414 22
2415 221
2416 22
2417 22
2418 221
2419 554
2420 22
2421 21
2422 717
2423 717
2424 717
2425 717
2426 80
2427 718
2428 706
2429 11
2430 668
2431 2
2432 346
2433 5
2434 612
2435 20
2436 24
2437 527
2438 3
2439 20
2440 75
2441 346
2442 122
2443 340
2444 315
2445 315
2446 315
2447 315
2448 739
2449 544
2450 607
2451 739
2452 669
2453 739
2454 739
2455 739
2456 544
2457 440
2458 483
2459 440
2460 483
2461 174
2462 440
2463 236
2464 522
2465 875
2466 875
2467 522
2468 140
2469 772
2470 373
2471 373
2472 901
2473 925
2474 978
2475 978
2476 142
2477 142
2478 142
2479 166
2480 355
2481 459
2482 355
2483 280
2484 280
2485 416
2486 280
2487 507
2488 659
2489 659
2490 659
2491 964
2492 311
2493 726
2494 855
2495 977
2496 874
2497 246
2498 977
2499 14
2500 801
2501 971
2502 971
2503 970
2504 31
2505 655
2506 653
2507 194
2508 194
2509 194
2510 74
2511 194
2512 194
2513 368
2514 368
2515 78
2516 368
2517 452
2518 80
2519 80
2520 207
2521 207
2522 45
2523 338
2524 212
2525 207
2526 166
2527 170
2528 166
2529 166
2530 170
2531 364
2532 364
2533 319
2534 364
2535 364
2536 94
2537 94
2538 579
2539 90
2540 579
2541 554
2542 590
2543 202
2544 2
2545 202
2546 590
2547 268
2548 271
2549 268
2550 217
2551 133
2552 217
2553 166
2554 571
2555 571
2556 571
2557 910
2558 508
2559 92
2560 910
2561 910
2562 81
2563 418
2564 738
2565 738
2566 211
2567 535
2568 613
2569 921
2570 613
2571 13
2572 914
2573 947
2574 13
2575 622
2576 914
2577 921
2578 278
2579 278
2580 278
2581 669
2582 31
2583 669
2584 455
2585 455
2586 11
2587 35
2588 58
2589 33
2590 861
2591 10
2592 35
2593 734
2594 10
2595 861
2596 12
2597 885
2598 454
2599 885
2600 885
2601 885
2602 886
2603 453
2604 809
2605 53
2606 107
2607 663
2608 14
2609 14
2610 663
2611 14
2612 9
2613 809
2614 53
2615 663
2616 226
2617 881
2618 692
2619 81
2620 692
2621 779
2622 991
2623 7
2624 8
2625 78
2626 991
2627 180
2628 8
2629 78
2630 749
2631 554
2632 7
2633 439
2634 23
2635 3
2636 976
2637 25
2638 552
2639 921
2640 741
2641 741
2642 156
2643 559
2644 166
2645 502
2646 502
2647 25
2648 502
2649 975
2650 963
2651 502
2652 502
2653 668
2654 668
2655 668
2656 818
2657 668
2658 714
2659 668
2660 609
2661 538
2662 691
2663 691
2664 389
2665 50
2666 691
2667 50
2668 791
2669 772
2670 545
2671 791
2672 624
2673 78
2674 773
2675 468
2676 43
2677 84
2678 426
2679 33
2680 426
2681 425
2682 55
2683 873
2684 55
2685 33
2686 947
2687 352
2688 32
2689 947
2690 32
2691 947
2692 376
2693 376
2694 12
2695 376
2696 209
2697 967
2698 209
2699 416
2700 493
2701 421
2702 353
2703 9
2704 9
2705 171
2706 864
2707 771
2708 986
2709 110
2710 135
2711 110
2712 172
2713 172
2714 864
2715 37
2716 37
2717 318
2718 184
2719 184
2720 502
2721 587
2722 8
2723 49
2724 587
2725 11
2726 834
2727 834
2728 834
2729 246
2730 759
2731 761
2732 779
2733 759
2734 759
2735 76
2736 20
2737 62
2738 15
2739 790
2740 76
2741 759
2742 20
2743 356
2744 356
2745 170
2746 69
2747 640
2748 636
2749 118
2750 185
2751 118
2752 379
2753 614
2754 72
2755 445
2756 461
2757 445
2758 394
2759 10
2760 844
2761 8
2762 14
2763 844
2764 445
2765 445
2766 431
2767 429
2768 384
2769 324
2770 272
2771 309
2772 981
2773 981
2774 981
2775 143
2776 132
2777 143
2778 143
2779 131
2780 131
2781 229
2782 16
2783 678
2784 229
2785 229
2786 229
2787 2
2788 458
2789 16
2790 458
2791 229
2792 503
2793 5
2794 15
2795 525
2796 526
2797 525
2798 544
2799 606
2800 213
2801 222
2802 776
2803 106
2804 711
2805 56
2806 812
2807 49
2808 902
2809 812
2810 56
2811 106
2812 678
2813 83
2814 49
2815 390
2816 390
2817 506
2818 506
2819 847
2820 847
2821 11
2822 8
2823 17
2824 17
2825 702
2826 702
2827 702
2828 709
2829 418
2830 418
2831 418
2832 919
2833 822
2834 822
2835 822
2836 822
2837 822
2838 163
2839 53
2840 803
2841 120
2842 120
2843 803
2844 197
2845 547
2846 25
2847 21
2848 914
2849 199
2850 72
2851 6
2852 872
2853 26
2854 106
2855 231
2856 427
2857 968
2858 811
2859 159
2860 20
2861 951
2862 159
2863 699
2864 21
2865 21
2866 23
2867 20
2868 562
2869 611
2870 719
2871 828
2872 719
2873 611
2874 469
2875 469
2876 469
2877 118
2878 513
2879 593
2880 528
2881 586
2882 593
2883 593
2884 955
2885 553
2886 843
2887 860
2888 495
2889 860
2890 787
2891 94
2892 8
2893 844
2894 94
2895 844
2896 667
2897 58
2898 763
2899 104
2900 302
2901 899
2902 1
2903 110
2904 850
2905 850
2906 850
2907 450
2908 337
2909 835
2910 664
2911 27
2912 62
2913 289
2914 289
2915 289
2916 955
2917 955
2918 905
2919 905
2920 747
2921 23
2922 14
2923 969
2924 969
2925 423
2926 969
2927 7
2928 453
2929 453
2930 453
2931 932
2932 932
2933 114
2934 737
2935 745
2936 15
2937 98
2938 378
2939 98
2940 58
2941 44
2942 420
2943 98
2944 13
2945 372
2946 871
2947 3
2948 21
2949 114
2950 3
2951 702
2952 456
2953 457
2954 457
2955 457
2956 888
2957 900
2958 359
2959 539
2960 896
2961 271
2962 514
2963 3
2964 534
2965 514
2966 362
2967 778
2968 796
2969 232
2970 14
2971 779
2972 796
2973 655
2974 6
2975 2
2976 749
2977 854
2978 854
2979 65
2980 406
2981 65
2982 880
2983 381
2984 932
2985 381
2986 370
2987 248
2988 948
2989 839
2990 702
2991 11
2992 837
2993 274
2994 275
2995 452
2996 452
2997 120
2998 25
2999 18
3000 31
3001 25
3002 455
3003 455
3004 618
3005 22
3006 618
3007 857
3008 940
3009 211
3010 682
3011 25
3012 714
3013 670
3014 670
3015 670
3016 863
3017 296
3018 317
3019 296
3020 9
3021 860
3022 855
3023 9
3024 860
3025 134
3026 134
3027 198
3028 645
3029 914
3030 134
3031 982
3032 967
3033 186
3034 208
3035 133
3036 134
3037 102
3038 134
3039 136
3040 383
3041 134
3042 536
3043 561
3044 561
3045 15
3046 494
3047 494
3048 801
3049 712
3050 801
3051 494
3052 324
3053 121
3054 813
3055 324
3056 927
3057 252
3058 324
3059 795
3060 813
3061 87
3062 552
3063 553
3064 966
3065 579
3066 966
3067 959
3068 957
3069 957
3070 144
3071 141
3072 141
3073 299
3074 299
3075 413
3076 413
3077 397
3078 413
3079 413
3080 413
3081 595
3082 595
3083 595
3084 4
3085 12
3086 595
3087 745
3088 279
3089 7
3090 454
3091 57
3092 72
3093 454
3094 889
3095 669
3096 503
3097 368
3098 710
3099 658
3100 524
3101 11
3102 485
3103 167
3104 165
3105 14
3106 165
3107 485
3108 71
3109 231
3110 13
3111 71
3112 78
3113 953
3114 955
3115 953
3116 953
3117 18
3118 946
3119 946
3120 946
3121 946
3122 701
3123 742
3124 813
3125 701
3126 843
3127 528
3128 69
3129 813
3130 182
3131 836
3132 847
3133 25
3134 421
3135 713
3136 247
3137 421
3138 96
3139 708
3140 708
3141 708
3142 871
3143 708
3144 72
3145 692
3146 696
3147 780
3148 862
3149 692
3150 692
3151 96
3152 43
3153 42
3154 181
3155 181
3156 431
3157 101
3158 101
3159 5
3160 710
3161 101
3162 749
3163 545
3164 927
3165 545
3166 15
3167 60
3168 352
3169 352
3170 876
3171 876
3172 495
3173 906
3174 555
3175 918
3176 555
3177 495
3178 225
3179 69
3180 983
3181 805
3182 121
3183 225
3184 704
3185 13
3186 102
3187 704
3188 704
3189 276
3190 221
3191 221
3192 601
3193 978
3194 988
3195 120
3196 771
3197 365
3198 365
3199 58
3200 430
3201 7
3202 24
3203 155
3204 155
3205 165
3206 166
3207 165
3208 165
3209 155
3210 710
3211 710
3212 15
3213 710
3214 442
3215 92
3216 827
3217 683
3218 65
3219 905
3220 769
3221 818
3222 65
3223 818
3224 125
3225 125
3226 434
3227 434
3228 7
3229 810
3230 15
3231 570
3232 434
3233 979
3234 114
3235 979
3236 979
3237 762
3238 244
3239 206
3240 244
3241 244
3242 811
3243 49
3244 192
3245 658
3246 529
3247 658
3248 527
3249 49
3250 589
3251 30
3252 570
3253 514
3254 90
3255 544
3256 20
3257 23
3258 634
3259 544
3260 544
3261 624
3262 411
3263 624
3264 624
3265 624
3266 411
3267 359
3268 92
3269 328
3270 307
3271 92
3272 77
3273 111
3274 77
3275 766
3276 766
3277 706
3278 451
3279 19
3280 402
3281 487
3282 451
3283 4
3284 13
3285 425
3286 152
3287 683
3288 25
3289 602
3290 941
3291 586
3292 33
3293 987
3294 33
3295 79
3296 165
3297 297
3298 719
3299 165
3300 111
3301 719
3302 480
3303 3
3304 3
3305 122
3306 122
3307 9
3308 122
3309 359
3310 60
3311 359
3312 778
3313 778
3314 110
3315 110
3316 982
3317 870
3318 870
3319 654
3320 950
3321 50
3322 622
3323 13
3324 654
3325 950
3326 870
3327 506
3328 736
3329 403
3330 15
3331 506
3332 549
3333 905
3334 549
3335 549
3336 771
3337 304
3338 759
3339 75
3340 8
3341 782
3342 11
3343 759
3344 75
3345 845
3346 845
3347 845
3348 939
3349 669
3350 845
3351 917
3352 916
3353 932
3354 917
3355 37
3356 916
3357 737
3358 349
3359 194
3360 737
3361 928
3362 934
3363 894
3364 898
3365 930
3366 930
3367 934
3368 328
3369 19
3370 719
3371 31
3372 496
3373 31
3374 107
3375 181
3376 573
3377 85
3378 573
3379 986
3380 913
3381 397
3382 895
3383 986
3384 914
3385 57
3386 913
3387 936
3388 936
3389 492
3390 368
3391 140
3392 934
3393 203
3394 29
3395 26
3396 199
3397 26
3398 140
3399 916
3400 916
3401 137
3402 362
3403 591
3404 31
3405 395
3406 395
3407 395
3408 1
3409 121
3410 8
3411 27
3412 954
3413 954
3414 117
3415 275
3416 275
3417 890
3418 276
3419 275
3420 400
3421 400
3422 248
3423 57
3424 469
3425 469
3426 398
3427 12
3428 892
3429 838
3430 892
3431 838
3432 965
3433 500
3434 2
3435 922
3436 779
3437 585
3438 500
3439 262
3440 262
3441 262
3442 656
3443 23
3444 30
3445 652
3446 656
3447 465
3448 166
3449 612
3450 19
3451 612
3452 571
3453 54
3454 639
3455 369
3456 799
3457 396
3458 9
3459 8
3460 636
3461 763
3462 970
3463 905
3464 772
3465 926
3466 772
3467 772
3468 772
3469 130
3470 131
3471 141
3472 130
3473 527
3474 706
3475 449
3476 527
3477 76
3478 543
3479 12
3480 819
3481 543
3482 26
3483 30
3484 771
3485 842
3486 731
3487 731
3488 290
3489 290
3490 903
3491 966
3492 880
3493 81
3494 359
3495 359
3496 367
3497 359
3498 491
3499 491
3500 218
3501 22
3502 353
3503 13
3504 482
3505 21
3506 482
3507 96
3508 168
3509 897
3510 897
3511 897
3512 357
3513 357
3514 89
3515 227
3516 675
3517 800
3518 658
3519 800
3520 760
3521 765
3522 760
3523 765
3524 213
3525 760
3526 760
3527 852
3528 852
3529 5
3530 852
3531 760
3532 53
3533 760
3534 761
3535 769
3536 53
3537 760
3538 269
3539 7
3540 281
3541 269
3542 269
3543 273
3544 76
3545 7
3546 234
3547 253
3548 269
3549 756
3550 756
3551 756
3552 756
3553 756
3554 756
3555 757
3556 421
3557 352
3558 352
3559 609
3560 70
3561 21
3562 608
3563 99
3564 99
3565 99
3566 99
3567 2
3568 588
3569 92
3570 970
3571 593
3572 780
3573 418
3574 604
3575 726
3576 958
3577 958
3578 958
3579 841
3580 841
3581 790
3582 841
3583 774
3584 941
3585 662
3586 941
3587 57
3588 804
3589 894
3590 624
3591 626
3592 632
3593 725
3594 679
3595 537
3596 199
3597 830
3598 22
3599 838
3600 830
3601 93
3602 838
3603 309
3604 352
3605 865
3606 309
3607 475
3608 475
3609 600
3610 619
3611 17
3612 619
3613 83
3614 422
3615 121
3616 247
3617 78
3618 123
3619 121
3620 974
3621 974
3622 524
3623 110
3624 75
3625 75
3626 870
3627 31
3628 25
3629 307
3630 307
3631 307
3632 777
3633 5
3634 804
3635 732
3636 732
3637 732
3638 366
3639 313
3640 29
3641 366
3642 313
3643 625
3644 625
3645 79
3646 124
3647 952
3648 952
3649 861
3650 784
3651 312
3652 298
3653 372
3654 298
3655 344
3656 344
3657 894
3658 48
3659 10
3660 390
3661 894
3662 48
3663 531
3664 108
3665 638
3666 941
3667 22
3668 12
3669 941
3670 108
3671 505
3672 505
3673 505
3674 378
3675 529
3676 149
3677 386
3678 523
3679 378
3680 477
3681 477
3682 687
3683 477
3684 13
3685 718
3686 11
3687 223
3688 244
3689 223
3690 244
3691 223
3692 644
3693 844
3694 916
3695 26
3696 17
3697 916
3698 541
3699 576
3700 541
3701 541
3702 155
3703 528
3704 207
3705 824
3706 26
3707 155
3708 207
3709 792
3710 675
3711 792
3712 792
3713 792
3714 853
3715 798
3716 853
3717 618
3718 618
3719 8
3720 76
3721 545
3722 300
3723 265
3724 300
3725 300
3726 56
3727 56
3728 143
3729 143
3730 143
3731 143
3732 612
3733 612
3734 641
3735 742
3736 653
3737 653
3738 645
3739 84
3740 852
3741 52
3742 5
3743 84
3744 60
3745 852
3746 742
3747 90
3748 93
3749 921
3750 621
3751 666
3752 621
3753 930
3754 679
3755 519
3756 621
3757 13
3758 475
3759 475
3760 4
3761 372
3762 372
3763 395
3764 395
3765 395
3766 855
3767 855
3768 855
3769 494
3770 494
3771 494
3772 95
3773 95
3774 95
3775 647
3776 647
3777 21
3778 647
3779 891
3780 647
3781 520
3782 520
3783 780
3784 993
3785 993
3786 992
3787 207
3788 207
3789 372
3790 18
3791 511
3792 473
3793 18
3794 383
3795 385
3796 383
3797 383
3798 385
3799 383
3800 287
3801 82
3802 115
3803 306
3804 287
3805 287
3806 94
3807 5
3808 94
3809 11
3810 953
3811 82
3812 58
3813 73
3814 73
3815 556
3816 689
3817 617
3818 497
3819 779
3820 652
3821 779
3822 4
3823 743
3824 652
3825 681
3826 732
3827 936
3828 31
3829 949
3830 732
3831 453
3832 958
3833 453
3834 6
3835 961
3836 92
3837 7
3838 7
3839 356
3840 6
3841 793
3842 793
3843 306
3844 19
3845 306
3846 295
3847 28
3848 573
3849 551
3850 573
3851 572
3852 527
3853 727
3854 573
3855 527
3856 846
3857 918
3858 846
3859 544
3860 376
3861 544
3862 544
3863 449
3864 315
3865 315
3866 315
3867 315
3868 360
3869 2
3870 2
3871 360
3872 573
3873 551
3874 575
3875 573
3876 573
3877 644
3878 963
3879 763
3880 861
3881 236
3882 707
3883 105
3884 677
3885 17
3886 24
3887 850
3888 850
3889 972
3890 819
3891 34
3892 34
3893 34
3894 34
3895 34
3896 641
3897 666
3898 842
3899 790
3900 789
3901 641
3902 984
3903 13
3904 673
3905 860
3906 27
3907 860
3908 10
3909 13
3910 522
3911 958
3912 5
3913 839
3914 906
3915 347
3916 359
3917 839
3918 175
3919 170
3920 175
3921 91
3922 91
3923 91
3924 197
3925 17
3926 242
3927 197
3928 191
3929 388
3930 105
3931 280
3932 280
3933 183
3934 85
3935 280
3936 172
3937 678
3938 964
3939 172
3940 350
3941 172
3942 172
3943 362
3944 154
3945 224
3946 768
3947 7
3948 818
3949 773
3950 768
3951 44
3952 2
3953 961
3954 961
3955 961
3956 317
3957 5
3958 964
3959 97
3960 265
3961 52
3962 97
3963 97
3964 710
3965 952
3966 710
3967 258
3968 258
3969 910
3970 873
3971 6
3972 6
3973 719
3974 741
3975 51
3976 671
3977 741
3978 77
3979 29
3980 51
3981 671
3982 257
3983 257
3984 257
3985 679
3986 685
3987 597
3988 679
3989 679
3990 122
3991 120
3992 309
3993 309
3994 656
3995 172
3996 59
3997 59
3998 172
3999 172
4000 85
4001 415
4002 10
4003 10
4004 868
4005 328
4006 328
4007 22
4008 769
4009 769
4010 956
4011 769
4012 769
4013 171
4014 867
4015 163
4016 14
4017 172
4018 73
4019 13
4020 171
4021 889
4022 171
4023 422
4024 89
4025 599
4026 603
4027 727
4028 248
4029 929
4030 248
4031 10
4032 609
4033 10
4034 49
4035 248
4036 453
4037 337
4038 8
4039 337
4040 248
4041 248
4042 248
4043 48
4044 781
4045 100
4046 781
4047 769
4048 766
4049 766
4050 100
4051 522
4052 576
4053 92
4054 56
4055 513
4056 522
4057 56
4058 955
4059 548
4060 904
4061 687
4062 906
4063 548
4064 662
4065 662
4066 685
4067 833
4068 25
4069 31
4070 833
4071 833
4072 621
4073 838
4074 621
4075 122
4076 844
4077 8
4078 844
4079 368
4080 575
4081 563
4082 563
4083 920
4084 920
4085 986
4086 986
4087 986
4088 434
4089 176
4090 607
4091 21
4092 25
4093 20
4094 718
4095 770
4096 870
4097 870
4098 529
4099 957
4100 777
4101 386
4102 386
4103 462
4104 462
4105 611
4106 687
4107 649
4108 282
4109 282
4110 282
4111 556
4112 556
4113 843
4114 305
4115 98
4116 98
4117 92
4118 915
4119 461
4120 687
4121 960
4122 27
4123 461
4124 281
4125 827
4126 827
4127 216
4128 827
4129 550
4130 104
4131 465
4132 899
4133 216
4134 48
4135 901
4136 85
4137 901
4138 14
4139 906
4140 663
4141 18
4142 74
4143 663
4144 663
4145 23
4146 21
4147 930
4148 359
4149 359
4150 848
4151 600
4152 600
4153 404
4154 603
4155 607
4156 865
4157 11
4158 865
4159 30
4160 616
4161 48
4162 25
4163 842
4164 560
4165 49
4166 15
4167 48
4168 376
4169 803
4170 48
4171 180
4172 720
4173 867
4174 640
4175 684
4176 720
4177 720
4178 82
4179 720
4180 478
4181 477
4182 8
4183 782
4184 157
4185 524
4186 211
4187 595
4188 157
4189 157
4190 157
4191 524
4192 730
4193 780
4194 421
4195 5
4196 831
4197 730
4198 780
4199 308
4200 94
4201 807
4202 72
4203 94
4204 279
4205 22
4206 54
4207 761
4208 201
4209 22
4210 335
4211 367
4212 367
4213 700
4214 700
4215 701
4216 39
4217 700
4218 733
4219 733
4220 733
4221 59
4222 600
4223 948
4224 600
4225 687
4226 600
4227 181
4228 915
4229 106
4230 915
4231 106
4232 553
4233 553
4234 555
4235 521
4236 546
4237 546
4238 546
4239 546
4240 546
4241 546
4242 395
4243 55
4244 91
4245 395
4246 536
4247 23
4248 250
4249 250
4250 178
4251 50
4252 313
4253 6
4254 50
4255 926
4256 178
4257 8
4258 122
4259 6
4260 50
4261 926
4262 122
4263 215
4264 178
4265 178
4266 178
4267 178
4268 180
4269 313
4270 177
4271 178
4272 180
4273 533
4274 533
4275 102
4276 780
4277 780
4278 914
4279 614
4280 914
4281 530
4282 119
4283 16
4284 228
4285 613
4286 57
4287 922
4288 536
4289 546
4290 561
4291 959
4292 162
4293 19
4294 162
4295 21
4296 761
4297 761
4298 865
4299 50
4300 865
4301 865
4302 741
4303 741
4304 741
4305 741
4306 627
4307 942
4308 54
4309 773
4310 52
4311 4
4312 773
4313 52
4314 807
4315 807
4316 807
4317 569
4318 569
4319 569
4320 569
4321 300
4322 300
4323 369
4324 879
4325 879
4326 772
4327 772
4328 8
4329 691
4330 937
4331 369
4332 350
4333 369
4334 369
4335 369
4336 175
4337 175
4338 175
4339 485
4340 710
4341 508
4342 101
4343 96
4344 96
4345 97
4346 96
4347 92
4348 29
4349 571
4350 117
4351 85
4352 317
4353 310
4354 608
4355 328
4356 29
4357 527
4358 612
4359 593
4360 527
4361 576
4362 612
4363 527
4364 485
4365 485
4366 6
4367 964
4368 826
4369 354
4370 354
4371 354
4372 218
4373 436
4374 671
4375 436
4376 4
4377 854
4378 50
4379 813
4380 148
4381 648
4382 467
4383 631
4384 631
4385 632
4386 354
4387 61
4388 369
4389 354
4390 163
4391 589
4392 589
4393 432
4394 432
4395 182
4396 7
4397 182
4398 80
4399 745
4400 6
4401 83
4402 745
4403 320
4404 320
4405 173
4406 893
4407 173
4408 123
4409 676
4410 676
4411 393
4412 393
4413 159
4414 141
4415 159
4416 2
4417 141
4418 169
4419 873
4420 873
4421 873
4422 587
4423 571
4424 593
4425 587
4426 587
4427 890
4428 890
4429 745
4430 890
4431 894
4432 739
4433 680
4434 739
4435 505
4436 526
4437 511
4438 393
4439 476
4440 476
4441 578
4442 738
4443 476
4444 336
4445 752
4446 199
4447 703
4448 752
4449 54
4450 481
4451 358
4452 33
4453 483
4454 118
4455 314
4456 26
4457 154
4458 314
4459 314
4460 60
4461 30
4462 65
4463 716
4464 29
4465 796
4466 796
4467 29
4468 79
4469 716
4470 578
4471 136
4472 230
4473 644
4474 789
4475 831
4476 831
4477 54
4478 789
4479 113
4480 707
4481 113
4482 864
4483 985
4484 13
4485 10
4486 985
4487 113
4488 864
4489 707
4490 680
4491 680
4492 680
4493 550
4494 12
4495 827
4496 536
4497 970
4498 670
4499 536
4500 5
4501 647
4502 536
4503 536
4504 888
4505 970
4506 357
4507 85
4508 157
4509 24
4510 157
4511 238
4512 238
4513 648
4514 67
4515 67
4516 67
4517 861
4518 798
4519 956
4520 67
4521 169
4522 184
4523 169
4524 206
4525 825
4526 879
4527 593
4528 72
4529 346
4530 879
4531 906
4532 879
4533 943
4534 943
4535 411
4536 22
4537 888
4538 900
4539 793
4540 161
4541 545
4542 702
4543 50
4544 888
4545 836
4546 16
4547 16
4548 974
4549 571
4550 19
4551 867
4552 31
4553 277
4554 240
4555 392
4556 861
4557 392
4558 216
4559 29
4560 178
4561 861
4562 149
4563 149
4564 149
4565 149
4566 676
4567 364
4568 364
4569 72
4570 91
4571 363
4572 72
4573 628
4574 649
4575 240
4576 733
4577 6
4578 590
4579 721
4580 679
4581 733
4582 766
4583 590
4584 400
4585 105
4586 97
4587 97
4588 766
4589 766
4590 766
4591 862
4592 640
4593 371
4594 552
4595 23
4596 618
4597 430
4598 552
4599 428
4600 706
4601 913
4602 689
4603 656
4604 92
4605 582
4606 19
4607 57
4608 913
4609 689
4610 19
4611 654
4612 8
4613 8
4614 458
4615 6
4616 460
4617 458
4618 19
4619 201
4620 58
4621 874
4622 122
4623 120
4624 556
4625 556
4626 556
4627 500
4628 557
4629 376
4630 376
4631 665
4632 668
4633 665
4634 730
4635 730
4636 926
4637 611
4638 230
4639 660
4640 410
4641 410
4642 410
4643 368
4644 525
4645 555
4646 574
4647 813
4648 574
4649 683
4650 813
4651 680
4652 954
4653 954
4654 954
4655 933
4656 708
4657 954
4658 858
4659 806
4660 954
4661 708
4662 806
4663 954
4664 245
4665 245
4666 171
4667 198
4668 60
4669 929
4670 198
4671 198
4672 30
4673 273
4674 60
4675 280
4676 485
4677 28
4678 379
4679 485
4680 768
4681 912
4682 792
4683 768
4684 768
4685 861
4686 523
4687 503
4688 74
4689 847
4690 163
4691 847
4692 847
4693 816
4694 816
4695 839
4696 406
4697 163
4698 847
4699 308
4700 89
4701 308
4702 89
4703 744
4704 4
4705 7
4706 744
4707 906
4708 831
4709 906
4710 906
4711 237
4712 388
4713 293
4714 292
4715 293
4716 175
4717 401
4718 401
4719 570
4720 570
4721 570
4722 570
4723 570
4724 243
4725 243
4726 921
4727 703
4728 631
4729 78
4730 349
4731 349
4732 216
4733 30
4734 893
4735 545
4736 231
4737 38
4738 38
4739 46
4740 419
4741 419
4742 625
4743 625
4744 625
4745 625
4746 632
4747 341
4748 775
4749 775
4750 781
4751 775
4752 10
4753 775
4754 775
4755 781
4756 789
4757 804
4758 789
4759 404
4760 404
4761 417
4762 734
4763 307
4764 297
4765 290
4766 290
4767 245
4768 737
4769 737
4770 515
4771 737
4772 737
4773 592
4774 23
4775 6
4776 592
4777 369
4778 58
4779 369
4780 58
4781 15
4782 185
4783 21
4784 964
4785 397
4786 964
4787 467
4788 12
4789 861
4790 815
4791 892
4792 815
4793 815
4794 815
4795 815
4796 833
4797 582
4798 582
4799 582
4800 589
4801 525
4802 488
4803 162
4804 553
4805 525
4806 387
4807 387
4808 387
4809 211
4810 665
4811 665
4812 986
4813 986
4814 215
4815 215
4816 284
4817 181
4818 181
4819 165
4820 609
4821 609
4822 609
4823 745
4824 609
4825 896
4826 896
4827 896
4828 329
4829 329
4830 364
4831 329
4832 329
4833 329
4834 822
4835 822
4836 889
4837 828
4838 803
4839 726
4840 576
4841 576
4842 41
4843 626
4844 591
4845 562
4846 23
4847 626
4848 15
4849 519
4850 715
4851 519
4852 14
4853 4
4854 338
4855 912
4856 834
4857 475
4858 58
4859 428
4860 938
4861 938
4862 435
4863 32
4864 80
4865 32
4866 435
4867 328
4868 735
4869 735
4870 735
4871 934
4872 924
4873 315
4874 315
4875 26
4876 879
4877 55
4878 777
4879 879
4880 827
4881 879
4882 564
4883 564
4884 219
4885 219
4886 14
4887 34
4888 34
4889 34
4890 46
4891 45
4892 883
4893 883
4894 844
4895 724
4896 970
4897 811
4898 132
4899 844
4900 342
4901 458
4902 342
4903 122
4904 9
4905 342
4906 158
4907 80
4908 158
4909 762
4910 839
4911 762
4912 839
4913 104
4914 52
4915 316
4916 316
4917 916
4918 916
4919 244
4920 513
4921 110
4922 669
4923 566
4924 742
4925 718
4926 26
4927 566
4928 26
4929 905
4930 718
4931 17
4932 760
4933 966
4934 742
4935 571
4936 482
4937 493
4938 31
4939 493
4940 37
4941 813
4942 107
4943 98
4944 84
4945 98
4946 813
4947 84
4948 98
4949 98
4950 813
4951 256
4952 256
4953 339
4954 340
4955 684
4956 339
4957 340
4958 27
4959 617
4960 27
4961 92
4962 293
4963 178
4964 293
4965 137
4966 293
4967 476
4968 52
4969 52
4970 622
4971 592
4972 841
4973 398
4974 380
4975 233
4976 354
4977 354
4978 376
4979 253
4980 253
4981 220
4982 15
4983 87
4984 86
4985 248
4986 6
4987 247
4988 612
4989 6
4990 314
4991 930
4992 297
4993 211
4994 224
4995 224
4996 69
4997 224
4998 224
4999 215
5000 805
5001 435
5002 967
5003 799
5004 799
5005 15
5006 877
5007 877
5008 179
5009 573
5010 573
5011 430
5012 936
5013 18
5014 18
5015 268
5016 52
5017 11
5018 8
5019 456
5020 268
5021 461
5022 303
5023 272
5024 864
5025 169
5026 272
5027 103
5028 24
5029 103
5030 24
5031 27
5032 115
5033 91
5034 123
5035 115
5036 242
5037 4
5038 91
5039 405
5040 954
5041 2
5042 683
5043 29
5044 195
5045 195
5046 28
5047 959
5048 769
5049 515
5050 782
5051 782
5052 782
5053 775
5054 459
5055 773
5056 715
5057 868
5058 715
5059 283
5060 283
5061 152
5062 285
5063 31
5064 746
5065 619
5066 562
5067 619
5068 624
5069 619
5070 562
5071 619
5072 45
5073 45
5074 45
5075 45
5076 79
5077 45
5078 326
5079 326
5080 326
5081 326
5082 405
5083 915
5084 5
5085 553
5086 915
5087 778
5088 18
5089 527
5090 958
5091 65
5092 49
5093 824
5094 49
5095 77
5096 963
5097 86
5098 824
5099 76
5100 65
5101 717
5102 738
5103 926
5104 717
5105 717
5106 739
5107 48
5108 738
5109 739
5110 87
5111 48
5112 87
5113 745
5114 192
5115 768
5116 192
5117 935
5118 935
5119 50
5120 4
5121 50
5122 763
5123 846
5124 846
5125 333
5126 334
5127 333
5128 333
5129 280
5130 333
5131 333
5132 194
5133 52
5134 194
5135 369
5136 14
5137 96
5138 312
5139 306
5140 400
5141 936
5142 548
5143 619
5144 942
5145 889
5146 22
5147 936
5148 548
5149 835
5150 833
5151 174
5152 833
5153 822
5154 822
5155 115
5156 822
5157 30
5158 462
5159 828
5160 939
5161 939
5162 222
5163 202
5164 664
5165 62
5166 246
5167 209
5168 61
5169 932
5170 834
5171 271
5172 270
5173 271
5174 271
5175 98
5176 271
5177 271
5178 241
5179 576
5180 897
5181 22
5182 957
5183 957
5184 204
5185 957
5186 293
5187 33
5188 561
5189 275
5190 715
5191 293
5192 33
5193 309
5194 398
5195 287
5196 122
5197 393
5198 269
5199 27
5200 269
5201 358
5202 268
5203 408
5204 408
5205 408
5206 532
5207 527
5208 208
5209 8
5210 42
5211 42
5212 46
5213 42
5214 324
5215 324
5216 582
5217 658
5218 658
5219 57
5220 30
5221 179
5222 189
5223 588
5224 189
5225 680
5226 680
5227 39
5228 39
5229 39
5230 746
5231 746
5232 563
5233 563
5234 563
5235 333
5236 624
5237 563
5238 42
5239 47
5240 47
5241 47
5242 42
5243 165
5244 167
5245 165
5246 165
5247 781
5248 617
5249 115
5250 765
5251 611
5252 611
5253 594
5254 594
5255 935
5256 11
5257 968
5258 104
5259 114
5260 61
5261 49
5262 336
5263 104
5264 104
5265 108
5266 299
5267 786
5268 786
5269 5
5270 69
5271 372
5272 265
5273 372
5274 463
5275 61
5276 4
5277 548
5278 548
5279 548
5280 772
5281 830
5282 950
5283 830
5284 979
5285 72
5286 907
5287 907
5288 113
5289 907
5290 913
5291 568
5292 568
5293 568
5294 568
5295 568
5296 570
5297 568
5298 97
5299 256
5300 256
5301 256
5302 602
5303 59
5304 602
5305 452
5306 452
5307 50
5308 59
5309 50
5310 461
5311 452
5312 510
5313 511
5314 511
5315 698
5316 545
5317 869
5318 844
5319 461
5320 26
5321 461
5322 87
5323 339
5324 339
5325 343
5326 927
5327 124
5328 927
5329 806
5330 806
5331 800
5332 771
5333 362
5334 454
5335 454
5336 22
5337 235
5338 200
5339 200
5340 235
5341 788
5342 788
5343 60
5344 979
5345 147
5346 979
5347 701
5348 805
5349 29
5350 903
5351 662
5352 662
5353 768
5354 436
5355 172
5356 824
5357 780
5358 824
5359 918
5360 327
5361 56
5362 305
5363 406
5364 918
5365 918
5366 918
5367 918
5368 918
5369 423
5370 423
5371 423
5372 232
5373 435
5374 423
5375 138
5376 138
5377 122
5378 763
5379 138
5380 362
5381 130
5382 122
5383 495
5384 138
5385 138
5386 311
5387 269
5388 120
5389 9
5390 13
5391 809
5392 617
5393 809
5394 802
5395 213
5396 720
5397 593
5398 6
5399 979
5400 593
5401 6
5402 248
5403 466
5404 336
5405 466
5406 405
5407 961
5408 961
5409 739
5410 739
5411 381
5412 966
5413 523
5414 930
5415 523
5416 335
5417 335
5418 966
5419 77
5420 648
5421 863
5422 862
5423 498
5424 226
5425 60
5426 853
5427 853
5428 329
5429 591
5430 327
5431 19
5432 59
5433 488
5434 769
5435 409
5436 818
5437 574
5438 574
5439 574
5440 829
5441 806
5442 859
5443 859
5444 859
5445 859
5446 234
5447 233
5448 233
5449 74
5450 32
5451 181
5452 599
5453 798
5454 768
5455 54
5456 798
5457 798
5458 723
5459 547
5460 29
5461 602
5462 723
5463 304
5464 298
5465 304
5466 983
5467 298
5468 467
5469 53
5470 430
5471 430
5472 14
5473 223
5474 811
5475 57
5476 223
5477 505
5478 23
5479 557
5480 867
5481 94
5482 371
5483 777
5484 94
5485 867
5486 416
5487 307
5488 416
5489 416
5490 937
5491 931
5492 579
5493 121
5494 296
5495 22
5496 108
5497 800
5498 674
5499 547
5500 800
5501 947
5502 29
5503 916
5504 947
5505 7
5506 7
5507 15
5508 29
5509 250
5510 250
5511 295
5512 250
5513 355
5514 156
5515 91
5516 8
5517 769
5518 769
5519 777
5520 802
5521 515
5522 856
5523 311
5524 303
5525 30
5526 464
5527 855
5528 898
5529 835
5530 81
5531 727
5532 408
5533 408
5534 408
5535 82
5536 124
5537 124
5538 978
5539 539
5540 674
5541 674
5542 149
5543 72
5544 702
5545 733
5546 719
5547 649
5548 719
5549 492
5550 492
5551 492
5552 492
5553 479
5554 479
5555 479
5556 472
5557 93
5558 100
5559 100
5560 753
5561 472
5562 38
5563 865
5564 561
5565 561
5566 561
5567 859
5568 274
5569 961
5570 687
5571 274
5572 961
5573 469
5574 469
5575 777
5576 774
5577 829
5578 829
5579 684
5580 684
5581 837
5582 800
5583 112
5584 208
5585 209
5586 208
5587 17
5588 21
5589 778
5590 669
5591 669
5592 980
5593 520
5594 503
5595 23
5596 603
5597 669
5598 402
5599 143
5600 183
5601 53
5602 249
5603 992
5604 183
5605 50
5606 50
5607 278
5608 549
5609 149
5610 146
5611 146
5612 142
5613 141
5614 145
5615 141
5616 546
5617 9
5618 493
5619 130
5620 130
5621 167
5622 167
5623 974
5624 983
5625 983
5626 983
5627 104
5628 983
5629 900
5630 937
5631 930
5632 900
5633 168
5634 168
5635 168
5636 843
5637 786
5638 56
5639 837
5640 931
5641 837
5642 209
5643 209
5644 209
5645 434
5646 272
5647 680
5648 258
5649 543
5650 258
5651 258
5652 279
5653 28
5654 651
5655 651
5656 28
5657 153
5658 153
5659 461
5660 421
5661 90
5662 461
5663 90
5664 243
5665 427
5666 295
5667 328
5668 218
5669 218
5670 295
5671 296
5672 921
5673 297
5674 175
5675 488
5676 257
5677 175
5678 488
5679 863
5680 280
5681 863
5682 864
5683 863
5684 777
5685 763
5686 522
5687 160
5688 749
5689 23
5690 831
5691 160
5692 27
5693 677
5694 564
5695 564
5696 214
5697 564
5698 362
5699 557
5700 557
5701 181
5702 181
5703 181
5704 181
5705 811
5706 141
5707 141
5708 952
5709 148
5710 112
5711 952
5712 232
5713 60
5714 560
5715 112
5716 762
5717 15
5718 135
5719 151
5720 144
5721 135
5722 135
5723 220
5724 220
5725 685
5726 685
5727 601
5728 800
5729 903
5730 53
5731 707
5732 695
5733 930
5734 22
5735 53
5736 314
5737 314
5738 318
5739 314
5740 882
5741 882
5742 372
5743 372
5744 229
5745 31
5746 805
5747 372
5748 81
5749 372
5750 496
5751 99
5752 30
5753 205
5754 205
5755 205
5756 340
5757 205
5758 894
5759 894
5760 894
5761 894
5762 508
5763 508
5764 508
5765 376
5766 508
5767 508
5768 472
5769 472
5770 472
5771 109
5772 472
5773 472
5774 278
5775 335
5776 555
5777 617
5778 519
5779 555
5780 18
5781 625
5782 840
5783 730
5784 625
5785 864
5786 625
5787 840
5788 212
5789 212
5790 213
5791 136
5792 136
5793 889
5794 886
5795 8
5796 8
5797 886
5798 811
5799 710
5800 959
5801 483
5802 553
5803 555
5804 550
5805 427
5806 483
5807 527
5808 647
5809 403
5810 251
5811 582
5812 683
5813 647
5814 683
5815 403
5816 635
5817 872
5818 436
5819 450
5820 450
5821 550
5822 546
5823 930
5824 550
5825 805
5826 890
5827 8
5828 890
5829 477
5830 6
5831 685
5832 25
5833 28
5834 778
5835 695
5836 778
5837 210
5838 210
5839 210
5840 764
5841 212
5842 153
5843 153
5844 153
5845 182
5846 182
5847 690
5848 901
5849 21
5850 745
5851 483
5852 483
5853 168
5854 862
5855 78
5856 775
5857 22
5858 5
5859 22
5860 905
5861 158
5862 862
5863 180
5864 180
5865 180
5866 180
5867 103
5868 9
5869 671
5870 640
5871 500
5872 500
5873 500
5874 544
5875 309
5876 544
5877 184
5878 862
5879 400
5880 184
5881 862
5882 531
5883 232
5884 12
5885 25
5886 511
5887 519
5888 511
5889 36
5890 36
5891 39
5892 46
5893 47
5894 45
5895 803
5896 803
5897 500
5898 500
5899 162
5900 83
5901 349
5902 349
5903 349
5904 113
5905 8
5906 910
5907 897
5908 910
5909 897
5910 940
5911 940
5912 940
5913 15
5914 940
5915 493
5916 121
5917 21
5918 487
5919 487
5920 487
5921 118
5922 9
5923 118
5924 496
5925 496
5926 451
5927 300
5928 311
5929 451
5930 452
5931 451
5932 990
5933 18
5934 18
5935 721
5936 721
5937 30
5938 721
5939 646
5940 551
5941 932
5942 903
5943 222
5944 25
5945 222
5946 222
5947 711
5948 68
5949 25
5950 526
5951 517
5952 411
5953 66
5954 223
5955 223
5956 859
5957 31
5958 418
5959 859
5960 101
5961 101
5962 229
5963 139
5964 229
5965 738
5966 838
5967 641
5968 641
5969 738
5970 6
5971 659
5972 26
5973 659
5974 800
5975 55
5976 808
5977 536
5978 958
5979 632
5980 448
5981 448
5982 116
5983 560
5984 781
5985 781
5986 273
5987 7
5988 273
5989 273
5990 51
5991 256
5992 272
5993 293
5994 273
5995 18
5996 342
5997 9
5998 342
5999 976
6000 976
6001 78
6002 638
6003 78
6004 789
6005 78
6006 261
6007 261
6008 263
6009 261
6010 311
6011 213
6012 494
6013 59
6014 978
6015 859
6016 651
6017 777
6018 928
6019 513
6020 777
6021 185
6022 724
6023 513
6024 724
6025 724
6026 724
6027 932
6028 398
6029 155
6030 151
6031 155
6032 155
6033 151
6034 884
6035 799
6036 884
6037 50
6038 50
6039 406
6040 166
6041 166
6042 166
6043 945
6044 945
6045 529
6046 950
6047 621
6048 898
6049 560
6050 558
6051 103
6052 103
6053 80
6054 343
6055 30
6056 343
6057 343
6058 358
6059 795
6060 301
6061 509
6062 645
6063 270
6064 591
6065 931
6066 613
6067 931
6068 621
6069 508
6070 508
6071 960
6072 28
6073 895
6074 95
6075 166
6076 347
6077 724
6078 615
6079 952
6080 731
6081 452
6082 373
6083 615
6084 724
6085 347
6086 845
6087 186
6088 104
6089 70
6090 70
6091 104
6092 743
6093 4
6094 980
6095 663
6096 715
6097 375
6098 592
6099 24
6100 553
6101 955
6102 890
6103 809
6104 18
6105 592
6106 789
6107 397
6108 397
6109 374
6110 7
6111 119
6112 950
6113 7
6114 172
6115 133
6116 133
6117 247
6118 681
6119 133
6120 377
6121 141
6122 148
6123 586
6124 585
6125 583
6126 583
6127 585
6128 416
6129 587
6130 416
6131 716
6132 605
6133 22
6134 80
6135 716
6136 153
6137 716
6138 716
6139 153
6140 620
6141 620
6142 917
6143 430
6144 917
6145 917
6146 917
6147 579
6148 579
6149 770
6150 912
6151 912
6152 912
6153 481
6154 21
6155 3
6156 481
6157 481
6158 466
6159 466
6160 11
6161 551
6162 551
6163 551
6164 246
6165 550
6166 551
6167 643
6168 244
6169 648
6170 50
6171 50
6172 50
6173 643
6174 643
6175 538
6176 581
6177 224
6178 538
6179 538
6180 538
6181 374
6182 374
6183 958
6184 948
6185 217
6186 726
6187 645
6188 855
6189 524
6190 414
6191 414
6192 59
6193 82
6194 59
6195 465
6196 465
6197 465
6198 108
6199 31
6200 29
6201 461
6202 461
6203 691
6204 691
6205 691
6206 691
6207 691
6208 655
6209 655
6210 655
6211 235
6212 48
6213 235
6214 48
6215 559
6216 559
6217 563
6218 12
6219 844
6220 270
6221 92
6222 889
6223 270
6224 954
6225 973
6226 973
6227 655
6228 628
6229 2
6230 53
6231 753
6232 753
6233 523
6234 723
6235 85
6236 359
6237 723
6238 712
6239 563
6240 556
6241 240
6242 606
6243 553
6244 963
6245 490
6246 93
6247 963
6248 624
6249 615
6250 168
6251 615
6252 615
6253 50
6254 50
6255 389
6256 389
6257 10
6258 644
6259 498
6260 189
6261 865
6262 888
6263 189
6264 189
6265 89
6266 245
6267 72
6268 215
6269 763
6270 778
6271 778
6272 188
6273 188
6274 825
6275 13
6276 866
6277 797
6278 837
6279 743
6280 81
6281 947
6282 501
6283 562
6284 562
6285 839
6286 27
6287 130
6288 131
6289 130
6290 146
6291 132
6292 38
6293 39
6294 46
6295 38
6296 46
6297 254
6298 254
6299 530
6300 529
6301 352
6302 352
6303 541
6304 916
6305 916
6306 21
6307 349
6308 349
6309 841
6310 341
6311 479
6312 479
6313 479
6314 836
6315 836
6316 833
6317 836
6318 836
6319 608
6320 608
6321 608
6322 78
6323 323
6324 78
6325 303
6326 262
6327 51
6328 51
6329 241
6330 659
6331 720
6332 212
6333 720
6334 720
6335 720
6336 216
6337 4
6338 102
6339 107
6340 102
6341 446
6342 269
6343 446
6344 446
6345 346
6346 309
6347 346
6348 96
6349 110
6350 96
6351 96
6352 110
6353 419
6354 419
6355 8
6356 895
6357 895
6358 658
6359 49
6360 654
6361 655
6362 654
6363 654
6364 654
6365 645
6366 672
6367 415
6368 374
6369 415
6370 415
6371 415
6372 452
6373 846
6374 55
6375 846
6376 989
6377 55
6378 384
6379 384
6380 384
6381 384
6382 384
6383 931
6384 25
6385 300
6386 300
6387 302
6388 485
6389 210
6390 943
6391 29
6392 726
6393 726
6394 725
6395 658
6396 726
6397 729
6398 729
6399 729
6400 196
6401 729
6402 716
6403 843
6404 687
6405 11
6406 78
6407 525
6408 525
6409 527
6410 324
6411 324
6412 201
6413 319
6414 319
6415 320
6416 35
6417 241
6418 14
6419 319
6420 319
6421 349
6422 645
6423 349
6424 501
6425 645
6426 595
6427 595
6428 595
6429 595
6430 622
6431 622
6432 844
6433 84
6434 30
6435 920
6436 920
6437 30
6438 354
6439 48
6440 504
6441 504
6442 562
6443 59
6444 722
6445 722
6446 722
6447 447
6448 447
6449 447
6450 447
6451 447
6452 170
6453 170
6454 353
6455 275
6456 353
6457 928
6458 20
6459 840
6460 851
6461 20
6462 704
6463 675
6464 162
6465 704
6466 57
6467 700
6468 704
6469 99
6470 99
6471 631
6472 631
6473 656
6474 631
6475 632
6476 657
6477 657
6478 657
6479 662
6480 662
6481 657
6482 684
6483 858
6484 858
6485 435
6486 858
6487 343
6488 343
6489 109
6490 415
6491 80
6492 805
6493 415
6494 415
6495 80
6496 188
6497 188
6498 188
6499 684
6500 651
6501 684
6502 29
6503 777
6504 777
6505 802
6506 29
6507 471
6508 605
6509 937
6510 937
6511 299
6512 299
6513 191
6514 925
6515 925
6516 359
6517 24
6518 906
6519 66
6520 925
6521 728
6522 455
6523 905
6524 24
6525 341
6526 981
6527 439
6528 53
6529 528
6530 168
6531 338
6532 180
6533 709
6534 709
6535 709
6536 438
6537 438
6538 872
6539 872
6540 9
6541 872
6542 673
6543 673
6544 201
6545 201
6546 214
6547 672
6548 358
6549 358
6550 347
6551 19
6552 6
6553 358
6554 572
6555 572
6556 572
6557 572
6558 160
6559 160
6560 68
6561 134
6562 68
6563 68
6564 68
6565 956
6566 212
6567 906
6568 383
6569 123
6570 134
6571 714
6572 20
6573 714
6574 515
6575 714
6576 20
6577 262
6578 20
6579 262
6580 617
6581 262
6582 25
6583 725
6584 656
6585 725
6586 725
6587 616
6588 378
6589 104
6590 211
6591 590
6592 31
6593 301
6594 301
6595 307
6596 385
6597 110
6598 385
6599 388
6600 110
6601 123
6602 12
6603 272
6604 897
6605 890
6606 520
6607 19
6608 292
6609 292
6610 27
6611 293
6612 19
6613 292
6614 728
6615 728
6616 728
6617 728
6618 500
6619 940
6620 954
6621 287
6622 287
6623 287
6624 343
6625 50
6626 778
6627 14
6628 78
6629 78
6630 160
6631 160
6632 160
6633 110
6634 110
6635 110
6636 831
6637 443
6638 443
6639 443
6640 443
6641 443
6642 602
6643 496
6644 68
6645 954
6646 496
6647 68
6648 907
6649 907
6650 187
6651 431
6652 143
6653 410
6654 900
6655 48
6656 900
6657 904
6658 900
6659 711
6660 28
6661 48
6662 849
6663 858
6664 849
6665 858
6666 278
6667 283
6668 283
6669 849
6670 741
6671 283
6672 393
6673 393
6674 393
6675 522
6676 415
6677 415
6678 415
6679 398
6680 326
6681 326
6682 805
6683 805
6684 109
6685 28
6686 12
6687 31
6688 28
6689 428
6690 272
6691 428
6692 545
6693 71
6694 71
6695 71
6696 71
6697 764
6698 130
6699 130
6700 899
6701 8
6702 709
6703 352
6704 843
6705 843
6706 300
6707 304
6708 304
6709 300
6710 170
6711 170
6712 195
6713 415
6714 170
6715 301
6716 432
6717 954
6718 48
6719 533
6720 162
6721 803
6722 85
6723 82
6724 818
6725 65
6726 24
6727 244
6728 818
6729 65
6730 104
6731 35
6732 14
6733 520
6734 90
6735 790
6736 714
6737 790
6738 231
6739 834
6740 77
6741 77
6742 4
6743 77
6744 760
6745 777
6746 866
6747 760
6748 125
6749 125
6750 190
6751 190
6752 343
6753 23
6754 593
6755 744
6756 264
6757 695
6758 434
6759 909
6760 264
6761 305
6762 30
6763 305
6764 431
6765 58
6766 989
6767 431
6768 709
6769 58
6770 454
6771 454
6772 378
6773 380
6774 378
6775 378
6776 378
6777 416
6778 416
6779 416
6780 418
6781 416
6782 418
6783 823
6784 312
6785 840
6786 295
6787 298
6788 782
6789 782
6790 782
6791 782
6792 784
6793 782
6794 782
6795 847
6796 858
6797 185
6798 847
6799 847
6800 858
6801 757
6802 711
6803 920
6804 578
6805 711
6806 870
6807 711
6808 519
6809 312
6810 306
6811 301
6812 298
6813 301
6814 800
6815 800
6816 800
6817 800
6818 388
6819 383
6820 155
6821 155
6822 143
6823 237
6824 26
6825 54
6826 632
6827 632
6828 292
6829 292
6830 309
6831 292
6832 292
6833 293
6834 54
6835 54
6836 54
6837 54
6838 54
6839 54
6840 54
6841 557
6842 557
6843 230
6844 230
6845 287
6846 230
6847 986
6848 834
6849 834
6850 406
6851 9
6852 686
6853 807
6854 807
6855 807
6856 973
6857 827
6858 972
6859 897
6860 235
6861 235
6862 736
6863 509
6864 524
6865 260
6866 260
6867 965
6868 965
6869 5
6870 92
6871 13
6872 949
6873 446
6874 483
6875 454
6876 446
6877 446
6878 844
6879 102
6880 102
6881 102
6882 793
6883 793
6884 908
6885 908
6886 908
6887 933
6888 509
6889 513
6890 509
6891 509
6892 523
6893 186
6894 623
6895 619
6896 462
6897 462
6898 462
6899 643
6900 643
6901 9
6902 58
6903 643
6904 643
6905 913
6906 913
6907 990
6908 7
6909 56
6910 7
6911 362
6912 362
6913 323
6914 623
6915 593
6916 274
6917 718
6918 274
6919 529
6920 18
6921 24
6922 585
6923 303
6924 11
6925 303
6926 758
6927 828
6928 758
6929 780
6930 763
6931 669
6932 781
6933 221
6934 902
6935 624
6936 221
6937 5
6938 26
6939 564
6940 564
6941 146
6942 146
6943 146
6944 896
6945 875
6946 86
6947 875
6948 273
6949 273
6950 309
6951 273
6952 501
6953 702
6954 703
6955 702
6956 9
6957 577
6958 62
6959 702
6960 152
6961 501
6962 133
6963 668
6964 668
6965 19
6966 517
6967 63
6968 63
6969 710
6970 710
6971 710
6972 992
6973 992
6974 476
6975 476
6976 476
6977 949
6978 232
6979 232
6980 556
6981 431
6982 431
6983 440
6984 704
6985 54
6986 675
6987 229
6988 521
6989 188
6990 225
6991 225
6992 836
6993 777
6994 10
6995 723
6996 723
6997 721
6998 438
6999 14
7000 546
7001 362
7002 56
7003 586
7004 362
7005 735
7006 808
7007 83
7008 83
7009 83
7010 599
7011 599
7012 748
7013 599
7014 17
7015 595
7016 599
7017 706
7018 651
7019 706
7020 237
7021 518
7022 991
7023 237
7024 237
7025 375
7026 238
7027 238
7028 670
7029 955
7030 149
7031 255
7032 149
7033 808
7034 802
7035 808
7036 20
7037 43
7038 43
7039 43
7040 46
7041 43
7042 42
7043 430
7044 52
7045 52
7046 163
7047 23
7048 551
7049 57
7050 935
7051 778
7052 901
7053 934
7054 355
7055 805
7056 501
7057 355
7058 501
7059 242
7060 242
7061 242
7062 580
7063 805
7064 890
7065 427
7066 53
7067 890
7068 639
7069 427
7070 877
7071 877
7072 933
7073 168
7074 166
7075 693
7076 120
7077 340
7078 710
7079 631
7080 631
7081 631
7082 644
7083 361
7084 86
7085 591
7086 361
7087 94
7088 101
7089 94
7090 94
7091 450
7092 467
7093 91
7094 450
7095 438
7096 951
7097 640
7098 951
7099 951
7100 871
7101 921
7102 110
7103 61
7104 986
7105 176
7106 6
7107 136
7108 434
7109 864
7110 136
7111 59
7112 180
7113 927
7114 703
7115 861
7116 861
7117 51
7118 696
7119 721
7120 696
7121 297
7122 303
7123 106
7124 110
7125 311
7126 842
7127 110
7128 920
7129 823
7130 833
7131 823
7132 122
7133 823
7134 833
7135 823
7136 400
7137 866
7138 823
7139 959
7140 823
7141 823
7142 395
7143 283
7144 283
7145 283
7146 283
7147 66
7148 66
7149 832
7150 433
7151 327
7152 683
7153 494
7154 51
7155 527
7156 527
7157 387
7158 527
7159 903
7160 477
7161 477
7162 295
7163 295
7164 295
7165 329
7166 329
7167 329
7168 462
7169 516
7170 522
7171 516
7172 831
7173 84
7174 300
7175 302
7176 300
7177 259
7178 259
7179 855
7180 259
7181 433
7182 396
7183 433
7184 410
7185 464
7186 464
7187 464
7188 112
7189 112
7190 86
7191 112
7192 112
7193 198
7194 198
7195 884
7196 305
7197 463
7198 884
7199 523
7200 24
7201 523
7202 523
7203 843
7204 831
7205 188
7206 548
7207 21
7208 548
7209 5
7210 512
7211 512
7212 512
7213 521
7214 512
7215 512
7216 512
7217 98
7218 98
7219 984
7220 935
7221 931
7222 362
7223 28
7224 362
7225 931
7226 529
7227 895
7228 856
7229 895
7230 856
7231 565
7232 565
7233 390
7234 584
7235 565
7236 371
7237 147
7238 141
7239 147
7240 141
7241 161
7242 161
7243 161
7244 449
7245 164
7246 161
7247 780
7248 828
7249 745
7250 526
7251 602
7252 687
7253 734
7254 592
7255 691
7256 227
7257 28
7258 282
7259 282
7260 311
7261 311
7262 311
7263 299
7264 776
7265 702
7266 253
7267 253
7268 253
7269 948
7270 295
7271 769
7272 948
7273 218
7274 218
7275 114
7276 5
7277 944
7278 944
7279 432
7280 338
7281 900
7282 838
7283 432
7284 338
7285 819
7286 494
7287 819
7288 869
7289 576
7290 819
7291 494
7292 819
7293 819
7294 762
7295 762
7296 762
7297 88
7298 279
7299 255
7300 269
7301 327
7302 327
7303 925
7304 521
7305 521
7306 521
7307 521
7308 521
7309 752
7310 121
7311 521
7312 752
7313 121
7314 947
7315 88
7316 521
7317 521
7318 59
7319 634
7320 634
7321 647
7322 634
7323 634
7324 637
7325 634
7326 649
7327 634
7328 634
7329 634
7330 588
7331 683
7332 588
7333 30
7334 95
7335 113
7336 539
7337 61
7338 543
7339 543
7340 617
7341 746
7342 121
7343 751
7344 751
7345 751
7346 905
7347 751
7348 751
7349 751
7350 693
7351 751
7352 751
7353 751
7354 107
7355 275
7356 990
7357 694
7358 49
7359 694
7360 958
7361 958
7362 958
7363 849
7364 849
7365 849
7366 140
7367 164
7368 806
7369 864
7370 747
7371 806
7372 905
7373 507
7374 540
7375 540
7376 278
7377 732
7378 993
7379 725
7380 410
7381 410
7382 617
7383 410
7384 410
7385 712
7386 524
7387 712
7388 709
7389 696
7390 696
7391 609
7392 900
7393 985
7394 554
7395 609
7396 501
7397 87
7398 580
7399 703
7400 515
7401 524
7402 87
7403 457
7404 882
7405 676
7406 714
7407 525
7408 501
7409 769
7410 732
7411 773
7412 763
7413 644
7414 763
7415 418
7416 766
7417 14
7418 871
7419 871
7420 632
7421 66
7422 84
7423 84
7424 43
7425 46
7426 278
7427 43
7428 46
7429 938
7430 938
7431 670
7432 670
7433 580
7434 580
7435 180
7436 48
7437 115
7438 115
7439 926
7440 925
7441 294
7442 647
7443 380
7444 436
7445 406
7446 380
7447 380
7448 380
7449 380
7450 436
7451 640
7452 193
7453 625
7454 645
7455 326
7456 676
7457 691
7458 691
7459 691
7460 691
7461 451
7462 691
7463 691
7464 716
7465 769
7466 406
7467 513
7468 779
7469 716
7470 943
7471 944
7472 889
7473 943
7474 894
7475 651
7476 341
7477 892
7478 651
7479 979
7480 543
7481 979
7482 980
7483 979
7484 928
7485 928
7486 937
7487 800
7488 345
7489 8
7490 9
7491 80
7492 345
7493 819
7494 345
7495 392
7496 403
7497 406
7498 392
7499 392
7500 392
7501 4
7502 261
7503 211
7504 261
7505 24
7506 404
7507 57
7508 261
7509 289
7510 24
7511 404
7512 261
7513 657
7514 657
7515 657
7516 809
7517 809
7518 82
7519 13
7520 26
7521 82
7522 809
7523 625
7524 83
7525 69
7526 944
7527 374
7528 455
7529 374
7530 140
7531 148
7532 140
7533 140
7534 148
7535 899
7536 55
7537 384
7538 55
7539 718
7540 865
7541 593
7542 586
7543 24
7544 718
7545 718
7546 328
7547 617
7548 328
7549 328
7550 328
7551 966
7552 966
7553 700
7554 700
7555 700
7556 766
7557 766
7558 402
7559 922
7560 246
7561 150
7562 906
7563 52
7564 155
7565 11
7566 917
7567 917
7568 398
7569 602
7570 917
7571 862
7572 75
7573 586
7574 586
7575 675
7576 586
7577 531
7578 165
7579 165
7580 27
7581 165
7582 580
7583 68
7584 614
7585 579
7586 580
7587 578
7588 29
7589 88
7590 191
7591 58
7592 191
7593 84
7594 718
7595 688
7596 841
7597 191
7598 841
7599 191
7600 688
7601 191
7602 308
7603 308
7604 308
7605 665
7606 665
7607 665
7608 277
7609 310
7610 236
7611 277
7612 585
7613 283
7614 283
7615 283
7616 283
7617 923
7618 934
7619 707
7620 648
7621 648
7622 924
7623 527
7624 924
7625 934
7626 943
7627 943
7628 83
7629 244
7630 565
7631 565
7632 52
7633 525
7634 101
7635 701
7636 712
7637 22
7638 138
7639 867
7640 138
7641 867
7642 169
7643 169
7644 81
7645 169
7646 527
7647 528
7648 854
7649 551
7650 608
7651 551
7652 586
7653 551
7654 518
7655 715
7656 535
7657 639
7658 787
7659 679
7660 535
7661 420
7662 516
7663 514
7664 304
7665 514
7666 15
7667 505
7668 514
7669 836
7670 347
7671 777
7672 777
7673 111
7674 31
7675 111
7676 72
7677 526
7678 523
7679 835
7680 90
7681 90
7682 185
7683 185
7684 768
7685 865
7686 51
7687 651
7688 27
7689 185
7690 768
7691 83
7692 563
7693 563
7694 527
7695 571
7696 571
7697 152
7698 951
7699 19
7700 951
7701 839
7702 858
7703 858
7704 841
7705 800
7706 729
7707 53
7708 729
7709 746
7710 246
7711 587
7712 746
7713 914
7714 587
7715 476
7716 676
7717 646
7718 866
7719 676
7720 374
7721 788
7722 101
7723 870
7724 788
7725 648
7726 503
7727 503
7728 358
7729 358
7730 959
7731 14
7732 269
7733 247
7734 768
7735 358
7736 344
7737 344
7738 344
7739 344
7740 744
7741 119
7742 86
7743 848
7744 848
7745 848
7746 568
7747 281
7748 568
7749 851
7750 687
7751 281
7752 775
7753 651
7754 195
7755 195
7756 195
7757 393
7758 25
7759 393
7760 632
7761 864
7762 653
7763 626
7764 653
7765 716
7766 303
7767 270
7768 604
7769 585
7770 69
7771 604
7772 603
7773 604
7774 604
7775 70
7776 316
7777 843
7778 62
7779 62
7780 62
7781 795
7782 29
7783 695
7784 795
7785 164
7786 94
7787 94
7788 13
7789 164
7790 94
7791 169
7792 169
7793 94
7794 373
7795 592
7796 695
7797 440
7798 647
7799 898
7800 10
7801 884
7802 557
7803 239
7804 884
7805 801
7806 58
7807 913
7808 208
7809 72
7810 884
7811 562
7812 856
7813 839
7814 582
7815 640
7816 839
7817 794
7818 794
7819 848
7820 848
7821 251
7822 251
7823 156
7824 524
7825 144
7826 156
7827 978
7828 16
7829 892
7830 832
7831 19
7832 16
7833 978
7834 23
7835 340
7836 210
7837 909
7838 575
7839 210
7840 426
7841 425
7842 425
7843 426
7844 425
7845 426
7846 425
7847 541
7848 50
7849 920
7850 541
7851 541
7852 50
7853 374
7854 166
7855 644
7856 644
7857 948
7858 326
7859 326
7860 513
7861 609
7862 513
7863 196
7864 840
7865 924
7866 196
7867 991
7868 399
7869 400
7870 399
7871 399
7872 778
7873 779
7874 551
7875 959
7876 256
7877 256
7878 256
7879 76
7880 482
7881 482
7882 890
7883 890
7884 901
7885 435
7886 773
7887 73
7888 73
7889 773
7890 810
7891 859
7892 19
7893 58
7894 77
7895 864
7896 77
7897 899
7898 675
7899 888
7900 7
7901 245
7902 838
7903 672
7904 245
7905 27
7906 991
7907 981
7908 838
7909 245
7910 245
7911 867
7912 952
7913 74
7914 92
7915 245
7916 191
7917 245
7918 745
7919 736
7920 745
7921 795
7922 756
7923 756
7924 756
7925 326
7926 756
7927 756
7928 345
7929 345
7930 345
7931 439
7932 439
7933 439
7934 76
7935 974
7936 501
7937 12
7938 61
7939 520
7940 703
7941 709
7942 709
7943 709
7944 757
7945 855
7946 649
7947 757
7948 757
7949 855
7950 172
7951 172
7952 589
7953 304
7954 589
7955 489
7956 489
7957 76
7958 864
7959 810
7960 340
7961 864
7962 804
7963 85
7964 248
7965 861
7966 248
7967 108
7968 861
7969 243
7970 144
7971 407
7972 407
7973 797
7974 741
7975 122
7976 581
7977 491
7978 684
7979 491
7980 529
7981 524
7982 530
7983 395
7984 23
7985 3
7986 623
7987 895
7988 398
7989 394
7990 693
7991 394
7992 510
7993 510
7994 510
7995 256
7996 905
7997 624
7998 917
7999 9
8000 440
8001 984
8002 624
8003 256
8004 905
8005 405
8006 401
8007 463
8008 405
8009 299
8010 624
8011 116
8012 10
8013 70
8014 373
8015 76
8016 118
8017 118
8018 85
8019 429
8020 674
8021 733
8022 847
8023 412
8024 522
8025 847
8026 238
8027 240
8028 238
8029 182
8030 271
8031 271
8032 784
8033 812
8034 784
8035 29
8036 784
8037 784
8038 335
8039 245
8040 812
8041 368
8042 368
8043 371
8044 371
8045 549
8046 281
8047 669
8048 515
8049 510
8050 549
8051 706
8052 13
8053 655
8054 222
8055 904
8056 222
8057 222
8058 222
8059 222
8060 15
8061 47
8062 47
8063 648
8064 4
8065 930
8066 969
8067 591
8068 969
8069 969
8070 393
8071 972
8072 984
8073 983
8074 972
8075 171
8076 19
8077 171
8078 171
8079 727
8080 727
8081 15
8082 570
8083 683
8084 161
8085 161
8086 828
8087 828
8088 211
8089 263
8090 263
8091 281
8092 263
8093 76
8094 12
8095 906
8096 906
8097 789
8098 838
8099 331
8100 332
8101 331
8102 405
8103 405
8104 779
8105 128
8106 128
8107 128
8108 992
8109 992
8110 992
8111 878
8112 427
8113 553
8114 427
8115 601
8116 601
8117 623
8118 793
8119 702
8120 808
8121 5
8122 397
8123 397
8124 838
8125 838
8126 838
8127 193
8128 193
8129 594
8130 594
8131 594
8132 751
8133 751
8134 751
8135 129
8136 129
8137 972
8138 121
8139 24
8140 121
8141 849
8142 849
8143 849
8144 320
8145 849
8146 849
8147 849
8148 677
8149 677
8150 470
8151 470
8152 470
8153 470
8154 470
8155 284
8156 284
8157 12
8158 854
8159 854
8160 750
8161 854
8162 814
8163 327
8164 814
8165 92
8166 786
8167 963
8168 702
8169 117
8170 800
8171 780
8172 33
8173 33
8174 853
8175 62
8176 853
8177 793
8178 700
8179 793
8180 381
8181 381
8182 61
8183 854
8184 854
8185 215
8186 155
8187 89
8188 687
8189 812
8190 812
8191 262
8192 262
8193 710
8194 11
8195 118
8196 624
8197 862
8198 624
8199 624
8200 101
8201 965
8202 101
8203 151
8204 151
8205 170
8206 32
8207 955
8208 32
8209 903
8210 249
8211 986
8212 791
8213 791
8214 260
8215 260
8216 823
8217 61
8218 827
8219 772
8220 684
8221 823
8222 231
8223 823
8224 674
8225 248
8226 248
8227 175
8228 859
8229 859
8230 859
8231 859
8232 129
8233 84
8234 64
8235 677
8236 679
8237 925
8238 677
8239 551
8240 878
8241 876
8242 878
8243 53
8244 511
8245 91
8246 122
8247 940
8248 3
8249 943
8250 830
8251 832
8252 830
8253 830
8254 240
8255 811
8256 238
8257 238
8258 848
8259 82
8260 683
8261 26
8262 177
8263 25
8264 275
8265 275
8266 275
8267 554
8268 621
8269 440
8270 440
8271 558
8272 607
8273 558
8274 558
8275 963
8276 658
8277 963
8278 658
8279 975
8280 975
8281 604
8282 975
8283 829
8284 776
8285 829
8286 896
8287 829
8288 210
8289 53
8290 210
8291 361
8292 441
8293 441
8294 470
8295 470
8296 470
8297 464
8298 464
8299 336
8300 336
8301 276
8302 302
8303 276
8304 107
8305 305
8306 264
8307 264
8308 280
8309 955
8310 955
8311 280
8312 201
8313 201
8314 710
8315 17
8316 958
8317 213
8318 213
8319 711
8320 711
8321 287
8322 616
8323 865
8324 838
8325 838
8326 895
8327 895
8328 895
8329 895
8330 99
8331 99
8332 351
8333 351
8334 351
8335 734
8336 734
8337 898
8338 898
8339 655
8340 738
8341 613
8342 17
8343 104
8344 104
8345 738
8346 876
8347 178
8348 29
8349 69
8350 180
8351 980
8352 980
8353 269
8354 430
8355 269
8356 930
8357 23
8358 185
8359 185
8360 18
8361 23
8362 923
8363 622
8364 530
8365 530
8366 56
8367 149
8368 858
8369 858
8370 743
8371 858
8372 676
8373 676
8374 676
8375 281
8376 281
8377 572
8378 587
8379 579
8380 572
8381 572
8382 904
8383 572
8384 578
8385 559
8386 6
8387 6
8388 562
8389 138
8390 818
8391 138
8392 138
8393 601
8394 601
8395 601
8396 774
8397 85
8398 601
8399 143
8400 143
8401 143
8402 143
8403 184
8404 238
8405 238
8406 641
8407 372
8408 872
8409 872
8410 957
8411 872
8412 872
8413 895
8414 514
8415 514
8416 514
8417 25
8418 21
8419 142
8420 142
8421 142
8422 142
8423 144
8424 178
8425 762
8426 762
8427 762
8428 265
8429 374
8430 819
8431 704
8432 278
8433 903
8434 819
8435 297
8436 282
8437 282
8438 644
8439 925
8440 686
8441 661
8442 109
8443 669
8444 109
8445 783
8446 783
8447 165
8448 715
8449 185
8450 165
8451 725
8452 812
8453 490
8454 11
8455 490
8456 29
8457 389
8458 389
8459 521
8460 223
8461 605
8462 301
8463 388
8464 28
8465 223
8466 165
8467 165
8468 928
8469 928
8470 700
8471 700
8472 700
8473 774
8474 774
8475 774
8476 853
8477 14
8478 211
8479 781
8480 656
8481 656
8482 681
8483 647
8484 19
8485 656
8486 238
8487 570
8488 796
8489 609
8490 60
8491 88
8492 88
8493 88
8494 88
8495 391
8496 391
8497 394
8498 395
8499 391
8500 519
8501 872
8502 599
8503 630
8504 135
8505 135
8506 135
8507 843
8508 843
8509 971
8510 971
8511 231
8512 261
8513 58
8514 261
8515 261
8516 739
8517 25
8518 555
8519 555
8520 739
8521 856
8522 933
8523 656
8524 938
8525 78
8526 74
8527 938
8528 78
8529 335
8530 335
8531 335
8532 335
8533 348
8534 348
8535 348
8536 197
8537 16
8538 582
8539 582
8540 953
8541 837
8542 649
8543 953
8544 57
8545 87
8546 818
8547 42
8548 42
8549 806
8550 107
8551 806
8552 905
8553 957
8554 806
8555 798
8556 806
8557 107
8558 806
8559 109
8560 806
8561 690
8562 690
8563 646
8564 679
8565 303
8566 647
8567 865
8568 7
8569 712
8570 629
8571 413
8572 629
8573 629
8574 629
8575 656
8576 60
8577 629
8578 629
8579 423
8580 423
8581 400
8582 795
8583 528
8584 448
8585 126
8586 154
8587 126
8588 126
8589 126
8590 126
8591 125
8592 432
8593 154
8594 154
8595 427
8596 427
8597 427
8598 427
8599 393
8600 393
8601 177
8602 405
8603 270
8604 270
8605 690
8606 28
8607 690
8608 690
8609 695
8610 222
8611 675
8612 695
8613 695
8614 695
8615 910
8616 684
8617 903
8618 481
8619 366
8620 926
8621 926
8622 107
8623 21
8624 22
8625 929
8626 618
8627 618
8628 667
8629 619
8630 893
8631 893
8632 6
8633 197
8634 530
8635 151
8636 897
8637 14
8638 897
8639 440
8640 440
8641 987
8642 324
8643 324
8644 324
8645 162
8646 324
8647 288
8648 288
8649 288
8650 289
8651 904
8652 435
8653 176
8654 435
8655 435
8656 85
8657 31
8658 85
8659 85
8660 674
8661 674
8662 926
8663 217
8664 713
8665 686
8666 12
8667 887
8668 887
8669 3
8670 30
8671 609
8672 530
8673 781
8674 781
8675 55
8676 928
8677 509
8678 197
8679 744
8680 776
8681 7
8682 744
8683 319
8684 320
8685 764
8686 319
8687 320
8688 436
8689 436
8690 834
8691 360
8692 360
8693 766
8694 766
8695 734
8696 770
8697 840
8698 840
8699 926
8700 926
8701 93
8702 811
8703 926
8704 528
8705 315
8706 315
8707 884
8708 884
8709 884
8710 49
8711 296
8712 296
8713 398
8714 296
8715 296
8716 176
8717 552
8718 92
8719 552
8720 552
8721 48
8722 48
8723 104
8724 736
8725 817
8726 104
8727 736
8728 625
8729 625
8730 543
8731 216
8732 519
8733 60
8734 216
8735 139
8736 245
8737 166
8738 246
8739 866
8740 166
8741 772
8742 772
8743 57
8744 772
8745 205
8746 205
8747 54
8748 54
8749 44
8750 44
8751 44
8752 851
8753 851
8754 851
8755 875
8756 880
8757 875
8758 108
8759 108
8760 36
8761 36
8762 36
8763 36
8764 36
8765 36
8766 299
8767 283
8768 58
8769 12
8770 12
8771 120
8772 189
8773 53
8774 203
8775 189
8776 189
8777 11
8778 11
8779 189
8780 53
8781 671
8782 671
8783 671
8784 671
8785 702
8786 775
8787 769
8788 671
8789 671
8790 910
8791 557
8792 516
8793 436
8794 437
8795 437
8796 858
8797 859
8798 858
8799 10
8800 811
8801 788
8802 788
8803 683
8804 193
8805 155
8806 161
8807 73
8808 73
8809 831
8810 637
8811 869
8812 517
8813 993
8814 10
8815 171
8816 171
8817 417
8818 50
8819 363
8820 417
8821 50
8822 192
8823 192
8824 192
8825 192
8826 207
8827 294
8828 294
8829 116
8830 117
8831 789
8832 789
8833 338
8834 73
8835 656
8836 73
8837 73
8838 28
8839 73
8840 938
8841 938
8842 544
8843 544
8844 17
8845 674
8846 610
8847 763
8848 300
8849 24
8850 763
8851 674
8852 24
8853 566
8854 893
8855 341
8856 771
8857 566
8858 357
8859 727
8860 584
8861 727
8862 497
8863 851
8864 231
8865 109
8866 221
8867 221
8868 292
8869 292
8870 461
8871 886
8872 886
8873 886
8874 986
8875 204
8876 886
8877 729
8878 426
8879 340
8880 527
8881 520
8882 166
8883 520
8884 520
8885 166
8886 932
8887 718
8888 671
8889 771
8890 59
8891 151
8892 151
8893 151
8894 455
8895 411
8896 433
8897 411
8898 433
8899 462
8900 555
8901 13
8902 90
8903 667
8904 434
8905 434
8906 335
8907 434
8908 38
8909 46
8910 46
8911 38
8912 46
8913 472
8914 62
8915 17
8916 62
8917 51
8918 17
8919 358
8920 686
8921 872
8922 702
8923 552
8924 872
8925 634
8926 671
8927 634
8928 634
8929 772
8930 17
8931 671
8932 960
8933 936
8934 742
8935 103
8936 742
8937 460
8938 817
8939 680
8940 680
8941 44
8942 315
8943 315
8944 315
8945 315
8946 314
8947 140
8948 140
8949 140
8950 148
8951 147
8952 148
8953 147
8954 41
8955 733
8956 596
8957 596
8958 736
8959 242
8960 736
8961 736
8962 9
8963 399
8964 402
8965 399
8966 13
8967 13
8968 389
8969 402
8970 399
8971 280
8972 650
8973 808
8974 650
8975 650
8976 958
8977 973
8978 650
8979 687
8980 673
8981 687
8982 909
8983 909
8984 705
8985 705
8986 370
8987 705
8988 705
8989 206
8990 206
8991 206
8992 206
8993 885
8994 885
8995 889
8996 795
8997 476
8998 167
8999 167
9000 185
9001 185
9002 832
9003 852
9004 661
9005 832
9006 852
9007 810
9008 805
9009 209
9010 209
9011 209
9012 448
9013 448
9014 438
9015 734
9016 734
9017 734
9018 598
9019 598
9020 598
9021 436
9022 436
9023 487
9024 487
9025 606
9026 778
9027 590
9028 927
9029 305
9030 261
9031 954
9032 204
9033 204
9034 61
9035 330
9036 343
9037 330
9038 330
9039 297
9040 419
9041 419
9042 421
9043 162
9044 162
9045 162
9046 162
9047 172
9048 162
9049 531
9050 968
9051 729
9052 520
9053 520
9054 520
9055 810
9056 48
9057 747
9058 825
9059 675
9060 810
9061 48
9062 807
9063 10
9064 800
9065 742
9066 10
9067 207
9068 207
9069 358
9070 358
9071 358
9072 15
9073 460
9074 452
9075 558
9076 558
9077 15
9078 73
9079 964
9080 964
9081 220
9082 220
9083 221
9084 220
9085 874
9086 220
9087 792
9088 792
9089 840
9090 792
9091 742
9092 962
9093 203
9094 686
9095 686
9096 685
9097 685
9098 316
9099 320
9100 316
9101 316
9102 892
9103 935
9104 62
9105 958
9106 957
9107 958
9108 483
9109 94
9110 94
9111 591
9112 909
9113 966
9114 81
9115 909
9116 909
9117 916
9118 916
9119 758
9120 758
9121 773
9122 758
9123 555
9124 757
9125 555
9126 687
9127 22
9128 379
9129 687
9130 22
9131 216
9132 537
9133 216
9134 914
9135 216
9136 827
9137 798
9138 772
9139 616
9140 798
9141 447
9142 447
9143 447
9144 167
9145 167
9146 981
9147 887
9148 406
9149 13
9150 387
9151 299
9152 890
9153 255
9154 683
9155 849
9156 849
9157 849
9158 849
9159 706
9160 146
9161 146
9162 146
9163 588
9164 649
9165 798
9166 853
9167 853
9168 632
9169 632
9170 249
9171 568
9172 586
9173 714
9174 586
9175 228
9176 660
9177 845
9178 981
9179 51
9180 802
9181 845
9182 762
9183 355
9184 765
9185 861
9186 355
9187 638
9188 76
9189 638
9190 638
9191 638
9192 76
9193 381
9194 18
9195 712
9196 721
9197 26
9198 18
9199 721
9200 375
9201 375
9202 459
9203 459
9204 793
9205 770
9206 793
9207 555
9208 109
9209 603
9210 770
9211 555
9212 147
9213 147
9214 144
9215 147
9216 147
9217 459
9218 459
9219 865
9220 865
9221 484
9222 868
9223 865
9224 986
9225 398
9226 651
9227 539
9228 322
9229 322
9230 339
9231 322
9232 322
9233 322
9234 322
9235 322
9236 530
9237 478
9238 446
9239 323
9240 446
9241 688
9242 31
9243 495
9244 897
9245 688
9246 106
9247 243
9248 106
9249 106
9250 777
9251 684
9252 451
9253 457
9254 750
9255 750
9256 7
9257 750
9258 917
9259 881
9260 881
9261 881
9262 881
9263 971
9264 881
9265 881
9266 320
9267 320
9268 278
9269 10
9270 177
9271 706
9272 177
9273 58
9274 168
9275 693
9276 650
9277 650
9278 77
9279 104
9280 693
9281 631
9282 631
9283 763
9284 631
9285 631
9286 631
9287 715
9288 829
9289 881
9290 727
9291 482
9292 482
9293 747
9294 431
9295 201
9296 431
9297 558
9298 558
9299 558
9300 651
9301 902
9302 651
9303 902
9304 700
9305 899
9306 734
9307 959
9308 959
9309 867
9310 843
9311 179
9312 959
9313 800
9314 843
9315 959
9316 173
9317 173
9318 219
9319 219
9320 28
9321 654
9322 820
9323 420
9324 650
9325 820
9326 540
9327 540
9328 297
9329 264
9330 296
9331 307
9332 296
9333 443
9334 370
9335 265
9336 443
9337 808
9338 846
9339 808
9340 443
9341 443
9342 664
9343 869
9344 622
9345 622
9346 8
9347 622
9348 54
9349 304
9350 304
9351 689
9352 689
9353 845
9354 645
9355 845
9356 614
9357 888
9358 845
9359 845
9360 331
9361 332
9362 332
9363 331
9364 331
9365 331
9366 195
9367 16
9368 195
9369 306
9370 16
9371 187
9372 186
9373 31
9374 175
9375 175
9376 62
9377 543
9378 217
9379 7
9380 211
9381 817
9382 924
9383 817
9384 834
9385 703
9386 756
9387 555
9388 614
9389 92
9390 896
9391 894
9392 895
9393 896
9394 898
9395 896
9396 896
9397 473
9398 328
9399 473
9400 82
9401 473
9402 186
9403 186
9404 186
9405 614
9406 28
9407 614
9408 155
9409 141
9410 152
9411 152
9412 989
9413 832
9414 643
9415 18
9416 187
9417 55
9418 209
9419 187
9420 200
9421 664
9422 200
9423 721
9424 467
9425 664
9426 621
9427 137
9428 137
9429 171
9430 853
9431 29
9432 176
9433 176
9434 176
9435 484
9436 484
9437 635
9438 638
9439 374
9440 91
9441 131
9442 149
9443 132
9444 132
9445 149
9446 703
9447 132
9448 132
9449 828
9450 607
9451 828
9452 909
9453 608
9454 608
9455 555
9456 608
9457 827
9458 867
9459 827
9460 801
9461 827
9462 84
9463 867
9464 801
9465 827
9466 84
9467 827
9468 352
9469 352
9470 866
9471 226
9472 56
9473 242
9474 73
9475 73
9476 226
9477 33
9478 33
9479 33
9480 46
9481 223
9482 78
9483 224
9484 284
9485 305
9486 294
9487 305
9488 285
9489 63
9490 300
9491 717
9492 64
9493 669
9494 669
9495 517
9496 945
9497 669
9498 804
9499 15
9500 115
9501 115
9502 115
9503 372
9504 369
9505 883
9506 30
9507 473
9508 487
9509 473
9510 473
9511 81
9512 81
9513 93
9514 282
9515 382
9516 152
9517 179
9518 393
9519 393
9520 393
9521 262
9522 273
9523 262
9524 262
9525 262
9526 289
9527 289
9528 752
9529 684
9530 80
9531 373
9532 57
9533 55
9534 457
9535 19
9536 457
9537 771
9538 771
9539 771
9540 887
9541 887
9542 526
9543 249
9544 916
9545 916
9546 92
9547 664
9548 51
9549 51
9550 93
9551 349
9552 446
9553 246
9554 446
9555 446
9556 488
9557 778
9558 904
9559 855
9560 9
9561 811
9562 941
9563 96
9564 96
9565 232
9566 61
9567 409
9568 409
9569 696
9570 585
9571 696
9572 219
9573 33
9574 245
9575 219
9576 137
9577 137
9578 928
9579 928
9580 928
9581 601
9582 344
9583 711
9584 344
9585 601
9586 601
9587 203
9588 812
9589 861
9590 54
9591 203
9592 779
9593 246
9594 246
9595 811
9596 713
9597 728
9598 713
9599 934
9600 934
9601 934
9602 610
9603 610
9604 940
9605 52
9606 276
9607 37
9608 306
9609 119
9610 10
9611 812
9612 315
9613 315
9614 317
9615 86
9616 53
9617 796
9618 81
9619 547
9620 130
9621 619
9622 57
9623 246
9624 141
9625 525
9626 525
9627 436
9628 436
9629 436
9630 436
9631 433
9632 433
9633 798
9634 671
9635 798
9636 824
9637 643
9638 647
9639 694
9640 813
9641 813
9642 135
9643 541
9644 83
9645 133
9646 103
9647 174
9648 78
9649 723
9650 723
9651 12
9652 683
9653 184
9654 251
9655 306
9656 251
9657 251
9658 251
9659 483
9660 735
9661 13
9662 56
9663 784
9664 809
9665 184
9666 984
9667 898
9668 656
9669 22
9670 593
9671 593
9672 75
9673 988
9674 185
9675 185
9676 75
9677 549
9678 549
9679 550
9680 115
9681 550
9682 550
9683 950
9684 669
9685 950
9686 12
9687 696
9688 950
9689 467
9690 61
9691 61
9692 408
9693 408
9694 291
9695 890
9696 517
9697 647
9698 279
9699 904
9700 422
9701 524
9702 867
9703 462
9704 422
9705 524
9706 62
9707 230
9708 238
9709 25
9710 462
9711 891
9712 891
9713 922
9714 922
9715 922
9716 765
9717 663
9718 765
9719 765
9720 548
9721 548
9722 882
9723 882
9724 755
9725 84
9726 357
9727 495
9728 463
9729 344
9730 344
9731 280
9732 727
9733 727
9734 549
9735 655
9736 794
9737 727
9738 116
9739 116
9740 902
9741 993
9742 902
9743 48
9744 667
9745 59
9746 48
9747 993
9748 622
9749 8
9750 355
9751 935
9752 448
9753 5
9754 664
9755 451
9756 662
9757 820
9758 451
9759 451
9760 452
9761 566
9762 566
9763 480
9764 397
9765 397
9766 245
9767 319
9768 319
9769 227
9770 914
9771 914
9772 479
9773 967
9774 197
9775 197
9776 930
9777 197
9778 930
9779 988
9780 988
9781 988
9782 15
9783 251
9784 251
9785 251
9786 422
9787 275
9788 190
9789 190
9790 461
9791 131
9792 137
9793 243
9794 10
9795 114
9796 361
9797 6
9798 585
9799 142
9800 142
9801 453
9802 687
9803 22
9804 595
9805 835
9806 161
9807 124
9808 124
9809 542
9810 508
9811 206
9812 713
9813 206
9814 911
9815 911
9816 272
9817 895
9818 300
9819 311
9820 153
9821 290
9822 290
9823 290
9824 290
9825 387
9826 619
9827 12
9828 12
9829 161
9830 943
9831 173
9832 161
9833 812
9834 943
9835 774
9836 775
9837 775
9838 549
9839 549
9840 512
9841 530
9842 512
9843 489
9844 267
9845 471
9846 837
9847 83
9848 471
9849 856
9850 897
9851 113
9852 22
9853 235
9854 235
9855 235
9856 209
9857 209
9858 416
9859 416
9860 872
9861 222
9862 322
9863 322
9864 322
9865 322
9866 455
9867 563
9868 263
9869 563
9870 563
9871 564
9872 577
9873 951
9874 51
9875 62
9876 185
9877 565
9878 85
9879 53
9880 85
9881 565
9882 490
9883 490
9884 504
9885 100
9886 130
9887 141
9888 109
9889 109
9890 149
9891 772
9892 27
9893 947
9894 772
9895 119
9896 110
9897 106
9898 99
9899 805
9900 106
9901 802
9902 802
9903 99
9904 653
9905 240
9906 653
9907 916
9908 615
9909 809
9910 406
9911 406
9912 514
9913 386
9914 406
9915 943
9916 441
9917 943
9918 534
9919 943
9920 943
9921 107
9922 107
9923 121
9924 405
9925 808
9926 808
9927 837
9928 860
9929 844
9930 860
9931 841
9932 860
9933 507
9934 861
9935 32
9936 973
9937 412
9938 412
9939 852
9940 852
9941 810
9942 705
9943 705
9944 705
9945 705
9946 406
9947 133
9948 327
9949 559
9950 327
9951 327
9952 23
9953 163
9954 591
9955 160
9956 122
9957 669
9958 799
9959 163
9960 161
9961 161
9962 938
9963 161
9964 161
9965 342
9966 689
9967 689
9968 125
9969 925
9970 125
9971 125
9972 67
9973 67
9974 490
9975 19
9976 217
9977 541
9978 812
9979 541
9980 344
9981 344
9982 951
9983 951
9984 472
9985 852
9986 852
9987 119
9988 323
9989 323
9990 68
9991 825
9992 176
9993 636
9994 636
9995 636
9996 309
9997 479
9998 898
9999 185
