10000 30
10001 150
10002 150
10003 150
10004 834
10005 713
10006 832
10007 834
10008 713
10009 232
10010 307
10011 176
10012 880
10013 786
10014 695
10015 695
10016 193
10017 654
10018 654
10019 81
10020 578
10021 74
10022 279
10023 468
10024 967
10025 392
10026 234
10027 894
10028 578
10029 174
10030 335
10031 234
10032 808
10033 808
10034 637
10035 644
10036 899
10037 644
10038 784
10039 402
10040 402
10041 382
10042 382
10043 382
10044 929
10045 929
10046 367
10047 153
10048 153
10049 153
10050 910
10051 623
10052 872
10053 910
10054 910
10055 30
10056 910
10057 152
10058 175
10059 273
10060 28
10061 422
10062 175
10063 623
10064 152
10065 28
10066 811
10067 152
10068 342
10069 342
10070 39
10071 39
10072 442
10073 442
10074 457
10075 253
10076 253
10077 253
10078 58
10079 373
10080 328
10081 46
10082 46
10083 40
10084 46
10085 234
10086 599
10087 521
10088 521
10089 829
10090 714
10091 91
10092 829
10093 872
10094 837
10095 256
10096 163
10097 808
10098 808
10099 444
10100 444
10101 444
10102 233
10103 233
10104 371
10105 233
10106 368
10107 696
10108 368
10109 661
10110 615
10111 661
10112 661
10113 615
10114 615
10115 248
10116 39
10117 461
10118 23
10119 957
10120 802
10121 910
10122 910
10123 753
10124 826
10125 753
10126 873
10127 523
10128 429
10129 650
10130 883
10131 916
10132 560
10133 883
10134 887
10135 322
10136 322
10137 322
10138 322
10139 322
10140 322
10141 322
10142 158
10143 158
10144 158
10145 703
10146 953
10147 703
10148 790
10149 790
10150 87
10151 803
10152 734
10153 771
10154 156
10155 156
10156 156
10157 767
10158 12
10159 767
10160 209
10161 800
10162 869
10163 24
10164 800
10165 263
10166 263
10167 890
10168 890
10169 312
10170 98
10171 143
10172 143
10173 675
10174 390
10175 95
10176 108
10177 530
10178 194
10179 195
10180 195
10181 34
10182 34
10183 46
10184 34
10185 698
10186 499
10187 698
10188 499
10189 698
10190 581
10191 560
10192 500
10193 528
10194 528
10195 82
10196 811
10197 172
10198 528
10199 528
10200 302
10201 771
10202 302
10203 835
10204 345
10205 607
10206 345
10207 245
10208 245
10209 586
10210 888
10211 969
10212 586
10213 586
10214 222
10215 970
10216 222
10217 222
10218 4
10219 970
10220 832
10221 882
10222 420
10223 753
10224 753
10225 770
10226 875
10227 875
10228 753
10229 861
10230 154
10231 103
10232 818
10233 106
10234 861
10235 858
10236 637
10237 102
10238 470
10239 470
10240 437
10241 766
10242 904
10243 924
10244 463
10245 605
10246 49
10247 609
10248 584
10249 584
10250 560
10251 560
10252 118
10253 560
10254 560
10255 302
10256 58
10257 730
10258 730
10259 730
10260 914
10261 914
10262 914
10263 209
10264 914
10265 99
10266 421
10267 234
10268 67
10269 541
10270 541
10271 541
10272 541
10273 236
10274 741
10275 27
10276 338
10277 906
10278 205
10279 289
10280 205
10281 511
10282 511
10283 25
10284 793
10285 416
10286 719
10287 719
10288 719
10289 978
10290 676
10291 832
10292 832
10293 978
10294 51
10295 889
10296 889
10297 380
10298 380
10299 380
10300 380
10301 568
10302 568
10303 166
10304 357
10305 357
10306 346
10307 346
10308 346
10309 346
10310 389
10311 32
10312 312
10313 381
10314 381
10315 381
10316 381
10317 382
10318 389
10319 390
10320 286
10321 286
10322 324
10323 323
10324 324
10325 324
10326 342
10327 324
10328 231
10329 56
10330 56
10331 114
10332 172
10333 644
10334 656
10335 596
10336 82
10337 596
10338 596
10339 596
10340 553
10341 610
10342 514
10343 610
10344 617
10345 610
10346 843
10347 843
10348 112
10349 530
10350 530
10351 530
10352 440
10353 440
10354 684
10355 920
10356 920
10357 920
10358 920
10359 138
10360 478
10361 598
10362 752
10363 730
10364 730
10365 45
10366 741
10367 575
10368 40
10369 741
10370 420
10371 944
10372 944
10373 944
10374 376
10375 376
10376 265
10377 55
10378 41
10379 376
10380 241
10381 582
10382 841
10383 248
10384 341
10385 26
10386 682
10387 682
10388 682
10389 845
10390 887
10391 845
10392 565
10393 565
10394 703
10395 565
10396 332
10397 430
10398 332
10399 15
10400 430
10401 332
10402 332
10403 886
10404 590
10405 765
10406 156
10407 910
10408 210
10409 215
10410 689
10411 689
10412 689
10413 192
10414 192
10415 270
10416 309
10417 146
10418 419
10419 419
10420 991
10421 605
10422 991
10423 267
10424 269
10425 267
10426 595
10427 266
10428 267
10429 267
10430 170
10431 267
10432 141
10433 708
10434 722
10435 722
10436 57
10437 495
10438 782
10439 782
10440 586
10441 545
10442 586
10443 586
10444 768
10445 768
10446 731
10447 875
10448 731
10449 875
10450 553
10451 272
10452 58
10453 732
10454 231
10455 413
10456 213
10457 413
10458 133
10459 179
10460 884
10461 897
10462 906
10463 884
10464 884
10465 890
10466 884
10467 601
10468 30
10469 60
10470 611
10471 601
10472 488
10473 488
10474 488
10475 657
10476 670
10477 670
10478 326
10479 326
10480 621
10481 618
10482 618
10483 630
10484 801
10485 618
10486 977
10487 977
10488 280
10489 4
10490 248
10491 72
10492 166
10493 151
10494 166
10495 309
10496 151
10497 740
10498 740
10499 740
10500 459
10501 459
10502 459
10503 911
10504 911
10505 585
10506 914
10507 911
10508 118
10509 121
10510 118
10511 118
10512 875
10513 875
10514 875
10515 299
10516 299
10517 299
10518 948
10519 9
10520 948
10521 970
10522 825
10523 16
10524 825
10525 16
10526 521
10527 338
10528 521
10529 356
10530 912
10531 912
10532 912
10533 558
10534 454
10535 454
10536 227
10537 227
10538 227
10539 711
10540 708
10541 528
10542 901
10543 898
10544 967
10545 435
10546 726
10547 435
10548 399
10549 399
10550 261
10551 399
10552 399
10553 399
10554 553
10555 675
10556 307
10557 307
10558 135
10559 936
10560 528
10561 936
10562 363
10563 298
10564 616
10565 616
10566 558
10567 153
10568 558
10569 640
10570 552
10571 552
10572 524
10573 524
10574 712
10575 712
10576 712
10577 641
10578 641
10579 645
10580 641
10581 815
10582 815
10583 820
10584 820
10585 420
10586 390
10587 297
10588 159
10589 159
10590 159
10591 174
10592 216
10593 216
10594 717
10595 717
10596 595
10597 868
10598 595
10599 55
10600 622
10601 506
10602 622
10603 55
10604 868
10605 856
10606 813
10607 429
10608 855
10609 813
10610 856
10611 622
10612 933
10613 429
10614 856
10615 856
10616 856
10617 885
10618 789
10619 789
10620 819
10621 885
10622 846
10623 846
10624 846
10625 208
10626 860
10627 632
10628 846
10629 117
10630 935
10631 273
10632 183
10633 75
10634 311
10635 273
10636 691
10637 904
10638 962
10639 674
10640 21
10641 616
10642 798
10643 146
10644 146
10645 241
10646 241
10647 816
10648 816
10649 816
10650 619
10651 816
10652 818
10653 872
10654 816
10655 435
10656 435
10657 906
10658 23
10659 990
10660 708
10661 479
10662 479
10663 479
10664 797
10665 871
10666 803
10667 57
10668 798
10669 853
10670 607
10671 555
10672 293
10673 618
10674 893
10675 9
10676 893
10677 619
10678 898
10679 729
10680 88
10681 935
10682 906
10683 702
10684 906
10685 808
10686 154
10687 228
10688 431
10689 154
10690 228
10691 431
10692 532
10693 532
10694 405
10695 293
10696 240
10697 706
10698 927
10699 608
10700 706
10701 850
10702 387
10703 850
10704 10
10705 850
10706 895
10707 124
10708 267
10709 269
10710 267
10711 735
10712 685
10713 735
10714 250
10715 250
10716 257
10717 846
10718 846
10719 846
10720 846
10721 24
10722 551
10723 64
10724 24
10725 392
10726 392
10727 392
10728 821
10729 821
10730 922
10731 91
10732 678
10733 562
10734 747
10735 747
10736 485
10737 223
10738 211
10739 481
10740 602
10741 602
10742 481
10743 643
10744 888
10745 643
10746 272
10747 284
10748 885
10749 293
10750 272
10751 272
10752 272
10753 284
10754 233
10755 233
10756 230
10757 826
10758 617
10759 230
10760 233
10761 615
10762 615
10763 615
10764 949
10765 949
10766 754
10767 974
10768 757
10769 754
10770 754
10771 754
10772 974
10773 930
10774 930
10775 119
10776 119
10777 505
10778 505
10779 442
10780 442
10781 679
10782 457
10783 457
10784 457
10785 123
10786 123
10787 382
10788 382
10789 382
10790 683
10791 905
10792 486
10793 486
10794 666
10795 666
10796 169
10797 32
10798 754
10799 615
10800 754
10801 728
10802 350
10803 953
10804 726
10805 359
10806 297
10807 953
10808 214
10809 321
10810 131
10811 337
10812 62
10813 82
10814 337
10815 321
10816 321
10817 321
10818 327
10819 328
10820 327
10821 327
10822 327
10823 327
10824 328
10825 838
10826 838
10827 24
10828 838
10829 895
10830 455
10831 455
10832 304
10833 304
10834 304
10835 394
10836 25
10837 31
10838 479
10839 479
10840 682
10841 649
10842 649
10843 260
10844 260
10845 260
10846 989
10847 989
10848 989
10849 989
10850 830
10851 182
10852 830
10853 712
10854 830
10855 771
10856 772
10857 23
10858 771
10859 771
10860 122
10861 655
10862 628
10863 122
10864 240
10865 691
10866 691
10867 691
10868 960
10869 960
10870 904
10871 992
10872 962
10873 614
10874 607
10875 614
10876 487
10877 487
10878 274
10879 373
10880 49
10881 918
10882 639
10883 805
10884 164
10885 533
10886 533
10887 476
10888 963
10889 963
10890 585
10891 915
10892 690
10893 163
10894 917
10895 490
10896 176
10897 915
10898 309
10899 309
10900 262
10901 262
10902 263
10903 941
10904 941
10905 941
10906 941
10907 178
10908 178
10909 24
10910 612
10911 615
10912 99
10913 925
10914 925
10915 680
10916 22
10917 99
10918 99
10919 149
10920 144
10921 149
10922 265
10923 490
10924 914
10925 940
10926 739
10927 739
10928 515
10929 17
10930 515
10931 515
10932 515
10933 515
10934 62
10935 236
10936 48
10937 48
10938 484
10939 25
10940 64
10941 384
10942 386
10943 383
10944 384
10945 384
10946 132
10947 132
10948 126
10949 132
10950 67
10951 67
10952 67
10953 67
10954 763
10955 728
10956 649
10957 247
10958 975
10959 551
10960 975
10961 728
10962 728
10963 664
10964 829
10965 830
10966 829
10967 947
10968 769
10969 769
10970 343
10971 554
10972 555
10973 904
10974 555
10975 70
10976 938
10977 938
10978 486
10979 486
10980 486
10981 808
10982 663
10983 663
10984 663
10985 98
10986 489
10987 856
10988 489
10989 374
10990 51
10991 362
10992 978
10993 219
10994 452
10995 219
10996 5
10997 182
10998 182
10999 348
11000 177
11001 348
11002 244
11003 230
11004 244
11005 347
11006 347
11007 347
11008 270
11009 270
11010 270
11011 964
11012 964
11013 619
11014 595
11015 460
11016 460
11017 460
11018 272
11019 101
11020 769
11021 769
11022 682
11023 647
11024 780
11025 157
11026 157
11027 157
11028 622
11029 623
11030 791
11031 791
11032 883
11033 792
11034 737
11035 425
11036 737
11037 737
11038 425
11039 698
11040 698
11041 236
11042 498
11043 562
11044 286
11045 286
11046 332
11047 332
11048 331
11049 332
11050 862
11051 93
11052 545
11053 93
11054 428
11055 428
11056 15
11057 200
11058 246
11059 979
11060 200
11061 200
11062 928
11063 927
11064 928
11065 928
11066 713
11067 970
11068 238
11069 970
11070 970
11071 916
11072 931
11073 916
11074 590
11075 828
11076 828
11077 83
11078 85
11079 19
11080 639
11081 639
11082 71
11083 362
11084 306
11085 686
11086 890
11087 121
11088 327
11089 273
11090 918
11091 420
11092 420
11093 891
11094 891
11095 949
11096 949
11097 489
11098 679
11099 949
11100 568
11101 568
11102 568
11103 82
11104 551
11105 239
11106 219
11107 394
11108 394
11109 394
11110 394
11111 945
11112 77
11113 39
11114 527
11115 306
11116 517
11117 537
11118 83
11119 889
11120 889
11121 617
11122 547
11123 617
11124 24
11125 535
11126 534
11127 534
11128 901
11129 711
11130 539
11131 993
11132 707
11133 324
11134 31
11135 742
11136 742
11137 836
11138 502
11139 905
11140 747
11141 836
11142 266
11143 266
11144 648
11145 486
11146 486
11147 241
11148 241
11149 179
11150 483
11151 720
11152 720
11153 78
11154 163
11155 58
11156 123
11157 255
11158 476
11159 436
11160 255
11161 226
11162 226
11163 644
11164 226
11165 22
11166 226
11167 95
11168 94
11169 95
11170 94
11171 524
11172 524
11173 7
11174 524
11175 524
11176 156
11177 231
11178 231
11179 57
11180 780
11181 544
11182 231
11183 932
11184 932
11185 221
11186 221
11187 55
11188 55
11189 737
11190 737
11191 747
11192 677
11193 677
11194 255
11195 255
11196 255
11197 255
11198 255
11199 255
11200 163
11201 109
11202 541
11203 541
11204 947
11205 32
11206 32
11207 718
11208 85
11209 371
11210 85
11211 85
11212 85
11213 73
11214 647
11215 894
11216 820
11217 73
11218 74
11219 85
11220 746
11221 73
11222 537
11223 537
11224 648
11225 537
11226 586
11227 988
11228 119
11229 649
11230 649
11231 649
11232 100
11233 100
11234 229
11235 229
11236 229
11237 436
11238 901
11239 656
11240 902
11241 57
11242 485
11243 485
11244 991
11245 60
11246 593
11247 157
11248 157
11249 339
11250 339
11251 753
11252 881
11253 881
11254 881
11255 820
11256 881
11257 935
11258 935
11259 515
11260 29
11261 276
11262 288
11263 276
11264 276
11265 288
11266 811
11267 227
11268 227
11269 227
11270 776
11271 420
11272 420
11273 435
11274 420
11275 28
11276 420
11277 735
11278 735
11279 735
11280 735
11281 670
11282 939
11283 608
11284 670
11285 42
11286 42
11287 46
11288 42
11289 42
11290 595
11291 738
11292 595
11293 595
11294 465
11295 621
11296 621
11297 621
11298 962
11299 760
11300 760
11301 760
11302 146
11303 737
11304 737
11305 100
11306 680
11307 737
11308 100
11309 905
11310 709
11311 905
11312 757
11313 531
11314 530
11315 182
11316 182
11317 405
11318 405
11319 662
11320 959
11321 662
11322 876
11323 702
11324 132
11325 141
11326 132
11327 132
11328 132
11329 132
11330 213
11331 687
11332 864
11333 230
11334 19
11335 230
11336 438
11337 824
11338 824
11339 824
11340 181
11341 624
11342 624
11343 281
11344 402
11345 360
11346 900
11347 304
11348 304
11349 71
11350 71
11351 72
11352 103
11353 71
11354 558
11355 558
11356 721
11357 74
11358 24
11359 309
11360 226
11361 529
11362 529
11363 529
11364 288
11365 530
11366 931
11367 673
11368 675
11369 773
11370 461
11371 773
11372 61
11373 852
11374 857
11375 857
11376 852
11377 772
11378 852
11379 857
11380 852
11381 784
11382 224
11383 784
11384 637
11385 637
11386 637
11387 637
11388 625
11389 803
11390 803
11391 803
11392 411
11393 803
11394 931
11395 641
11396 552
11397 624
11398 552
11399 608
11400 654
11401 744
11402 744
11403 21
11404 649
11405 229
11406 649
11407 229
11408 507
11409 507
11410 507
11411 787
11412 838
11413 838
11414 787
11415 787
11416 757
11417 787
11418 762
11419 26
11420 22
11421 749
11422 779
11423 838
11424 764
11425 764
11426 755
11427 727
11428 554
11429 867
11430 554
11431 553
11432 336
11433 336
11434 336
11435 336
11436 340
11437 334
11438 336
11439 419
11440 419
11441 419
11442 419
11443 191
11444 886
11445 419
11446 419
11447 419
11448 291
11449 291
11450 291
11451 426
11452 426
11453 388
11454 273
11455 173
11456 176
11457 58
11458 173
11459 173
11460 402
11461 402
11462 402
11463 645
11464 645
11465 645
11466 704
11467 966
11468 877
11469 877
11470 389
11471 933
11472 825
11473 934
11474 942
11475 950
11476 942
11477 950
11478 942
11479 202
11480 508
11481 508
11482 508
11483 161
11484 161
11485 161
11486 861
11487 578
11488 195
11489 970
11490 199
11491 195
11492 179
11493 844
11494 813
11495 233
11496 353
11497 745
11498 611
11499 821
11500 821
11501 824
11502 821
11503 252
11504 252
11505 252
11506 252
11507 252
11508 252
11509 444
11510 958
11511 958
11512 958
11513 462
11514 913
11515 645
11516 645
11517 645
11518 645
11519 706
11520 525
11521 806
11522 365
11523 967
11524 924
11525 967
11526 29
11527 386
11528 934
11529 16
11530 863
11531 863
11532 810
11533 488
11534 488
11535 312
11536 488
11537 203
11538 805
11539 203
11540 806
11541 806
11542 806
11543 436
11544 263
11545 263
11546 939
11547 939
11548 939
11549 314
11550 314
11551 324
11552 324
11553 767
11554 767
11555 749
11556 705
11557 525
11558 705
11559 713
11560 444
11561 47
11562 45
11563 482
11564 681
11565 681
11566 655
11567 882
11568 711
11569 655
11570 201
11571 788
11572 789
11573 11
11574 826
11575 60
11576 231
11577 593
11578 277
11579 797
11580 834
11581 797
11582 797
11583 273
11584 77
11585 77
11586 335
11587 752
11588 781
11589 752
11590 340
11591 811
11592 752
11593 755
11594 731
11595 692
11596 732
11597 324
11598 732
11599 94
11600 94
11601 739
11602 172
11603 168
11604 361
11605 361
11606 625
11607 625
11608 626
11609 626
11610 626
11611 626
11612 971
11613 971
11614 756
11615 485
11616 756
11617 774
11618 757
11619 756
11620 756
11621 537
11622 640
11623 537
11624 840
11625 537
11626 897
11627 597
11628 597
11629 613
11630 597
11631 626
11632 245
11633 27
11634 245
11635 173
11636 173
11637 975
11638 458
11639 919
11640 919
11641 236
11642 236
11643 176
11644 678
11645 678
11646 176
11647 519
11648 519
11649 419
11650 973
11651 973
11652 727
11653 727
11654 727
11655 38
11656 38
11657 38
11658 39
11659 38
11660 38
11661 38
11662 598
11663 598
11664 241
11665 377
11666 377
11667 377
11668 123
11669 539
11670 465
11671 736
11672 736
11673 309
11674 177
11675 185
11676 824
11677 746
11678 640
11679 738
11680 480
11681 124
11682 467
11683 427
11684 590
11685 590
11686 590
11687 963
11688 11
11689 215
11690 215
11691 699
11692 293
11693 293
11694 838
11695 221
11696 221
11697 904
11698 92
11699 759
11700 873
11701 929
11702 336
11703 434
11704 457
11705 453
11706 369
11707 18
11708 18
11709 404
11710 780
11711 583
11712 790
11713 790
11714 790
11715 545
11716 101
11717 545
11718 101
11719 431
11720 171
11721 422
11722 432
11723 171
11724 54
11725 496
11726 725
11727 725
11728 746
11729 831
11730 725
11731 811
11732 725
11733 590
11734 774
11735 774
11736 641
11737 641
11738 641
11739 641
11740 448
11741 28
11742 646
11743 172
11744 172
11745 670
11746 213
11747 51
11748 59
11749 172
11750 411
11751 411
11752 584
11753 929
11754 929
11755 929
11756 486
11757 486
11758 486
11759 217
11760 537
11761 244
11762 217
11763 69
11764 69
11765 481
11766 529
11767 494
11768 603
11769 913
11770 195
11771 450
11772 470
11773 470
11774 470
11775 470
11776 915
11777 913
11778 54
11779 217
11780 869
11781 638
11782 869
11783 405
11784 622
11785 622
11786 345
11787 345
11788 386
11789 915
11790 403
11791 405
11792 706
11793 706
11794 403
11795 195
11796 129
11797 129
11798 851
11799 851
11800 40
11801 40
11802 666
11803 666
11804 174
11805 174
11806 11
11807 414
11808 414
11809 313
11810 313
11811 313
11812 313
11813 43
11814 43
11815 46
11816 264
11817 109
11818 8
11819 168
11820 975
11821 168
11822 585
11823 586
11824 585
11825 136
11826 136
11827 230
11828 249
11829 136
11830 136
11831 232
11832 826
11833 506
11834 523
11835 506
11836 506
11837 506
11838 269
11839 30
11840 51
11841 106
11842 106
11843 160
11844 160
11845 621
11846 753
11847 29
11848 712
11849 712
11850 712
11851 90
11852 933
11853 107
11854 545
11855 56
11856 635
11857 234
11858 234
11859 149
11860 872
11861 538
11862 538
11863 518
11864 279
11865 27
11866 27
11867 706
11868 707
11869 685
11870 121
11871 150
11872 428
11873 428
11874 424
11875 426
11876 405
11877 424
11878 423
11879 403
11880 426
11881 954
11882 954
11883 90
11884 78
11885 954
11886 229
11887 229
11888 229
11889 588
11890 578
11891 588
11892 12
11893 539
11894 489
11895 904
11896 714
11897 117
11898 714
11899 714
11900 736
11901 517
11902 974
11903 199
11904 667
11905 974
11906 145
11907 145
11908 145
11909 407
11910 407
11911 407
11912 415
11913 586
11914 425
11915 255
11916 900
11917 921
11918 289
11919 108
11920 981
11921 78
11922 779
11923 853
11924 849
11925 117
11926 865
11927 865
11928 367
11929 132
11930 132
11931 132
11932 851
11933 411
11934 342
11935 411
11936 411
11937 411
11938 411
11939 596
11940 596
11941 387
11942 596
11943 596
11944 955
11945 955
11946 572
11947 962
11948 684
11949 737
11950 737
11951 253
11952 253
11953 400
11954 564
11955 253
11956 253
11957 253
11958 909
11959 895
11960 656
11961 814
11962 510
11963 510
11964 149
11965 148
11966 149
11967 928
11968 679
11969 928
11970 928
11971 62
11972 433
11973 702
11974 750
11975 750
11976 924
11977 806
11978 750
11979 285
11980 285
11981 285
11982 285
11983 285
11984 530
11985 530
11986 530
11987 785
11988 785
11989 566
11990 957
11991 17
11992 827
11993 804
11994 778
11995 804
11996 452
11997 142
11998 142
11999 816
12000 816
12001 358
12002 783
12003 816
12004 820
12005 90
12006 90
12007 24
12008 61
12009 763
12010 774
12011 692
12012 692
12013 774
12014 809
12015 825
12016 517
12017 523
12018 764
12019 685
12020 991
12021 148
12022 886
12023 886
12024 886
12025 791
12026 50
12027 51
12028 50
12029 50
12030 113
12031 791
12032 759
12033 759
12034 759
12035 898
12036 761
12037 759
12038 761
12039 646
12040 305
12041 108
12042 79
12043 79
12044 104
12045 228
12046 592
12047 605
12048 228
12049 230
12050 310
12051 123
12052 441
12053 388
12054 355
12055 577
12056 577
12057 781
12058 952
12059 952
12060 310
12061 680
12062 680
12063 31
12064 672
12065 72
12066 992
12067 377
12068 377
12069 377
12070 476
12071 476
12072 93
12073 518
12074 518
12075 80
12076 517
12077 971
12078 517
12079 481
12080 748
12081 748
12082 748
12083 59
12084 205
12085 205
12086 437
12087 437
12088 205
12089 740
12090 740
12091 289
12092 289
12093 276
12094 724
12095 724
12096 786
12097 726
12098 724
12099 251
12100 845
12101 845
12102 30
12103 17
12104 947
12105 519
12106 832
12107 832
12108 869
12109 76
12110 866
12111 4
12112 868
12113 76
12114 904
12115 422
12116 652
12117 422
12118 422
12119 450
12120 183
12121 183
12122 109
12123 149
12124 832
12125 832
12126 661
12127 832
12128 643
12129 178
12130 874
12131 671
12132 671
12133 671
12134 970
12135 820
12136 979
12137 454
12138 973
12139 454
12140 454
12141 455
12142 63
12143 187
12144 63
12145 63
12146 63
12147 63
12148 462
12149 462
12150 438
12151 315
12152 281
12153 315
12154 315
12155 358
12156 133
12157 278
12158 312
12159 554
12160 554
12161 155
12162 178
12163 931
12164 684
12165 908
12166 908
12167 174
12168 467
12169 174
12170 12
12171 80
12172 80
12173 310
12174 195
12175 438
12176 438
12177 438
12178 432
12179 375
12180 375
12181 375
12182 375
12183 458
12184 458
12185 681
12186 574
12187 551
12188 279
12189 798
12190 798
12191 798
12192 256
12193 421
12194 922
12195 400
12196 105
12197 105
12198 557
12199 557
12200 508
12201 537
12202 508
12203 528
12204 676
12205 611
12206 401
12207 4
12208 963
12209 401
12210 597
12211 597
12212 597
12213 597
12214 607
12215 775
12216 597
12217 465
12218 255
12219 255
12220 83
12221 298
12222 887
12223 464
12224 75
12225 887
12226 910
12227 868
12228 887
12229 527
12230 605
12231 623
12232 40
12233 40
12234 40
12235 47
12236 47
12237 40
12238 197
12239 968
12240 197
12241 123
12242 978
12243 804
12244 123
12245 906
12246 906
12247 906
12248 675
12249 933
12250 115
12251 675
12252 800
12253 933
12254 63
12255 655
12256 455
12257 773
12258 537
12259 537
12260 537
12261 537
12262 79
12263 742
12264 742
12265 917
12266 560
12267 934
12268 922
12269 917
12270 925
12271 18
12272 742
12273 30
12274 486
12275 123
12276 123
12277 69
12278 42
12279 42
12280 31
12281 720
12282 880
12283 208
12284 208
12285 208
12286 460
12287 27
12288 881
12289 81
12290 81
12291 81
12292 502
12293 873
12294 502
12295 640
12296 640
12297 519
12298 337
12299 217
12300 58
12301 969
12302 561
12303 534
12304 701
12305 534
12306 706
12307 534
12308 534
12309 676
12310 930
12311 933
12312 117
12313 933
12314 927
12315 795
12316 702
12317 29
12318 795
12319 294
12320 294
12321 294
12322 107
12323 294
12324 699
12325 699
12326 699
12327 699
12328 701
12329 399
12330 643
12331 586
12332 324
12333 264
12334 535
12335 535
12336 535
12337 535
12338 603
12339 603
12340 362
12341 362
12342 92
12343 194
12344 194
12345 67
12346 837
12347 89
12348 969
12349 67
12350 177
12351 68
12352 67
12353 89
12354 67
12355 900
12356 906
12357 684
12358 114
12359 114
12360 592
12361 940
12362 242
12363 592
12364 21
12365 796
12366 574
12367 574
12368 574
12369 890
12370 460
12371 311
12372 460
12373 356
12374 356
12375 625
12376 595
12377 625
12378 632
12379 58
12380 626
12381 716
12382 986
12383 879
12384 879
12385 879
12386 964
12387 879
12388 699
12389 260
12390 260
12391 342
12392 260
12393 676
12394 656
12395 796
12396 676
12397 772
12398 592
12399 592
12400 986
12401 593
12402 561
12403 986
12404 20
12405 986
12406 442
12407 123
12408 738
12409 389
12410 779
12411 851
12412 955
12413 752
12414 752
12415 33
12416 33
12417 475
12418 727
12419 727
12420 681
12421 978
12422 978
12423 103
12424 662
12425 22
12426 662
12427 22
12428 424
12429 424
12430 519
12431 424
12432 954
12433 987
12434 954
12435 544
12436 18
12437 544
12438 352
12439 352
12440 507
12441 588
12442 588
12443 440
12444 440
12445 440
12446 829
12447 829
12448 874
12449 113
12450 733
12451 916
12452 916
12453 732
12454 240
12455 732
12456 778
12457 922
12458 922
12459 482
12460 482
12461 954
12462 954
12463 661
12464 954
12465 778
12466 774
12467 232
12468 761
12469 760
12470 820
12471 820
12472 820
12473 820
12474 820
12475 99
12476 182
12477 263
12478 263
12479 660
12480 886
12481 662
12482 675
12483 660
12484 660
12485 516
12486 522
12487 634
12488 683
12489 634
12490 81
12491 638
12492 92
12493 394
12494 522
12495 394
12496 394
12497 223
12498 49
12499 310
12500 320
12501 52
12502 320
12503 490
12504 490
12505 490
12506 973
12507 973
12508 973
12509 928
12510 928
12511 928
12512 974
12513 974
12514 974
12515 265
12516 694
12517 694
12518 694
12519 695
12520 597
12521 597
12522 57
12523 866
12524 511
12525 885
12526 885
12527 105
12528 852
12529 852
12530 430
12531 430
12532 605
12533 544
12534 544
12535 810
12536 810
12537 810
12538 924
12539 924
12540 249
12541 249
12542 530
12543 530
12544 391
12545 391
12546 391
12547 378
12548 597
12549 597
12550 597
12551 597
12552 597
12553 803
12554 803
12555 803
12556 388
12557 896
12558 896
12559 626
12560 626
12561 332
12562 218
12563 332
12564 102
12565 922
12566 673
12567 813
12568 813
12569 871
12570 108
12571 184
12572 449
12573 317
12574 317
12575 874
12576 317
12577 317
12578 117
12579 484
12580 484
12581 464
12582 464
12583 386
12584 386
12585 418
12586 673
12587 595
12588 595
12589 594
12590 595
12591 594
12592 75
12593 627
12594 519
12595 152
12596 293
12597 6
12598 371
12599 57
12600 293
12601 57
12602 991
12603 991
12604 991
12605 762
12606 849
12607 450
12608 762
12609 917
12610 917
12611 917
12612 917
12613 917
12614 718
12615 787
12616 213
12617 775
12618 806
12619 213
12620 775
12621 806
12622 708
12623 708
12624 708
12625 65
12626 53
12627 987
12628 335
12629 959
12630 959
12631 959
12632 364
12633 342
12634 707
12635 650
12636 877
12637 877
12638 962
12639 333
12640 877
12641 877
12642 198
12643 199
12644 198
12645 120
12646 213
12647 198
12648 198
12649 941
12650 964
12651 871
12652 698
12653 941
12654 140
12655 140
12656 254
12657 254
12658 254
12659 256
12660 980
12661 980
12662 143
12663 143
12664 143
12665 143
12666 143
12667 125
12668 125
12669 402
12670 402
12671 402
12672 168
12673 799
12674 811
12675 109
12676 619
12677 168
12678 681
12679 69
12680 69
12681 304
12682 227
12683 69
12684 49
12685 69
12686 69
12687 69
12688 69
12689 761
12690 113
12691 761
12692 695
12693 695
12694 215
12695 233
12696 261
12697 261
12698 261
12699 484
12700 90
12701 664
12702 692
12703 692
12704 905
12705 142
12706 142
12707 775
12708 526
12709 142
12710 666
12711 17
12712 666
12713 90
12714 90
12715 153
12716 659
12717 649
12718 659
12719 664
12720 463
12721 463
12722 686
12723 684
12724 303
12725 855
12726 855
12727 552
12728 552
12729 47
12730 47
12731 42
12732 47
12733 47
12734 53
12735 65
12736 153
12737 65
12738 914
12739 65
12740 70
12741 133
12742 120
12743 120
12744 125
12745 125
12746 125
12747 125
12748 929
12749 839
12750 483
12751 52
12752 431
12753 247
12754 247
12755 347
12756 574
12757 574
12758 67
12759 574
12760 574
12761 770
12762 770
12763 770
12764 770
12765 694
12766 947
12767 947
12768 992
12769 80
12770 199
12771 862
12772 199
12773 19
12774 585
12775 585
12776 834
12777 585
12778 823
12779 823
12780 562
12781 241
12782 889
12783 889
12784 889
12785 889
12786 449
12787 449
12788 447
12789 352
12790 115
12791 115
12792 933
12793 933
12794 841
12795 807
12796 307
12797 307
12798 345
12799 345
12800 612
12801 617
12802 612
12803 612
12804 847
12805 847
12806 847
12807 847
12808 847
12809 843
12810 89
12811 886
12812 728
12813 89
12814 177
12815 177
12816 795
12817 795
12818 546
12819 501
12820 546
12821 25
12822 263
12823 543
12824 543
12825 559
12826 559
12827 559
12828 718
12829 616
12830 616
12831 616
12832 634
12833 637
12834 634
12835 634
12836 921
12837 451
12838 921
12839 921
12840 628
12841 628
12842 628
12843 591
12844 857
12845 857
12846 702
12847 448
12848 867
12849 448
12850 868
12851 448
12852 387
12853 387
12854 387
12855 387
12856 387
12857 756
12858 853
12859 756
12860 378
12861 378
12862 426
12863 432
12864 719
12865 719
12866 719
12867 719
12868 737
12869 571
12870 12
12871 571
12872 502
12873 581
12874 581
12875 539
12876 959
12877 30
12878 560
12879 770
12880 713
12881 713
12882 827
12883 654
12884 713
12885 392
12886 776
12887 394
12888 392
12889 776
12890 394
12891 257
12892 359
12893 359
12894 359
12895 592
12896 592
12897 916
12898 588
12899 211
12900 604
12901 411
12902 411
12903 484
12904 488
12905 488
12906 603
12907 603
12908 715
12909 603
12910 268
12911 268
12912 268
12913 273
12914 396
12915 566
12916 847
12917 58
12918 449
12919 406
12920 449
12921 449
12922 449
12923 406
12924 328
12925 328
12926 931
12927 244
12928 244
12929 883
12930 883
12931 287
12932 883
12933 495
12934 707
12935 631
12936 980
12937 584
12938 890
12939 4
12940 980
12941 589
12942 922
12943 589
12944 589
12945 482
12946 482
12947 482
12948 457
12949 474
12950 792
12951 474
12952 158
12953 158
12954 407
12955 407
12956 903
12957 900
12958 580
12959 588
12960 86
12961 961
12962 961
12963 961
12964 525
12965 618
12966 985
12967 985
12968 358
12969 372
12970 614
12971 616
12972 614
12973 603
12974 528
12975 576
12976 576
12977 576
12978 576
12979 44
12980 44
12981 949
12982 45
12983 44
12984 207
12985 207
12986 432
12987 272
12988 16
12989 16
12990 485
12991 661
12992 975
12993 882
12994 28
12995 281
12996 281
12997 850
12998 850
12999 850
13000 987
13001 909
13002 607
13003 909
13004 329
13005 329
13006 185
13007 17
13008 666
13009 672
13010 666
13011 888
13012 396
13013 666
13014 466
13015 175
13016 745
13017 745
13018 946
13019 303
13020 303
13021 733
13022 80
13023 597
13024 733
13025 48
13026 613
13027 732
13028 733
13029 80
13030 494
13031 494
13032 494
13033 72
13034 494
13035 72
13036 494
13037 495
13038 822
13039 822
13040 938
13041 938
13042 509
13043 509
13044 510
13045 509
13046 687
13047 563
13048 655
13049 748
13050 275
13051 411
13052 411
13053 288
13054 25
13055 305
13056 289
13057 288
13058 231
13059 846
13060 63
13061 846
13062 846
13063 214
13064 63
13065 246
13066 246
13067 661
13068 246
13069 246
13070 157
13071 157
13072 33
13073 157
13074 796
13075 444
13076 743
13077 930
13078 960
13079 960
13080 960
13081 960
13082 914
13083 695
13084 695
13085 298
13086 770
13087 298
13088 464
13089 464
13090 873
13091 560
13092 873
13093 888
13094 279
13095 48
13096 49
13097 48
13098 48
13099 623
13100 623
13101 922
13102 922
13103 84
13104 193
13105 749
13106 239
13107 580
13108 153
13109 309
13110 309
13111 309
13112 413
13113 231
13114 566
13115 27
13116 922
13117 922
13118 101
13119 238
13120 334
13121 820
13122 820
13123 678
13124 678
13125 196
13126 678
13127 323
13128 323
13129 323
13130 422
13131 180
13132 645
13133 716
13134 716
13135 975
13136 975
13137 975
13138 672
13139 672
13140 672
13141 672
13142 671
13143 712
13144 522
13145 522
13146 522
13147 674
13148 403
13149 717
13150 403
13151 403
13152 403
13153 601
13154 666
13155 338
13156 601
13157 598
13158 736
13159 736
13160 772
13161 11
13162 401
13163 401
13164 401
13165 858
13166 871
13167 858
13168 800
13169 136
13170 592
13171 800
13172 404
13173 404
13174 404
13175 39
13176 39
13177 39
13178 427
13179 599
13180 465
13181 411
13182 427
13183 68
13184 359
13185 843
13186 843
13187 981
13188 254
13189 254
13190 254
13191 254
13192 115
13193 667
13194 278
13195 505
13196 566
13197 505
13198 444
13199 379
13200 379
13201 456
13202 456
13203 90
13204 456
13205 456
13206 456
13207 552
13208 560
13209 552
13210 552
13211 669
13212 669
13213 669
13214 285
13215 312
13216 285
13217 285
13218 786
13219 52
13220 628
13221 808
13222 628
13223 628
13224 628
13225 684
13226 707
13227 312
13228 629
13229 629
13230 569
13231 873
13232 569
13233 582
13234 582
13235 230
13236 935
13237 144
13238 144
13239 214
13240 749
13241 214
13242 734
13243 734
13244 576
13245 576
13246 509
13247 388
13248 388
13249 688
13250 243
13251 888
13252 652
13253 652
13254 363
13255 363
13256 363
13257 543
13258 543
13259 543
13260 543
13261 585
13262 585
13263 585
13264 571
13265 571
13266 430
13267 664
13268 430
13269 569
13270 319
13271 319
13272 322
13273 891
13274 57
13275 8
13276 736
13277 736
13278 139
13279 300
13280 482
13281 61
13282 482
13283 61
13284 61
13285 688
13286 693
13287 688
13288 695
13289 688
13290 693
13291 688
13292 688
13293 765
13294 765
13295 230
13296 765
13297 455
13298 455
13299 656
13300 654
13301 654
13302 648
13303 648
13304 528
13305 58
13306 405
13307 405
13308 271
13309 877
13310 878
13311 612
13312 612
13313 699
13314 864
13315 703
13316 699
13317 699
13318 633
13319 227
13320 227
13321 227
13322 245
13323 245
13324 371
13325 285
13326 285
13327 400
13328 296
13329 296
13330 154
13331 296
13332 72
13333 875
13334 875
13335 875
13336 875
13337 875
13338 784
13339 25
13340 812
13341 784
13342 105
13343 650
13344 650
13345 247
13346 247
13347 83
13348 247
13349 61
13350 375
13351 375
13352 375
13353 78
13354 375
13355 280
13356 809
13357 435
13358 907
13359 373
13360 22
13361 435
13362 502
13363 601
13364 502
13365 590
13366 590
13367 590
13368 794
13369 124
13370 802
13371 802
13372 833
13373 802
13374 373
13375 373
13376 915
13377 915
13378 915
13379 915
13380 970
13381 178
13382 178
13383 331
13384 331
13385 686
13386 466
13387 898
13388 368
13389 740
13390 365
13391 617
13392 617
13393 26
13394 72
13395 26
13396 72
13397 617
13398 238
13399 246
13400 185
13401 155
13402 155
13403 155
13404 141
13405 120
13406 120
13407 416
13408 416
13409 436
13410 413
13411 416
13412 925
13413 331
13414 333
13415 828
13416 211
13417 305
13418 517
13419 517
13420 517
13421 586
13422 544
13423 517
13424 754
13425 754
13426 62
13427 939
13428 939
13429 226
13430 559
13431 921
13432 921
13433 425
13434 31
13435 275
13436 683
13437 363
13438 370
13439 343
13440 575
13441 575
13442 890
13443 468
13444 170
13445 468
13446 356
13447 333
13448 356
13449 433
13450 433
13451 29
13452 190
13453 190
13454 212
13455 190
13456 190
13457 670
13458 670
13459 979
13460 126
13461 126
13462 318
13463 313
13464 981
13465 479
13466 200
13467 300
13468 200
13469 300
13470 379
13471 379
13472 475
13473 379
13474 956
13475 956
13476 640
13477 602
13478 602
13479 654
13480 447
13481 306
13482 446
13483 447
13484 447
13485 306
13486 134
13487 647
13488 134
13489 134
13490 116
13491 82
13492 108
13493 183
13494 310
13495 764
13496 764
13497 764
13498 306
13499 306
13500 306
13501 682
13502 682
13503 574
13504 574
13505 107
13506 574
13507 547
13508 24
13509 739
13510 739
13511 513
13512 735
13513 962
13514 962
13515 464
13516 464
13517 464
13518 793
13519 793
13520 793
13521 492
13522 166
13523 903
13524 11
13525 903
13526 325
13527 325
13528 120
13529 424
13530 424
13531 849
13532 855
13533 641
13534 861
13535 988
13536 966
13537 966
13538 336
13539 336
13540 336
13541 336
13542 601
13543 601
13544 460
13545 220
13546 220
13547 220
13548 220
13549 220
13550 701
13551 28
13552 539
13553 614
13554 539
13555 614
13556 615
13557 751
13558 751
13559 589
13560 587
13561 60
13562 589
13563 589
13564 773
13565 873
13566 814
13567 598
13568 598
13569 604
13570 598
13571 598
13572 598
13573 258
13574 743
13575 258
13576 258
13577 743
13578 870
13579 647
13580 714
13581 253
13582 799
13583 253
13584 841
13585 593
13586 491
13587 205
13588 487
13589 491
13590 491
13591 32
13592 310
13593 311
13594 310
13595 229
13596 209
13597 209
13598 805
13599 837
13600 890
13601 105
13602 79
13603 189
13604 189
13605 726
13606 726
13607 726
13608 402
13609 519
13610 817
13611 700
13612 701
13613 701
13614 700
13615 116
13616 206
13617 972
13618 972
13619 803
13620 972
13621 87
13622 708
13623 87
13624 87
13625 369
13626 87
13627 745
13628 708
13629 422
13630 769
13631 71
13632 769
13633 769
13634 452
13635 75
13636 75
13637 553
13638 75
13639 412
13640 412
13641 52
13642 727
13643 558
13644 558
13645 558
13646 558
13647 986
13648 917
13649 619
13650 562
13651 868
13652 968
13653 727
13654 173
13655 957
13656 727
13657 805
13658 480
13659 480
13660 344
13661 344
13662 845
13663 759
13664 49
13665 845
13666 774
13667 58
13668 777
13669 881
13670 881
13671 309
13672 309
13673 309
13674 576
13675 637
13676 21
13677 220
13678 220
13679 220
13680 220
13681 503
13682 503
13683 503
13684 496
13685 447
13686 210
13687 919
13688 884
13689 831
13690 884
13691 884
13692 28
13693 474
13694 474
13695 489
13696 451
13697 451
13698 588
13699 989
13700 583
13701 613
13702 112
13703 583
13704 583
13705 551
13706 551
13707 470
13708 470
13709 262
13710 717
13711 451
13712 99
13713 927
13714 99
13715 181
13716 181
13717 605
13718 623
13719 488
13720 520
13721 520
13722 520
13723 520
13724 327
13725 810
13726 336
13727 107
13728 327
13729 256
13730 256
13731 356
13732 356
13733 342
13734 342
13735 89
13736 562
13737 444
13738 444
13739 444
13740 758
13741 841
13742 758
13743 758
13744 841
13745 387
13746 744
13747 387
13748 590
13749 590
13750 216
13751 905
13752 905
13753 533
13754 533
13755 611
13756 270
13757 429
13758 270
13759 468
13760 468
13761 977
13762 673
13763 77
13764 27
13765 203
13766 203
13767 732
13768 15
13769 203
13770 38
13771 38
13772 39
13773 38
13774 246
13775 243
13776 612
13777 612
13778 686
13779 686
13780 948
13781 859
13782 902
13783 560
13784 859
13785 92
13786 293
13787 261
13788 261
13789 495
13790 923
13791 694
13792 694
13793 694
13794 694
13795 694
13796 86
13797 86
13798 285
13799 628
13800 88
13801 802
13802 628
13803 64
13804 651
13805 64
13806 651
13807 816
13808 816
13809 818
13810 700
13811 700
13812 464
13813 277
13814 16
13815 652
13816 652
13817 652
13818 169
13819 169
13820 121
13821 169
13822 647
13823 647
13824 647
13825 458
13826 458
13827 271
13828 458
13829 279
13830 264
13831 264
13832 106
13833 106
13834 782
13835 782
13836 747
13837 511
13838 747
13839 846
13840 846
13841 175
13842 175
13843 982
13844 174
13845 510
13846 805
13847 181
13848 778
13849 134
13850 134
13851 761
13852 761
13853 761
13854 514
13855 53
13856 713
13857 514
13858 514
13859 760
13860 674
13861 53
13862 795
13863 843
13864 828
13865 80
13866 584
13867 117
13868 117
13869 831
13870 831
13871 831
13872 831
13873 304
13874 611
13875 611
13876 119
13877 623
13878 611
13879 612
13880 612
13881 612
13882 420
13883 63
13884 80
13885 904
13886 821
13887 821
13888 982
13889 982
13890 965
13891 513
13892 233
13893 513
13894 632
13895 632
13896 678
13897 881
13898 632
13899 181
13900 59
13901 263
13902 76
13903 310
13904 5
13905 464
13906 576
13907 495
13908 464
13909 392
13910 280
13911 486
13912 486
13913 297
13914 925
13915 572
13916 790
13917 925
13918 477
13919 686
13920 685
13921 469
13922 469
13923 30
13924 469
13925 957
13926 957
13927 593
13928 593
13929 98
13930 98
13931 840
13932 57
13933 70
13934 322
13935 70
13936 109
13937 70
13938 70
13939 322
13940 70
13941 57
13942 27
13943 924
13944 924
13945 923
13946 924
13947 780
13948 690
13949 187
13950 187
13951 964
13952 342
13953 964
13954 520
13955 520
13956 715
13957 487
13958 241
13959 487
13960 277
13961 277
13962 461
13963 280
13964 348
13965 348
13966 698
13967 764
13968 699
13969 705
13970 698
13971 705
13972 698
13973 547
13974 547
13975 547
13976 122
13977 23
13978 582
13979 333
13980 253
13981 252
13982 744
13983 362
13984 928
13985 141
13986 141
13987 143
13988 141
13989 141
13990 141
13991 143
13992 88
13993 203
13994 788
13995 788
13996 238
13997 788
13998 623
13999 617
14000 584
14001 623
14002 544
14003 28
14004 577
14005 577
14006 859
14007 859
14008 180
14009 327
14010 327
14011 160
14012 160
14013 160
14014 544
14015 544
14016 174
14017 174
14018 174
14019 933
14020 933
14021 355
14022 300
14023 653
14024 223
14025 223
14026 274
14027 274
14028 747
14029 274
14030 276
14031 388
14032 388
14033 418
14034 119
14035 418
14036 427
14037 42
14038 290
14039 290
14040 250
14041 250
14042 250
14043 242
14044 154
14045 154
14046 557
14047 557
14048 777
14049 414
14050 43
14051 44
14052 47
14053 102
14054 215
14055 289
14056 98
14057 98
14058 843
14059 843
14060 51
14061 259
14062 124
14063 382
14064 882
14065 882
14066 882
14067 882
14068 330
14069 25
14070 330
14071 620
14072 620
14073 360
14074 502
14075 88
14076 789
14077 502
14078 53
14079 502
14080 64
14081 78
14082 801
14083 871
14084 64
14085 604
14086 900
14087 604
14088 604
14089 582
14090 166
14091 522
14092 833
14093 833
14094 157
14095 964
14096 144
14097 166
14098 59
14099 677
14100 677
14101 275
14102 531
14103 554
14104 645
14105 645
14106 645
14107 227
14108 227
14109 227
14110 227
14111 227
14112 230
14113 655
14114 269
14115 655
14116 859
14117 859
14118 269
14119 902
14120 301
14121 280
14122 690
14123 117
14124 694
14125 690
14126 967
14127 967
14128 913
14129 655
14130 668
14131 72
14132 788
14133 992
14134 843
14135 18
14136 18
14137 134
14138 302
14139 139
14140 574
14141 139
14142 139
14143 139
14144 647
14145 772
14146 376
14147 406
14148 376
14149 376
14150 600
14151 376
14152 376
14153 885
14154 889
14155 885
14156 903
14157 929
14158 929
14159 299
14160 299
14161 673
14162 52
14163 427
14164 673
14165 44
14166 485
14167 574
14168 340
14169 574
14170 574
14171 95
14172 896
14173 51
14174 896
14175 489
14176 489
14177 915
14178 915
14179 915
14180 394
14181 394
14182 119
14183 242
14184 119
14185 51
14186 119
14187 273
14188 267
14189 267
14190 213
14191 151
14192 778
14193 778
14194 792
14195 297
14196 297
14197 296
14198 276
14199 276
14200 769
14201 620
14202 755
14203 759
14204 759
14205 858
14206 715
14207 759
14208 759
14209 232
14210 232
14211 673
14212 593
14213 870
14214 126
14215 126
14216 127
14217 126
14218 918
14219 236
14220 918
14221 236
14222 265
14223 19
14224 105
14225 105
14226 93
14227 947
14228 947
14229 947
14230 308
14231 604
14232 308
14233 43
14234 46
14235 856
14236 856
14237 707
14238 673
14239 707
14240 900
14241 901
14242 491
14243 491
14244 343
14245 641
14246 641
14247 819
14248 928
14249 819
14250 651
14251 415
14252 458
14253 967
14254 197
14255 197
14256 675
14257 681
14258 551
14259 681
14260 117
14261 88
14262 599
14263 248
14264 961
14265 774
14266 185
14267 664
14268 106
14269 881
14270 881
14271 881
14272 881
14273 596
14274 993
14275 463
14276 946
14277 762
14278 433
14279 357
14280 357
14281 72
14282 920
14283 359
14284 566
14285 121
14286 560
14287 560
14288 118
14289 820
14290 820
14291 215
14292 642
14293 388
14294 642
14295 642
14296 642
14297 204
14298 388
14299 945
14300 945
14301 945
14302 866
14303 76
14304 76
14305 387
14306 387
14307 738
14308 738
14309 754
14310 809
14311 754
14312 754
14313 425
14314 787
14315 244
14316 240
14317 696
14318 696
14319 412
14320 841
14321 412
14322 224
14323 743
14324 230
14325 48
14326 48
14327 933
14328 185
14329 933
14330 566
14331 566
14332 627
14333 566
14334 646
14335 191
14336 566
14337 188
14338 188
14339 188
14340 239
14341 239
14342 239
14343 488
14344 956
14345 560
14346 956
14347 956
14348 468
14349 808
14350 192
14351 192
14352 948
14353 774
14354 371
14355 371
14356 63
14357 63
14358 562
14359 627
14360 627
14361 627
14362 627
14363 627
14364 627
14365 599
14366 599
14367 599
14368 120
14369 405
14370 405
14371 405
14372 273
14373 861
14374 861
14375 198
14376 981
14377 199
14378 198
14379 205
14380 965
14381 242
14382 799
14383 799
14384 800
14385 271
14386 269
14387 271
14388 269
14389 271
14390 902
14391 898
14392 604
14393 604
14394 605
14395 403
14396 604
14397 737
14398 61
14399 617
14400 78
14401 45
14402 45
14403 46
14404 45
14405 296
14406 296
14407 296
14408 361
14409 332
14410 335
14411 571
14412 75
14413 571
14414 21
14415 413
14416 101
14417 699
14418 413
14419 413
14420 469
14421 292
14422 292
14423 292
14424 292
14425 447
14426 447
14427 447
14428 513
14429 515
14430 681
14431 513
14432 228
14433 228
14434 362
14435 321
14436 321
14437 265
14438 272
14439 265
14440 186
14441 179
14442 186
14443 891
14444 891
14445 573
14446 619
14447 573
14448 573
14449 683
14450 122
14451 525
14452 662
14453 979
14454 671
14455 662
14456 662
14457 671
14458 979
14459 479
14460 479
14461 479
14462 183
14463 183
14464 179
14465 880
14466 880
14467 880
14468 645
14469 70
14470 70
14471 676
14472 595
14473 595
14474 595
14475 607
14476 776
14477 23
14478 23
14479 392
14480 392
14481 972
14482 972
14483 972
14484 972
14485 88
14486 92
14487 88
14488 719
14489 723
14490 719
14491 719
14492 730
14493 719
14494 976
14495 530
14496 976
14497 663
14498 104
14499 104
14500 969
14501 969
14502 969
14503 476
14504 431
14505 431
14506 773
14507 773
14508 555
14509 297
14510 70
14511 237
14512 739
14513 237
14514 387
14515 147
14516 147
14517 147
14518 263
14519 670
14520 670
14521 670
14522 629
14523 629
14524 566
14525 243
14526 629
14527 75
14528 75
14529 301
14530 301
14531 301
14532 123
14533 427
14534 427
14535 555
14536 23
14537 573
14538 196
14539 196
14540 462
14541 196
14542 912
14543 912
14544 912
14545 649
14546 649
14547 104
14548 651
14549 458
14550 73
14551 649
14552 929
14553 870
14554 929
14555 929
14556 569
14557 569
14558 225
14559 805
14560 17
14561 874
14562 191
14563 225
14564 225
14565 339
14566 303
14567 861
14568 934
14569 717
14570 660
14571 660
14572 976
14573 976
14574 590
14575 867
14576 967
14577 632
14578 590
14579 619
14580 619
14581 587
14582 75
14583 351
14584 351
14585 351
14586 496
14587 908
14588 461
14589 924
14590 908
14591 351
14592 461
14593 149
14594 362
14595 769
14596 769
14597 651
14598 466
14599 779
14600 931
14601 931
14602 350
14603 350
14604 350
14605 236
14606 408
14607 408
14608 408
14609 448
14610 291
14611 291
14612 144
14613 166
14614 166
14615 528
14616 524
14617 760
14618 98
14619 528
14620 528
14621 401
14622 401
14623 401
14624 305
14625 305
14626 305
14627 814
14628 172
14629 255
14630 172
14631 736
14632 923
14633 801
14634 974
14635 974
14636 974
14637 142
14638 141
14639 168
14640 363
14641 505
14642 363
14643 242
14644 126
14645 126
14646 313
14647 313
14648 414
14649 91
14650 115
14651 745
14652 233
14653 233
14654 728
14655 233
14656 918
14657 918
14658 918
14659 918
14660 879
14661 192
14662 422
14663 192
14664 297
14665 780
14666 573
14667 573
14668 573
14669 451
14670 451
14671 451
14672 261
14673 261
14674 458
14675 458
14676 795
14677 103
14678 61
14679 806
14680 795
14681 266
14682 266
14683 269
14684 906
14685 906
14686 123
14687 390
14688 869
14689 869
14690 874
14691 85
14692 298
14693 41
14694 298
14695 298
14696 116
14697 405
14698 262
14699 262
14700 262
14701 262
14702 411
14703 303
14704 679
14705 858
14706 664
14707 867
14708 664
14709 867
14710 843
14711 664
14712 867
14713 796
14714 29
14715 647
14716 627
14717 627
14718 12
14719 627
14720 627
14721 627
14722 136
14723 136
14724 136
14725 825
14726 825
14727 825
14728 335
14729 8
14730 284
14731 71
14732 44
14733 71
14734 44
14735 743
14736 18
14737 611
14738 611
14739 341
14740 341
14741 341
14742 341
14743 800
14744 792
14745 800
14746 486
14747 481
14748 486
14749 223
14750 251
14751 959
14752 959
14753 110
14754 564
14755 570
14756 564
14757 940
14758 732
14759 495
14760 297
14761 495
14762 496
14763 495
14764 767
14765 298
14766 298
14767 956
14768 368
14769 220
14770 231
14771 220
14772 545
14773 613
14774 562
14775 465
14776 422
14777 422
14778 380
14779 422
14780 422
14781 226
14782 362
14783 99
14784 924
14785 559
14786 559
14787 364
14788 364
14789 528
14790 611
14791 227
14792 227
14793 227
14794 640
14795 297
14796 462
14797 89
14798 217
14799 33
14800 33
14801 630
14802 968
14803 864
14804 968
14805 968
14806 864
14807 900
14808 444
14809 444
14810 831
14811 831
14812 871
14813 61
14814 706
14815 819
14816 871
14817 256
14818 256
14819 406
14820 406
14821 255
14822 482
14823 255
14824 255
14825 255
14826 122
14827 546
14828 9
14829 345
14830 345
14831 345
14832 345
14833 169
14834 87
14835 546
14836 576
14837 108
14838 584
14839 576
14840 310
14841 561
14842 457
14843 698
14844 774
14845 206
14846 600
14847 698
14848 864
14849 864
14850 621
14851 708
14852 13
14853 894
14854 358
14855 358
14856 932
14857 888
14858 610
14859 842
14860 610
14861 610
14862 615
14863 406
14864 406
14865 406
14866 406
14867 406
14868 794
14869 794
14870 471
14871 341
14872 341
14873 975
14874 31
14875 120
14876 122
14877 975
14878 278
14879 975
14880 975
14881 234
14882 666
14883 234
14884 666
14885 690
14886 98
14887 690
14888 77
14889 53
14890 144
14891 77
14892 716
14893 27
14894 745
14895 77
14896 77
14897 397
14898 397
14899 397
14900 398
14901 808
14902 808
14903 575
14904 575
14905 157
14906 166
14907 157
14908 583
14909 646
14910 583
14911 583
14912 583
14913 99
14914 584
14915 397
14916 386
14917 397
14918 546
14919 546
14920 491
14921 546
14922 859
14923 859
14924 896
14925 896
14926 182
14927 80
14928 181
14929 182
14930 402
14931 524
14932 936
14933 293
14934 50
14935 902
14936 550
14937 872
14938 918
14939 135
14940 55
14941 55
14942 55
14943 173
14944 173
14945 340
14946 55
14947 340
14948 459
14949 459
14950 459
14951 459
14952 332
14953 332
14954 332
14955 24
14956 453
14957 453
14958 552
14959 737
14960 87
14961 87
14962 745
14963 745
14964 969
14965 969
14966 969
14967 369
14968 369
14969 369
14970 496
14971 904
14972 145
14973 145
14974 145
14975 145
14976 145
14977 198
14978 198
14979 198
14980 869
14981 869
14982 869
14983 842
14984 790
14985 790
14986 249
14987 859
14988 859
14989 249
14990 625
14991 625
14992 325
14993 325
14994 957
14995 914
14996 957
14997 26
14998 957
14999 924
15000 924
15001 779
15002 68
15003 68
15004 142
15005 142
15006 148
15007 142
15008 239
15009 239
15010 713
15011 674
15012 713
15013 708
15014 194
15015 144
15016 746
15017 111
15018 111
15019 990
15020 990
15021 542
15022 542
15023 542
15024 483
15025 484
15026 289
15027 483
15028 483
15029 496
15030 531
15031 463
15032 404
15033 463
15034 287
15035 287
15036 247
15037 457
15038 238
15039 776
15040 765
15041 703
15042 774
15043 805
15044 774
15045 660
15046 762
15047 166
15048 553
15049 511
15050 372
15051 361
15052 280
15053 424
15054 226
15055 685
15056 214
15057 214
15058 226
15059 466
15060 466
15061 353
15062 52
15063 353
15064 353
15065 804
15066 702
15067 702
15068 282
15069 282
15070 243
15071 282
15072 658
15073 658
15074 658
15075 49
15076 424
15077 424
15078 340
15079 529
15080 427
15081 787
15082 947
15083 909
15084 909
15085 909
15086 909
15087 811
15088 812
15089 977
15090 812
15091 744
15092 812
15093 812
15094 311
15095 311
15096 311
15097 82
15098 24
15099 978
15100 82
15101 612
15102 574
15103 612
15104 705
15105 705
15106 486
15107 203
15108 187
15109 894
15110 302
15111 721
15112 390
15113 794
15114 794
15115 623
15116 717
15117 717
15118 717
15119 837
15120 837
15121 837
15122 837
15123 837
15124 259
15125 458
15126 248
15127 259
15128 510
15129 927
15130 927
15131 927
15132 339
15133 927
15134 338
15135 468
15136 484
15137 704
15138 704
15139 704
15140 707
15141 833
15142 833
15143 330
15144 835
15145 91
15146 335
15147 835
15148 76
15149 76
15150 466
15151 466
15152 64
15153 64
15154 64
15155 64
15156 423
15157 64
15158 396
15159 396
15160 396
15161 204
15162 210
15163 209
15164 204
15165 204
15166 308
15167 308
15168 308
15169 919
15170 919
15171 919
15172 77
15173 560
15174 179
15175 179
15176 179
15177 316
15178 318
15179 316
15180 323
15181 316
15182 316
15183 977
15184 977
15185 756
15186 340
15187 340
15188 79
15189 79
15190 403
15191 403
15192 92
15193 493
15194 575
15195 984
15196 984
15197 766
15198 766
15199 931
15200 492
15201 492
15202 601
15203 403
15204 403
15205 403
15206 674
15207 105
15208 928
15209 928
15210 928
15211 339
15212 339
15213 321
15214 339
15215 339
15216 822
15217 817
15218 822
15219 824
15220 822
15221 234
15222 234
15223 234
15224 68
15225 142
15226 142
15227 142
15228 543
15229 543
15230 543
15231 395
15232 395
15233 395
15234 426
15235 494
15236 426
15237 340
15238 529
15239 696
15240 696
15241 526
15242 857
15243 49
15244 48
15245 48
15246 683
15247 683
15248 567
15249 567
15250 567
15251 226
15252 226
15253 225
15254 226
15255 676
15256 676
15257 305
15258 305
15259 231
15260 231
15261 664
15262 110
15263 29
15264 546
15265 276
15266 559
15267 559
15268 777
15269 397
15270 397
15271 397
15272 425
15273 334
15274 886
15275 330
15276 330
15277 354
15278 967
15279 967
15280 958
15281 958
15282 958
15283 958
15284 958
15285 774
15286 989
15287 320
15288 478
15289 814
15290 814
15291 959
15292 556
15293 577
15294 577
15295 597
15296 577
15297 272
15298 575
15299 575
15300 575
15301 162
15302 162
15303 162
15304 162
15305 54
15306 267
15307 41
15308 648
15309 648
15310 991
15311 971
15312 40
15313 41
15314 40
15315 646
15316 247
15317 40
15318 40
15319 575
15320 575
15321 124
15322 124
15323 903
15324 557
15325 97
15326 53
15327 222
15328 222
15329 222
15330 222
15331 222
15332 935
15333 357
15334 935
15335 80
15336 614
15337 191
15338 388
15339 808
15340 27
15341 309
15342 344
15343 344
15344 248
15345 23
15346 103
15347 9
15348 422
15349 705
15350 705
15351 701
15352 705
15353 115
15354 422
15355 705
15356 853
15357 853
15358 243
15359 952
15360 810
15361 689
15362 689
15363 597
15364 607
15365 992
15366 992
15367 992
15368 992
15369 679
15370 679
15371 679
15372 802
15373 802
15374 213
15375 224
15376 213
15377 622
15378 622
15379 622
15380 112
15381 386
15382 385
15383 386
15384 657
15385 682
15386 657
15387 657
15388 702
15389 511
15390 340
15391 509
15392 643
15393 644
15394 643
15395 643
15396 643
15397 841
15398 906
15399 841
15400 841
15401 471
15402 471
15403 471
15404 129
15405 905
15406 288
15407 298
15408 311
15409 288
15410 264
15411 199
15412 199
15413 199
15414 317
15415 317
15416 460
15417 333
15418 317
15419 693
15420 529
15421 693
15422 693
15423 317
15424 317
15425 743
15426 27
15427 743
15428 911
15429 615
15430 911
15431 911
15432 779
15433 480
15434 480
15435 542
15436 542
15437 838
15438 708
15439 494
15440 554
15441 554
15442 554
15443 33
15444 33
15445 33
15446 407
15447 407
15448 468
15449 427
15450 237
15451 237
15452 237
15453 211
15454 603
15455 197
15456 981
15457 981
15458 182
15459 182
15460 138
15461 771
15462 936
15463 672
15464 532
15465 532
15466 899
15467 921
15468 661
15469 899
15470 899
15471 900
15472 43
15473 421
15474 43
15475 891
15476 891
15477 891
15478 620
15479 891
15480 920
15481 920
15482 117
15483 117
15484 430
15485 628
15486 430
15487 915
15488 594
15489 594
15490 594
15491 594
15492 840
15493 217
15494 471
15495 471
15496 209
15497 207
15498 207
15499 207
15500 833
15501 835
15502 90
15503 665
15504 665
15505 951
15506 951
15507 951
15508 951
15509 418
15510 909
15511 422
15512 574
15513 574
15514 574
15515 926
15516 559
15517 926
15518 924
15519 907
15520 465
15521 743
15522 467
15523 737
15524 905
15525 698
15526 328
15527 740
15528 698
15529 698
15530 718
15531 106
15532 65
15533 66
15534 87
15535 65
15536 887
15537 576
15538 528
15539 887
15540 387
15541 57
15542 405
15543 485
15544 486
15545 486
15546 416
15547 901
15548 685
15549 416
15550 211
15551 211
15552 586
15553 586
15554 953
15555 953
15556 647
15557 773
15558 624
15559 489
15560 712
15561 885
15562 203
15563 14
15564 113
15565 113
15566 113
15567 581
15568 960
15569 518
15570 728
15571 292
15572 292
15573 295
15574 292
15575 275
15576 275
15577 275
15578 275
15579 447
15580 69
15581 447
15582 447
15583 279
15584 806
15585 413
15586 413
15587 810
15588 201
15589 201
15590 466
15591 41
15592 41
15593 796
15594 796
15595 795
15596 936
15597 691
15598 691
15599 691
15600 241
15601 813
15602 540
15603 540
15604 540
15605 401
15606 401
15607 717
15608 717
15609 685
15610 683
15611 584
15612 842
15613 584
15614 729
15615 279
15616 811
15617 197
15618 675
15619 561
15620 675
15621 675
15622 626
15623 626
15624 626
15625 654
15626 626
15627 314
15628 314
15629 305
15630 491
15631 505
15632 505
15633 566
15634 400
15635 944
15636 955
15637 955
15638 97
15639 97
15640 97
15641 97
15642 206
15643 116
15644 116
15645 116
15646 116
15647 116
15648 653
15649 528
15650 365
15651 365
15652 581
15653 582
15654 581
15655 191
15656 191
15657 191
15658 414
15659 169
15660 935
15661 184
15662 561
15663 543
15664 450
15665 397
15666 450
15667 450
15668 807
15669 807
15670 806
15671 793
15672 807
15673 806
15674 790
15675 628
15676 628
15677 721
15678 111
15679 721
15680 734
15681 734
15682 853
15683 853
15684 841
15685 781
15686 853
15687 429
15688 429
15689 429
15690 672
15691 59
15692 64
15693 64
15694 770
15695 72
15696 64
15697 232
15698 170
15699 64
15700 343
15701 343
15702 343
15703 465
15704 982
15705 952
15706 840
15707 531
15708 840
15709 963
15710 963
15711 963
15712 536
15713 721
15714 590
15715 590
15716 480
15717 870
15718 591
15719 402
15720 402
15721 402
15722 977
15723 856
15724 977
15725 441
15726 481
15727 441
15728 441
15729 854
15730 692
15731 843
15732 615
15733 859
15734 356
15735 356
15736 61
15737 679
15738 679
15739 679
15740 570
15741 412
15742 412
15743 733
15744 368
15745 416
15746 412
15747 622
15748 924
15749 64
15750 462
15751 462
15752 454
15753 307
15754 410
15755 388
15756 410
15757 524
15758 56
15759 90
15760 524
15761 891
15762 891
15763 891
15764 891
15765 893
15766 85
15767 86
15768 85
15769 633
15770 289
15771 636
15772 425
15773 325
15774 318
15775 325
15776 332
15777 325
15778 471
15779 471
15780 957
15781 944
15782 957
15783 922
15784 297
15785 915
15786 623
15787 97
15788 97
15789 97
15790 97
15791 97
15792 321
15793 321
15794 320
15795 321
15796 321
15797 321
15798 866
15799 866
15800 467
15801 515
15802 515
15803 515
15804 378
15805 378
15806 378
15807 378
15808 288
15809 287
15810 858
15811 780
15812 260
15813 858
15814 858
15815 780
15816 902
15817 55
15818 53
15819 573
15820 903
15821 271
15822 270
15823 270
15824 678
15825 678
15826 678
15827 231
15828 575
15829 91
15830 940
15831 940
15832 940
15833 790
15834 790
15835 70
15836 347
15837 347
15838 237
15839 347
15840 347
15841 347
15842 103
15843 103
15844 798
15845 599
15846 800
15847 807
15848 807
15849 636
15850 144
15851 483
15852 425
15853 569
15854 569
15855 579
15856 569
15857 574
15858 869
15859 170
15860 469
15861 419
15862 406
15863 471
15864 471
15865 471
15866 760
15867 760
15868 316
15869 316
15870 316
15871 854
15872 803
15873 577
15874 534
15875 534
15876 215
15877 534
15878 85
15879 400
15880 534
15881 63
15882 624
15883 63
15884 114
15885 169
15886 266
15887 266
15888 585
15889 266
15890 266
15891 594
15892 594
15893 594
15894 602
15895 594
15896 594
15897 111
15898 849
15899 370
15900 701
15901 111
15902 670
15903 421
15904 421
15905 103
15906 92
15907 171
15908 171
15909 856
15910 670
15911 856
15912 488
15913 84
15914 176
15915 81
15916 81
15917 260
15918 260
15919 19
15920 260
15921 396
15922 118
15923 118
15924 369
15925 369
15926 629
15927 574
15928 629
15929 629
15930 629
15931 420
15932 334
15933 58
15934 554
15935 554
15936 655
15937 655
15938 864
15939 837
15940 223
15941 220
15942 520
15943 223
15944 223
15945 124
15946 879
15947 879
15948 879
15949 879
15950 879
15951 879
15952 983
15953 983
15954 302
15955 572
15956 688
15957 582
15958 688
15959 234
15960 847
15961 847
15962 223
15963 223
15964 223
15965 129
15966 129
15967 132
15968 129
15969 949
15970 960
15971 485
15972 870
15973 870
15974 984
15975 515
15976 515
15977 617
15978 617
15979 255
15980 331
15981 331
15982 331
15983 335
15984 213
15985 602
15986 581
15987 585
15988 605
15989 581
15990 581
15991 605
15992 888
15993 888
15994 964
15995 964
15996 13
15997 669
15998 800
15999 838
16000 838
16001 840
16002 838
16003 838
16004 429
16005 62
16006 105
16007 105
16008 738
16009 575
16010 738
16011 738
16012 797
16013 905
16014 21
16015 436
16016 958
16017 847
16018 847
16019 410
16020 410
16021 851
16022 424
16023 424
16024 647
16025 647
16026 647
16027 674
16028 432
16029 674
16030 674
16031 165
16032 178
16033 178
16034 79
16035 47
16036 79
16037 45
16038 312
16039 312
16040 312
16041 343
16042 529
16043 330
16044 331
16045 330
16046 444
16047 444
16048 444
16049 444
16050 425
16051 678
16052 678
16053 715
16054 531
16055 531
16056 40
16057 40
16058 40
16059 45
16060 797
16061 621
16062 844
16063 93
16064 844
16065 93
16066 731
16067 117
16068 694
16069 117
16070 345
16071 304
16072 345
16073 345
16074 239
16075 157
16076 239
16077 239
16078 437
16079 796
16080 935
16081 511
16082 935
16083 252
16084 275
16085 252
16086 252
16087 114
16088 27
16089 17
16090 114
16091 370
16092 453
16093 382
16094 306
16095 306
16096 306
16097 161
16098 133
16099 161
16100 161
16101 171
16102 205
16103 346
16104 190
16105 190
16106 190
16107 203
16108 514
16109 311
16110 113
16111 946
16112 487
16113 110
16114 110
16115 696
16116 696
16117 715
16118 72
16119 335
16120 833
16121 956
16122 956
16123 960
16124 978
16125 978
16126 978
16127 696
16128 696
16129 626
16130 702
16131 650
16132 613
16133 736
16134 866
16135 782
16136 67
16137 67
16138 27
16139 67
16140 67
16141 346
16142 345
16143 346
16144 183
16145 322
16146 895
16147 895
16148 453
16149 301
16150 309
16151 452
16152 453
16153 933
16154 872
16155 739
16156 743
16157 964
16158 789
16159 86
16160 789
16161 789
16162 390
16163 789
16164 789
16165 789
16166 519
16167 519
16168 531
16169 686
16170 684
16171 391
16172 391
16173 848
16174 868
16175 848
16176 623
16177 49
16178 848
16179 563
16180 563
16181 563
16182 569
16183 571
16184 563
16185 51
16186 51
16187 835
16188 826
16189 118
16190 241
16191 278
16192 463
16193 463
16194 282
16195 430
16196 145
16197 145
16198 145
16199 34
16200 34
16201 34
16202 326
16203 906
16204 319
16205 906
16206 757
16207 762
16208 757
16209 757
16210 825
16211 890
16212 825
16213 825
16214 682
16215 831
16216 838
16217 211
16218 124
16219 673
16220 962
16221 17
16222 184
16223 104
16224 184
16225 268
16226 268
16227 210
16228 268
16229 790
16230 793
16231 790
16232 790
16233 802
16234 613
16235 612
16236 488
16237 488
16238 695
16239 50
16240 50
16241 183
16242 216
16243 216
16244 183
16245 591
16246 254
16247 254
16248 424
16249 4
16250 957
16251 957
16252 957
16253 956
16254 897
16255 957
16256 341
16257 341
16258 210
16259 55
16260 55
16261 55
16262 554
16263 554
16264 548
16265 548
16266 249
16267 522
16268 284
16269 284
16270 284
16271 284
16272 138
16273 138
16274 138
16275 138
16276 138
16277 138
16278 195
16279 761
16280 195
16281 302
16282 607
16283 314
16284 433
16285 177
16286 177
16287 187
16288 158
16289 439
16290 439
16291 247
16292 247
16293 399
16294 399
16295 766
16296 766
16297 585
16298 441
16299 441
16300 441
16301 789
16302 789
16303 526
16304 526
16305 855
16306 74
16307 399
16308 399
16309 153
16310 153
16311 651
16312 867
16313 120
16314 729
16315 744
16316 144
16317 144
16318 36
16319 36
16320 36
16321 36
16322 705
16323 199
16324 531
16325 658
16326 687
16327 682
16328 658
16329 512
16330 512
16331 512
16332 787
16333 133
16334 189
16335 395
16336 428
16337 472
16338 576
16339 723
16340 723
16341 746
16342 853
16343 853
16344 794
16345 848
16346 115
16347 848
16348 28
16349 186
16350 104
16351 813
16352 683
16353 813
16354 977
16355 977
16356 265
16357 265
16358 93
16359 63
16360 626
16361 843
16362 843
16363 302
16364 409
16365 409
16366 409
16367 168
16368 168
16369 168
16370 166
16371 837
16372 217
16373 870
16374 837
16375 300
16376 492
16377 479
16378 713
16379 479
16380 752
16381 857
16382 752
16383 752
16384 472
16385 857
16386 752
16387 94
16388 94
16389 496
16390 496
16391 765
16392 716
16393 765
16394 765
16395 716
16396 965
16397 603
16398 868
16399 52
16400 191
16401 488
16402 488
16403 41
16404 851
16405 357
16406 357
16407 357
16408 155
16409 41
16410 41
16411 41
16412 41
16413 187
16414 187
16415 707
16416 83
16417 83
16418 83
16419 83
16420 896
16421 576
16422 896
16423 37
16424 301
16425 263
16426 758
16427 153
16428 301
16429 978
16430 978
16431 978
16432 978
16433 978
16434 135
16435 653
16436 653
16437 82
16438 135
16439 138
16440 135
16441 135
16442 135
16443 43
16444 43
16445 46
16446 43
16447 44
16448 89
16449 724
16450 653
16451 653
16452 216
16453 216
16454 624
16455 624
16456 817
16457 817
16458 86
16459 817
16460 62
16461 817
16462 817
16463 890
16464 569
16465 243
16466 454
16467 454
16468 454
16469 172
16470 71
16471 110
16472 110
16473 110
16474 874
16475 193
16476 193
16477 193
16478 193
16479 193
16480 193
16481 253
16482 967
16483 253
16484 422
16485 422
16486 422
16487 62
16488 175
16489 775
16490 474
16491 84
16492 178
16493 636
16494 636
16495 323
16496 636
16497 966
16498 319
16499 319
16500 319
16501 20
16502 319
16503 319
16504 975
16505 975
16506 945
16507 975
16508 975
16509 334
16510 334
16511 334
16512 770
16513 770
16514 770
16515 431
16516 780
16517 780
16518 741
16519 540
16520 979
16521 979
16522 979
16523 759
16524 779
16525 759
16526 765
16527 13
16528 779
16529 254
16530 254
16531 254
16532 192
16533 422
16534 192
16535 38
16536 38
16537 36
16538 38
16539 921
16540 922
16541 763
16542 921
16543 921
16544 517
16545 894
16546 521
16547 882
16548 517
16549 862
16550 386
16551 145
16552 686
16553 67
16554 671
16555 67
16556 67
16557 67
16558 266
16559 266
16560 589
16561 579
16562 579
16563 579
16564 579
16565 579
16566 114
16567 114
16568 110
16569 110
16570 914
16571 921
16572 796
16573 165
16574 128
16575 128
16576 892
16577 892
16578 894
16579 719
16580 892
16581 892
16582 965
16583 991
16584 816
16585 816
16586 991
16587 937
16588 364
16589 364
16590 364
16591 167
16592 364
16593 364
16594 929
16595 336
16596 279
16597 212
16598 212
16599 212
16600 503
16601 514
16602 524
16603 503
16604 181
16605 892
16606 892
16607 713
16608 190
16609 190
16610 190
16611 206
16612 894
16613 206
16614 526
16615 958
16616 624
16617 23
16618 66
16619 66
16620 51
16621 66
16622 807
16623 807
16624 186
16625 923
16626 923
16627 923
16628 923
16629 888
16630 888
16631 888
16632 971
16633 971
16634 971
16635 981
16636 971
16637 155
16638 465
16639 280
16640 163
16641 742
16642 52
16643 52
16644 703
16645 703
16646 745
16647 746
16648 959
16649 427
16650 427
16651 389
16652 427
16653 382
16654 427
16655 427
16656 427
16657 490
16658 490
16659 986
16660 621
16661 305
16662 305
16663 305
16664 14
16665 305
16666 360
16667 360
16668 439
16669 439
16670 30
16671 439
16672 898
16673 543
16674 697
16675 697
16676 373
16677 373
16678 621
16679 557
16680 366
16681 334
16682 334
16683 311
16684 311
16685 131
16686 132
16687 144
16688 505
16689 505
16690 742
16691 505
16692 528
16693 768
16694 782
16695 682
16696 782
16697 782
16698 884
16699 157
16700 157
16701 157
16702 988
16703 525
16704 988
16705 986
16706 986
16707 558
16708 865
16709 181
16710 181
16711 421
16712 29
16713 133
16714 352
16715 567
16716 732
16717 567
16718 645
16719 455
16720 281
16721 645
16722 645
16723 344
16724 344
16725 773
16726 682
16727 658
16728 658
16729 672
16730 864
16731 362
16732 981
16733 362
16734 362
16735 776
16736 341
16737 561
16738 561
16739 247
16740 561
16741 574
16742 561
16743 971
16744 791
16745 971
16746 666
16747 545
16748 432
16749 432
16750 885
16751 342
16752 885
16753 885
16754 885
16755 987
16756 987
16757 987
16758 351
16759 940
16760 940
16761 295
16762 199
16763 183
16764 183
16765 557
16766 603
16767 557
16768 525
16769 525
16770 25
16771 717
16772 5
16773 85
16774 981
16775 981
16776 47
16777 366
16778 874
16779 319
16780 319
16781 410
16782 410
16783 578
16784 92
16785 85
16786 465
16787 13
16788 85
16789 65
16790 216
16791 216
16792 883
16793 883
16794 425
16795 645
16796 645
16797 129
16798 215
16799 129
16800 129
16801 129
16802 129
16803 180
16804 180
16805 545
16806 593
16807 545
16808 835
16809 835
16810 835
16811 882
16812 905
16813 762
16814 762
16815 763
16816 762
16817 857
16818 677
16819 935
16820 935
16821 935
16822 144
16823 144
16824 664
16825 664
16826 235
16827 235
16828 235
16829 629
16830 651
16831 629
16832 161
16833 161
16834 780
16835 30
16836 16
16837 786
16838 57
16839 810
16840 786
16841 338
16842 338
16843 170
16844 214
16845 170
16846 915
16847 598
16848 915
16849 980
16850 915
16851 820
16852 145
16853 595
16854 595
16855 441
16856 441
16857 57
16858 690
16859 695
16860 690
16861 690
16862 673
16863 673
16864 500
16865 846
16866 846
16867 846
16868 768
16869 768
16870 744
16871 744
16872 744
16873 459
16874 933
16875 933
16876 372
16877 140
16878 891
16879 894
16880 891
16881 891
16882 742
16883 257
16884 910
16885 491
16886 491
16887 491
16888 71
16889 71
16890 521
16891 71
16892 119
16893 71
16894 217
16895 217
16896 867
16897 280
16898 182
16899 555
16900 427
16901 285
16902 524
16903 524
16904 524
16905 524
16906 701
16907 443
16908 701
16909 225
16910 245
16911 225
16912 463
16913 308
16914 304
16915 463
16916 463
16917 308
16918 309
16919 453
16920 309
16921 310
16922 310
16923 782
16924 782
16925 895
16926 895
16927 942
16928 942
16929 942
16930 942
16931 451
16932 942
16933 942
16934 494
16935 494
16936 810
16937 810
16938 381
16939 194
16940 209
16941 804
16942 101
16943 776
16944 112
16945 335
16946 797
16947 797
16948 797
16949 710
16950 710
16951 753
16952 710
16953 732
16954 710
16955 557
16956 557
16957 833
16958 423
16959 779
16960 779
16961 51
16962 779
16963 613
16964 896
16965 906
16966 896
16967 480
16968 480
16969 829
16970 831
16971 826
16972 829
16973 829
16974 181
16975 115
16976 282
16977 427
16978 17
16979 121
16980 559
16981 544
16982 518
16983 701
16984 501
16985 518
16986 518
16987 780
16988 64
16989 306
16990 64
16991 64
16992 510
16993 54
16994 514
16995 545
16996 925
16997 925
16998 320
16999 907
17000 901
17001 524
17002 524
17003 346
17004 346
17005 346
17006 474
17007 474
17008 474
17009 796
17010 797
17011 127
17012 794
17013 710
17014 305
17015 981
17016 43
17017 41
17018 178
17019 178
17020 989
17021 314
17022 314
17023 314
17024 314
17025 234
17026 598
17027 598
17028 960
17029 790
17030 598
17031 613
17032 514
17033 514
17034 454
17035 384
17036 384
17037 384
17038 125
17039 125
17040 576
17041 576
17042 664
17043 582
17044 576
17045 576
17046 726
17047 726
17048 726
17049 273
17050 753
17051 989
17052 51
17053 243
17054 243
17055 243
17056 243
17057 211
17058 208
17059 29
17060 285
17061 310
17062 285
17063 285
17064 285
17065 285
17066 335
17067 445
17068 445
17069 659
17070 659
17071 659
17072 662
17073 659
17074 665
17075 672
17076 665
17077 582
17078 274
17079 274
17080 274
17081 720
17082 720
17083 720
17084 984
17085 984
17086 171
17087 171
17088 90
17089 90
17090 336
17091 718
17092 521
17093 718
17094 216
17095 483
17096 632
17097 483
17098 768
17099 768
17100 768
17101 396
17102 396
17103 396
17104 117
17105 353
17106 353
17107 558
17108 353
17109 448
17110 293
17111 481
17112 481
17113 251
17114 481
17115 988
17116 988
17117 988
17118 655
17119 235
17120 235
17121 772
17122 587
17123 772
17124 947
17125 587
17126 134
17127 448
17128 237
17129 570
17130 129
17131 522
17132 852
17133 852
17134 852
17135 277
17136 277
17137 277
17138 426
17139 635
17140 649
17141 335
17142 635
17143 228
17144 139
17145 965
17146 307
17147 228
17148 228
17149 527
17150 325
17151 748
17152 74
17153 415
17154 150
17155 718
17156 718
17157 718
17158 182
17159 133
17160 871
17161 616
17162 619
17163 353
17164 46
17165 46
17166 46
17167 353
17168 92
17169 442
17170 442
17171 645
17172 851
17173 15
17174 901
17175 901
17176 293
17177 293
17178 693
17179 242
17180 126
17181 126
17182 126
17183 126
17184 491
17185 127
17186 233
17187 837
17188 818
17189 233
17190 837
17191 432
17192 739
17193 79
17194 609
17195 80
17196 79
17197 342
17198 79
17199 428
17200 988
17201 931
17202 957
17203 765
17204 744
17205 206
17206 70
17207 111
17208 111
17209 800
17210 451
17211 699
17212 727
17213 251
17214 251
17215 298
17216 536
17217 536
17218 571
17219 571
17220 203
17221 334
17222 167
17223 167
17224 393
17225 393
17226 658
17227 634
17228 37
17229 37
17230 37
17231 409
17232 320
17233 320
17234 580
17235 580
17236 735
17237 735
17238 430
17239 461
17240 848
17241 848
17242 848
17243 848
17244 848
17245 800
17246 800
17247 532
17248 532
17249 532
17250 634
17251 634
17252 656
17253 421
17254 432
17255 778
17256 31
17257 778
17258 766
17259 812
17260 766
17261 766
17262 778
17263 778
17264 778
17265 909
17266 909
17267 606
17268 909
17269 898
17270 898
17271 184
17272 184
17273 771
17274 631
17275 428
17276 886
17277 316
17278 179
17279 316
17280 316
17281 316
17282 337
17283 337
17284 337
17285 666
17286 666
17287 98
17288 88
17289 98
17290 88
17291 136
17292 898
17293 707
17294 683
17295 217
17296 799
17297 799
17298 799
17299 799
17300 799
17301 462
17302 259
17303 259
17304 921
17305 578
17306 530
17307 132
17308 132
17309 301
17310 301
17311 209
17312 81
17313 81
17314 510
17315 798
17316 648
17317 510
17318 372
17319 757
17320 759
17321 791
17322 791
17323 893
17324 786
17325 893
17326 540
17327 540
17328 540
17329 396
17330 396
17331 91
17332 241
17333 743
17334 900
17335 743
17336 743
17337 672
17338 219
17339 139
17340 14
17341 935
17342 935
17343 594
17344 594
17345 598
17346 594
17347 594
17348 65
17349 65
17350 65
17351 65
17352 21
17353 186
17354 186
17355 155
17356 312
17357 108
17358 652
17359 566
17360 832
17361 181
17362 181
17363 966
17364 966
17365 292
17366 292
17367 557
17368 557
17369 500
17370 369
17371 301
17372 71
17373 71
17374 71
17375 751
17376 751
17377 751
17378 652
17379 751
17380 407
17381 407
17382 407
17383 127
17384 127
17385 127
17386 127
17387 127
17388 426
17389 127
17390 173
17391 345
17392 826
17393 345
17394 960
17395 710
17396 309
17397 57
17398 979
17399 979
17400 979
17401 880
17402 880
17403 880
17404 880
17405 781
17406 815
17407 815
17408 52
17409 52
17410 815
17411 767
17412 767
17413 767
17414 306
17415 724
17416 724
17417 746
17418 732
17419 250
17420 250
17421 791
17422 477
17423 256
17424 256
17425 257
17426 545
17427 545
17428 403
17429 455
17430 177
17431 153
17432 177
17433 177
17434 155
17435 656
17436 917
17437 935
17438 917
17439 735
17440 538
17441 538
17442 538
17443 534
17444 818
17445 413
17446 904
17447 617
17448 904
17449 904
17450 939
17451 454
17452 400
17453 454
17454 454
17455 460
17456 259
17457 265
17458 259
17459 259
17460 299
17461 269
17462 269
17463 488
17464 346
17465 728
17466 728
17467 728
17468 728
17469 20
17470 974
17471 334
17472 974
17473 693
17474 59
17475 693
17476 457
17477 453
17478 733
17479 624
17480 624
17481 673
17482 956
17483 956
17484 956
17485 956
17486 458
17487 458
17488 429
17489 368
17490 80
17491 892
17492 368
17493 831
17494 896
17495 851
17496 97
17497 264
17498 607
17499 607
17500 600
17501 600
17502 600
17503 600
17504 61
17505 831
17506 617
17507 683
17508 437
17509 862
17510 600
17511 600
17512 424
17513 82
17514 472
17515 809
17516 472
17517 323
17518 323
17519 323
17520 438
17521 438
17522 438
17523 682
17524 682
17525 154
17526 151
17527 155
17528 154
17529 288
17530 288
17531 716
17532 716
17533 716
17534 174
17535 373
17536 706
17537 484
17538 594
17539 594
17540 450
17541 450
17542 90
17543 443
17544 443
17545 443
17546 55
17547 267
17548 264
17549 590
17550 673
17551 590
17552 249
17553 422
17554 422
17555 176
17556 17
17557 179
17558 630
17559 182
17560 701
17561 731
17562 234
17563 513
17564 110
17565 513
17566 90
17567 714
17568 513
17569 874
17570 722
17571 722
17572 722
17573 231
17574 781
17575 231
17576 673
17577 673
17578 445
17579 927
17580 886
17581 886
17582 886
17583 669
17584 624
17585 438
17586 313
17587 929
17588 861
17589 873
17590 873
17591 861
17592 531
17593 531
17594 263
17595 239
17596 593
17597 584
17598 206
17599 379
17600 398
17601 379
17602 677
17603 677
17604 810
17605 965
17606 90
17607 965
17608 449
17609 350
17610 343
17611 62
17612 408
17613 408
17614 408
17615 792
17616 966
17617 792
17618 839
17619 795
17620 203
17621 962
17622 486
17623 642
17624 824
17625 642
17626 559
17627 559
17628 202
17629 202
17630 559
17631 339
17632 339
17633 339
17634 525
17635 31
17636 973
17637 525
17638 527
17639 525
17640 857
17641 857
17642 857
17643 54
17644 629
17645 848
17646 960
17647 280
17648 370
17649 266
17650 280
17651 280
17652 668
17653 668
17654 668
17655 629
17656 359
17657 573
17658 574
17659 72
17660 865
17661 359
17662 591
17663 636
17664 636
17665 682
17666 667
17667 289
17668 289
17669 289
17670 895
17671 895
17672 879
17673 879
17674 879
17675 289
17676 289
17677 289
17678 662
17679 662
17680 241
17681 241
17682 187
17683 190
17684 190
17685 190
17686 452
17687 401
17688 386
17689 401
17690 711
17691 711
17692 202
17693 32
17694 682
17695 32
17696 47
17697 46
17698 46
17699 46
17700 196
17701 196
17702 402
17703 806
17704 806
17705 799
17706 776
17707 623
17708 701
17709 562
17710 737
17711 400
17712 281
17713 563
17714 586
17715 563
17716 864
17717 546
17718 845
17719 563
17720 501
17721 37
17722 47
17723 37
17724 43
17725 430
17726 512
17727 512
17728 512
17729 776
17730 776
17731 678
17732 588
17733 281
17734 493
17735 428
17736 428
17737 979
17738 915
17739 979
17740 780
17741 780
17742 868
17743 244
17744 511
17745 244
17746 380
17747 380
17748 400
17749 380
17750 380
17751 380
17752 380
17753 851
17754 851
17755 245
17756 245
17757 621
17758 63
17759 517
17760 114
17761 723
17762 724
17763 114
17764 114
17765 514
17766 734
17767 920
17768 920
17769 920
17770 920
17771 281
17772 381
17773 381
17774 381
17775 955
17776 955
17777 955
17778 934
17779 864
17780 489
17781 489
17782 489
17783 382
17784 390
17785 382
17786 382
17787 841
17788 209
17789 641
17790 743
17791 83
17792 367
17793 367
17794 706
17795 902
17796 869
17797 902
17798 232
17799 174
17800 78
17801 238
17802 174
17803 65
17804 65
17805 65
17806 117
17807 224
17808 224
17809 463
17810 463
17811 224
17812 358
17813 532
17814 532
17815 532
17816 33
17817 428
17818 428
17819 428
17820 145
17821 145
17822 260
17823 260
17824 332
17825 261
17826 389
17827 681
17828 681
17829 977
17830 977
17831 177
17832 787
17833 180
17834 928
17835 177
17836 177
17837 949
17838 949
17839 949
17840 949
17841 949
17842 501
17843 208
17844 500
17845 501
17846 248
17847 61
17848 101
17849 101
17850 112
17851 112
17852 868
17853 868
17854 203
17855 885
17856 570
17857 885
17858 957
17859 957
17860 957
17861 751
17862 751
17863 664
17864 664
17865 354
17866 354
17867 526
17868 558
17869 820
17870 835
17871 558
17872 558
17873 558
17874 569
17875 569
17876 661
17877 661
17878 186
17879 669
17880 669
17881 448
17882 187
17883 163
17884 187
17885 187
17886 95
17887 108
17888 95
17889 475
17890 261
17891 261
17892 261
17893 689
17894 689
17895 899
17896 116
17897 97
17898 167
17899 479
17900 167
17901 479
17902 742
17903 709
17904 709
17905 711
17906 627
17907 627
17908 627
17909 239
17910 896
17911 312
17912 896
17913 896
17914 396
17915 396
17916 404
17917 396
17918 395
17919 212
17920 21
17921 593
17922 916
17923 916
17924 868
17925 698
17926 698
17927 514
17928 477
17929 417
17930 417
17931 205
17932 211
17933 205
17934 205
17935 326
17936 660
17937 660
17938 660
17939 617
17940 871
17941 985
17942 911
17943 911
17944 472
17945 472
17946 472
17947 472
17948 665
17949 665
17950 797
17951 665
17952 665
17953 614
17954 614
17955 873
17956 614
17957 58
17958 614
17959 873
17960 614
17961 737
17962 737
17963 737
17964 453
17965 556
17966 623
17967 989
17968 989
17969 970
17970 344
17971 344
17972 428
17973 428
17974 559
17975 930
17976 557
17977 134
17978 134
17979 134
17980 134
17981 183
17982 871
17983 183
17984 871
17985 628
17986 628
17987 628
17988 873
17989 628
17990 628
17991 735
17992 738
17993 735
17994 556
17995 556
17996 901
17997 905
17998 901
17999 734
18000 537
18001 14
18002 624
18003 624
18004 591
18005 572
18006 592
18007 591
18008 544
18009 295
18010 295
18011 207
18012 251
18013 922
18014 415
18015 349
18016 922
18017 616
18018 609
18019 616
18020 615
18021 517
18022 517
18023 249
18024 184
18025 172
18026 987
18027 987
18028 813
18029 825
18030 642
18031 781
18032 780
18033 671
18034 866
18035 102
18036 820
18037 820
18038 813
18039 820
18040 229
18041 241
18042 229
18043 241
18044 428
18045 653
18046 427
18047 203
18048 203
18049 203
18050 224
18051 312
18052 648
18053 546
18054 363
18055 106
18056 366
18057 363
18058 363
18059 214
18060 302
18061 961
18062 62
18063 302
18064 331
18065 331
18066 150
18067 131
18068 150
18069 150
18070 154
18071 30
18072 553
18073 900
18074 553
18075 553
18076 37
18077 37
18078 271
18079 288
18080 271
18081 804
18082 774
18083 842
18084 761
18085 761
18086 761
18087 761
18088 151
18089 151
18090 151
18091 372
18092 713
18093 59
18094 681
18095 529
18096 743
18097 342
18098 59
18099 207
18100 207
18101 775
18102 775
18103 790
18104 132
18105 871
18106 775
18107 542
18108 542
18109 813
18110 867
18111 185
18112 867
18113 896
18114 623
18115 896
18116 503
18117 503
18118 601
18119 743
18120 717
18121 697
18122 558
18123 697
18124 697
18125 593
18126 593
18127 432
18128 432
18129 619
18130 475
18131 475
18132 176
18133 596
18134 596
18135 596
18136 883
18137 51
18138 883
18139 51
18140 883
18141 275
18142 275
18143 275
18144 715
18145 960
18146 960
18147 960
18148 515
18149 960
18150 793
18151 456
18152 793
18153 793
18154 441
18155 645
18156 441
18157 923
18158 914
18159 923
18160 616
18161 25
18162 56
18163 56
18164 290
18165 556
18166 747
18167 290
18168 438
18169 438
18170 438
18171 808
18172 808
18173 808
18174 462
18175 924
18176 302
18177 741
18178 741
18179 872
18180 741
18181 708
18182 797
18183 797
18184 777
18185 804
18186 538
18187 538
18188 164
18189 164
18190 247
18191 199
18192 93
18193 983
18194 983
18195 983
18196 886
18197 884
18198 338
18199 338
18200 483
18201 338
18202 823
18203 301
18204 653
18205 653
18206 653
18207 931
18208 956
18209 531
18210 966
18211 956
18212 838
18213 956
18214 923
18215 904
18216 78
18217 350
18218 350
18219 78
18220 409
18221 425
18222 474
18223 452
18224 713
18225 452
18226 277
18227 815
18228 815
18229 65
18230 65
18231 559
18232 248
18233 220
18234 29
18235 232
18236 207
18237 827
18238 827
18239 827
18240 123
18241 59
18242 123
18243 137
18244 762
18245 137
18246 137
18247 137
18248 368
18249 296
18250 245
18251 58
18252 804
18253 73
18254 804
18255 15
18256 829
18257 804
18258 73
18259 639
18260 639
18261 639
18262 361
18263 361
18264 361
18265 363
18266 363
18267 363
18268 84
18269 84
18270 814
18271 824
18272 814
18273 814
18274 809
18275 817
18276 108
18277 967
18278 173
18279 173
18280 741
18281 741
18282 583
18283 935
18284 935
18285 386
18286 490
18287 165
18288 969
18289 969
18290 358
18291 358
18292 213
18293 795
18294 755
18295 755
18296 27
18297 401
18298 401
18299 880
18300 880
18301 880
18302 880
18303 957
18304 880
18305 709
18306 709
18307 611
18308 921
18309 921
18310 921
18311 921
18312 210
18313 105
18314 105
18315 105
18316 517
18317 517
18318 517
18319 518
18320 221
18321 221
18322 677
18323 683
18324 677
18325 351
18326 351
18327 351
18328 592
18329 367
18330 367
18331 367
18332 237
18333 202
18334 202
18335 806
18336 338
18337 153
18338 776
18339 765
18340 241
18341 888
18342 346
18343 346
18344 191
18345 191
18346 191
18347 191
18348 601
18349 314
18350 314
18351 842
18352 732
18353 842
18354 843
18355 842
18356 195
18357 70
18358 291
18359 291
18360 291
18361 763
18362 763
18363 398
18364 402
18365 402
18366 861
18367 902
18368 801
18369 591
18370 745
18371 215
18372 700
18373 700
18374 118
18375 118
18376 118
18377 637
18378 637
18379 816
18380 637
18381 485
18382 977
18383 977
18384 812
18385 977
18386 585
18387 66
18388 66
18389 66
18390 66
18391 279
18392 477
18393 355
18394 271
18395 355
18396 355
18397 355
18398 242
18399 148
18400 148
18401 243
18402 834
18403 88
18404 88
18405 582
18406 582
18407 278
18408 623
18409 623
18410 623
18411 607
18412 856
18413 442
18414 442
18415 442
18416 222
18417 32
18418 682
18419 682
18420 967
18421 967
18422 766
18423 766
18424 769
18425 766
18426 766
18427 659
18428 697
18429 659
18430 659
18431 810
18432 659
18433 377
18434 377
18435 377
18436 393
18437 377
18438 377
18439 418
18440 418
18441 959
18442 207
18443 207
18444 207
18445 777
18446 777
18447 769
18448 981
18449 981
18450 280
18451 280
18452 356
18453 356
18454 992
18455 122
18456 547
18457 547
18458 547
18459 547
18460 547
18461 547
18462 341
18463 399
18464 539
18465 539
18466 539
18467 539
18468 539
18469 560
18470 703
18471 815
18472 813
18473 815
18474 815
18475 815
18476 705
18477 649
18478 705
18479 897
18480 897
18481 528
18482 651
18483 894
18484 651
18485 741
18486 960
18487 651
18488 960
18489 960
18490 960
18491 960
18492 35
18493 35
18494 60
18495 683
18496 806
18497 794
18498 861
18499 861
18500 859
18501 388
18502 388
18503 388
18504 862
18505 862
18506 200
18507 200
18508 57
18509 200
18510 508
18511 508
18512 508
18513 505
18514 661
18515 664
18516 703
18517 664
18518 661
18519 134
18520 798
18521 139
18522 395
18523 339
18524 124
18525 948
18526 458
18527 458
18528 268
18529 268
18530 27
18531 87
18532 609
18533 951
18534 87
18535 543
18536 543
18537 452
18538 827
18539 653
18540 207
18541 209
18542 591
18543 591
18544 591
18545 84
18546 638
18547 638
18548 638
18549 638
18550 640
18551 628
18552 274
18553 247
18554 891
18555 891
18556 891
18557 884
18558 884
18559 884
18560 668
18561 249
18562 549
18563 605
18564 549
18565 744
18566 744
18567 744
18568 746
18569 907
18570 907
18571 950
18572 950
18573 928
18574 928
18575 638
18576 681
18577 807
18578 636
18579 730
18580 730
18581 730
18582 896
18583 954
18584 954
18585 954
18586 954
18587 461
18588 461
18589 459
18590 459
18591 459
18592 403
18593 459
18594 459
18595 890
18596 79
18597 391
18598 391
18599 394
18600 391
18601 396
18602 435
18603 639
18604 859
18605 843
18606 639
18607 588
18608 105
18609 724
18610 974
18611 724
18612 992
18613 724
18614 771
18615 242
18616 60
18617 60
18618 114
18619 114
18620 553
18621 553
18622 435
18623 866
18624 967
18625 56
18626 967
18627 358
18628 358
18629 39
18630 340
18631 614
18632 803
18633 803
18634 276
18635 309
18636 361
18637 340
18638 171
18639 19
18640 217
18641 765
18642 947
18643 925
18644 619
18645 536
18646 602
18647 454
18648 454
18649 773
18650 773
18651 925
18652 885
18653 12
18654 570
18655 570
18656 570
18657 568
18658 814
18659 814
18660 814
18661 814
18662 836
18663 89
18664 89
18665 75
18666 75
18667 194
18668 194
18669 966
18670 781
18671 745
18672 76
18673 587
18674 910
18675 587
18676 697
18677 697
18678 780
18679 935
18680 960
18681 656
18682 656
18683 177
18684 435
18685 177
18686 983
18687 18
18688 143
18689 144
18690 143
18691 744
18692 976
18693 976
18694 976
18695 439
18696 439
18697 674
18698 513
18699 674
18700 679
18701 674
18702 674
18703 725
18704 725
18705 839
18706 726
18707 255
18708 353
18709 255
18710 507
18711 32
18712 844
18713 844
18714 844
18715 807
18716 807
18717 807
18718 235
18719 235
18720 83
18721 916
18722 461
18723 768
18724 158
18725 158
18726 158
18727 679
18728 679
18729 368
18730 368
18731 110
18732 709
18733 73
18734 73
18735 308
18736 181
18737 119
18738 119
18739 815
18740 785
18741 785
18742 221
18743 221
18744 221
18745 873
18746 61
18747 397
18748 357
18749 394
18750 61
18751 764
18752 61
18753 602
18754 562
18755 602
18756 542
18757 605
18758 542
18759 244
18760 878
18761 878
18762 713
18763 713
18764 824
18765 824
18766 824
18767 622
18768 576
18769 173
18770 543
18771 545
18772 713
18773 610
18774 6
18775 610
18776 237
18777 684
18778 775
18779 859
18780 859
18781 400
18782 802
18783 802
18784 802
18785 966
18786 196
18787 196
18788 785
18789 785
18790 785
18791 699
18792 699
18793 737
18794 491
18795 491
18796 491
18797 141
18798 141
18799 600
18800 600
18801 502
18802 584
18803 815
18804 815
18805 815
18806 169
18807 310
18808 869
18809 977
18810 215
18811 977
18812 946
18813 934
18814 463
18815 463
18816 463
18817 826
18818 826
18819 826
18820 742
18821 742
18822 137
18823 137
18824 137
18825 361
18826 367
18827 361
18828 362
18829 362
18830 418
18831 561
18832 561
18833 561
18834 572
18835 572
18836 574
18837 572
18838 572
18839 923
18840 923
18841 208
18842 923
18843 70
18844 70
18845 70
18846 70
18847 288
18848 311
18849 288
18850 288
18851 288
18852 311
18853 289
18854 420
18855 420
18856 79
18857 938
18858 938
18859 98
18860 674
18861 674
18862 47
18863 47
18864 47
18865 76
18866 701
18867 764
18868 798
18869 652
18870 731
18871 548
18872 537
18873 661
18874 916
18875 956
18876 956
18877 414
18878 734
18879 414
18880 414
18881 978
18882 251
18883 36
18884 36
18885 36
18886 930
18887 930
18888 930
18889 673
18890 113
18891 186
18892 717
18893 892
18894 953
18895 892
18896 728
18897 953
18898 892
18899 894
18900 894
18901 726
18902 72
18903 593
18904 614
18905 614
18906 664
18907 664
18908 55
18909 187
18910 187
18911 187
18912 187
18913 633
18914 633
18915 804
18916 804
18917 363
18918 804
18919 804
18920 804
18921 716
18922 457
18923 795
18924 795
18925 755
18926 755
18927 755
18928 755
18929 755
18930 900
18931 713
18932 713
18933 878
18934 878
18935 616
18936 684
18937 764
18938 448
18939 62
18940 724
18941 724
18942 685
18943 685
18944 72
18945 133
18946 133
18947 133
18948 133
18949 340
18950 340
18951 237
18952 927
18953 927
18954 927
18955 125
18956 125
18957 162
18958 185
18959 70
18960 136
18961 89
18962 136
18963 559
18964 559
18965 559
18966 598
18967 469
18968 469
18969 469
18970 583
18971 583
18972 583
18973 584
18974 583
18975 583
18976 583
18977 277
18978 275
18979 275
18980 719
18981 803
18982 673
18983 852
18984 177
18985 964
18986 964
18987 903
18988 458
18989 458
18990 459
18991 290
18992 290
18993 290
18994 591
18995 948
18996 948
18997 109
18998 116
18999 386
19000 386
19001 273
19002 921
19003 151
19004 151
19005 298
19006 298
19007 783
19008 783
19009 203
19010 49
19011 843
19012 717
19013 541
19014 295
19015 826
19016 295
19017 162
19018 218
19019 162
19020 839
19021 162
19022 162
19023 43
19024 812
19025 279
19026 176
19027 184
19028 184
19029 555
19030 493
19031 82
19032 588
19033 382
19034 333
19035 382
19036 382
19037 265
19038 259
19039 265
19040 265
19041 259
19042 862
19043 394
19044 146
19045 146
19046 152
19047 409
19048 409
19049 961
19050 409
19051 428
19052 254
19053 254
19054 255
19055 254
19056 504
19057 504
19058 904
19059 504
19060 504
19061 504
19062 434
19063 265
19064 265
19065 265
19066 145
19067 145
19068 480
19069 480
19070 480
19071 480
19072 480
19073 480
19074 501
19075 446
19076 446
19077 166
19078 115
19079 115
19080 590
19081 590
19082 590
19083 611
19084 111
19085 111
19086 116
19087 265
19088 265
19089 265
19090 985
19091 673
19092 985
19093 914
19094 861
19095 72
19096 225
19097 83
19098 225
19099 248
19100 907
19101 907
19102 910
19103 907
19104 175
19105 175
19106 633
19107 633
19108 835
19109 863
19110 863
19111 863
19112 832
19113 59
19114 193
19115 38
19116 38
19117 38
19118 38
19119 38
19120 38
19121 456
19122 456
19123 248
19124 425
19125 523
19126 398
19127 528
19128 412
19129 412
19130 412
19131 674
19132 674
19133 674
19134 493
19135 888
19136 248
19137 20
19138 342
19139 355
19140 342
19141 342
19142 342
19143 342
19144 85
19145 85
19146 651
19147 547
19148 537
19149 731
19150 768
19151 768
19152 575
19153 575
19154 505
19155 505
19156 523
19157 505
19158 505
19159 505
19160 918
19161 918
19162 918
19163 918
19164 918
19165 508
19166 513
19167 508
19168 508
19169 161
19170 161
19171 161
19172 948
19173 948
19174 38
19175 38
19176 47
19177 38
19178 383
19179 383
19180 514
19181 514
19182 241
19183 241
19184 433
19185 433
19186 824
19187 832
19188 824
19189 991
19190 991
19191 333
19192 334
19193 333
19194 333
19195 334
19196 555
19197 555
19198 555
19199 876
19200 876
19201 115
19202 453
19203 453
19204 453
19205 577
19206 577
19207 577
19208 677
19209 323
19210 906
19211 323
19212 861
19213 928
19214 83
19215 24
19216 282
19217 282
19218 282
19219 852
19220 14
19221 852
19222 852
19223 852
19224 866
19225 696
19226 696
19227 696
19228 696
19229 843
19230 334
19231 334
19232 335
19233 557
19234 558
19235 430
19236 430
19237 430
19238 493
19239 256
19240 463
19241 263
19242 262
19243 361
19244 882
19245 39
19246 592
19247 707
19248 592
19249 742
19250 143
19251 143
19252 143
19253 143
19254 131
19255 144
19256 882
19257 29
19258 882
19259 99
19260 743
19261 151
19262 151
19263 151
19264 182
19265 618
19266 733
19267 904
19268 390
19269 60
19270 60
19271 802
19272 802
19273 772
19274 803
19275 171
19276 91
19277 505
19278 171
19279 119
19280 172
19281 28
19282 171
19283 171
19284 163
19285 163
19286 163
19287 990
19288 990
19289 893
19290 493
19291 990
19292 990
19293 642
19294 642
19295 642
19296 642
19297 642
19298 642
19299 342
19300 384
19301 201
19302 384
19303 123
19304 123
19305 511
19306 511
19307 511
19308 511
19309 251
19310 312
19311 513
19312 639
19313 911
19314 931
19315 911
19316 19
19317 301
19318 301
19319 182
19320 183
19321 183
19322 946
19323 946
19324 946
19325 757
19326 934
19327 136
19328 775
19329 27
19330 296
19331 296
19332 14
19333 475
19334 475
19335 653
19336 505
19337 504
19338 784
19339 867
19340 519
19341 784
19342 798
19343 863
19344 863
19345 863
19346 156
19347 262
19348 262
19349 466
19350 807
19351 807
19352 807
19353 780
19354 830
19355 830
19356 619
19357 816
19358 437
19359 239
19360 239
19361 113
19362 607
19363 907
19364 750
19365 958
19366 812
19367 765
19368 755
19369 750
19370 958
19371 91
19372 755
19373 769
19374 750
19375 409
19376 70
19377 833
19378 435
19379 833
19380 797
19381 699
19382 699
19383 643
19384 237
19385 95
19386 95
19387 188
19388 188
19389 188
19390 462
19391 491
19392 491
19393 584
19394 809
19395 809
19396 933
19397 926
19398 933
19399 933
19400 146
19401 776
19402 776
19403 776
19404 198
19405 198
19406 421
19407 175
19408 62
19409 443
19410 443
19411 368
19412 154
19413 452
19414 193
19415 269
19416 269
19417 269
19418 140
19419 902
19420 860
19421 860
19422 584
19423 811
19424 584
19425 586
19426 849
19427 818
19428 683
19429 746
19430 781
19431 781
19432 781
19433 781
19434 257
19435 382
19436 257
19437 257
19438 257
19439 586
19440 637
19441 722
19442 232
19443 722
19444 652
19445 568
19446 722
19447 300
19448 291
19449 300
19450 291
19451 486
19452 486
19453 744
19454 862
19455 648
19456 744
19457 886
19458 886
19459 886
19460 886
19461 713
19462 176
19463 191
19464 550
19465 902
19466 550
19467 677
19468 949
19469 229
19470 677
19471 367
19472 935
19473 303
19474 733
19475 521
19476 733
19477 831
19478 831
19479 831
19480 34
19481 34
19482 269
19483 269
19484 269
19485 156
19486 44
19487 44
19488 761
19489 751
19490 757
19491 761
19492 504
19493 962
19494 528
19495 504
19496 551
19497 504
19498 504
19499 857
19500 761
19501 765
19502 781
19503 761
19504 765
19505 761
19506 217
19507 705
19508 705
19509 705
19510 705
19511 102
19512 102
19513 181
19514 590
19515 590
19516 733
19517 240
19518 21
19519 190
19520 190
19521 190
19522 201
19523 190
19524 77
19525 557
19526 288
19527 639
19528 639
19529 639
19530 911
19531 901
19532 911
19533 911
19534 962
19535 328
19536 328
19537 328
19538 801
19539 15
19540 518
19541 532
19542 532
19543 966
19544 158
19545 175
19546 158
19547 429
19548 213
19549 213
19550 213
19551 39
19552 39
19553 39
19554 301
19555 926
19556 57
19557 659
19558 659
19559 659
19560 659
19561 586
19562 586
19563 586
19564 258
19565 258
19566 258
19567 258
19568 540
19569 617
19570 540
19571 540
19572 717
19573 540
19574 363
19575 363
19576 795
19577 248
19578 663
19579 663
19580 749
19581 749
19582 749
19583 90
19584 535
19585 571
19586 777
19587 535
19588 526
19589 535
19590 535
19591 620
19592 620
19593 387
19594 414
19595 474
19596 474
19597 460
19598 474
19599 474
19600 474
19601 243
19602 597
19603 597
19604 597
19605 988
19606 988
19607 272
19608 272
19609 770
19610 573
19611 573
19612 265
19613 318
19614 731
19615 652
19616 731
19617 711
19618 714
19619 372
19620 351
19621 152
19622 582
19623 582
19624 582
19625 867
19626 706
19627 619
19628 619
19629 619
19630 970
19631 970
19632 43
19633 43
19634 43
19635 210
19636 210
19637 707
19638 210
19639 800
19640 800
19641 774
19642 81
19643 774
19644 376
19645 376
19646 909
19647 909
19648 775
19649 983
19650 373
19651 740
19652 899
19653 78
19654 788
19655 371
19656 788
19657 788
19658 788
19659 201
19660 201
19661 201
19662 942
19663 942
19664 69
19665 507
19666 507
19667 624
19668 965
19669 965
19670 824
19671 275
19672 403
19673 325
19674 325
19675 328
19676 325
19677 343
19678 33
19679 227
19680 227
19681 703
19682 646
19683 879
19684 620
19685 890
19686 879
19687 879
19688 750
19689 509
19690 511
19691 99
19692 99
19693 99
19694 888
19695 888
19696 888
19697 718
19698 888
19699 607
19700 776
19701 740
19702 333
19703 333
19704 423
19705 423
19706 874
19707 423
19708 949
19709 271
19710 271
19711 591
19712 591
19713 599
19714 289
19715 842
19716 289
19717 289
19718 289
19719 285
19720 285
19721 285
19722 285
19723 285
19724 285
19725 262
19726 765
19727 765
19728 765
19729 279
19730 91
19731 279
19732 417
19733 417
19734 77
19735 242
19736 219
19737 241
19738 219
19739 219
19740 646
19741 715
19742 546
19743 428
19744 307
19745 307
19746 434
19747 434
19748 44
19749 559
19750 367
19751 708
19752 708
19753 708
19754 715
19755 312
19756 440
19757 605
19758 885
19759 951
19760 584
19761 885
19762 393
19763 393
19764 38
19765 38
19766 542
19767 542
19768 542
19769 542
19770 375
19771 375
19772 375
19773 376
19774 375
19775 384
19776 384
19777 384
19778 483
19779 483
19780 483
19781 37
19782 204
19783 730
19784 204
19785 897
19786 897
19787 283
19788 251
19789 174
19790 89
19791 192
19792 192
19793 245
19794 245
19795 245
19796 716
19797 887
19798 887
19799 887
19800 512
19801 66
19802 512
19803 429
19804 429
19805 575
19806 575
19807 575
19808 953
19809 850
19810 850
19811 850
19812 730
19813 747
19814 730
19815 698
19816 698
19817 671
19818 930
19819 925
19820 930
19821 357
19822 657
19823 657
19824 823
19825 826
19826 826
19827 412
19828 396
19829 412
19830 412
19831 782
19832 782
19833 782
19834 710
19835 478
19836 274
19837 274
19838 274
19839 380
19840 402
19841 402
19842 380
19843 380
19844 680
19845 445
19846 353
19847 353
19848 353
19849 84
19850 430
19851 776
19852 430
19853 474
19854 474
19855 474
19856 89
19857 89
19858 89
19859 640
19860 640
19861 640
19862 698
19863 698
19864 506
19865 506
19866 506
19867 506
19868 410
19869 424
19870 410
19871 410
19872 410
19873 410
19874 418
19875 329
19876 329
19877 440
19878 176
19879 620
19880 788
19881 788
19882 788
19883 788
19884 780
19885 673
19886 749
19887 718
19888 706
19889 249
19890 249
19891 714
19892 348
19893 893
19894 714
19895 348
19896 457
19897 631
19898 632
19899 631
19900 631
19901 723
19902 723
19903 208
19904 208
19905 530
19906 376
19907 376
19908 206
19909 539
19910 539
19911 539
19912 507
19913 873
19914 617
19915 961
19916 961
19917 42
19918 45
19919 43
19920 42
19921 474
19922 474
19923 404
19924 367
19925 485
19926 931
19927 200
19928 89
19929 173
19930 173
19931 308
19932 328
19933 944
19934 944
19935 944
19936 197
19937 197
19938 86
19939 302
19940 302
19941 291
19942 559
19943 23
19944 919
19945 919
19946 586
19947 544
19948 246
19949 544
19950 445
19951 445
19952 643
19953 643
19954 646
19955 584
19956 584
19957 583
19958 189
19959 189
19960 189
19961 189
19962 78
19963 78
19964 938
19965 940
19966 696
19967 696
19968 398
19969 398
19970 398
19971 398
19972 139
19973 139
19974 139
19975 501
19976 501
19977 501
19978 501
19979 323
19980 52
19981 318
19982 323
19983 323
19984 500
19985 655
19986 676
19987 500
19988 507
19989 106
19990 729
19991 628
19992 528
19993 202
19994 284
19995 284
19996 673
19997 818
19998 522
19999 522
