20000 522
20001 213
20002 196
20003 196
20004 547
20005 596
20006 596
20007 596
20008 665
20009 583
20010 102
20011 102
20012 211
20013 233
20014 233
20015 932
20016 932
20017 21
20018 913
20019 913
20020 913
20021 913
20022 913
20023 665
20024 665
20025 939
20026 122
20027 665
20028 503
20029 950
20030 950
20031 950
20032 950
20033 950
20034 460
20035 460
20036 234
20037 372
20038 142
20039 142
20040 142
20041 982
20042 696
20043 696
20044 348
20045 348
20046 348
20047 870
20048 919
20049 546
20050 261
20051 261
20052 261
20053 372
20054 372
20055 15
20056 22
20057 484
20058 808
20059 938
20060 938
20061 722
20062 722
20063 716
20064 929
20065 527
20066 568
20067 568
20068 568
20069 568
20070 957
20071 835
20072 957
20073 957
20074 19
20075 249
20076 323
20077 322
20078 124
20079 633
20080 633
20081 970
20082 970
20083 813
20084 813
20085 703
20086 813
20087 429
20088 429
20089 239
20090 239
20091 114
20092 953
20093 953
20094 25
20095 29
20096 25
20097 481
20098 493
20099 481
20100 834
20101 946
20102 774
20103 946
20104 946
20105 311
20106 311
20107 396
20108 324
20109 324
20110 670
20111 670
20112 416
20113 416
20114 416
20115 416
20116 418
20117 418
20118 490
20119 744
20120 751
20121 751
20122 751
20123 206
20124 49
20125 206
20126 308
20127 101
20128 101
20129 871
20130 231
20131 231
20132 908
20133 908
20134 908
20135 460
20136 612
20137 612
20138 883
20139 883
20140 482
20141 706
20142 447
20143 447
20144 447
20145 543
20146 559
20147 938
20148 938
20149 218
20150 784
20151 784
20152 460
20153 460
20154 86
20155 589
20156 589
20157 589
20158 899
20159 489
20160 200
20161 200
20162 312
20163 125
20164 125
20165 158
20166 158
20167 665
20168 698
20169 665
20170 115
20171 939
20172 939
20173 44
20174 44
20175 627
20176 627
20177 873
20178 246
20179 462
20180 462
20181 595
20182 595
20183 595
20184 595
20185 595
20186 673
20187 742
20188 742
20189 773
20190 457
20191 461
20192 457
20193 457
20194 104
20195 543
20196 312
20197 543
20198 543
20199 263
20200 501
20201 156
20202 209
20203 131
20204 131
20205 131
20206 644
20207 802
20208 165
20209 165
20210 112
20211 112
20212 415
20213 399
20214 400
20215 399
20216 399
20217 399
20218 399
20219 431
20220 614
20221 614
20222 614
20223 887
20224 887
20225 887
20226 846
20227 586
20228 794
20229 794
20230 973
20231 973
20232 973
20233 793
20234 867
20235 867
20236 333
20237 862
20238 615
20239 733
20240 155
20241 263
20242 931
20243 931
20244 698
20245 897
20246 115
20247 977
20248 369
20249 369
20250 333
20251 333
20252 714
20253 714
20254 139
20255 139
20256 668
20257 750
20258 668
20259 668
20260 616
20261 616
20262 616
20263 948
20264 338
20265 400
20266 948
20267 292
20268 292
20269 292
20270 729
20271 729
20272 729
20273 15
20274 213
20275 576
20276 686
20277 562
20278 562
20279 890
20280 326
20281 105
20282 931
20283 931
20284 599
20285 249
20286 227
20287 227
20288 227
20289 227
20290 309
20291 61
20292 342
20293 717
20294 717
20295 883
20296 889
20297 883
20298 883
20299 518
20300 785
20301 121
20302 761
20303 518
20304 789
20305 663
20306 663
20307 672
20308 303
20309 303
20310 913
20311 913
20312 262
20313 169
20314 169
20315 443
20316 584
20317 443
20318 614
20319 614
20320 614
20321 721
20322 778
20323 243
20324 246
20325 243
20326 801
20327 35
20328 35
20329 35
20330 35
20331 83
20332 372
20333 392
20334 392
20335 392
20336 394
20337 246
20338 246
20339 680
20340 680
20341 715
20342 681
20343 692
20344 870
20345 929
20346 247
20347 194
20348 194
20349 194
20350 173
20351 221
20352 221
20353 307
20354 221
20355 221
20356 421
20357 39
20358 421
20359 33
20360 33
20361 212
20362 489
20363 212
20364 249
20365 365
20366 365
20367 640
20368 869
20369 303
20370 303
20371 303
20372 113
20373 113
20374 806
20375 219
20376 219
20377 219
20378 280
20379 612
20380 789
20381 180
20382 257
20383 755
20384 763
20385 755
20386 755
20387 873
20388 765
20389 765
20390 757
20391 954
20392 402
20393 508
20394 508
20395 228
20396 228
20397 880
20398 880
20399 388
20400 388
20401 334
20402 388
20403 793
20404 872
20405 793
20406 794
20407 256
20408 256
20409 879
20410 879
20411 879
20412 879
20413 740
20414 897
20415 897
20416 920
20417 127
20418 127
20419 617
20420 147
20421 147
20422 147
20423 31
20424 147
20425 978
20426 837
20427 734
20428 978
20429 530
20430 666
20431 666
20432 666
20433 191
20434 514
20435 936
20436 213
20437 760
20438 903
20439 903
20440 114
20441 780
20442 465
20443 150
20444 150
20445 39
20446 39
20447 40
20448 40
20449 40
20450 40
20451 40
20452 118
20453 636
20454 636
20455 636
20456 328
20457 474
20458 474
20459 309
20460 309
20461 808
20462 611
20463 611
20464 282
20465 763
20466 780
20467 763
20468 763
20469 977
20470 942
20471 838
20472 942
20473 942
20474 942
20475 643
20476 703
20477 643
20478 385
20479 390
20480 154
20481 385
20482 452
20483 452
20484 460
20485 103
20486 23
20487 103
20488 153
20489 692
20490 692
20491 692
20492 91
20493 961
20494 961
20495 212
20496 961
20497 926
20498 676
20499 542
20500 926
20501 33
20502 686
20503 726
20504 317
20505 317
20506 317
20507 317
20508 317
20509 391
20510 391
20511 391
20512 391
20513 473
20514 743
20515 473
20516 476
20517 473
20518 973
20519 973
20520 973
20521 533
20522 533
20523 533
20524 238
20525 836
20526 168
20527 202
20528 398
20529 744
20530 744
20531 982
20532 855
20533 495
20534 495
20535 853
20536 326
20537 943
20538 943
20539 943
20540 432
20541 273
20542 773
20543 366
20544 337
20545 194
20546 194
20547 194
20548 435
20549 484
20550 421
20551 23
20552 224
20553 685
20554 435
20555 521
20556 633
20557 633
20558 633
20559 254
20560 254
20561 254
20562 614
20563 418
20564 305
20565 81
20566 302
20567 711
20568 711
20569 918
20570 313
20571 313
20572 611
20573 562
20574 611
20575 562
20576 747
20577 340
20578 340
20579 84
20580 85
20581 802
20582 49
20583 372
20584 372
20585 423
20586 425
20587 425
20588 964
20589 964
20590 982
20591 743
20592 743
20593 89
20594 504
20595 505
20596 748
20597 504
20598 504
20599 504
20600 682
20601 682
20602 240
20603 240
20604 52
20605 101
20606 663
20607 731
20608 729
20609 731
20610 731
20611 731
20612 868
20613 43
20614 381
20615 381
20616 680
20617 209
20618 933
20619 680
20620 680
20621 305
20622 305
20623 774
20624 102
20625 774
20626 544
20627 543
20628 727
20629 150
20630 363
20631 53
20632 363
20633 417
20634 417
20635 115
20636 726
20637 156
20638 726
20639 949
20640 726
20641 734
20642 949
20643 963
20644 577
20645 618
20646 578
20647 618
20648 618
20649 697
20650 619
20651 578
20652 302
20653 283
20654 989
20655 179
20656 179
20657 212
20658 66
20659 88
20660 360
20661 368
20662 368
20663 368
20664 368
20665 629
20666 629
20667 629
20668 629
20669 212
20670 212
20671 101
20672 101
20673 123
20674 154
20675 340
20676 226
20677 106
20678 106
20679 920
20680 352
20681 352
20682 151
20683 151
20684 289
20685 340
20686 289
20687 311
20688 248
20689 814
20690 814
20691 407
20692 407
20693 617
20694 773
20695 773
20696 773
20697 455
20698 455
20699 455
20700 353
20701 353
20702 344
20703 233
20704 344
20705 529
20706 529
20707 925
20708 50
20709 925
20710 50
20711 554
20712 554
20713 828
20714 828
20715 656
20716 507
20717 507
20718 140
20719 140
20720 767
20721 771
20722 767
20723 767
20724 767
20725 120
20726 120
20727 120
20728 955
20729 955
20730 955
20731 921
20732 921
20733 921
20734 957
20735 957
20736 957
20737 87
20738 685
20739 496
20740 496
20741 179
20742 179
20743 631
20744 876
20745 876
20746 281
20747 281
20748 281
20749 701
20750 713
20751 359
20752 752
20753 752
20754 752
20755 762
20756 827
20757 752
20758 604
20759 604
20760 539
20761 463
20762 539
20763 770
20764 770
20765 770
20766 461
20767 780
20768 931
20769 393
20770 394
20771 393
20772 395
20773 393
20774 674
20775 674
20776 674
20777 404
20778 279
20779 326
20780 326
20781 83
20782 835
20783 566
20784 498
20785 498
20786 847
20787 847
20788 819
20789 274
20790 588
20791 274
20792 588
20793 673
20794 26
20795 352
20796 352
20797 534
20798 534
20799 527
20800 170
20801 348
20802 324
20803 522
20804 348
20805 348
20806 720
20807 720
20808 483
20809 718
20810 172
20811 718
20812 483
20813 635
20814 635
20815 636
20816 635
20817 635
20818 89
20819 89
20820 842
20821 266
20822 266
20823 732
20824 970
20825 516
20826 732
20827 119
20828 627
20829 627
20830 810
20831 275
20832 623
20833 467
20834 916
20835 373
20836 373
20837 859
20838 671
20839 585
20840 679
20841 651
20842 679
20843 798
20844 920
20845 162
20846 326
20847 326
20848 270
20849 93
20850 403
20851 252
20852 252
20853 148
20854 370
20855 273
20856 97
20857 963
20858 370
20859 97
20860 532
20861 103
20862 532
20863 583
20864 583
20865 583
20866 583
20867 583
20868 587
20869 627
20870 943
20871 628
20872 628
20873 627
20874 639
20875 183
20876 128
20877 201
20878 318
20879 318
20880 602
20881 602
20882 269
20883 863
20884 863
20885 729
20886 729
20887 37
20888 668
20889 841
20890 101
20891 101
20892 473
20893 473
20894 473
20895 347
20896 347
20897 308
20898 633
20899 633
20900 633
20901 633
20902 633
20903 637
20904 846
20905 846
20906 846
20907 669
20908 846
20909 433
20910 403
20911 433
20912 826
20913 826
20914 826
20915 12
20916 672
20917 672
20918 672
20919 741
20920 77
20921 673
20922 673
20923 687
20924 153
20925 153
20926 153
20927 910
20928 910
20929 910
20930 433
20931 423
20932 90
20933 121
20934 561
20935 157
20936 157
20937 364
20938 364
20939 728
20940 310
20941 650
20942 322
20943 41
20944 41
20945 41
20946 41
20947 41
20948 585
20949 585
20950 585
20951 779
20952 66
20953 979
20954 63
20955 858
20956 63
20957 88
20958 63
20959 662
20960 874
20961 350
20962 350
20963 362
20964 350
20965 305
20966 326
20967 326
20968 218
20969 218
20970 789
20971 522
20972 580
20973 72
20974 72
20975 179
20976 504
20977 504
20978 297
20979 297
20980 294
20981 297
20982 420
20983 446
20984 420
20985 420
20986 809
20987 809
20988 809
20989 149
20990 988
20991 842
20992 842
20993 842
20994 966
20995 966
20996 44
20997 44
20998 551
20999 551
21000 802
21001 802
21002 346
21003 554
21004 950
21005 950
21006 327
21007 577
21008 268
21009 268
21010 268
21011 413
21012 413
21013 294
21014 294
21015 294
21016 294
21017 786
21018 803
21019 790
21020 932
21021 789
21022 514
21023 809
21024 866
21025 283
21026 283
21027 846
21028 846
21029 240
21030 63
21031 240
21032 63
21033 582
21034 582
21035 590
21036 259
21037 118
21038 259
21039 259
21040 259
21041 118
21042 279
21043 279
21044 340
21045 656
21046 883
21047 883
21048 883
21049 839
21050 484
21051 484
21052 484
21053 976
21054 976
21055 976
21056 259
21057 471
21058 944
21059 855
21060 516
21061 516
21062 467
21063 639
21064 942
21065 943
21066 950
21067 959
21068 330
21069 330
21070 767
21071 767
21072 767
21073 216
21074 615
21075 216
21076 988
21077 988
21078 988
21079 988
21080 837
21081 301
21082 601
21083 917
21084 917
21085 318
21086 474
21087 605
21088 605
21089 961
21090 612
21091 925
21092 925
21093 413
21094 407
21095 407
21096 763
21097 536
21098 31
21099 536
21100 536
21101 98
21102 28
21103 536
21104 354
21105 828
21106 724
21107 724
21108 960
21109 960
21110 379
21111 379
21112 899
21113 899
21114 667
21115 667
21116 667
21117 273
21118 336
21119 336
21120 772
21121 739
21122 309
21123 314
21124 327
21125 314
21126 314
21127 588
21128 76
21129 540
21130 540
21131 540
21132 540
21133 540
21134 540
21135 930
21136 921
21137 930
21138 930
21139 951
21140 951
21141 594
21142 594
21143 613
21144 594
21145 187
21146 245
21147 745
21148 187
21149 461
21150 842
21151 842
21152 384
21153 297
21154 264
21155 235
21156 235
21157 338
21158 168
21159 168
21160 168
21161 465
21162 465
21163 686
21164 591
21165 234
21166 335
21167 335
21168 353
21169 353
21170 334
21171 272
21172 586
21173 608
21174 203
21175 203
21176 203
21177 203
21178 575
21179 575
21180 575
21181 507
21182 507
21183 507
21184 319
21185 319
21186 53
21187 195
21188 212
21189 195
21190 117
21191 195
21192 195
21193 666
21194 666
21195 666
21196 666
21197 193
21198 593
21199 927
21200 485
21201 485
21202 485
21203 485
21204 120
21205 688
21206 887
21207 588
21208 82
21209 818
21210 82
21211 663
21212 663
21213 663
21214 663
21215 642
21216 642
21217 920
21218 58
21219 680
21220 680
21221 826
21222 549
21223 549
21224 549
21225 478
21226 531
21227 317
21228 317
21229 309
21230 180
21231 747
21232 104
21233 746
21234 746
21235 425
21236 425
21237 425
21238 667
21239 667
21240 672
21241 250
21242 250
21243 250
21244 255
21245 250
21246 109
21247 109
21248 270
21249 563
21250 563
21251 974
21252 974
21253 802
21254 944
21255 944
21256 979
21257 78
21258 529
21259 843
21260 940
21261 940
21262 514
21263 483
21264 130
21265 130
21266 146
21267 615
21268 451
21269 453
21270 451
21271 451
21272 428
21273 451
21274 243
21275 453
21276 451
21277 607
21278 988
21279 988
21280 770
21281 770
21282 860
21283 872
21284 860
21285 55
21286 385
21287 388
21288 385
21289 385
21290 162
21291 111
21292 847
21293 600
21294 847
21295 172
21296 172
21297 535
21298 535
21299 535
21300 686
21301 956
21302 208
21303 208
21304 823
21305 69
21306 93
21307 69
21308 843
21309 69
21310 69
21311 273
21312 334
21313 318
21314 273
21315 402
21316 402
21317 926
21318 15
21319 979
21320 979
21321 295
21322 295
21323 295
21324 295
21325 993
21326 981
21327 560
21328 560
21329 560
21330 449
21331 851
21332 851
21333 851
21334 40
21335 40
21336 40
21337 654
21338 970
21339 703
21340 712
21341 712
21342 442
21343 442
21344 442
21345 747
21346 476
21347 83
21348 560
21349 560
21350 209
21351 612
21352 612
21353 420
21354 435
21355 432
21356 432
21357 415
21358 415
21359 430
21360 785
21361 49
21362 656
21363 785
21364 785
21365 49
21366 863
21367 914
21368 825
21369 475
21370 475
21371 403
21372 240
21373 745
21374 724
21375 199
21376 199
21377 776
21378 801
21379 776
21380 801
21381 777
21382 658
21383 658
21384 33
21385 33
21386 624
21387 26
21388 88
21389 740
21390 740
21391 740
21392 357
21393 357
21394 603
21395 603
21396 204
21397 499
21398 204
21399 516
21400 516
21401 516
21402 516
21403 516
21404 516
21405 516
21406 35
21407 687
21408 662
21409 662
21410 662
21411 86
21412 929
21413 98
21414 194
21415 194
21416 194
21417 153
21418 15
21419 428
21420 489
21421 489
21422 349
21423 349
21424 349
21425 907
21426 907
21427 257
21428 920
21429 920
21430 401
21431 745
21432 745
21433 745
21434 707
21435 929
21436 343
21437 338
21438 373
21439 338
21440 776
21441 902
21442 776
21443 614
21444 919
21445 302
21446 315
21447 146
21448 49
21449 49
21450 241
21451 186
21452 966
21453 822
21454 822
21455 822
21456 822
21457 245
21458 245
21459 766
21460 766
21461 773
21462 766
21463 766
21464 503
21465 265
21466 423
21467 423
21468 154
21469 423
21470 95
21471 95
21472 95
21473 95
21474 644
21475 420
21476 644
21477 30
21478 866
21479 866
21480 965
21481 965
21482 479
21483 479
21484 195
21485 665
21486 665
21487 665
21488 267
21489 267
21490 267
21491 267
21492 267
21493 859
21494 859
21495 146
21496 146
21497 146
21498 356
21499 356
21500 578
21501 578
21502 542
21503 542
21504 908
21505 908
21506 908
21507 908
21508 722
21509 654
21510 745
21511 722
21512 303
21513 667
21514 952
21515 467
21516 834
21517 941
21518 329
21519 941
21520 941
21521 941
21522 612
21523 419
21524 419
21525 199
21526 394
21527 199
21528 237
21529 237
21530 964
21531 964
21532 580
21533 747
21534 709
21535 709
21536 214
21537 214
21538 136
21539 401
21540 438
21541 364
21542 438
21543 448
21544 205
21545 353
21546 353
21547 353
21548 758
21549 758
21550 395
21551 587
21552 593
21553 587
21554 144
21555 281
21556 281
21557 197
21558 870
21559 197
21560 560
21561 709
21562 605
21563 844
21564 152
21565 709
21566 304
21567 304
21568 634
21569 63
21570 283
21571 283
21572 894
21573 421
21574 421
21575 75
21576 213
21577 663
21578 530
21579 521
21580 365
21581 365
21582 252
21583 253
21584 252
21585 252
21586 252
21587 842
21588 346
21589 150
21590 797
21591 86
21592 783
21593 888
21594 936
21595 693
21596 320
21597 320
21598 82
21599 129
21600 129
21601 692
21602 233
21603 198
21604 198
21605 578
21606 136
21607 136
21608 136
21609 526
21610 347
21611 347
21612 811
21613 623
21614 623
21615 862
21616 303
21617 862
21618 363
21619 406
21620 293
21621 293
21622 677
21623 215
21624 677
21625 616
21626 818
21627 818
21628 143
21629 143
21630 228
21631 96
21632 864
21633 96
21634 289
21635 289
21636 289
21637 834
21638 26
21639 142
21640 303
21641 303
21642 303
21643 332
21644 332
21645 332
21646 959
21647 959
21648 959
21649 959
21650 368
21651 368
21652 388
21653 155
21654 589
21655 589
21656 327
21657 327
21658 327
21659 327
21660 510
21661 510
21662 982
21663 864
21664 864
21665 556
21666 321
21667 301
21668 321
21669 321
21670 56
21671 631
21672 702
21673 632
21674 631
21675 631
21676 47
21677 47
21678 704
21679 704
21680 627
21681 627
21682 627
21683 92
21684 92
21685 920
21686 932
21687 539
21688 539
21689 459
21690 12
21691 459
21692 372
21693 731
21694 731
21695 693
21696 571
21697 112
21698 30
21699 37
21700 37
21701 37
21702 104
21703 37
21704 37
21705 741
21706 741
21707 289
21708 656
21709 656
21710 642
21711 642
21712 189
21713 189
21714 188
21715 421
21716 467
21717 146
21718 147
21719 146
21720 146
21721 704
21722 704
21723 474
21724 169
21725 169
21726 169
21727 169
21728 163
21729 178
21730 169
21731 391
21732 391
21733 391
21734 175
21735 264
21736 264
21737 304
21738 95
21739 208
21740 152
21741 152
21742 572
21743 279
21744 606
21745 804
21746 606
21747 606
21748 606
21749 515
21750 448
21751 448
21752 309
21753 859
21754 34
21755 34
21756 34
21757 34
21758 34
21759 35
21760 902
21761 902
21762 399
21763 397
21764 399
21765 399
21766 882
21767 226
21768 37
21769 452
21770 452
21771 452
21772 452
21773 747
21774 686
21775 395
21776 551
21777 686
21778 762
21779 762
21780 697
21781 697
21782 697
21783 697
21784 793
21785 927
21786 723
21787 196
21788 196
21789 782
21790 782
21791 926
21792 782
21793 782
21794 885
21795 885
21796 93
21797 164
21798 164
21799 163
21800 830
21801 311
21802 830
21803 465
21804 174
21805 174
21806 653
21807 294
21808 294
21809 294
21810 511
21811 425
21812 511
21813 511
21814 505
21815 505
21816 531
21817 505
21818 505
21819 75
21820 989
21821 418
21822 108
21823 531
21824 531
21825 148
21826 148
21827 148
21828 353
21829 353
21830 194
21831 210
21832 194
21833 194
21834 244
21835 648
21836 982
21837 736
21838 736
21839 53
21840 736
21841 433
21842 433
21843 433
21844 610
21845 531
21846 708
21847 890
21848 883
21849 91
21850 627
21851 549
21852 549
21853 558
21854 241
21855 88
21856 57
21857 370
21858 175
21859 442
21860 442
21861 442
21862 230
21863 230
21864 481
21865 482
21866 481
21867 549
21868 811
21869 811
21870 985
21871 985
21872 975
21873 975
21874 929
21875 929
21876 231
21877 216
21878 216
21879 56
21880 468
21881 220
21882 224
21883 808
21884 677
21885 329
21886 839
21887 329
21888 368
21889 513
21890 98
21891 98
21892 296
21893 98
21894 415
21895 180
21896 146
21897 146
21898 146
21899 311
21900 817
21901 817
21902 817
21903 817
21904 817
21905 235
21906 235
21907 695
21908 59
21909 728
21910 777
21911 744
21912 728
21913 454
21914 454
21915 123
21916 77
21917 77
21918 292
21919 729
21920 729
21921 729
21922 729
21923 680
21924 836
21925 781
21926 836
21927 348
21928 348
21929 348
21930 348
21931 821
21932 775
21933 771
21934 821
21935 125
21936 125
21937 125
21938 678
21939 853
21940 678
21941 417
21942 417
21943 604
21944 515
21945 604
21946 606
21947 312
21948 311
21949 385
21950 385
21951 385
21952 390
21953 974
21954 974
21955 326
21956 903
21957 351
21958 351
21959 351
21960 588
21961 588
21962 592
21963 690
21964 358
21965 149
21966 149
21967 232
21968 183
21969 370
21970 370
21971 370
21972 274
21973 222
21974 637
21975 397
21976 409
21977 397
21978 535
21979 535
21980 791
21981 791
21982 791
21983 927
21984 927
21985 661
21986 661
21987 661
21988 993
21989 993
21990 906
21991 89
21992 89
21993 603
21994 429
21995 429
21996 587
21997 587
21998 587
21999 360
22000 360
22001 130
22002 130
22003 130
22004 148
22005 415
22006 415
22007 312
22008 43
22009 367
22010 367
22011 34
22012 34
22013 693
22014 692
22015 692
22016 276
22017 276
22018 276
22019 276
22020 276
22021 87
22022 27
22023 272
22024 87
22025 273
22026 87
22027 854
22028 854
22029 113
22030 920
22031 920
22032 720
22033 720
22034 585
22035 585
22036 227
22037 227
22038 317
22039 317
22040 317
22041 320
22042 317
22043 317
22044 214
22045 427
22046 214
22047 182
22048 796
22049 785
22050 796
22051 803
22052 796
22053 590
22054 838
22055 740
22056 739
22057 287
22058 464
22059 370
22060 135
22061 743
22062 687
22063 622
22064 622
22065 380
22066 380
22067 380
22068 742
22069 137
22070 137
22071 137
22072 220
22073 220
22074 220
22075 978
22076 978
22077 848
22078 848
22079 180
22080 502
22081 747
22082 625
22083 662
22084 625
22085 625
22086 357
22087 357
22088 370
22089 49
22090 343
22091 610
22092 610
22093 676
22094 610
22095 610
22096 123
22097 483
22098 483
22099 868
22100 868
22101 278
22102 56
22103 601
22104 601
22105 601
22106 742
22107 170
22108 189
22109 189
22110 905
22111 905
22112 962
22113 962
22114 962
22115 962
22116 962
22117 453
22118 709
22119 803
22120 810
22121 92
22122 92
22123 224
22124 224
22125 28
22126 576
22127 451
22128 451
22129 79
22130 424
22131 424
22132 75
22133 75
22134 263
22135 274
22136 263
22137 263
22138 34
22139 34
22140 34
22141 478
22142 478
22143 470
22144 470
22145 541
22146 551
22147 547
22148 541
22149 551
22150 100
22151 100
22152 288
22153 288
22154 288
22155 288
22156 478
22157 478
22158 478
22159 585
22160 247
22161 247
22162 623
22163 484
22164 620
22165 620
22166 429
22167 429
22168 684
22169 672
22170 387
22171 554
22172 343
22173 554
22174 709
22175 709
22176 420
22177 676
22178 632
22179 610
22180 610
22181 150
22182 947
22183 947
22184 947
22185 735
22186 735
22187 698
22188 551
22189 118
22190 62
22191 136
22192 551
22193 979
22194 979
22195 467
22196 467
22197 338
22198 813
22199 186
22200 163
22201 581
22202 885
22203 882
22204 405
22205 281
22206 545
22207 545
22208 701
22209 811
22210 959
22211 959
22212 959
22213 959
22214 403
22215 397
22216 18
22217 251
22218 826
22219 251
22220 251
22221 62
22222 624
22223 638
22224 680
22225 124
22226 752
22227 752
22228 781
22229 310
22230 418
22231 418
22232 843
22233 832
22234 748
22235 748
22236 748
22237 144
22238 314
22239 314
22240 239
22241 273
22242 308
22243 368
22244 368
22245 317
22246 338
22247 317
22248 318
22249 767
22250 767
22251 982
22252 837
22253 170
22254 170
22255 127
22256 127
22257 127
22258 127
22259 201
22260 433
22261 144
22262 127
22263 927
22264 957
22265 927
22266 857
22267 857
22268 686
22269 271
22270 509
22271 509
22272 119
22273 311
22274 697
22275 436
22276 44
22277 698
22278 698
22279 200
22280 837
22281 200
22282 980
22283 218
22284 180
22285 180
22286 320
22287 320
22288 320
22289 534
22290 534
22291 455
22292 455
22293 201
22294 802
22295 590
22296 299
22297 299
22298 930
22299 930
22300 693
22301 693
22302 693
22303 594
22304 594
22305 594
22306 594
22307 989
22308 989
22309 989
22310 70
22311 770
22312 770
22313 740
22314 740
22315 740
22316 581
22317 581
22318 581
22319 775
22320 528
22321 775
22322 776
22323 55
22324 775
22325 777
22326 515
22327 515
22328 515
22329 515
22330 567
22331 567
22332 514
22333 514
22334 685
22335 545
22336 545
22337 545
22338 492
22339 496
22340 467
22341 870
22342 846
22343 846
22344 383
22345 351
22346 383
22347 351
22348 805
22349 241
22350 292
22351 292
22352 292
22353 305
22354 293
22355 893
22356 893
22357 682
22358 282
22359 282
22360 282
22361 282
22362 391
22363 433
22364 207
22365 207
22366 586
22367 483
22368 483
22369 656
22370 963
22371 963
22372 686
22373 963
22374 377
22375 377
22376 682
22377 682
22378 681
22379 681
22380 569
22381 738
22382 480
22383 480
22384 480
22385 684
22386 483
22387 898
22388 165
22389 123
22390 378
22391 378
22392 460
22393 692
22394 692
22395 241
22396 405
22397 938
22398 938
22399 938
22400 938
22401 938
22402 914
22403 914
22404 923
22405 89
22406 269
22407 551
22408 882
22409 882
22410 882
22411 882
22412 882
22413 275
22414 275
22415 277
22416 277
22417 753
22418 753
22419 771
22420 314
22421 314
22422 139
22423 139
22424 139
22425 139
22426 827
22427 736
22428 736
22429 736
22430 736
22431 736
22432 815
22433 815
22434 965
22435 815
22436 815
22437 172
22438 648
22439 871
22440 871
22441 755
22442 755
22443 755
22444 52
22445 400
22446 400
22447 27
22448 229
22449 229
22450 472
22451 472
22452 946
22453 946
22454 946
22455 756
22456 717
22457 756
22458 757
22459 756
22460 717
22461 446
22462 446
22463 446
22464 246
22465 671
22466 671
22467 187
22468 138
22469 138
22470 138
22471 686
22472 652
22473 691
22474 691
22475 691
22476 691
22477 691
22478 821
22479 821
22480 821
22481 263
22482 821
22483 765
22484 814
22485 223
22486 814
22487 139
22488 139
22489 964
22490 955
22491 513
22492 615
22493 958
22494 515
22495 390
22496 301
22497 301
22498 370
22499 370
22500 436
22501 282
22502 481
22503 481
22504 481
22505 248
22506 770
22507 248
22508 240
22509 538
22510 538
22511 291
22512 291
22513 157
22514 160
22515 160
22516 470
22517 336
22518 470
22519 894
22520 873
22521 578
22522 578
22523 578
22524 741
22525 248
22526 249
22527 249
22528 249
22529 143
22530 143
22531 11
22532 11
22533 787
22534 787
22535 787
22536 787
22537 303
22538 444
22539 444
22540 444
22541 444
22542 444
22543 107
22544 107
22545 107
22546 303
22547 383
22548 383
22549 522
22550 522
22551 965
22552 163
22553 965
22554 965
22555 955
22556 311
22557 312
22558 311
22559 461
22560 182
22561 182
22562 157
22563 180
22564 157
22565 157
22566 184
22567 184
22568 422
22569 219
22570 219
22571 931
22572 710
22573 931
22574 945
22575 945
22576 945
22577 945
22578 945
22579 217
22580 566
22581 570
22582 570
22583 570
22584 657
22585 657
22586 657
22587 657
22588 834
22589 834
22590 135
22591 811
22592 811
22593 807
22594 135
22595 179
22596 852
22597 852
22598 434
22599 900
22600 434
22601 434
22602 434
22603 434
22604 627
22605 627
22606 627
22607 627
22608 627
22609 429
22610 429
22611 429
22612 536
22613 536
22614 644
22615 644
22616 644
22617 759
22618 759
22619 656
22620 942
22621 942
22622 942
22623 572
22624 572
22625 220
22626 220
22627 822
22628 822
22629 781
22630 922
22631 922
22632 481
22633 174
22634 174
22635 174
22636 119
22637 836
22638 836
22639 977
22640 906
22641 387
22642 283
22643 283
22644 283
22645 715
22646 324
22647 340
22648 444
22649 444
22650 444
22651 636
22652 636
22653 390
22654 394
22655 364
22656 364
22657 913
22658 882
22659 882
22660 748
22661 56
22662 417
22663 411
22664 417
22665 215
22666 215
22667 93
22668 597
22669 597
22670 597
22671 315
22672 315
22673 315
22674 315
22675 120
22676 120
22677 142
22678 149
22679 417
22680 49
22681 49
22682 862
22683 436
22684 258
22685 258
22686 258
22687 258
22688 537
22689 319
22690 319
22691 36
22692 36
22693 766
22694 766
22695 807
22696 766
22697 818
22698 832
22699 696
22700 696
22701 695
22702 203
22703 203
22704 203
22705 943
22706 943
22707 943
22708 646
22709 646
22710 205
22711 683
22712 205
22713 683
22714 842
22715 102
22716 102
22717 102
22718 38
22719 38
22720 370
22721 558
22722 558
22723 612
22724 277
22725 276
22726 613
22727 84
22728 591
22729 591
22730 401
22731 401
22732 591
22733 591
22734 903
22735 984
22736 95
22737 26
22738 95
22739 95
22740 686
22741 989
22742 989
22743 979
22744 302
22745 302
22746 302
22747 191
22748 877
22749 191
22750 122
22751 122
22752 510
22753 510
22754 175
22755 175
22756 350
22757 121
22758 356
22759 904
22760 801
22761 987
22762 789
22763 866
22764 784
22765 784
22766 628
22767 628
22768 628
22769 628
22770 628
22771 429
22772 429
22773 190
22774 190
22775 190
22776 209
22777 217
22778 891
22779 891
22780 610
22781 610
22782 610
22783 398
22784 466
22785 898
22786 466
22787 34
22788 34
22789 432
22790 944
22791 230
22792 230
22793 975
22794 975
22795 975
22796 975
22797 975
22798 975
22799 274
22800 728
22801 728
22802 576
22803 619
22804 249
22805 238
22806 357
22807 357
22808 357
22809 194
22810 931
22811 263
22812 181
22813 181
22814 330
22815 330
22816 184
22817 914
22818 184
22819 234
22820 108
22821 298
22822 298
22823 931
22824 933
22825 814
22826 108
22827 239
22828 240
22829 13
22830 972
22831 150
22832 141
22833 625
22834 625
22835 625
22836 828
22837 80
22838 80
22839 80
22840 80
22841 355
22842 223
22843 449
22844 223
22845 466
22846 34
22847 34
22848 389
22849 389
22850 263
22851 479
22852 479
22853 214
22854 152
22855 152
22856 152
22857 306
22858 599
22859 599
22860 599
22861 216
22862 216
22863 468
22864 909
22865 909
22866 825
22867 850
22868 859
22869 114
22870 27
22871 945
22872 945
22873 945
22874 835
22875 400
22876 400
22877 607
22878 607
22879 607
22880 607
22881 234
22882 719
22883 719
22884 633
22885 636
22886 866
22887 568
22888 167
22889 167
22890 167
22891 965
22892 965
22893 808
22894 808
22895 640
22896 124
22897 367
22898 517
22899 965
22900 965
22901 965
22902 109
22903 23
22904 484
22905 378
22906 378
22907 378
22908 854
22909 854
22910 854
22911 855
22912 921
22913 921
22914 64
22915 64
22916 435
22917 64
22918 508
22919 945
22920 510
22921 508
22922 508
22923 442
22924 442
22925 281
22926 715
22927 715
22928 153
22929 590
22930 595
22931 595
22932 896
22933 896
22934 933
22935 433
22936 888
22937 857
22938 794
22939 794
22940 794
22941 794
22942 794
22943 167
22944 167
22945 798
22946 667
22947 328
22948 667
22949 667
22950 919
22951 919
22952 919
22953 187
22954 63
22955 63
22956 63
22957 976
22958 340
22959 305
22960 305
22961 608
22962 608
22963 530
22964 173
22965 700
22966 580
22967 700
22968 700
22969 697
22970 515
22971 58
22972 198
22973 198
22974 153
22975 696
22976 696
22977 588
22978 511
22979 530
22980 68
22981 68
22982 730
22983 528
22984 718
22985 579
22986 589
22987 589
22988 589
22989 54
22990 153
22991 738
22992 966
22993 738
22994 236
22995 523
22996 60
22997 60
22998 751
22999 751
23000 751
23001 751
23002 161
23003 561
23004 161
23005 901
23006 707
23007 804
23008 799
23009 799
23010 148
23011 492
23012 496
23013 278
23014 496
23015 385
23016 385
23017 986
23018 56
23019 986
23020 986
23021 56
23022 533
23023 533
23024 732
23025 355
23026 355
23027 459
23028 689
23029 715
23030 689
23031 689
23032 267
23033 267
23034 267
23035 619
23036 619
23037 892
23038 434
23039 434
23040 985
23041 973
23042 973
23043 971
23044 863
23045 863
23046 863
23047 577
23048 421
23049 457
23050 713
23051 566
23052 775
23053 880
23054 473
23055 370
23056 774
23057 353
23058 353
23059 66
23060 65
23061 65
23062 65
23063 649
23064 649
23065 649
23066 213
23067 921
23068 687
23069 736
23070 107
23071 736
23072 796
23073 107
23074 474
23075 333
23076 333
23077 333
23078 333
23079 711
23080 936
23081 763
23082 237
23083 82
23084 53
23085 763
23086 237
23087 242
23088 621
23089 443
23090 681
23091 871
23092 871
23093 871
23094 871
23095 436
23096 920
23097 915
23098 964
23099 920
23100 807
23101 570
23102 483
23103 613
23104 164
23105 613
23106 866
23107 641
23108 641
23109 186
23110 186
23111 610
23112 617
23113 610
23114 216
23115 123
23116 216
23117 353
23118 353
23119 541
23120 556
23121 541
23122 839
23123 445
23124 445
23125 658
23126 658
23127 794
23128 794
23129 804
23130 872
23131 825
23132 791
23133 791
23134 791
23135 715
23136 120
23137 263
23138 277
23139 303
23140 521
23141 511
23142 521
23143 302
23144 784
23145 569
23146 569
23147 569
23148 569
23149 569
23150 860
23151 860
23152 217
23153 308
23154 308
23155 618
23156 618
23157 448
23158 448
23159 531
23160 128
23161 128
23162 128
23163 592
23164 592
23165 793
23166 930
23167 930
23168 328
23169 491
23170 328
23171 328
23172 387
23173 401
23174 213
23175 887
23176 113
23177 113
23178 113
23179 339
23180 677
23181 283
23182 283
23183 419
23184 419
23185 419
23186 687
23187 687
23188 343
23189 692
23190 692
23191 692
23192 109
23193 317
23194 317
23195 317
23196 317
23197 279
23198 373
23199 163
23200 128
23201 128
23202 128
23203 737
23204 737
23205 296
23206 302
23207 296
23208 247
23209 793
23210 893
23211 107
23212 540
23213 696
23214 540
23215 393
23216 668
23217 668
23218 668
23219 951
23220 951
23221 801
23222 934
23223 601
23224 601
23225 350
23226 56
23227 509
23228 509
23229 334
23230 334
23231 762
23232 699
23233 699
23234 95
23235 95
23236 95
23237 72
23238 276
23239 684
23240 49
23241 49
23242 385
23243 385
23244 834
23245 726
23246 358
23247 249
23248 66
23249 722
23250 79
23251 553
23252 609
23253 521
23254 892
23255 15
23256 828
23257 476
23258 476
23259 476
23260 650
23261 650
23262 650
23263 650
23264 652
23265 634
23266 985
23267 983
23268 985
23269 985
23270 35
23271 35
23272 35
23273 35
23274 47
23275 35
23276 369
23277 369
23278 616
23279 280
23280 703
23281 326
23282 326
23283 545
23284 545
23285 314
23286 13
23287 314
23288 547
23289 547
23290 649
23291 547
23292 547
23293 547
23294 155
23295 28
23296 155
23297 699
23298 494
23299 699
23300 329
23301 329
23302 704
23303 704
23304 652
23305 282
23306 282
23307 506
23308 506
23309 506
23310 565
23311 565
23312 565
23313 991
23314 689
23315 689
23316 689
23317 689
23318 370
23319 168
23320 168
23321 168
23322 214
23323 915
23324 915
23325 915
23326 738
23327 182
23328 721
23329 721
23330 921
23331 457
23332 220
23333 526
23334 84
23335 617
23336 84
23337 84
23338 84
23339 40
23340 40
23341 46
23342 40
23343 811
23344 811
23345 65
23346 179
23347 796
23348 796
23349 781
23350 702
23351 126
23352 126
23353 126
23354 126
23355 922
23356 922
23357 625
23358 853
23359 805
23360 681
23361 681
23362 681
23363 695
23364 154
23365 833
23366 939
23367 833
23368 786
23369 833
23370 531
23371 531
23372 428
23373 343
23374 517
23375 531
23376 457
23377 382
23378 300
23379 117
23380 816
23381 816
23382 816
23383 569
23384 569
23385 129
23386 129
23387 129
23388 129
23389 914
23390 961
23391 961
23392 961
23393 546
23394 521
23395 546
23396 171
23397 762
23398 409
23399 407
23400 407
23401 875
23402 875
23403 591
23404 591
23405 485
23406 148
23407 148
23408 148
23409 412
23410 412
23411 613
23412 428
23413 113
23414 991
23415 499
23416 991
23417 984
23418 211
23419 211
23420 901
23421 900
23422 444
23423 825
23424 826
23425 825
23426 128
23427 128
23428 128
23429 801
23430 801
23431 265
23432 853
23433 853
23434 853
23435 207
23436 398
23437 207
23438 339
23439 43
23440 195
23441 303
23442 287
23443 398
23444 398
23445 767
23446 278
23447 278
23448 315
23449 315
23450 431
23451 431
23452 581
23453 581
23454 654
23455 366
23456 366
23457 255
23458 263
23459 255
23460 883
23461 368
23462 592
23463 656
23464 362
23465 545
23466 869
23467 545
23468 545
23469 545
23470 616
23471 420
23472 123
23473 707
23474 771
23475 159
23476 159
23477 299
23478 272
23479 371
23480 935
23481 159
23482 741
23483 496
23484 462
23485 496
23486 104
23487 542
23488 104
23489 546
23490 104
23491 27
23492 254
23493 254
23494 254
23495 355
23496 247
23497 819
23498 819
23499 362
23500 401
23501 293
23502 460
23503 460
23504 228
23505 233
23506 228
23507 228
23508 458
23509 107
23510 107
23511 107
23512 822
23513 822
23514 822
23515 638
23516 830
23517 638
23518 638
23519 638
23520 612
23521 612
23522 697
23523 697
23524 218
23525 939
23526 939
23527 248
23528 796
23529 729
23530 990
23531 729
23532 729
23533 333
23534 730
23535 695
23536 324
23537 324
23538 324
23539 329
23540 332
23541 328
23542 760
23543 760
23544 124
23545 758
23546 758
23547 758
23548 758
23549 971
23550 840
23551 149
23552 149
23553 373
23554 373
23555 181
23556 181
23557 181
23558 717
23559 717
23560 910
23561 910
23562 374
23563 813
23564 804
23565 804
23566 99
23567 99
23568 120
23569 846
23570 846
23571 549
23572 549
23573 549
23574 676
23575 930
23576 149
23577 54
23578 982
23579 982
23580 982
23581 282
23582 501
23583 282
23584 320
23585 320
23586 865
23587 865
23588 631
23589 354
23590 631
23591 87
23592 318
23593 87
23594 178
23595 622
23596 828
23597 261
23598 261
23599 546
23600 546
23601 354
23602 354
23603 354
23604 455
23605 236
23606 236
23607 734
23608 458
23609 459
23610 965
23611 568
23612 568
23613 568
23614 568
23615 735
23616 757
23617 757
23618 839
23619 507
23620 507
23621 506
23622 508
23623 506
23624 506
23625 506
23626 506
23627 690
23628 690
23629 690
23630 524
23631 82
23632 467
23633 741
23634 626
23635 342
23636 626
23637 626
23638 271
23639 119
23640 119
23641 119
23642 962
23643 962
23644 962
23645 946
23646 294
23647 294
23648 507
23649 507
23650 507
23651 507
23652 673
23653 131
23654 684
23655 285
23656 285
23657 160
23658 160
23659 379
23660 379
23661 476
23662 476
23663 470
23664 470
23665 464
23666 464
23667 420
23668 420
23669 386
23670 386
23671 70
23672 70
23673 52
23674 52
23675 52
23676 52
23677 123
23678 123
23679 319
23680 319
23681 319
23682 652
23683 250
23684 250
23685 250
23686 427
23687 100
23688 100
23689 100
23690 100
23691 100
23692 260
23693 343
23694 260
23695 374
23696 981
23697 981
23698 981
23699 184
23700 19
23701 184
23702 952
23703 170
23704 901
23705 172
23706 825
23707 825
23708 608
23709 134
23710 278
23711 932
23712 405
23713 527
23714 382
23715 527
23716 482
23717 237
23718 237
23719 754
23720 754
23721 754
23722 331
23723 331
23724 851
23725 797
23726 215
23727 867
23728 434
23729 434
23730 771
23731 57
23732 535
23733 535
23734 535
23735 535
23736 493
23737 493
23738 705
23739 705
23740 715
23741 795
23742 463
23743 23
23744 305
23745 305
23746 935
23747 84
23748 531
23749 601
23750 26
23751 531
23752 417
23753 417
23754 102
23755 785
23756 102
23757 102
23758 446
23759 446
23760 758
23761 758
23762 758
23763 354
23764 669
23765 354
23766 354
23767 797
23768 757
23769 757
23770 757
23771 114
23772 925
23773 925
23774 114
23775 522
23776 522
23777 522
23778 235
23779 235
23780 235
23781 241
23782 523
23783 354
23784 354
23785 274
23786 491
23787 274
23788 464
23789 124
23790 932
23791 338
23792 338
23793 364
23794 554
23795 554
23796 600
23797 609
23798 600
23799 493
23800 74
23801 74
23802 105
23803 74
23804 858
23805 858
23806 377
23807 306
23808 377
23809 377
23810 378
23811 377
23812 377
23813 377
23814 306
23815 622
23816 518
23817 622
23818 163
23819 163
23820 142
23821 31
23822 142
23823 815
23824 842
23825 815
23826 815
23827 815
23828 521
23829 373
23830 373
23831 218
23832 636
23833 986
23834 636
23835 733
23836 636
23837 426
23838 288
23839 425
23840 79
23841 79
23842 79
23843 730
23844 948
23845 74
23846 74
23847 74
23848 74
23849 897
23850 897
23851 934
23852 951
23853 951
23854 233
23855 234
23856 244
23857 233
23858 233
23859 801
23860 319
23861 579
23862 579
23863 41
23864 41
23865 41
23866 40
23867 40
23868 898
23869 901
23870 895
23871 898
23872 204
23873 204
23874 204
23875 310
23876 156
23877 803
23878 156
23879 803
23880 156
23881 659
23882 660
23883 660
23884 659
23885 659
23886 802
23887 320
23888 138
23889 750
23890 750
23891 750
23892 750
23893 972
23894 972
23895 331
23896 331
23897 334
23898 331
23899 124
23900 454
23901 454
23902 454
23903 831
23904 638
23905 638
23906 646
23907 638
23908 646
23909 638
23910 76
23911 76
23912 76
23913 509
23914 415
23915 286
23916 119
23917 119
23918 119
23919 906
23920 913
23921 913
23922 835
23923 892
23924 93
23925 258
23926 782
23927 885
23928 885
23929 950
23930 885
23931 530
23932 856
23933 856
23934 810
23935 25
23936 160
23937 160
23938 160
23939 87
23940 236
23941 160
23942 889
23943 236
23944 447
23945 447
23946 341
23947 920
23948 920
23949 920
23950 920
23951 920
23952 987
23953 919
23954 241
23955 647
23956 159
23957 159
23958 243
23959 174
23960 408
23961 408
23962 540
23963 540
23964 171
23965 273
23966 172
23967 171
23968 153
23969 609
23970 609
23971 609
23972 509
23973 509
23974 509
23975 509
23976 509
23977 145
23978 944
23979 523
23980 359
23981 101
23982 523
23983 252
23984 252
23985 464
23986 464
23987 485
23988 485
23989 215
23990 215
23991 555
23992 555
23993 555
23994 986
23995 727
23996 56
23997 801
23998 801
23999 801
24000 801
24001 404
24002 404
24003 404
24004 404
24005 458
24006 866
24007 866
24008 145
24009 145
24010 169
24011 169
24012 169
24013 129
24014 52
24015 129
24016 129
24017 773
24018 562
24019 561
24020 562
24021 482
24022 838
24023 268
24024 268
24025 706
24026 706
24027 280
24028 677
24029 903
24030 127
24031 127
24032 127
24033 127
24034 921
24035 589
24036 725
24037 725
24038 589
24039 842
24040 842
24041 515
24042 932
24043 932
24044 727
24045 785
24046 184
24047 249
24048 28
24049 465
24050 980
24051 980
24052 980
24053 865
24054 495
24055 865
24056 20
24057 858
24058 562
24059 554
24060 507
24061 507
24062 44
24063 44
24064 603
24065 603
24066 828
24067 828
24068 851
24069 654
24070 217
24071 706
24072 706
24073 711
24074 86
24075 610
24076 610
24077 610
24078 592
24079 703
24080 340
24081 407
24082 407
24083 332
24084 332
24085 753
24086 753
24087 753
24088 753
24089 869
24090 869
24091 869
24092 465
24093 465
24094 402
24095 265
24096 495
24097 326
24098 101
24099 326
24100 326
24101 326
24102 725
24103 725
24104 985
24105 447
24106 369
24107 792
24108 792
24109 296
24110 869
24111 296
24112 296
24113 297
24114 944
24115 944
24116 944
24117 270
24118 270
24119 361
24120 234
24121 214
24122 401
24123 965
24124 105
24125 895
24126 615
24127 933
24128 270
24129 225
24130 225
24131 225
24132 225
24133 969
24134 969
24135 969
24136 969
24137 969
24138 969
24139 982
24140 982
24141 982
24142 625
24143 625
24144 922
24145 331
24146 331
24147 482
24148 66
24149 66
24150 485
24151 485
24152 366
24153 647
24154 647
24155 646
24156 647
24157 281
24158 779
24159 779
24160 376
24161 376
24162 376
24163 59
24164 376
24165 376
24166 376
24167 650
24168 650
24169 349
24170 751
24171 751
24172 483
24173 928
24174 928
24175 944
24176 944
24177 944
24178 951
24179 944
24180 576
24181 576
24182 367
24183 227
24184 227
24185 231
24186 227
24187 648
24188 648
24189 834
24190 91
24191 91
24192 824
24193 824
24194 824
24195 824
24196 795
24197 538
24198 248
24199 733
24200 733
24201 987
24202 502
24203 145
24204 230
24205 548
24206 145
24207 238
24208 405
24209 209
24210 209
24211 395
24212 480
24213 113
24214 480
24215 480
24216 480
24217 480
24218 480
24219 601
24220 927
24221 601
24222 640
24223 601
24224 982
24225 811
24226 702
24227 702
24228 946
24229 115
24230 77
24231 77
24232 310
24233 715
24234 27
24235 925
24236 152
24237 430
24238 362
24239 508
24240 508
24241 508
24242 533
24243 533
24244 533
24245 234
24246 504
24247 509
24248 504
24249 504
24250 812
24251 812
24252 852
24253 284
24254 392
24255 392
24256 297
24257 50
24258 50
24259 967
24260 570
24261 662
24262 605
24263 605
24264 201
24265 145
24266 145
24267 145
24268 219
24269 219
24270 123
24271 236
24272 236
24273 253
24274 253
24275 253
24276 286
24277 286
24278 286
24279 443
24280 292
24281 338
24282 461
24283 321
24284 322
24285 321
24286 321
24287 748
24288 559
24289 330
24290 330
24291 330
24292 330
24293 330
24294 826
24295 826
24296 826
24297 890
24298 247
24299 512
24300 703
24301 512
24302 512
24303 678
24304 69
24305 660
24306 675
24307 660
24308 660
24309 660
24310 210
24311 23
24312 334
24313 318
24314 334
24315 320
24316 334
24317 519
24318 419
24319 642
24320 944
24321 944
24322 573
24323 573
24324 508
24325 573
24326 481
24327 481
24328 481
24329 685
24330 685
24331 916
24332 65
24333 65
24334 363
24335 440
24336 440
24337 452
24338 570
24339 865
24340 403
24341 210
24342 205
24343 205
24344 205
24345 531
24346 400
24347 899
24348 899
24349 973
24350 973
24351 866
24352 866
24353 857
24354 329
24355 329
24356 235
24357 235
24358 747
24359 736
24360 959
24361 736
24362 211
24363 276
24364 85
24365 358
24366 945
24367 419
24368 502
24369 640
24370 70
24371 211
24372 296
24373 296
24374 581
24375 581
24376 783
24377 783
24378 783
24379 783
24380 783
24381 857
24382 705
24383 828
24384 597
24385 417
24386 211
24387 417
24388 608
24389 609
24390 608
24391 608
24392 694
24393 836
24394 698
24395 836
24396 832
24397 87
24398 179
24399 179
24400 908
24401 908
24402 908
24403 999
24404 999
24405 776
24406 776
24407 73
24408 73
24409 73
24410 73
24411 731
24412 731
24413 113
24414 206
24415 206
24416 532
24417 532
24418 698
24419 703
24420 308
24421 308
24422 63
24423 63
24424 285
24425 285
24426 285
24427 683
24428 852
24429 43
24430 43
24431 43
24432 353
24433 596
24434 596
24435 564
24436 564
24437 564
24438 459
24439 332
24440 332
24441 275
24442 275
24443 275
24444 800
24445 579
24446 180
24447 579
24448 579
24449 773
24450 579
24451 420
24452 613
24453 613
24454 613
24455 642
24456 642
24457 566
24458 566
24459 566
24460 921
24461 356
24462 356
24463 689
24464 689
24465 72
24466 241
24467 732
24468 680
24469 775
24470 753
24471 119
24472 119
24473 853
24474 934
24475 934
24476 651
24477 418
24478 640
24479 923
24480 923
24481 923
24482 729
24483 539
24484 729
24485 97
24486 120
24487 930
24488 148
24489 148
24490 399
24491 103
24492 103
24493 939
24494 939
24495 363
24496 504
24497 504
24498 504
24499 354
24500 934
24501 934
24502 768
24503 768
24504 768
24505 884
24506 884
24507 884
24508 113
24509 544
24510 310
24511 868
24512 868
24513 280
24514 389
24515 389
24516 537
24517 950
24518 140
24519 140
24520 103
24521 103
24522 423
24523 423
24524 621
24525 947
24526 486
24527 486
24528 760
24529 760
24530 760
24531 441
24532 441
24533 438
24534 743
24535 582
24536 39
24537 39
24538 39
24539 58
24540 248
24541 243
24542 243
24543 777
24544 777
24545 710
24546 777
24547 799
24548 798
24549 799
24550 442
24551 442
24552 661
24553 743
24554 743
24555 747
24556 987
24557 105
24558 641
24559 641
24560 480
24561 480
24562 480
24563 364
24564 364
24565 184
24566 184
24567 589
24568 589
24569 249
24570 249
24571 412
24572 412
24573 398
24574 426
24575 426
24576 426
24577 104
24578 679
24579 593
24580 540
24581 818
24582 933
24583 934
24584 274
24585 274
24586 25
24587 463
24588 463
24589 367
24590 367
24591 361
24592 361
24593 367
24594 367
24595 367
24596 590
24597 246
24598 246
24599 821
24600 821
24601 323
24602 821
24603 824
24604 246
24605 425
24606 702
24607 702
24608 948
24609 948
24610 590
24611 927
24612 590
24613 924
24614 924
24615 924
24616 351
24617 351
24618 351
24619 351
24620 351
24621 584
24622 584
24623 584
24624 521
24625 521
24626 896
24627 227
24628 190
24629 190
24630 210
24631 190
24632 618
24633 122
24634 118
24635 618
24636 618
24637 501
24638 501
24639 501
24640 676
24641 676
24642 831
24643 831
24644 493
24645 493
24646 987
24647 361
24648 329
24649 62
24650 410
24651 410
24652 542
24653 542
24654 92
24655 179
24656 179
24657 438
24658 438
24659 438
24660 763
24661 763
24662 78
24663 779
24664 747
24665 910
24666 325
24667 408
24668 408
24669 573
24670 573
24671 842
24672 95
24673 95
24674 114
24675 345
24676 799
24677 873
24678 799
24679 873
24680 686
24681 182
24682 77
24683 650
24684 845
24685 55
24686 262
24687 262
24688 384
24689 573
24690 434
24691 434
24692 74
24693 74
24694 74
24695 74
24696 243
24697 243
24698 243
24699 965
24700 965
24701 657
24702 657
24703 496
24704 786
24705 786
24706 694
24707 694
24708 86
24709 812
24710 694
24711 694
24712 182
24713 93
24714 791
24715 791
24716 105
24717 940
24718 940
24719 940
24720 940
24721 354
24722 356
24723 354
24724 354
24725 14
24726 354
24727 744
24728 744
24729 712
24730 712
24731 712
24732 640
24733 640
24734 810
24735 597
24736 597
24737 597
24738 597
24739 379
24740 379
24741 217
24742 435
24743 733
24744 733
24745 757
24746 395
24747 395
24748 395
24749 395
24750 395
24751 788
24752 741
24753 792
24754 362
24755 565
24756 155
24757 166
24758 756
24759 756
24760 509
24761 706
24762 370
24763 344
24764 94
24765 94
24766 57
24767 57
24768 129
24769 129
24770 202
24771 202
24772 202
24773 87
24774 251
24775 87
24776 87
24777 187
24778 187
24779 199
24780 281
24781 239
24782 108
24783 632
24784 664
24785 654
24786 632
24787 72
24788 49
24789 176
24790 836
24791 765
24792 836
24793 70
24794 431
24795 70
24796 841
24797 841
24798 79
24799 72
24800 72
24801 72
24802 418
24803 116
24804 418
24805 527
24806 269
24807 269
24808 425
24809 124
24810 688
24811 688
24812 688
24813 688
24814 688
24815 6
24816 213
24817 212
24818 297
24819 297
24820 382
24821 382
24822 382
24823 382
24824 382
24825 153
24826 153
24827 153
24828 154
24829 624
24830 606
24831 624
24832 507
24833 702
24834 507
24835 507
24836 507
24837 183
24838 196
24839 196
24840 523
24841 746
24842 307
24843 307
24844 307
24845 605
24846 605
24847 378
24848 378
24849 378
24850 378
24851 440
24852 269
24853 440
24854 440
24855 698
24856 698
24857 698
24858 669
24859 669
24860 702
24861 518
24862 518
24863 493
24864 493
24865 239
24866 239
24867 923
24868 432
24869 319
24870 319
24871 654
24872 506
24873 319
24874 319
24875 779
24876 669
24877 729
24878 20
24879 751
24880 839
24881 880
24882 880
24883 880
24884 681
24885 681
24886 690
24887 690
24888 689
24889 62
24890 544
24891 272
24892 93
24893 672
24894 672
24895 672
24896 499
24897 499
24898 488
24899 47
24900 514
24901 514
24902 514
24903 119
24904 541
24905 547
24906 541
24907 815
24908 815
24909 829
24910 829
24911 656
24912 656
24913 305
24914 186
24915 186
24916 249
24917 701
24918 701
24919 134
24920 134
24921 134
24922 336
24923 336
24924 477
24925 477
24926 659
24927 477
24928 795
24929 60
24930 492
24931 795
24932 150
24933 150
24934 578
24935 578
24936 423
24937 630
24938 630
24939 630
24940 872
24941 817
24942 895
24943 895
24944 817
24945 963
24946 648
24947 575
24948 575
24949 583
24950 583
24951 199
24952 199
24953 370
24954 199
24955 136
24956 31
24957 136
24958 146
24959 866
24960 866
24961 286
24962 286
24963 286
24964 286
24965 206
24966 206
24967 863
24968 863
24969 25
24970 279
24971 279
24972 177
24973 795
24974 240
24975 204
24976 204
24977 401
24978 539
24979 539
24980 539
24981 424
24982 424
24983 739
24984 670
24985 704
24986 704
24987 620
24988 620
24989 620
24990 656
24991 404
24992 202
24993 890
24994 911
24995 911
24996 669
24997 669
24998 669
24999 893
25000 342
25001 342
25002 342
25003 773
25004 179
25005 957
25006 163
25007 224
25008 215
25009 342
25010 370
25011 490
25012 601
25013 490
25014 490
25015 100
25016 100
25017 659
25018 659
25019 659
25020 896
25021 621
25022 709
25023 709
25024 709
25025 933
25026 948
25027 968
25028 363
25029 363
25030 988
25031 988
25032 230
25033 230
25034 230
25035 111
25036 111
25037 111
25038 43
25039 43
25040 43
25041 829
25042 829
25043 743
25044 743
25045 743
25046 317
25047 317
25048 835
25049 835
25050 342
25051 333
25052 342
25053 608
25054 608
25055 687
25056 313
25057 320
25058 313
25059 313
25060 313
25061 313
25062 946
25063 343
25064 217
25065 217
25066 336
25067 336
25068 334
25069 336
25070 336
25071 817
25072 817
25073 955
25074 817
25075 878
25076 878
25077 878
25078 878
25079 878
25080 404
25081 74
25082 634
25083 74
25084 74
25085 74
25086 760
25087 760
25088 760
25089 175
25090 489
25091 124
25092 124
25093 363
25094 660
25095 660
25096 660
25097 768
25098 228
25099 228
25100 615
25101 615
25102 615
25103 549
25104 549
25105 551
25106 549
25107 549
25108 605
25109 549
25110 42
25111 42
25112 924
25113 873
25114 924
25115 798
25116 526
25117 613
25118 335
25119 275
25120 530
25121 530
25122 233
25123 331
25124 331
25125 157
25126 157
25127 400
25128 400
25129 400
25130 482
25131 482
25132 630
25133 630
25134 630
25135 692
25136 54
25137 111
25138 111
25139 159
25140 678
25141 678
25142 734
25143 734
25144 734
25145 123
25146 746
25147 649
25148 92
25149 341
25150 903
25151 341
25152 520
25153 282
25154 282
25155 312
25156 959
25157 854
25158 854
25159 41
25160 261
25161 261
25162 261
25163 343
25164 261
25165 261
25166 664
25167 664
25168 664
25169 369
25170 369
25171 867
25172 867
25173 867
25174 95
25175 738
25176 95
25177 384
25178 390
25179 384
25180 94
25181 94
25182 747
25183 747
25184 864
25185 700
25186 864
25187 854
25188 450
25189 450
25190 870
25191 870
25192 207
25193 919
25194 831
25195 169
25196 169
25197 884
25198 132
25199 682
25200 845
25201 844
25202 845
25203 280
25204 255
25205 429
25206 645
25207 429
25208 429
25209 429
25210 161
25211 161
25212 161
25213 179
25214 340
25215 340
25216 341
25217 168
25218 277
25219 821
25220 821
25221 821
25222 487
25223 840
25224 487
25225 623
25226 137
25227 137
25228 137
25229 302
25230 732
25231 406
25232 228
25233 228
25234 228
25235 232
25236 228
25237 933
25238 933
25239 543
25240 349
25241 459
25242 610
25243 708
25244 686
25245 827
25246 83
25247 761
25248 268
25249 837
25250 837
25251 992
25252 837
25253 837
25254 837
25255 726
25256 749
25257 256
25258 256
25259 256
25260 17
25261 929
25262 639
25263 639
25264 639
25265 340
25266 340
25267 340
25268 90
25269 233
25270 233
25271 233
25272 153
25273 972
25274 972
25275 972
25276 972
25277 33
25278 33
25279 33
25280 178
25281 264
25282 264
25283 851
25284 217
25285 462
25286 197
25287 144
25288 144
25289 144
25290 273
25291 273
25292 176
25293 475
25294 475
25295 88
25296 858
25297 635
25298 635
25299 976
25300 976
25301 976
25302 857
25303 550
25304 321
25305 321
25306 321
25307 474
25308 471
25309 474
25310 474
25311 474
25312 59
25313 980
25314 835
25315 980
25316 553
25317 553
25318 751
25319 287
25320 287
25321 494
25322 287
25323 287
25324 435
25325 80
25326 109
25327 109
25328 212
25329 212
25330 212
25331 687
25332 534
25333 127
25334 154
25335 127
25336 127
25337 127
25338 190
25339 154
25340 219
25341 219
25342 219
25343 357
25344 428
25345 617
25346 241
25347 237
25348 400
25349 238
25350 237
25351 185
25352 185
25353 379
25354 379
25355 379
25356 380
25357 379
25358 861
25359 867
25360 861
25361 140
25362 140
25363 148
25364 168
25365 171
25366 168
25367 350
25368 350
25369 350
25370 350
25371 561
25372 980
25373 703
25374 387
25375 387
25376 86
25377 435
25378 435
25379 119
25380 601
25381 651
25382 456
25383 456
25384 456
25385 514
25386 633
25387 633
25388 903
25389 358
25390 82
25391 358
25392 60
25393 618
25394 618
25395 766
25396 836
25397 831
25398 481
25399 481
25400 590
25401 649
25402 649
25403 450
25404 450
25405 328
25406 967
25407 967
25408 312
25409 130
25410 128
25411 547
25412 537
25413 537
25414 729
25415 491
25416 242
25417 886
25418 962
25419 886
25420 140
25421 140
25422 687
25423 687
25424 876
25425 876
25426 805
25427 475
25428 475
25429 758
25430 758
25431 758
25432 810
25433 49
25434 159
25435 159
25436 398
25437 956
25438 956
25439 956
25440 310
25441 675
25442 675
25443 207
25444 207
25445 914
25446 367
25447 367
25448 46
25449 14
25450 111
25451 111
25452 568
25453 568
25454 568
25455 651
25456 688
25457 713
25458 856
25459 856
25460 150
25461 452
25462 133
25463 667
25464 863
25465 863
25466 599
25467 599
25468 599
25469 549
25470 599
25471 288
25472 289
25473 288
25474 288
25475 531
25476 9
25477 718
25478 75
25479 265
25480 417
25481 417
25482 417
25483 814
25484 818
25485 814
25486 814
25487 366
25488 824
25489 824
25490 300
25491 334
25492 722
25493 593
25494 989
25495 707
25496 789
25497 789
25498 721
25499 721
25500 250
25501 250
25502 250
25503 646
25504 646
25505 839
25506 839
25507 839
25508 344
25509 344
25510 344
25511 757
25512 685
25513 685
25514 51
25515 51
25516 467
25517 467
25518 467
25519 216
25520 100
25521 33
25522 100
25523 33
25524 100
25525 771
25526 477
25527 495
25528 504
25529 504
25530 504
25531 504
25532 388
25533 388
25534 112
25535 112
25536 399
25537 399
25538 59
25539 59
25540 47
25541 47
25542 108
25543 176
25544 176
25545 176
25546 176
25547 587
25548 346
25549 708
25550 308
25551 853
25552 853
25553 715
25554 833
25555 311
25556 366
25557 388
25558 976
25559 388
25560 976
25561 397
25562 397
25563 397
25564 397
25565 398
25566 826
25567 826
25568 786
25569 786
25570 786
25571 797
25572 786
25573 787
25574 717
25575 717
25576 779
25577 918
25578 918
25579 874
25580 793
25581 118
25582 118
25583 375
25584 375
25585 375
25586 614
25587 65
25588 65
25589 772
25590 176
25591 680
25592 222
25593 222
25594 808
25595 287
25596 808
25597 153
25598 153
25599 284
25600 284
25601 284
25602 395
25603 84
25604 84
25605 719
25606 719
25607 477
25608 719
25609 720
25610 90
25611 90
25612 90
25613 660
25614 822
25615 822
25616 822
25617 822
25618 59
25619 781
25620 888
25621 883
25622 184
25623 870
25624 870
25625 618
25626 618
25627 822
25628 822
25629 948
25630 948
25631 948
25632 191
25633 191
25634 413
25635 413
25636 413
25637 413
25638 210
25639 216
25640 179
25641 179
25642 179
25643 167
25644 434
25645 434
25646 145
25647 145
25648 338
25649 954
25650 963
25651 954
25652 825
25653 640
25654 640
25655 640
25656 640
25657 640
25658 136
25659 764
25660 565
25661 170
25662 565
25663 296
25664 296
25665 488
25666 515
25667 515
25668 330
25669 330
25670 342
25671 330
25672 346
25673 346
25674 346
25675 615
25676 613
25677 369
25678 981
25679 757
25680 715
25681 661
25682 715
25683 108
25684 35
25685 35
25686 35
25687 32
25688 35
25689 376
25690 376
25691 462
25692 980
25693 545
25694 545
25695 544
25696 544
25697 544
25698 465
25699 712
25700 795
25701 902
25702 902
25703 180
25704 180
25705 186
25706 186
25707 700
25708 700
25709 700
25710 700
25711 700
25712 329
25713 329
25714 329
25715 329
25716 329
25717 510
25718 510
25719 510
25720 503
25721 503
25722 503
25723 503
25724 397
25725 397
25726 397
25727 397
25728 72
25729 226
25730 139
25731 139
25732 610
25733 610
25734 814
25735 814
25736 814
25737 324
25738 900
25739 528
25740 164
25741 648
25742 390
25743 152
25744 152
25745 152
25746 152
25747 825
25748 766
25749 152
25750 39
25751 39
25752 39
25753 39
25754 990
25755 149
25756 339
25757 970
25758 184
25759 186
25760 86
25761 707
25762 681
25763 940
25764 603
25765 940
25766 940
25767 791
25768 912
25769 794
25770 209
25771 791
25772 912
25773 662
25774 662
25775 299
25776 299
25777 299
25778 299
25779 290
25780 290
25781 290
25782 550
25783 990
25784 990
25785 856
25786 856
25787 856
25788 795
25789 169
25790 169
25791 877
25792 218
25793 12
25794 218
25795 554
25796 127
25797 127
25798 127
25799 127
25800 127
25801 127
25802 284
25803 284
25804 922
25805 339
25806 337
25807 337
25808 808
25809 808
25810 869
25811 812
25812 781
25813 436
25814 566
25815 566
25816 676
25817 812
25818 812
25819 725
25820 312
25821 311
25822 888
25823 888
25824 888
25825 877
25826 877
25827 877
25828 877
25829 877
25830 581
25831 582
25832 581
25833 581
25834 683
25835 683
25836 851
25837 683
25838 347
25839 347
25840 347
25841 988
25842 988
25843 655
25844 655
25845 923
25846 923
25847 461
25848 893
25849 166
25850 916
25851 916
25852 916
25853 511
25854 425
25855 707
25856 782
25857 782
25858 239
25859 239
25860 909
25861 909
25862 909
25863 345
25864 345
25865 345
25866 345
25867 45
25868 593
25869 949
25870 949
25871 556
25872 880
25873 880
25874 244
25875 455
25876 455
25877 455
25878 392
25879 120
25880 742
25881 742
25882 991
25883 991
25884 463
25885 455
25886 485
25887 485
25888 897
25889 936
25890 773
25891 773
25892 718
25893 718
25894 531
25895 295
25896 295
25897 295
25898 295
25899 295
25900 19
25901 295
25902 944
25903 124
25904 379
25905 379
25906 260
25907 260
25908 260
25909 389
25910 389
25911 389
25912 474
25913 342
25914 456
25915 321
25916 342
25917 673
25918 893
25919 673
25920 673
25921 604
25922 575
25923 158
25924 449
25925 206
25926 150
25927 150
25928 258
25929 258
25930 445
25931 461
25932 445
25933 873
25934 873
25935 873
25936 689
25937 689
25938 986
25939 901
25940 164
25941 277
25942 277
25943 169
25944 211
25945 467
25946 920
25947 286
25948 733
25949 733
25950 896
25951 896
25952 140
25953 140
25954 459
25955 140
25956 122
25957 140
25958 193
25959 824
25960 390
25961 390
25962 398
25963 390
25964 412
25965 412
25966 174
25967 446
25968 446
25969 139
25970 139
25971 139
25972 958
25973 150
25974 792
25975 150
25976 832
25977 810
25978 578
25979 535
25980 535
25981 132
25982 13
25983 836
25984 542
25985 542
25986 880
25987 880
25988 880
25989 880
25990 880
25991 834
25992 834
25993 456
25994 456
25995 315
25996 343
25997 315
25998 621
25999 536
26000 934
26001 85
26002 378
26003 394
26004 378
26005 195
26006 974
26007 195
26008 195
26009 195
26010 370
26011 895
26012 360
26013 710
26014 864
26015 450
26016 450
26017 437
26018 577
26019 577
26020 345
26021 345
26022 345
26023 345
26024 813
26025 242
26026 850
26027 144
26028 840
26029 840
26030 111
26031 194
26032 194
26033 194
26034 436
26035 213
26036 213
26037 162
26038 259
26039 259
26040 636
26041 272
26042 905
26043 637
26044 636
26045 612
26046 612
26047 612
26048 633
26049 633
26050 633
26051 633
26052 639
26053 633
26054 551
26055 74
26056 731
26057 731
26058 454
26059 655
26060 655
26061 358
26062 974
26063 974
26064 591
26065 178
26066 967
26067 967
26068 967
26069 967
26070 218
26071 127
26072 127
26073 796
26074 796
26075 796
26076 755
26077 103
26078 295
26079 295
26080 709
26081 457
26082 457
26083 558
26084 558
26085 477
26086 614
26087 477
26088 753
26089 753
26090 532
26091 753
26092 55
26093 753
26094 746
26095 746
26096 746
26097 702
26098 702
26099 656
26100 702
26101 702
26102 280
26103 351
26104 351
26105 351
26106 323
26107 323
26108 97
26109 358
26110 97
26111 97
26112 97
26113 258
26114 258
26115 258
26116 446
26117 430
26118 446
26119 206
26120 206
26121 206
26122 462
26123 112
26124 112
26125 31
26126 307
26127 307
26128 307
26129 307
26130 690
26131 690
26132 246
26133 821
26134 821
26135 725
26136 840
26137 460
26138 433
26139 927
26140 47
26141 212
26142 212
26143 738
26144 466
26145 458
26146 279
26147 77
26148 902
26149 405
26150 902
26151 678
26152 678
26153 43
26154 719
26155 719
26156 602
26157 602
26158 602
26159 602
26160 602
26161 108
26162 873
26163 398
26164 464
26165 464
26166 390
26167 786
26168 402
26169 458
26170 477
26171 477
26172 477
26173 224
26174 224
26175 224
26176 224
26177 345
26178 345
26179 383
26180 383
26181 280
26182 379
26183 379
26184 379
26185 379
26186 379
26187 379
26188 379
26189 489
26190 216
26191 216
26192 800
26193 713
26194 332
26195 332
26196 332
26197 332
26198 780
26199 672
26200 26
26201 823
26202 823
26203 824
26204 823
26205 821
26206 823
26207 83
26208 151
26209 674
26210 674
26211 674
26212 984
26213 293
26214 9
26215 164
26216 967
26217 831
26218 265
26219 264
26220 473
26221 473
26222 568
26223 901
26224 901
26225 902
26226 902
26227 505
26228 955
26229 955
26230 527
26231 526
26232 932
26233 932
26234 917
26235 917
26236 102
26237 725
26238 725
26239 287
26240 287
26241 287
26242 381
26243 381
26244 381
26245 976
26246 976
26247 878
26248 878
26249 887
26250 878
26251 833
26252 780
26253 833
26254 740
26255 987
26256 987
26257 897
26258 987
26259 453
26260 64
26261 95
26262 95
26263 798
26264 304
26265 149
26266 973
26267 973
26268 619
26269 650
26270 448
26271 448
26272 834
26273 836
26274 674
26275 121
26276 903
26277 82
26278 82
26279 826
26280 826
26281 826
26282 516
26283 743
26284 318
26285 982
26286 982
26287 238
26288 793
26289 211
26290 409
26291 409
26292 409
26293 409
26294 64
26295 64
26296 406
26297 64
26298 35
26299 340
26300 242
26301 242
26302 835
26303 120
26304 79
26305 79
26306 79
26307 634
26308 634
26309 634
26310 889
26311 473
26312 473
26313 174
26314 243
26315 243
26316 656
26317 290
26318 290
26319 862
26320 862
26321 402
26322 402
26323 649
26324 649
26325 134
26326 549
26327 932
26328 134
26329 134
26330 134
26331 134
26332 352
26333 134
26334 134
26335 549
26336 198
26337 96
26338 96
26339 148
26340 148
26341 148
26342 727
26343 727
26344 727
26345 683
26346 466
26347 682
26348 682
26349 158
26350 158
26351 891
26352 324
26353 324
26354 324
26355 324
26356 982
26357 982
26358 693
26359 697
26360 244
26361 244
26362 244
26363 793
26364 922
26365 976
26366 976
26367 763
26368 918
26369 210
26370 791
26371 791
26372 791
26373 797
26374 939
26375 939
26376 943
26377 939
26378 571
26379 571
26380 571
26381 580
26382 580
26383 580
26384 580
26385 177
26386 177
26387 794
26388 177
26389 136
26390 423
26391 423
26392 425
26393 119
26394 302
26395 541
26396 541
26397 455
26398 799
26399 799
26400 12
26401 426
26402 48
26403 812
26404 799
26405 611
26406 611
26407 740
26408 129
26409 129
26410 129
26411 368
26412 726
26413 726
26414 577
26415 577
26416 577
26417 586
26418 586
26419 926
26420 467
26421 580
26422 464
26423 464
26424 313
26425 313
26426 313
26427 288
26428 292
26429 288
26430 288
26431 288
26432 612
26433 464
26434 386
26435 386
26436 409
26437 409
26438 409
26439 409
26440 821
26441 821
26442 821
26443 821
26444 418
26445 287
26446 801
26447 310
26448 310
26449 310
26450 816
26451 816
26452 816
26453 306
26454 306
26455 306
26456 890
26457 642
26458 642
26459 644
26460 647
26461 642
26462 385
26463 385
26464 389
26465 385
26466 899
26467 899
26468 899
26469 271
26470 447
26471 447
26472 279
26473 129
26474 129
26475 580
26476 129
26477 934
26478 133
26479 765
26480 765
26481 765
26482 809
26483 655
26484 177
26485 397
26486 391
26487 391
26488 251
26489 251
26490 431
26491 83
26492 161
26493 161
26494 162
26495 191
26496 191
26497 402
26498 576
26499 576
26500 951
26501 353
26502 439
26503 353
26504 353
26505 353
26506 907
26507 907
26508 476
26509 941
26510 811
26511 945
26512 985
26513 378
26514 787
26515 825
26516 391
26517 391
26518 267
26519 280
26520 267
26521 767
26522 767
26523 767
26524 736
26525 736
26526 441
26527 441
26528 441
26529 441
26530 439
26531 630
26532 544
26533 389
26534 739
26535 626
26536 785
26537 785
26538 647
26539 834
26540 656
26541 123
26542 436
26543 270
26544 270
26545 270
26546 169
26547 169
26548 105
26549 642
26550 642
26551 642
26552 642
26553 490
26554 606
26555 606
26556 333
26557 333
26558 709
26559 210
26560 454
26561 285
26562 285
26563 285
26564 285
26565 146
26566 992
26567 861
26568 861
26569 888
26570 843
26571 843
26572 394
26573 241
26574 316
26575 452
26576 316
26577 785
26578 785
26579 936
26580 472
26581 792
26582 792
26583 409
26584 409
26585 624
26586 563
26587 563
26588 214
26589 503
26590 503
26591 513
26592 503
26593 257
26594 59
26595 314
26596 314
26597 412
26598 813
26599 412
26600 412
26601 813
26602 215
26603 215
26604 447
26605 447
26606 447
26607 441
26608 447
26609 897
26610 61
26611 61
26612 61
26613 615
26614 716
26615 36
26616 36
26617 36
26618 137
26619 137
26620 337
26621 603
26622 156
26623 156
26624 26
26625 156
26626 741
26627 182
26628 106
26629 116
26630 117
26631 118
26632 107
26633 923
26634 702
26635 702
26636 562
26637 590
26638 976
26639 556
26640 171
26641 171
26642 300
26643 304
26644 300
26645 180
26646 304
26647 126
26648 126
26649 786
26650 786
26651 786
26652 42
26653 42
26654 962
26655 962
26656 962
26657 113
26658 962
26659 810
26660 964
26661 921
26662 450
26663 450
26664 835
26665 328
26666 328
26667 328
26668 328
26669 328
26670 807
26671 792
26672 517
26673 796
26674 792
26675 792
26676 573
26677 396
26678 331
26679 742
26680 777
26681 894
26682 894
26683 787
26684 787
26685 787
26686 787
26687 787
26688 114
26689 609
26690 609
26691 224
26692 224
26693 108
26694 448
26695 448
26696 448
26697 448
26698 448
26699 470
26700 470
26701 470
26702 713
26703 713
26704 432
26705 432
26706 890
26707 890
26708 730
26709 644
26710 644
26711 644
26712 753
26713 753
26714 753
26715 214
26716 833
26717 117
26718 656
26719 132
26720 66
26721 66
26722 66
26723 336
26724 336
26725 68
26726 68
26727 708
26728 708
26729 112
26730 356
26731 356
26732 356
26733 472
26734 472
26735 847
26736 847
26737 847
26738 798
26739 833
26740 833
26741 833
26742 549
26743 654
26744 549
26745 438
26746 57
26747 206
26748 206
26749 672
26750 672
26751 488
26752 488
26753 626
26754 626
26755 833
26756 890
26757 833
26758 478
26759 449
26760 449
26761 450
26762 450
26763 200
26764 200
26765 200
26766 200
26767 603
26768 991
26769 991
26770 934
26771 784
26772 784
26773 481
26774 784
26775 434
26776 434
26777 434
26778 925
26779 414
26780 812
26781 812
26782 812
26783 325
26784 325
26785 242
26786 86
26787 494
26788 494
26789 494
26790 494
26791 494
26792 841
26793 839
26794 730
26795 841
26796 841
26797 277
26798 277
26799 388
26800 699
26801 699
26802 706
26803 651
26804 631
26805 437
26806 794
26807 797
26808 794
26809 613
26810 433
26811 213
26812 213
26813 856
26814 372
26815 422
26816 181
26817 422
26818 526
26819 476
26820 476
26821 167
26822 167
26823 80
26824 894
26825 894
26826 894
26827 166
26828 182
26829 182
26830 449
26831 449
26832 201
26833 201
26834 201
26835 779
26836 993
26837 993
26838 222
26839 506
26840 425
26841 506
26842 634
26843 634
26844 637
26845 634
26846 424
26847 424
26848 424
26849 837
26850 114
26851 475
26852 475
26853 475
26854 475
26855 88
26856 304
26857 304
26858 304
26859 304
26860 437
26861 723
26862 168
26863 723
26864 124
26865 689
26866 689
26867 827
26868 283
26869 115
26870 807
26871 807
26872 222
26873 222
26874 121
26875 222
26876 199
26877 876
26878 876
26879 670
26880 518
26881 855
26882 518
26883 518
26884 232
26885 232
26886 319
26887 319
26888 319
26889 319
26890 428
26891 120
26892 730
26893 730
26894 359
26895 359
26896 359
26897 581
26898 581
26899 581
26900 581
26901 985
26902 737
26903 737
26904 544
26905 327
26906 327
26907 693
26908 776
26909 685
26910 776
26911 298
26912 298
26913 409
26914 763
26915 763
26916 899
26917 24
26918 175
26919 841
26920 162
26921 175
26922 472
26923 472
26924 472
26925 472
26926 187
26927 187
26928 562
26929 887
26930 887
26931 541
26932 541
26933 75
26934 541
26935 424
26936 424
26937 974
26938 974
26939 301
26940 301
26941 992
26942 490
26943 490
26944 469
26945 469
26946 678
26947 678
26948 218
26949 36
26950 36
26951 769
26952 587
26953 769
26954 729
26955 729
26956 631
26957 167
26958 167
26959 409
26960 409
26961 556
26962 409
26963 578
26964 593
26965 578
26966 466
26967 466
26968 466
26969 468
26970 441
26971 441
26972 349
26973 349
26974 292
26975 292
26976 939
26977 939
26978 939
26979 939
26980 939
26981 421
26982 421
26983 180
26984 53
26985 53
26986 696
26987 117
26988 696
26989 428
26990 588
26991 529
26992 798
26993 798
26994 798
26995 773
26996 695
26997 695
26998 738
26999 709
27000 721
27001 721
27002 710
27003 710
27004 710
27005 685
27006 900
27007 685
27008 704
27009 704
27010 604
27011 691
27012 691
27013 772
27014 772
27015 911
27016 913
27017 911
27018 911
27019 495
27020 873
27021 973
27022 395
27023 395
27024 941
27025 941
27026 522
27027 192
27028 817
27029 192
27030 146
27031 155
27032 746
27033 746
27034 312
27035 965
27036 409
27037 542
27038 542
27039 552
27040 806
27041 806
27042 806
27043 806
27044 577
27045 577
27046 577
27047 766
27048 766
27049 766
27050 403
27051 947
27052 947
27053 290
27054 290
27055 310
27056 835
27057 936
27058 865
27059 865
27060 865
27061 946
27062 946
27063 946
27064 266
27065 266
27066 242
27067 733
27068 733
27069 350
27070 350
27071 350
27072 818
27073 734
27074 818
27075 818
27076 818
27077 818
27078 824
27079 780
27080 840
27081 918
27082 756
27083 756
27084 756
27085 756
27086 780
27087 509
27088 515
27089 777
27090 805
27091 777
27092 444
27093 444
27094 444
27095 739
27096 739
27097 174
27098 639
27099 639
27100 640
27101 618
27102 618
27103 618
27104 646
27105 212
27106 809
27107 529
27108 771
27109 120
27110 412
27111 964
27112 964
27113 964
27114 421
27115 520
27116 520
27117 520
27118 546
27119 339
27120 339
27121 320
27122 701
27123 124
27124 137
27125 137
27126 641
27127 641
27128 504
27129 504
27130 895
27131 933
27132 716
27133 218
27134 816
27135 816
27136 816
27137 816
27138 816
27139 591
27140 823
27141 824
27142 819
27143 823
27144 823
27145 278
27146 278
27147 137
27148 137
27149 403
27150 123
27151 832
27152 832
27153 796
27154 832
27155 966
27156 966
27157 989
27158 989
27159 350
27160 939
27161 939
27162 168
27163 168
27164 388
27165 388
27166 893
27167 75
27168 233
27169 645
27170 413
27171 413
27172 106
27173 334
27174 150
27175 187
27176 778
27177 100
27178 100
27179 823
27180 143
27181 143
27182 140
27183 163
27184 163
27185 163
27186 163
27187 715
27188 715
27189 721
27190 161
27191 161
27192 45
27193 445
27194 445
27195 445
27196 445
27197 445
27198 455
27199 445
27200 74
27201 369
27202 337
27203 93
27204 887
27205 887
27206 887
27207 889
27208 488
27209 216
27210 567
27211 567
27212 567
27213 567
27214 567
27215 567
27216 894
27217 116
27218 688
27219 688
27220 477
27221 688
27222 337
27223 337
27224 729
27225 482
27226 729
27227 337
27228 43
27229 564
27230 773
27231 773
27232 722
27233 300
27234 300
27235 865
27236 865
27237 482
27238 978
27239 865
27240 865
27241 354
27242 841
27243 841
27244 841
27245 867
27246 29
27247 532
27248 532
27249 532
27250 603
27251 532
27252 517
27253 652
27254 652
27255 113
27256 580
27257 580
27258 849
27259 929
27260 324
27261 324
27262 706
27263 706
27264 661
27265 661
27266 220
27267 526
27268 190
27269 956
27270 425
27271 425
27272 425
27273 399
27274 399
27275 412
27276 412
27277 412
27278 823
27279 823
27280 107
27281 386
27282 386
27283 311
27284 721
27285 779
27286 214
27287 148
27288 63
27289 646
27290 63
27291 552
27292 552
27293 68
27294 68
27295 869
27296 351
27297 328
27298 548
27299 850
27300 850
27301 850
27302 850
27303 273
27304 91
27305 87
27306 348
27307 348
27308 348
27309 557
27310 721
27311 588
27312 588
27313 174
27314 143
27315 154
27316 690
27317 690
27318 987
27319 987
27320 987
27321 987
27322 355
27323 335
27324 355
27325 355
27326 805
27327 805
27328 805
27329 254
27330 254
27331 400
27332 523
27333 523
27334 690
27335 690
27336 690
27337 74
27338 74
27339 74
27340 857
27341 857
27342 857
27343 334
27344 334
27345 636
27346 636
27347 691
27348 691
27349 686
27350 465
27351 465
27352 465
27353 153
27354 30
27355 153
27356 475
27357 475
27358 475
27359 475
27360 333
27361 228
27362 228
27363 508
27364 508
27365 508
27366 509
27367 668
27368 635
27369 668
27370 635
27371 544
27372 544
27373 544
27374 907
27375 907
27376 907
27377 907
27378 230
27379 948
27380 558
27381 948
27382 948
27383 945
27384 945
27385 945
27386 467
27387 398
27388 322
27389 322
27390 322
27391 177
27392 684
27393 839
27394 265
27395 265
27396 263
27397 692
27398 99
27399 99
27400 448
27401 301
27402 448
27403 868
27404 868
27405 853
27406 853
27407 913
27408 406
27409 695
27410 695
27411 695
27412 828
27413 708
27414 818
27415 828
27416 402
27417 402
27418 107
27419 696
27420 698
27421 31
27422 696
27423 81
27424 81
27425 81
27426 711
27427 804
27428 804
27429 804
27430 114
27431 114
27432 404
27433 641
27434 593
27435 485
27436 637
27437 485
27438 126
27439 126
27440 126
27441 127
27442 524
27443 174
27444 174
27445 505
27446 268
27447 711
27448 986
27449 985
27450 985
27451 134
27452 312
27453 507
27454 336
27455 115
27456 115
27457 972
27458 972
27459 972
27460 972
27461 536
27462 536
27463 536
27464 986
27465 617
27466 220
27467 220
27468 136
27469 134
27470 595
27471 595
27472 595
27473 595
27474 427
27475 427
27476 401
27477 601
27478 601
27479 624
27480 467
27481 467
27482 529
27483 529
27484 70
27485 312
27486 683
27487 103
27488 107
27489 103
27490 103
27491 171
27492 107
27493 103
27494 105
27495 56
27496 528
27497 387
27498 387
27499 925
27500 925
27501 925
27502 199
27503 199
27504 52
27505 753
27506 753
27507 753
27508 91
27509 91
27510 93
27511 265
27512 840
27513 840
27514 840
27515 415
27516 415
27517 415
27518 604
27519 604
27520 604
27521 923
27522 485
27523 513
27524 593
27525 513
27526 521
27527 328
27528 328
27529 328
27530 808
27531 393
27532 393
27533 393
27534 892
27535 804
27536 804
27537 853
27538 302
27539 302
27540 888
27541 888
27542 360
27543 360
27544 360
27545 360
27546 264
27547 264
27548 977
27549 977
27550 977
27551 693
27552 611
27553 611
27554 611
27555 703
27556 611
27557 89
27558 662
27559 662
27560 662
27561 662
27562 597
27563 970
27564 970
27565 46
27566 967
27567 809
27568 809
27569 326
27570 326
27571 333
27572 326
27573 452
27574 452
27575 744
27576 626
27577 626
27578 626
27579 779
27580 212
27581 658
27582 950
27583 950
27584 711
27585 711
27586 652
27587 411
27588 411
27589 411
27590 411
27591 411
27592 240
27593 809
27594 830
27595 830
27596 830
27597 830
27598 830
27599 734
27600 734
27601 734
27602 734
27603 273
27604 273
27605 273
27606 824
27607 961
27608 961
27609 961
27610 225
27611 225
27612 294
27613 294
27614 294
27615 721
27616 304
27617 721
27618 942
27619 951
27620 942
27621 339
27622 889
27623 584
27624 454
27625 843
27626 947
27627 947
27628 448
27629 401
27630 710
27631 710
27632 475
27633 475
27634 835
27635 990
27636 856
27637 380
27638 380
27639 380
27640 122
27641 550
27642 236
27643 236
27644 475
27645 475
27646 475
27647 645
27648 645
27649 236
27650 527
27651 900
27652 900
27653 900
27654 517
27655 317
27656 318
27657 317
27658 206
27659 747
27660 239
27661 239
27662 407
27663 280
27664 985
27665 985
27666 941
27667 941
27668 521
27669 521
27670 160
27671 347
27672 160
27673 833
27674 39
27675 932
27676 217
27677 217
27678 717
27679 227
27680 227
27681 224
27682 434
27683 882
27684 461
27685 348
27686 348
27687 348
27688 409
27689 113
27690 288
27691 288
27692 209
27693 513
27694 343
27695 302
27696 477
27697 477
27698 477
27699 477
27700 477
27701 947
27702 947
27703 947
27704 947
27705 855
27706 151
27707 151
27708 541
27709 541
27710 541
27711 541
27712 424
27713 832
27714 186
27715 186
27716 723
27717 723
27718 771
27719 771
27720 771
27721 232
27722 36
27723 36
27724 37
27725 626
27726 625
27727 350
27728 341
27729 350
27730 349
27731 350
27732 154
27733 100
27734 100
27735 101
27736 100
27737 19
27738 100
27739 166
27740 479
27741 337
27742 24
27743 24
27744 542
27745 542
27746 542
27747 542
27748 73
27749 352
27750 352
27751 352
27752 352
27753 249
27754 948
27755 388
27756 471
27757 471
27758 414
27759 246
27760 790
27761 790
27762 578
27763 578
27764 362
27765 362
27766 635
27767 635
27768 877
27769 877
27770 694
27771 695
27772 695
27773 694
27774 694
27775 77
27776 694
27777 606
27778 945
27779 606
27780 606
27781 249
27782 236
27783 390
27784 857
27785 236
27786 501
27787 186
27788 616
27789 734
27790 808
27791 79
27792 79
27793 79
27794 204
27795 204
27796 228
27797 616
27798 521
27799 228
27800 768
27801 768
27802 893
27803 211
27804 684
27805 391
27806 391
27807 391
27808 112
27809 112
27810 263
27811 263
27812 502
27813 908
27814 908
27815 908
27816 835
27817 416
27818 416
27819 416
27820 416
27821 434
27822 664
27823 535
27824 535
27825 906
27826 651
27827 585
27828 651
27829 719
27830 719
27831 719
27832 472
27833 472
27834 472
27835 472
27836 473
27837 473
27838 473
27839 845
27840 845
27841 845
27842 261
27843 261
27844 261
27845 66
27846 66
27847 66
27848 270
27849 270
27850 450
27851 450
27852 80
27853 911
27854 911
27855 257
27856 257
27857 345
27858 345
27859 439
27860 415
27861 304
27862 958
27863 967
27864 231
27865 231
27866 272
27867 272
27868 272
27869 280
27870 926
27871 403
27872 403
27873 578
27874 578
27875 973
27876 973
27877 924
27878 653
27879 656
27880 653
27881 85
27882 85
27883 85
27884 680
27885 530
27886 495
27887 230
27888 230
27889 681
27890 681
27891 849
27892 849
27893 707
27894 827
27895 827
27896 827
27897 115
27898 286
27899 286
27900 297
27901 286
27902 286
27903 296
27904 16
27905 249
27906 269
27907 535
27908 535
27909 713
27910 713
27911 713
27912 856
27913 856
27914 282
27915 282
27916 282
27917 442
27918 88
27919 442
27920 198
27921 198
27922 198
27923 518
27924 198
27925 119
27926 602
27927 887
27928 602
27929 837
27930 310
27931 921
27932 414
27933 451
27934 451
27935 386
27936 386
27937 388
27938 128
27939 261
27940 911
27941 911
27942 527
27943 519
27944 638
27945 567
27946 577
27947 567
27948 567
27949 766
27950 908
27951 547
27952 182
27953 182
27954 728
27955 728
27956 728
27957 646
27958 646
27959 824
27960 824
27961 887
27962 887
27963 199
27964 103
27965 108
27966 103
27967 919
27968 919
27969 919
27970 204
27971 204
27972 492
27973 377
27974 398
27975 377
27976 377
27977 377
27978 182
27979 574
27980 182
27981 249
27982 590
27983 281
27984 795
27985 787
27986 293
27987 375
27988 375
27989 142
27990 142
27991 142
27992 587
27993 587
27994 848
27995 848
27996 848
27997 848
27998 959
27999 790
28000 505
28001 790
28002 121
28003 576
28004 576
28005 930
28006 930
28007 104
28008 104
28009 104
28010 211
28011 884
28012 569
28013 884
28014 96
28015 965
28016 884
28017 95
28018 95
28019 859
28020 258
28021 258
28022 401
28023 258
28024 366
28025 366
28026 732
28027 732
28028 732
28029 606
28030 606
28031 573
28032 574
28033 639
28034 598
28035 598
28036 598
28037 118
28038 405
28039 210
28040 210
28041 318
28042 318
28043 419
28044 419
28045 624
28046 835
28047 623
28048 116
28049 186
28050 186
28051 465
28052 639
28053 639
28054 640
28055 639
28056 606
28057 164
28058 164
28059 164
28060 663
28061 24
28062 552
28063 552
28064 309
28065 309
28066 309
28067 432
28068 243
28069 243
28070 243
28071 868
28072 414
28073 249
28074 66
28075 66
28076 728
28077 728
28078 728
28079 456
28080 198
28081 198
28082 198
28083 198
28084 360
28085 360
28086 183
28087 183
28088 135
28089 135
28090 135
28091 433
28092 433
28093 386
28094 424
28095 816
28096 386
28097 386
28098 771
28099 830
28100 830
28101 830
28102 359
28103 428
28104 411
28105 460
28106 795
28107 724
28108 724
28109 735
28110 724
28111 240
28112 513
28113 870
28114 676
28115 676
28116 745
28117 666
28118 666
28119 679
28120 679
28121 679
28122 774
28123 774
28124 64
28125 911
28126 911
28127 529
28128 358
28129 549
28130 914
28131 549
28132 549
28133 488
28134 488
28135 254
28136 254
28137 254
28138 255
28139 254
28140 990
28141 619
28142 557
28143 655
28144 677
28145 116
28146 237
28147 445
28148 834
28149 887
28150 887
28151 887
28152 887
28153 519
28154 519
28155 788
28156 797
28157 64
28158 831
28159 222
28160 208
28161 620
28162 620
28163 821
28164 821
28165 821
28166 991
28167 902
28168 991
28169 810
28170 966
28171 342
28172 342
28173 421
28174 421
28175 861
28176 779
28177 208
28178 208
28179 208
28180 208
28181 107
28182 107
28183 663
28184 663
28185 663
28186 674
28187 240
28188 240
28189 307
28190 947
28191 947
28192 749
28193 608
28194 832
28195 832
28196 642
28197 97
28198 430
28199 430
28200 430
28201 430
28202 117
28203 401
28204 191
28205 306
28206 191
28207 493
28208 493
28209 493
28210 845
28211 845
28212 845
28213 671
28214 671
28215 701
28216 259
28217 259
28218 523
28219 523
28220 523
28221 924
28222 739
28223 924
28224 924
28225 742
28226 540
28227 540
28228 628
28229 540
28230 359
28231 53
28232 536
28233 914
28234 764
28235 746
28236 377
28237 377
28238 377
28239 396
28240 905
28241 523
28242 523
28243 523
28244 243
28245 229
28246 229
28247 754
28248 754
28249 769
28250 754
28251 386
28252 386
28253 238
28254 238
28255 991
28256 991
28257 233
28258 259
28259 259
28260 755
28261 130
28262 921
28263 610
28264 610
28265 610
28266 664
28267 649
28268 742
28269 742
28270 80
28271 722
28272 722
28273 722
28274 722
28275 722
28276 722
28277 597
28278 738
28279 597
28280 869
28281 827
28282 990
28283 651
28284 366
28285 334
28286 334
28287 792
28288 353
28289 424
28290 673
28291 763
28292 764
28293 763
28294 763
28295 763
28296 221
28297 221
28298 221
28299 221
28300 360
28301 86
28302 192
28303 192
28304 192
28305 192
28306 192
28307 67
28308 286
28309 302
28310 286
28311 286
28312 310
28313 343
28314 125
28315 126
28316 125
28317 125
28318 125
28319 373
28320 495
28321 362
28322 770
28323 234
28324 327
28325 730
28326 857
28327 825
28328 857
28329 857
28330 202
28331 202
28332 202
28333 602
28334 603
28335 210
28336 602
28337 602
28338 798
28339 798
28340 968
28341 798
28342 246
28343 165
28344 165
28345 176
28346 40
28347 41
28348 40
28349 40
28350 103
28351 103
28352 103
28353 108
28354 323
28355 323
28356 323
28357 606
28358 606
28359 801
28360 801
28361 924
28362 308
28363 605
28364 605
28365 105
28366 33
28367 871
28368 871
28369 908
28370 592
28371 908
28372 908
28373 931
28374 371
28375 371
28376 71
28377 835
28378 186
28379 540
28380 540
28381 545
28382 540
28383 402
28384 818
28385 818
28386 629
28387 629
28388 629
28389 629
28390 655
28391 629
28392 398
28393 389
28394 389
28395 943
28396 943
28397 943
28398 421
28399 241
28400 368
28401 286
28402 286
28403 173
28404 643
28405 717
28406 362
28407 362
28408 178
28409 485
28410 485
28411 290
28412 290
28413 290
28414 139
28415 139
28416 139
28417 139
28418 778
28419 895
28420 895
28421 725
28422 125
28423 125
28424 889
28425 889
28426 889
28427 900
28428 946
28429 731
28430 795
28431 795
28432 928
28433 244
28434 244
28435 749
28436 828
28437 183
28438 183
28439 288
28440 288
28441 288
28442 355
28443 355
28444 291
28445 291
28446 291
28447 884
28448 884
28449 368
28450 136
28451 136
28452 711
28453 711
28454 486
28455 486
28456 948
28457 948
28458 948
28459 948
28460 28
28461 28
28462 29
28463 396
28464 188
28465 188
28466 188
28467 587
28468 717
28469 912
28470 587
28471 897
28472 114
28473 214
28474 614
28475 614
28476 215
28477 821
28478 821
28479 821
28480 429
28481 429
28482 577
28483 592
28484 577
28485 79
28486 79
28487 643
28488 643
28489 977
28490 709
28491 493
28492 531
28493 493
28494 86
28495 493
28496 290
28497 290
28498 291
28499 291
28500 291
28501 291
28502 291
28503 186
28504 688
28505 535
28506 535
28507 63
28508 63
28509 739
28510 739
28511 489
28512 489
28513 821
28514 821
28515 952
28516 952
28517 613
28518 984
28519 952
28520 187
28521 60
28522 511
28523 781
28524 511
28525 955
28526 955
28527 369
28528 369
28529 213
28530 213
28531 796
28532 796
28533 950
28534 950
28535 950
28536 797
28537 950
28538 730
28539 405
28540 541
28541 541
28542 146
28543 541
28544 541
28545 712
28546 712
28547 426
28548 638
28549 638
28550 638
28551 618
28552 618
28553 157
28554 157
28555 898
28556 101
28557 746
28558 746
28559 364
28560 193
28561 193
28562 712
28563 173
28564 173
28565 127
28566 127
28567 127
28568 118
28569 118
28570 118
28571 520
28572 520
28573 852
28574 852
28575 347
28576 582
28577 582
28578 582
28579 129
28580 129
28581 129
28582 431
28583 329
28584 754
28585 754
28586 754
28587 816
28588 125
28589 125
28590 125
28591 458
28592 898
28593 894
28594 894
28595 918
28596 443
28597 443
28598 239
28599 239
28600 239
28601 84
28602 170
28603 562
28604 431
28605 338
28606 338
28607 652
28608 652
28609 93
28610 88
28611 309
28612 309
28613 904
28614 754
28615 755
28616 754
28617 754
28618 177
28619 177
28620 177
28621 882
28622 193
28623 882
28624 923
28625 523
28626 923
28627 706
28628 894
28629 894
28630 487
28631 487
28632 487
28633 304
28634 375
28635 375
28636 775
28637 757
28638 980
28639 775
28640 160
28641 160
28642 338
28643 338
28644 188
28645 393
28646 575
28647 218
28648 218
28649 182
28650 182
28651 462
28652 544
28653 544
28654 754
28655 754
28656 754
28657 754
28658 991
28659 236
28660 236
28661 236
28662 830
28663 339
28664 941
28665 672
28666 938
28667 430
28668 430
28669 948
28670 545
28671 214
28672 545
28673 868
28674 868
28675 97
28676 97
28677 248
28678 562
28679 500
28680 609
28681 500
28682 501
28683 301
28684 465
28685 814
28686 814
28687 814
28688 818
28689 392
28690 396
28691 392
28692 275
28693 419
28694 419
28695 73
28696 61
28697 84
28698 73
28699 932
28700 93
28701 862
28702 862
28703 347
28704 347
28705 347
28706 432
28707 743
28708 743
28709 984
28710 747
28711 463
28712 23
28713 588
28714 588
28715 461
28716 653
28717 424
28718 148
28719 148
28720 193
28721 264
28722 264
28723 801
28724 801
28725 801
28726 904
28727 264
28728 548
28729 548
28730 265
28731 372
28732 469
28733 488
28734 469
28735 469
28736 681
28737 73
28738 772
28739 522
28740 230
28741 230
28742 612
28743 126
28744 126
28745 126
28746 116
28747 117
28748 116
28749 98
28750 98
28751 586
28752 382
28753 380
28754 749
28755 313
28756 313
28757 313
28758 808
28759 411
28760 554
28761 554
28762 834
28763 494
28764 588
28765 494
28766 788
28767 864
28768 864
28769 980
28770 980
28771 871
28772 211
28773 715
28774 715
28775 503
28776 503
28777 503
28778 501
28779 809
28780 429
28781 429
28782 180
28783 742
28784 469
28785 469
28786 630
28787 630
28788 630
28789 210
28790 257
28791 660
28792 660
28793 660
28794 660
28795 380
28796 380
28797 380
28798 972
28799 972
28800 84
28801 330
28802 334
28803 329
28804 330
28805 713
28806 711
28807 145
28808 312
28809 193
28810 815
28811 463
28812 594
28813 594
28814 365
28815 216
28816 216
28817 699
28818 493
28819 689
28820 689
28821 689
28822 221
28823 221
28824 221
28825 221
28826 915
28827 675
28828 915
28829 847
28830 738
28831 677
28832 677
28833 337
28834 115
28835 115
28836 165
28837 42
28838 232
28839 961
28840 816
28841 816
28842 816
28843 441
28844 441
28845 583
28846 811
28847 811
28848 985
28849 218
28850 293
28851 120
28852 110
28853 118
28854 201
28855 110
28856 339
28857 339
28858 927
28859 864
28860 927
28861 927
28862 905
28863 936
28864 864
28865 70
28866 95
28867 95
28868 95
28869 775
28870 932
28871 759
28872 759
28873 826
28874 826
28875 826
28876 826
28877 642
28878 642
28879 203
28880 211
28881 211
28882 211
28883 868
28884 203
28885 493
28886 234
28887 712
28888 712
28889 712
28890 282
28891 889
28892 458
28893 848
28894 848
28895 848
28896 848
28897 848
28898 975
28899 975
28900 615
28901 615
28902 318
28903 318
28904 293
28905 293
28906 910
28907 910
28908 273
28909 693
28910 505
28911 218
28912 56
28913 434
28914 316
28915 319
28916 658
28917 658
28918 658
28919 658
28920 966
28921 966
28922 928
28923 928
28924 928
28925 107
28926 107
28927 414
28928 435
28929 414
28930 414
28931 404
28932 294
28933 294
28934 576
28935 549
28936 549
28937 35
28938 35
28939 258
28940 258
28941 258
28942 258
28943 536
28944 106
28945 59
28946 613
28947 106
28948 819
28949 819
28950 819
28951 891
28952 891
28953 891
28954 183
28955 670
28956 670
28957 94
28958 94
28959 94
28960 146
28961 146
28962 503
28963 503
28964 503
28965 365
28966 365
28967 83
28968 227
28969 574
28970 227
28971 227
28972 400
28973 400
28974 557
28975 766
28976 557
28977 766
28978 799
28979 799
28980 944
28981 944
28982 944
28983 944
28984 944
28985 356
28986 356
28987 356
28988 175
28989 175
28990 812
28991 257
28992 257
28993 257
28994 336
28995 336
28996 336
28997 36
28998 36
28999 152
29000 790
29001 790
29002 925
29003 752
29004 790
29005 785
29006 790
29007 59
29008 213
29009 366
29010 149
29011 61
29012 699
29013 717
29014 407
29015 407
29016 175
29017 175
29018 504
29019 504
29020 504
29021 432
29022 432
29023 392
29024 392
29025 392
29026 392
29027 581
29028 581
29029 379
29030 54
29031 54
29032 972
29033 972
29034 472
29035 472
29036 472
29037 642
29038 457
29039 619
29040 618
29041 388
29042 538
29043 538
29044 538
29045 538
29046 798
29047 798
29048 803
29049 798
29050 370
29051 392
29052 987
29053 247
29054 586
29055 586
29056 785
29057 785
29058 785
29059 359
29060 359
29061 835
29062 835
29063 835
29064 158
29065 158
29066 184
29067 158
29068 832
29069 849
29070 204
29071 204
29072 561
29073 204
29074 147
29075 285
29076 302
29077 751
29078 751
29079 349
29080 121
29081 957
29082 431
29083 809
29084 213
29085 534
29086 534
29087 534
29088 170
29089 686
29090 599
29091 30
29092 946
29093 526
29094 76
29095 648
29096 76
29097 513
29098 513
29099 572
29100 97
29101 903
29102 903
29103 801
29104 941
29105 57
29106 871
29107 817
29108 817
29109 206
29110 134
29111 134
29112 134
29113 708
29114 708
29115 440
29116 440
29117 271
29118 271
29119 271
29120 430
29121 271
29122 271
29123 280
29124 989
29125 925
29126 204
29127 204
29128 954
29129 954
29130 663
29131 136
29132 405
29133 461
29134 461
29135 461
29136 974
29137 342
29138 777
29139 870
29140 777
29141 870
29142 283
29143 448
29144 283
29145 283
29146 164
29147 164
29148 164
29149 550
29150 550
29151 43
29152 291
29153 416
29154 398
29155 905
29156 416
29157 406
29158 282
29159 228
29160 228
29161 788
29162 788
29163 788
29164 247
29165 486
29166 576
29167 486
29168 123
29169 175
29170 175
29171 451
29172 451
29173 72
29174 855
29175 855
29176 95
29177 95
29178 95
29179 929
29180 912
29181 912
29182 912
29183 949
29184 949
29185 949
29186 949
29187 235
29188 37
29189 36
29190 37
29191 551
29192 569
29193 569
29194 569
29195 254
29196 254
29197 593
29198 593
29199 230
29200 199
29201 230
29202 232
29203 815
29204 815
29205 909
29206 815
29207 815
29208 820
29209 815
29210 498
29211 604
29212 376
29213 376
29214 112
29215 112
29216 112
29217 289
29218 299
29219 299
29220 131
29221 131
29222 131
29223 131
29224 615
29225 615
29226 192
29227 193
29228 78
29229 192
29230 192
29231 87
29232 224
29233 839
29234 839
29235 839
29236 426
29237 426
29238 834
29239 830
29240 205
29241 205
29242 205
29243 205
29244 184
29245 318
29246 318
29247 318
29248 318
29249 518
29250 518
29251 38
29252 295
29253 291
29254 232
29255 365
29256 145
29257 145
29258 145
29259 145
29260 133
29261 133
29262 137
29263 137
29264 137
29265 137
29266 137
29267 107
29268 743
29269 168
29270 168
29271 586
29272 586
29273 525
29274 183
29275 635
29276 635
29277 635
29278 637
29279 214
29280 425
29281 361
29282 361
29283 733
29284 733
29285 591
29286 785
29287 490
29288 359
29289 81
29290 452
29291 562
29292 452
29293 452
29294 602
29295 602
29296 308
29297 308
29298 308
29299 821
29300 55
29301 124
29302 124
29303 923
29304 923
29305 923
29306 923
29307 923
29308 336
29309 275
29310 681
29311 973
29312 284
29313 284
29314 284
29315 136
29316 513
29317 589
29318 589
29319 226
29320 226
29321 226
29322 125
29323 125
29324 125
29325 158
29326 665
29327 665
29328 112
29329 164
29330 84
29331 680
29332 667
29333 23
29334 495
29335 495
29336 20
29337 758
29338 758
29339 262
29340 609
29341 467
29342 108
29343 108
29344 607
29345 607
29346 607
29347 234
29348 622
29349 622
29350 547
29351 547
29352 212
29353 547
29354 547
29355 751
29356 561
29357 751
29358 751
29359 236
29360 236
29361 179
29362 179
29363 571
29364 572
29365 571
29366 307
29367 307
29368 39
29369 39
29370 39
29371 39
29372 39
29373 422
29374 422
29375 422
29376 422
29377 291
29378 291
29379 221
29380 221
29381 221
29382 221
29383 443
29384 443
29385 443
29386 178
29387 358
29388 370
29389 888
29390 466
29391 716
29392 716
29393 476
29394 186
29395 877
29396 877
29397 877
29398 565
29399 565
29400 635
29401 635
29402 835
29403 429
29404 701
29405 145
29406 145
29407 166
29408 166
29409 619
29410 712
29411 712
29412 712
29413 713
29414 984
29415 223
29416 661
29417 661
29418 746
29419 957
29420 483
29421 79
29422 538
29423 118
29424 413
29425 413
29426 665
29427 665
29428 665
29429 665
29430 665
29431 140
29432 722
29433 140
29434 104
29435 481
29436 481
29437 481
29438 481
29439 481
29440 109
29441 109
29442 365
29443 130
29444 130
29445 542
29446 542
29447 542
29448 703
29449 641
29450 641
29451 641
29452 214
29453 534
29454 534
29455 534
29456 340
29457 340
29458 869
29459 869
29460 895
29461 895
29462 895
29463 605
29464 605
29465 869
29466 605
29467 869
29468 242
29469 30
29470 819
29471 856
29472 856
29473 298
29474 298
29475 905
29476 723
29477 114
29478 723
29479 726
29480 723
29481 385
29482 385
29483 385
29484 385
29485 308
29486 184
29487 184
29488 830
29489 647
29490 830
29491 830
29492 977
29493 977
29494 800
29495 800
29496 800
29497 282
29498 282
29499 282
29500 282
29501 320
29502 898
29503 390
29504 710
29505 34
29506 34
29507 34
29508 34
29509 34
29510 34
29511 165
29512 17
29513 310
29514 989
29515 726
29516 66
29517 66
29518 70
29519 132
29520 132
29521 132
29522 132
29523 132
29524 185
29525 185
29526 849
29527 474
29528 474
29529 866
29530 253
29531 253
29532 158
29533 158
29534 158
29535 622
29536 909
29537 812
29538 159
29539 159
29540 350
29541 159
29542 159
29543 159
29544 176
29545 53
29546 422
29547 422
29548 606
29549 606
29550 195
29551 195
29552 970
29553 970
29554 331
29555 331
29556 575
29557 671
29558 671
29559 149
29560 96
29561 97
29562 96
29563 96
29564 96
29565 467
29566 467
29567 467
29568 467
29569 186
29570 706
29571 976
29572 976
29573 202
29574 202
29575 202
29576 840
29577 902
29578 265
29579 949
29580 254
29581 949
29582 192
29583 72
29584 588
29585 960
29586 72
29587 72
29588 420
29589 420
29590 291
29591 396
29592 477
29593 477
29594 137
29595 137
29596 83
29597 137
29598 137
29599 439
29600 439
29601 439
29602 739
29603 41
29604 481
29605 481
29606 481
29607 449
29608 449
29609 697
29610 774
29611 697
29612 250
29613 250
29614 250
29615 250
29616 119
29617 149
29618 123
29619 435
29620 620
29621 356
29622 356
29623 228
29624 228
29625 228
29626 289
29627 289
29628 729
29629 608
29630 126
29631 126
29632 989
29633 126
29634 620
29635 806
29636 274
29637 222
29638 493
29639 222
29640 466
29641 466
29642 368
29643 935
29644 53
29645 53
29646 435
29647 53
29648 862
29649 982
29650 982
29651 117
29652 117
29653 395
29654 794
29655 794
29656 405
29657 405
29658 402
29659 314
29660 314
29661 314
29662 314
29663 318
29664 66
29665 66
29666 66
29667 757
29668 757
29669 347
29670 400
29671 519
29672 703
29673 509
29674 703
29675 703
29676 413
29677 813
29678 813
29679 402
29680 985
29681 655
29682 565
29683 565
29684 501
29685 501
29686 287
29687 275
29688 971
29689 275
29690 556
29691 17
29692 962
29693 962
29694 251
29695 251
29696 661
29697 661
29698 661
29699 510
29700 670
29701 510
29702 511
29703 510
29704 243
29705 927
29706 586
29707 528
29708 276
29709 436
29710 947
29711 191
29712 191
29713 105
29714 602
29715 685
29716 602
29717 268
29718 484
29719 357
29720 357
29721 613
29722 78
29723 710
29724 710
29725 710
29726 633
29727 633
29728 176
29729 479
29730 479
29731 479
29732 415
29733 415
29734 550
29735 550
29736 607
29737 490
29738 986
29739 76
29740 442
29741 979
29742 979
29743 979
29744 444
29745 444
29746 439
29747 425
29748 425
29749 42
29750 42
29751 42
29752 386
29753 42
29754 42
29755 45
29756 616
29757 839
29758 230
29759 616
29760 139
29761 949
29762 263
29763 263
29764 373
29765 373
29766 400
29767 199
29768 244
29769 883
29770 907
29771 907
29772 573
29773 531
29774 573
29775 573
29776 138
29777 138
29778 138
29779 825
29780 825
29781 666
29782 666
29783 816
29784 816
29785 237
29786 237
29787 695
29788 761
29789 761
29790 76
29791 861
29792 276
29793 76
29794 76
29795 483
29796 483
29797 483
29798 440
29799 440
29800 111
29801 111
29802 985
29803 375
29804 375
29805 375
29806 375
29807 375
29808 865
29809 602
29810 602
29811 970
29812 717
29813 469
29814 469
29815 588
29816 775
29817 135
29818 135
29819 617
29820 481
29821 481
29822 952
29823 531
29824 531
29825 109
29826 381
29827 381
29828 601
29829 431
29830 402
29831 62
29832 774
29833 237
29834 901
29835 445
29836 445
29837 799
29838 804
29839 748
29840 748
29841 745
29842 527
29843 730
29844 414
29845 414
29846 414
29847 414
29848 414
29849 529
29850 682
29851 186
29852 310
29853 686
29854 817
29855 817
29856 817
29857 817
29858 953
29859 953
29860 953
29861 953
29862 214
29863 58
29864 634
29865 634
29866 634
29867 638
29868 634
29869 634
29870 919
29871 919
29872 966
29873 477
29874 185
29875 812
29876 458
29877 458
29878 974
29879 911
29880 911
29881 783
29882 556
29883 783
29884 783
29885 476
29886 476
29887 476
29888 476
29889 876
29890 876
29891 876
29892 587
29893 388
29894 388
29895 58
29896 308
29897 308
29898 401
29899 401
29900 401
29901 745
29902 745
29903 745
29904 745
29905 745
29906 940
29907 574
29908 991
29909 208
29910 347
29911 347
29912 907
29913 982
29914 907
29915 982
29916 827
29917 827
29918 933
29919 723
29920 723
29921 726
29922 723
29923 723
29924 862
29925 197
29926 197
29927 347
29928 812
29929 903
29930 457
29931 457
29932 883
29933 883
29934 159
29935 159
29936 164
29937 45
29938 159
29939 339
29940 560
29941 536
29942 536
29943 710
29944 710
29945 390
29946 869
29947 903
29948 79
29949 620
29950 620
29951 554
29952 928
29953 295
29954 117
29955 728
29956 207
29957 207
29958 367
29959 219
29960 219
29961 274
29962 953
29963 868
29964 941
29965 466
29966 91
29967 91
29968 534
29969 534
29970 897
29971 897
29972 463
29973 234
29974 854
29975 854
29976 854
29977 626
29978 107
29979 450
29980 450
29981 693
29982 422
29983 559
29984 906
29985 906
29986 772
29987 772
29988 877
29989 877
29990 877
29991 877
29992 877
29993 877
29994 112
29995 532
29996 532
29997 532
29998 346
29999 346
