0 128
1 4
2 128
3 15
4 156
5 3
6 14
7 2
8 2
9 2
10 33
11 0
12 30
13 33
14 33
15 2
16 2
17 2
18 2
19 2
20 2
21 0
22 92
23 33
24 33
25 43
26 0
27 7
28 14
29 43
30 12
31 2
32 2
33 26
34 21
35 0
36 92
37 43
38 202
39 18
40 203
41 10
42 202
43 202
44 202
45 2
46 2
47 177
48 31
49 149
50 1
51 2
52 2
53 31
54 227
55 152
56 100
57 3
58 1
59 9
60 2
61 2
62 2
63 2
64 178
65 69
66 214
67 130
68 166
69 216
70 214
71 0
72 2
73 236
74 236
75 235
76 225
77 236
78 2
79 235
80 32
81 32
82 33
83 2
84 2
85 2
86 2
87 2
88 101
89 43
90 6
91 101
92 191
93 20
94 10
95 191
96 191
97 2
98 2
99 3
100 10
101 190
102 66
103 66
104 66
105 66
106 2
107 172
108 1
109 172
110 5
111 172
112 34
113 6
114 138
115 25
116 98
117 34
118 2
119 2
120 33
121 34
122 2
123 34
124 34
125 34
126 39
127 141
128 3
129 21
130 152
131 141
132 141
133 140
134 184
135 189
136 2
137 14
138 148
139 24
140 148
141 236
142 148
143 4
144 4
145 24
146 203
147 203
148 5
149 5
150 9
151 2
152 44
153 122
154 122
155 2
156 2
157 2
158 1
159 28
160 28
161 9
162 9
163 2
164 9
165 165
166 165
167 165
168 165
169 193
170 205
171 192
172 165
173 158
174 52
175 200
176 158
177 158
178 2
179 1
180 229
181 218
182 238
183 157
184 216
185 1
186 142
187 97
188 229
189 238
190 181
191 234
192 5
193 146
194 5
195 4
196 2
197 73
198 0
199 7
200 0
201 7
202 95
203 2
204 229
205 19
206 166
207 48
208 2
209 127
210 127
211 92
212 86
213 79
214 92
215 92
216 2
217 140
218 140
219 140
220 2
221 105
222 20
223 245
224 3
225 10
226 14
227 2
228 15
229 2
230 2
231 20
232 115
233 11
234 105
235 10
236 23
237 193
238 20
239 85
240 240
241 2
242 132
243 5
244 132
245 134
246 142
247 137
248 132
249 2
250 2
251 65
252 65
253 65
254 66
255 65
256 65
257 65
258 200
259 200
260 200
261 200
262 2
263 87
264 11
265 10
266 2
267 3
268 10
269 11
270 221
271 222
272 221
273 2
274 2
275 2
276 84
277 84
278 2
279 2
280 84
281 87
282 111
283 87
284 217
285 8
286 18
287 2
288 2
289 8
290 18
291 111
292 126
293 4
294 179
295 213
296 145
297 134
298 54
299 2
300 2
301 37
302 38
303 37
304 37
305 37
306 2
307 12
308 2
309 2
310 12
311 38
312 37
313 30
314 30
315 231
316 130
317 231
318 3
319 2
320 8
321 13
322 13
323 232
324 245
325 90
326 245
327 245
328 245
329 11
330 246
331 161
332 121
333 10
334 22
335 0
336 10
337 22
338 1
339 121
340 161
341 63
342 64
343 64
344 64
345 63
346 63
347 64
348 83
349 4
350 137
351 90
352 0
353 83
354 2
355 3
356 4
357 0
358 4
359 7
360 214
361 83
362 126
363 126
364 115
365 230
366 48
367 48
368 207
369 10
370 2
371 2
372 2
373 3
374 2
375 2
376 115
377 3
378 161
379 73
380 13
381 10
382 48
383 48
384 217
385 225
386 152
387 134
388 152
389 81
390 217
391 225
392 130
393 0
394 86
395 130
396 2
397 21
398 105
399 4
400 29
401 3
402 4
403 2
404 7
405 4
406 4
407 76
408 0
409 88
410 76
411 76
412 228
413 3
414 14
415 130
416 2
417 144
418 3
419 142
420 100
421 144
422 163
423 61
424 163
425 158
426 2
427 61
428 173
429 91
430 23
431 176
432 109
433 168
434 0
435 10
436 109
437 108
438 0
439 168
440 154
441 7
442 31
443 164
444 7
445 170
446 170
447 53
448 144
449 170
450 93
451 93
452 8
453 96
454 2
455 96
456 224
457 22
458 115
459 5
460 238
461 0
462 194
463 17
464 0
465 57
466 194
467 22
468 83
469 15
470 83
471 83
472 2
473 15
474 114
475 5
476 164
477 114
478 2
479 15
480 91
481 91
482 11
483 91
484 91
485 223
486 19
487 223
488 2
489 193
490 2
491 193
492 3
493 179
494 19
495 91
496 91
497 59
498 59
499 59
500 59
501 59
502 17
503 17
504 5
505 2
506 33
507 58
508 132
509 97
510 180
511 41
512 1
513 33
514 33
515 235
516 235
517 23
518 235
519 241
520 236
521 2
522 19
523 2
524 166
525 2
526 140
527 3
528 140
529 10
530 10
531 141
532 10
533 10
534 141
535 224
536 224
537 83
538 189
539 224
540 2
541 83
542 163
543 163
544 3
545 236
546 14
547 232
548 8
549 67
550 67
551 67
552 106
553 15
554 106
555 2
556 6
557 106
558 106
559 2
560 61
561 48
562 0
563 8
564 0
565 8
566 0
567 48
568 54
569 54
570 58
571 18
572 6
573 18
574 239
575 239
576 239
577 15
578 6
579 3
580 25
581 25
582 15
583 6
584 239
585 39
586 39
587 75
588 1
589 2
590 226
591 4
592 226
593 27
594 232
595 216
596 22
597 14
598 2
599 22
600 14
601 203
602 99
603 203
604 203
605 203
606 203
607 143
608 15
609 3
610 108
611 30
612 225
613 132
614 132
615 3
616 104
617 2
618 2
619 199
620 20
621 0
622 6
623 11
624 6
625 1
626 0
627 20
628 87
629 11
630 199
631 20
632 15
633 118
634 57
635 123
636 118
637 118
638 118
639 3
640 57
641 142
642 78
643 38
644 140
645 142
646 142
647 143
648 109
649 142
650 162
651 2
652 138
653 145
654 146
655 230
656 142
657 93
658 146
659 53
660 9
661 6
662 9
663 180
664 180
665 180
666 150
667 6
668 2
669 139
670 198
671 7
672 3
673 145
674 152
675 2
676 58
677 79
678 0
679 8
680 8
681 0
682 79
683 232
684 7
685 140
686 230
687 2
688 42
689 0
690 22
691 42
692 3
693 0
694 42
695 144
696 108
697 5
698 161
699 2
700 228
701 228
702 228
703 2
704 183
705 0
706 183
707 239
708 109
709 183
710 2
711 13
712 155
713 215
714 155
715 155
716 156
717 153
718 153
719 169
720 186
721 119
722 25
723 25
724 25
725 51
726 51
727 10
728 7
729 66
730 66
731 66
732 64
733 25
734 106
735 203
736 25
737 25
738 67
739 54
740 54
741 114
742 0
743 114
744 97
745 231
746 241
747 19
748 9
749 99
750 241
751 27
752 196
753 14
754 176
755 83
756 176
757 176
758 2
759 176
760 35
761 35
762 56
763 235
764 2
765 52
766 156
767 223
768 52
769 172
770 235
771 69
772 74
773 239
774 235
775 15
776 119
777 69
778 147
779 48
780 111
781 209
782 129
783 147
784 147
785 136
786 2
787 2
788 115
789 3
790 13
791 147
792 21
793 111
794 143
795 17
796 16
797 16
798 16
799 117
800 19
801 8
802 78
803 8
804 8
805 67
806 19
807 79
808 203
809 123
810 123
811 49
812 2
813 0
814 101
815 123
816 61
817 82
818 61
819 80
820 2
821 139
822 15
823 59
824 1
825 59
826 225
827 0
828 9
829 59
830 2
831 4
832 68
833 68
834 68
835 194
836 0
837 194
838 2
839 166
840 8
841 104
842 0
843 0
844 3
845 19
846 0
847 0
848 8
849 11
850 19
851 104
852 191
853 230
854 166
855 168
856 198
857 198
858 204
859 198
860 198
861 33
862 33
863 2
864 2
865 33
866 82
867 26
868 8
869 27
870 10
871 8
872 3
873 27
874 1
875 26
876 10
877 146
878 170
879 4
880 5
881 151
882 133
883 14
884 2
885 117
886 6
887 30
888 117
889 30
890 91
891 6
892 91
893 1
894 4
895 189
896 176
897 2
898 6
899 92
900 25
901 12
902 0
903 113
904 2
905 31
906 151
907 198
908 152
909 138
910 138
911 138
912 44
913 137
914 169
915 137
916 2
917 169
918 134
919 30
920 151
921 134
922 134
923 134
924 134
925 2
926 212
927 6
928 3
929 182
930 212
931 6
932 11
933 25
934 27
935 2
936 203
937 28
938 7
939 203
940 203
941 28
942 30
943 3
944 131
945 30
946 52
947 52
948 225
949 4
950 5
951 3
952 45
953 81
954 79
955 15
956 199
957 0
958 162
959 4
960 231
961 103
962 103
963 25
964 9
965 238
966 159
967 100
968 159
969 129
970 129
971 132
972 3
973 172
974 14
975 43
976 43
977 43
978 42
979 160
980 80
981 93
982 0
983 0
984 8
985 18
986 214
987 179
988 6
989 70
990 236
991 3
992 2
993 25
994 25
995 25
996 26
997 26
998 26
999 26
1000 213
1001 213
1002 213
1003 213
1004 213
1005 2
1006 2
1007 2
1008 3
1009 9
1010 160
1011 194
1012 222
1013 18
1014 193
1015 25
1016 18
1017 31
1018 10
1019 107
1020 133
1021 10
1022 4
1023 5
1024 10
1025 10
1026 2
1027 126
1028 30
1029 12
1030 12
1031 12
1032 12
1033 86
1034 86
1035 74
1036 6
1037 6
1038 8
1039 6
1040 8
1041 106
1042 106
1043 106
1044 106
1045 106
1046 106
1047 2
1048 57
1049 6
1050 3
1051 2
1052 3
1053 6
1054 13
1055 6
1056 15
1057 6
1058 39
1059 9
1060 160
1061 10
1062 1
1063 7
1064 10
1065 230
1066 160
1067 121
1068 6
1069 6
1070 2
1071 6
1072 55
1073 41
1074 55
1075 6
1076 20
1077 41
1078 180
1079 180
1080 6
1081 7
1082 180
1083 6
1084 171
1085 223
1086 10
1087 5
1088 10
1089 223
1090 5
1091 171
1092 41
1093 230
1094 241
1095 76
1096 41
1097 230
1098 120
1099 5
1100 120
1101 2
1102 120
1103 138
1104 138
1105 0
1106 138
1107 188
1108 128
1109 2
1110 0
1111 7
1112 12
1113 10
1114 159
1115 159
1116 74
1117 2
1118 207
1119 6
1120 207
1121 207
1122 207
1123 2
1124 3
1125 6
1126 204
1127 171
1128 171
1129 171
1130 144
1131 171
1132 171
1133 32
1134 32
1135 197
1136 41
1137 15
1138 3
1139 15
1140 65
1141 235
1142 65
1143 65
1144 65
1145 65
1146 2
1147 182
1148 138
1149 223
1150 182
1151 213
1152 2
1153 32
1154 8
1155 8
1156 27
1157 0
1158 24
1159 19
1160 16
1161 12
1162 24
1163 13
1164 12
1165 191
1166 112
1167 3
1168 58
1169 226
1170 8
1171 226
1172 3
1173 1
1174 8
1175 8
1176 1
1177 114
1178 7
1179 241
1180 6
1181 139
1182 175
1183 175
1184 215
1185 175
1186 175
1187 216
1188 2
1189 180
1190 7
1191 4
1192 1
1193 21
1194 0
1195 21
1196 149
1197 247
1198 134
1199 149
1200 149
1201 2
1202 110
1203 5
1204 3
1205 93
1206 69
1207 5
1208 24
1209 113
1210 130
1211 152
1212 152
1213 146
1214 133
1215 172
1216 225
1217 1
1218 13
1219 133
1220 1
1221 5
1222 181
1223 225
1224 47
1225 27
1226 8
1227 57
1228 27
1229 8
1230 18
1231 19
1232 220
1233 18
1234 124
1235 124
1236 107
1237 111
1238 107
1239 107
1240 136
1241 199
1242 136
1243 87
1244 8
1245 8
1246 39
1247 39
1248 2
1249 164
1250 228
1251 21
1252 8
1253 21
1254 17
1255 8
1256 21
1257 25
1258 20
1259 52
1260 55
1261 49
1262 56
1263 138
1264 55
1265 3
1266 3
1267 56
1268 55
1269 119
1270 183
1271 124
1272 152
1273 217
1274 183
1275 196
1276 15
1277 15
1278 198
1279 15
1280 48
1281 48
1282 4
1283 87
1284 163
1285 147
1286 123
1287 80
1288 135
1289 3
1290 135
1291 15
1292 135
1293 135
1294 1
1295 2
1296 135
1297 135
1298 119
1299 1
1300 119
1301 225
1302 225
1303 225
1304 163
1305 163
1306 163
1307 163
1308 163
1309 72
1310 163
1311 163
1312 90
1313 7
1314 0
1315 0
1316 18
1317 15
1318 15
1319 47
1320 47
1321 3
1322 3
1323 69
1324 4
1325 6
1326 4
1327 193
1328 100
1329 76
1330 24
1331 21
1332 24
1333 8
1334 9
1335 101
1336 101
1337 155
1338 4
1339 132
1340 130
1341 4
1342 4
1343 153
1344 4
1345 149
1346 4
1347 124
1348 59
1349 124
1350 2
1351 125
1352 125
1353 125
1354 76
1355 2
1356 2
1357 145
1358 145
1359 10
1360 75
1361 52
1362 118
1363 81
1364 93
1365 118
1366 114
1367 114
1368 114
1369 87
1370 199
1371 7
1372 16
1373 87
1374 90
1375 9
1376 87
1377 51
1378 51
1379 150
1380 130
1381 88
1382 0
1383 11
1384 222
1385 88
1386 88
1387 0
1388 197
1389 3
1390 232
1391 3
1392 2
1393 22
1394 216
1395 197
1396 183
1397 183
1398 183
1399 10
1400 118
1401 118
1402 118
1403 118
1404 118
1405 45
1406 55
1407 10
1408 12
1409 4
1410 140
1411 4
1412 140
1413 140
1414 10
1415 140
1416 164
1417 10
1418 96
1419 4
1420 180
1421 57
1422 5
1423 233
1424 233
1425 233
1426 143
1427 238
1428 143
1429 2
1430 148
1431 217
1432 91
1433 91
1434 79
1435 60
1436 79
1437 193
1438 175
1439 193
1440 218
1441 218
1442 218
1443 178
1444 180
1445 20
1446 145
1447 6
1448 3
1449 152
1450 205
1451 109
1452 39
1453 109
1454 111
1455 3
1456 241
1457 241
1458 0
1459 96
1460 96
1461 225
1462 12
1463 11
1464 19
1465 15
1466 70
1467 4
1468 145
1469 2
1470 101
1471 28
1472 57
1473 101
1474 101
1475 101
1476 118
1477 7
1478 103
1479 0
1480 9
1481 0
1482 123
1483 115
1484 7
1485 41
1486 103
1487 244
1488 118
1489 118
1490 206
1491 92
1492 206
1493 170
1494 206
1495 206
1496 3
1497 3
1498 192
1499 166
1500 18
1501 166
1502 62
1503 62
1504 218
1505 82
1506 178
1507 14
1508 62
1509 193
1510 7
1511 211
1512 185
1513 1
1514 3
1515 126
1516 41
1517 104
1518 3
1519 104
1520 72
1521 8
1522 140
1523 6
1524 130
1525 6
1526 129
1527 129
1528 129
1529 1
1530 12
1531 3
1532 129
1533 129
1534 212
1535 212
1536 213
1537 142
1538 189
1539 189
1540 4
1541 162
1542 12
1543 4
1544 216
1545 219
1546 2
1547 67
1548 0
1549 49
1550 49
1551 3
1552 8
1553 31
1554 31
1555 19
1556 8
1557 7
1558 4
1559 31
1560 1
1561 1
1562 8
1563 9
1564 11
1565 4
1566 31
1567 174
1568 11
1569 174
1570 28
1571 2
1572 8
1573 169
1574 169
1575 227
1576 9
1577 191
1578 115
1579 22
1580 53
1581 115
1582 20
1583 22
1584 115
1585 213
1586 115
1587 197
1588 197
1589 189
1590 19
1591 197
1592 155
1593 129
1594 7
1595 209
1596 2
1597 6
1598 102
1599 102
1600 102
1601 3
1602 102
1603 232
1604 223
1605 230
1606 223
1607 22
1608 58
1609 19
1610 4
1611 145
1612 235
1613 235
1614 3
1615 1
1616 9
1617 199
1618 199
1619 105
1620 198
1621 132
1622 155
1623 4
1624 2
1625 45
1626 4
1627 25
1628 5
1629 25
1630 3
1631 4
1632 209
1633 2
1634 9
1635 14
1636 228
1637 8
1638 2
1639 213
1640 8
1641 14
1642 217
1643 217
1644 217
1645 18
1646 51
1647 126
1648 195
1649 126
1650 199
1651 4
1652 3
1653 4
1654 5
1655 4
1656 86
1657 77
1658 84
1659 2
1660 77
1661 227
1662 227
1663 20
1664 72
1665 227
1666 99
1667 0
1668 210
1669 4
1670 4
1671 235
1672 235
1673 14
1674 235
1675 235
1676 235
1677 235
1678 18
1679 18
1680 25
1681 161
1682 153
1683 153
1684 163
1685 153
1686 10
1687 102
1688 23
1689 2
1690 0
1691 153
1692 13
1693 23
1694 10
1695 13
1696 163
1697 153
1698 102
1699 180
1700 6
1701 180
1702 180
1703 180
1704 6
1705 180
1706 126
1707 19
1708 166
1709 126
1710 24
1711 50
1712 7
1713 166
1714 126
1715 246
1716 205
1717 182
1718 206
1719 193
1720 246
1721 3
1722 206
1723 180
1724 12
1725 4
1726 20
1727 194
1728 117
1729 4
1730 88
1731 88
1732 2
1733 1
1734 210
1735 1
1736 138
1737 204
1738 196
1739 3
1740 8
1741 234
1742 193
1743 197
1744 197
1745 21
1746 197
1747 244
1748 109
1749 21
1750 244
1751 197
1752 226
1753 225
1754 0
1755 10
1756 10
1757 225
1758 219
1759 7
1760 219
1761 219
1762 14
1763 136
1764 246
1765 7
1766 89
1767 128
1768 89
1769 11
1770 115
1771 20
1772 67
1773 89
1774 58
1775 7
1776 147
1777 59
1778 9
1779 150
1780 58
1781 2
1782 151
1783 13
1784 151
1785 151
1786 4
1787 9
1788 17
1789 199
1790 13
1791 243
1792 3
1793 243
1794 3
1795 52
1796 52
1797 52
1798 9
1799 124
1800 202
1801 124
1802 124
1803 2
1804 97
1805 113
1806 113
1807 11
1808 3
1809 103
1810 247
1811 71
1812 247
1813 71
1814 171
1815 14
1816 171
1817 112
1818 100
1819 8
1820 186
1821 9
1822 186
1823 136
1824 5
1825 145
1826 144
1827 56
1828 144
1829 0
1830 0
1831 125
1832 21
1833 125
1834 125
1835 125
1836 1
1837 88
1838 125
1839 123
1840 21
1841 21
1842 125
1843 126
1844 21
1845 26
1846 3
1847 26
1848 71
1849 71
1850 1
1851 102
1852 71
1853 80
1854 5
1855 5
1856 9
1857 15
1858 6
1859 18
1860 13
1861 15
1862 18
1863 82
1864 13
1865 20
1866 191
1867 25
1868 191
1869 9
1870 191
1871 191
1872 32
1873 32
1874 32
1875 33
1876 75
1877 18
1878 33
1879 18
1880 191
1881 4
1882 213
1883 191
1884 5
1885 191
1886 209
1887 1
1888 4
1889 191
1890 231
1891 203
1892 231
1893 25
1894 79
1895 79
1896 79
1897 200
1898 86
1899 137
1900 136
1901 4
1902 13
1903 4
1904 146
1905 141
1906 163
1907 141
1908 152
1909 99
1910 11
1911 0
1912 0
1913 0
1914 53
1915 152
1916 53
1917 152
1918 152
1919 152
1920 108
1921 5
1922 7
1923 22
1924 121
1925 107
1926 108
1927 108
1928 226
1929 23
1930 226
1931 226
1932 226
1933 2
1934 23
1935 14
1936 6
1937 73
1938 26
1939 26
1940 74
1941 162
1942 183
1943 162
1944 233
1945 121
1946 233
1947 224
1948 17
1949 224
1950 123
1951 15
1952 4
1953 41
1954 15
1955 205
1956 20
1957 10
1958 14
1959 6
1960 205
1961 10
1962 198
1963 44
1964 245
1965 7
1966 11
1967 0
1968 44
1969 136
1970 0
1971 5
1972 152
1973 59
1974 136
1975 0
1976 207
1977 50
1978 50
1979 0
1980 8
1981 142
1982 154
1983 142
1984 5
1985 2
1986 1
1987 3
1988 152
1989 0
1990 5
1991 120
1992 120
1993 115
1994 200
1995 115
1996 115
1997 200
1998 68
1999 245
2000 7
2001 7
2002 66
2003 17
2004 7
2005 162
2006 236
2007 236
2008 99
2009 60
2010 15
2011 245
2012 223
2013 245
2014 219
2015 181
2016 9
2017 9
2018 7
2019 70
2020 181
2021 1
2022 9
2023 102
2024 174
2025 174
2026 79
2027 1
2028 3
2029 13
2030 123
2031 133
2032 123
2033 149
2034 232
2035 8
2036 9
2037 21
2038 93
2039 8
2040 9
2041 165
2042 6
2043 90
2044 223
2045 223
2046 2
2047 223
2048 66
2049 66
2050 66
2051 65
2052 66
2053 39
2054 39
2055 226
2056 226
2057 222
2058 236
2059 222
2060 206
2061 12
2062 205
2063 206
2064 12
2065 184
2066 204
2067 21
2068 3
2069 112
2070 112
2071 92
2072 95
2073 147
2074 151
2075 238
2076 2
2077 3
2078 8
2079 180
2080 180
2081 54
2082 157
2083 120
2084 157
2085 157
2086 243
2087 243
2088 134
2089 4
2090 230
2091 138
2092 7
2093 134
2094 156
2095 68
2096 68
2097 3
2098 170
2099 228
2100 226
2101 227
2102 171
2103 226
2104 226
2105 9
2106 9
2107 226
2108 17
2109 111
2110 229
2111 229
2112 229
2113 229
2114 134
2115 134
2116 5
2117 3
2118 134
2119 233
2120 135
2121 233
2122 152
2123 15
2124 2
2125 0
2126 135
2127 245
2128 147
2129 245
2130 0
2131 129
2132 0
2133 79
2134 12
2135 79
2136 79
2137 79
2138 67
2139 79
2140 12
2141 79
2142 215
2143 16
2144 0
2145 16
2146 232
2147 167
2148 146
2149 232
2150 224
2151 120
2152 13
2153 224
2154 224
2155 237
2156 4
2157 4
2158 130
2159 237
2160 4
2161 96
2162 10
2163 114
2164 52
2165 48
2166 48
2167 48
2168 48
2169 102
2170 102
2171 160
2172 188
2173 21
2174 188
2175 160
2176 156
2177 145
2178 7
2179 4
2180 145
2181 11
2182 87
2183 88
2184 88
2185 47
2186 33
2187 2
2188 164
2189 33
2190 47
2191 47
2192 13
2193 21
2194 19
2195 4
2196 115
2197 80
2198 115
2199 115
2200 115
2201 49
2202 215
2203 215
2204 236
2205 126
2206 187
2207 53
2208 4
2209 150
2210 3
2211 113
2212 186
2213 8
2214 167
2215 113
2216 235
2217 238
2218 235
2219 235
2220 190
2221 45
2222 210
2223 90
2224 61
2225 27
2226 226
2227 199
2228 19
2229 19
2230 199
2231 2
2232 139
2233 134
2234 3
2235 3
2236 139
2237 139
2238 166
2239 238
2240 1
2241 166
2242 10
2243 79
2244 79
2245 133
2246 195
2247 133
2248 193
2249 0
2250 9
2251 133
2252 195
2253 54
2254 54
2255 90
2256 80
2257 23
2258 23
2259 177
2260 177
2261 177
2262 113
2263 113
2264 49
2265 10
2266 7
2267 35
2268 35
2269 3
2270 35
2271 35
2272 2
2273 35
2274 121
2275 35
2276 21
2277 69
2278 229
2279 7
2280 154
2281 4
2282 32
2283 13
2284 53
2285 64
2286 64
2287 63
2288 152
2289 152
2290 3
2291 38
2292 38
2293 59
2294 39
2295 3
2296 38
2297 147
2298 150
2299 165
2300 4
2301 165
2302 165
2303 151
2304 49
2305 165
2306 110
2307 146
2308 108
2309 5
2310 152
2311 108
2312 120
2313 218
2314 245
2315 4
2316 161
2317 161
2318 161
2319 15
2320 161
2321 15
2322 47
2323 23
2324 47
2325 205
2326 205
2327 205
2328 20
2329 20
2330 197
2331 21
2332 1
2333 20
2334 0
2335 20
2336 223
2337 12
2338 127
2339 203
2340 229
2341 238
2342 127
2343 12
2344 238
2345 81
2346 10
2347 0
2348 220
2349 10
2350 107
2351 81
2352 190
2353 100
2354 9
2355 8
2356 6
2357 100
2358 8
2359 9
2360 9
2361 165
2362 37
2363 4
2364 171
2365 15
2366 171
2367 1
2368 22
2369 171
2370 171
2371 15
2372 124
2373 180
2374 0
2375 60
2376 0
2377 176
2378 237
2379 136
2380 8
2381 5
2382 176
2383 83
2384 96
2385 8
2386 237
2387 106
2388 172
2389 72
2390 5
2391 106
2392 106
2393 1
2394 1
2395 0
2396 10
2397 41
2398 41
2399 39
2400 172
2401 80
2402 80
2403 154
2404 66
2405 154
2406 225
2407 76
2408 217
2409 241
2410 152
2411 99
2412 14
2413 145
2414 6
2415 239
2416 4
2417 4
2418 239
2419 145
2420 13
2421 5
2422 94
2423 94
2424 94
2425 94
2426 238
2427 184
2428 182
2429 243
2430 177
2431 2
2432 155
2433 133
2434 151
2435 4
2436 134
2437 3
2438 2
2439 4
2440 133
2441 155
2442 41
2443 3
2444 71
2445 71
2446 71
2447 71
2448 186
2449 148
2450 94
2451 186
2452 186
2453 168
2454 186
2455 186
2456 148
2457 135
2458 135
2459 135
2460 135
2461 123
2462 135
2463 158
2464 146
2465 108
2466 108
2467 146
2468 35
2469 26
2470 144
2471 146
2472 152
2473 3
2474 156
2475 156
2476 46
2477 46
2478 46
2479 6
2480 70
2481 52
2482 70
2483 57
2484 57
2485 132
2486 57
2487 57
2488 147
2489 147
2490 147
2491 223
2492 47
2493 194
2494 108
2495 142
2496 11
2497 23
2498 142
2499 142
2500 183
2501 245
2502 245
2503 1
2504 18
2505 183
2506 183
2507 182
2508 182
2509 182
2510 182
2511 182
2512 182
2513 197
2514 222
2515 101
2516 197
2517 194
2518 8
2519 8
2520 209
2521 209
2522 167
2523 42
2524 209
2525 209
2526 43
2527 63
2528 0
2529 0
2530 63
2531 60
2532 60
2533 60
2534 60
2535 60
2536 222
2537 222
2538 156
2539 156
2540 156
2541 156
2542 182
2543 223
2544 2
2545 223
2546 156
2547 76
2548 76
2549 76
2550 45
2551 32
2552 45
2553 42
2554 48
2555 48
2556 48
2557 12
2558 210
2559 146
2560 167
2561 12
2562 148
2563 117
2564 191
2565 191
2566 191
2567 191
2568 142
2569 142
2570 142
2571 8
2572 8
2573 144
2574 8
2575 120
2576 141
2577 142
2578 88
2579 88
2580 88
2581 90
2582 17
2583 90
2584 69
2585 69
2586 12
2587 63
2588 9
2589 8
2590 228
2591 13
2592 63
2593 9
2594 13
2595 228
2596 8
2597 161
2598 28
2599 161
2600 161
2601 161
2602 161
2603 91
2604 230
2605 216
2606 230
2607 230
2608 1
2609 7
2610 230
2611 7
2612 0
2613 230
2614 216
2615 230
2616 206
2617 207
2618 106
2619 8
2620 106
2621 215
2622 123
2623 3
2624 3
2625 98
2626 90
2627 115
2628 9
2629 98
2630 238
2631 238
2632 2
2633 29
2634 2
2635 2
2636 80
2637 5
2638 154
2639 141
2640 179
2641 185
2642 199
2643 179
2644 0
2645 104
2646 104
2647 174
2648 104
2649 154
2650 134
2651 104
2652 104
2653 177
2654 177
2655 177
2656 121
2657 177
2658 177
2659 177
2660 142
2661 165
2662 177
2663 10
2664 177
2665 10
2666 177
2667 10
2668 207
2669 190
2670 215
2671 207
2672 207
2673 25
2674 190
2675 119
2676 3
2677 22
2678 136
2679 8
2680 220
2681 223
2682 16
2683 23
2684 16
2685 8
2686 111
2687 195
2688 6
2689 111
2690 6
2691 111
2692 67
2693 67
2694 1
2695 67
2696 230
2697 230
2698 230
2699 96
2700 96
2701 96
2702 69
2703 0
2704 0
2705 110
2706 18
2707 206
2708 18
2709 8
2710 110
2711 8
2712 110
2713 110
2714 18
2715 118
2716 118
2717 78
2718 49
2719 8
2720 237
2721 168
2722 104
2723 1
2724 168
2725 1
2726 17
2727 17
2728 60
2729 17
2730 16
2731 195
2732 26
2733 16
2734 195
2735 16
2736 10
2737 193
2738 1
2739 16
2740 16
2741 23
2742 10
2743 73
2744 73
2745 92
2746 92
2747 174
2748 174
2749 13
2750 78
2751 13
2752 232
2753 22
2754 17
2755 181
2756 211
2757 181
2758 220
2759 0
2760 8
2761 20
2762 146
2763 8
2764 181
2765 181
2766 92
2767 93
2768 92
2769 181
2770 81
2771 14
2772 167
2773 167
2774 167
2775 35
2776 35
2777 35
2778 35
2779 34
2780 34
2781 15
2782 0
2783 15
2784 15
2785 15
2786 15
2787 2
2788 247
2789 0
2790 210
2791 15
2792 154
2793 3
2794 1
2795 99
2796 99
2797 156
2798 22
2799 91
2800 107
2801 172
2802 168
2803 11
2804 1
2805 7
2806 203
2807 6
2808 78
2809 203
2810 7
2811 11
2812 128
2813 11
2814 6
2815 92
2816 92
2817 176
2818 176
2819 244
2820 244
2821 0
2822 10
2823 10
2824 10
2825 26
2826 26
2827 26
2828 50
2829 157
2830 157
2831 157
2832 199
2833 131
2834 131
2835 131
2836 131
2837 131
2838 62
2839 5
2840 72
2841 94
2842 23
2843 72
2844 156
2845 156
2846 222
2847 152
2848 156
2849 222
2850 13
2851 6
2852 1
2853 9
2854 48
2855 90
2856 12
2857 187
2858 3
2859 235
2860 4
2861 132
2862 235
2863 236
2864 5
2865 5
2866 2
2867 4
2868 232
2869 49
2870 0
2871 232
2872 0
2873 49
2874 22
2875 22
2876 22
2877 26
2878 170
2879 184
2880 28
2881 130
2882 184
2883 184
2884 6
2885 4
2886 183
2887 178
2888 178
2889 178
2890 116
2891 24
2892 20
2893 8
2894 24
2895 8
2896 151
2897 95
2898 7
2899 117
2900 22
2901 244
2902 2
2903 157
2904 179
2905 179
2906 167
2907 138
2908 74
2909 203
2910 10
2911 231
2912 101
2913 15
2914 15
2915 15
2916 40
2917 40
2918 180
2919 180
2920 5
2921 156
2922 3
2923 116
2924 116
2925 116
2926 116
2927 3
2928 45
2929 22
2930 22
2931 125
2932 125
2933 64
2934 96
2935 95
2936 9
2937 182
2938 27
2939 182
2940 8
2941 64
2942 84
2943 182
2944 0
2945 209
2946 27
2947 3
2948 3
2949 28
2950 3
2951 97
2952 120
2953 54
2954 54
2955 54
2956 239
2957 238
2958 44
2959 130
2960 149
2961 91
2962 3
2963 2
2964 145
2965 14
2966 25
2967 29
2968 18
2969 29
2970 3
2971 1
2972 130
2973 19
2974 3
2975 2
2976 1
2977 217
2978 217
2979 24
2980 217
2981 24
2982 216
2983 226
2984 167
2985 27
2986 162
2987 53
2988 192
2989 23
2990 11
2991 10
2992 23
2993 104
2994 166
2995 235
2996 235
2997 93
2998 147
2999 14
3000 5
3001 147
3002 69
3003 69
3004 212
3005 3
3006 212
3007 99
3008 138
3009 166
3010 217
3011 8
3012 6
3013 55
3014 55
3015 55
3016 28
3017 120
3018 73
3019 120
3020 10
3021 23
3022 240
3023 10
3024 23
3025 206
3026 206
3027 31
3028 216
3029 206
3030 206
3031 206
3032 238
3033 181
3034 247
3035 206
3036 206
3037 206
3038 211
3039 225
3040 85
3041 206
3042 155
3043 14
3044 5
3045 14
3046 71
3047 27
3048 27
3049 20
3050 27
3051 27
3052 196
3053 124
3054 22
3055 196
3056 51
3057 201
3058 196
3059 1
3060 22
3061 128
3062 209
3063 209
3064 174
3065 128
3066 172
3067 168
3068 107
3069 133
3070 33
3071 32
3072 32
3073 93
3074 86
3075 50
3076 50
3077 50
3078 50
3079 50
3080 50
3081 123
3082 123
3083 178
3084 6
3085 5
3086 123
3087 123
3088 144
3089 3
3090 223
3091 144
3092 1
3093 223
3094 138
3095 162
3096 3
3097 222
3098 191
3099 10
3100 3
3101 1
3102 43
3103 42
3104 3
3105 146
3106 43
3107 42
3108 17
3109 17
3110 15
3111 17
3112 17
3113 134
3114 237
3115 134
3116 134
3117 4
3118 52
3119 52
3120 52
3121 52
3122 43
3123 128
3124 6
3125 43
3126 100
3127 168
3128 22
3129 6
3130 240
3131 27
3132 113
3133 132
3134 88
3135 103
3136 88
3137 88
3138 30
3139 100
3140 100
3141 100
3142 53
3143 100
3144 98
3145 107
3146 107
3147 10
3148 25
3149 107
3150 107
3151 64
3152 64
3153 64
3154 21
3155 21
3156 92
3157 202
3158 202
3159 9
3160 103
3161 202
3162 9
3163 170
3164 201
3165 170
3166 61
3167 14
3168 133
3169 133
3170 126
3171 126
3172 90
3173 7
3174 142
3175 143
3176 152
3177 152
3178 206
3179 183
3180 167
3181 213
3182 124
3183 206
3184 241
3185 4
3186 9
3187 241
3188 241
3189 4
3190 108
3191 108
3192 148
3193 57
3194 57
3195 23
3196 28
3197 230
3198 230
3199 136
3200 156
3201 3
3202 148
3203 40
3204 164
3205 0
3206 6
3207 43
3208 0
3209 7
3210 229
3211 229
3212 3
3213 229
3214 225
3215 110
3216 178
3217 176
3218 15
3219 11
3220 25
3221 70
3222 15
3223 176
3224 37
3225 37
3226 105
3227 164
3228 3
3229 120
3230 3
3231 121
3232 164
3233 50
3234 138
3235 50
3236 50
3237 29
3238 211
3239 113
3240 211
3241 211
3242 9
3243 1
3244 169
3245 6
3246 130
3247 6
3248 130
3249 11
3250 148
3251 187
3252 126
3253 17
3254 148
3255 201
3256 2
3257 128
3258 201
3259 201
3260 201
3261 171
3262 247
3263 171
3264 171
3265 171
3266 247
3267 221
3268 146
3269 203
3270 14
3271 190
3272 144
3273 149
3274 144
3275 81
3276 81
3277 78
3278 116
3279 5
3280 116
3281 116
3282 116
3283 3
3284 1
3285 7
3286 191
3287 153
3288 30
3289 3
3290 188
3291 224
3292 14
3293 169
3294 14
3295 18
3296 0
3297 86
3298 12
3299 0
3300 96
3301 12
3302 101
3303 2
3304 3
3305 133
3306 125
3307 11
3308 11
3309 228
3310 6
3311 62
3312 29
3313 29
3314 8
3315 8
3316 51
3317 53
3318 53
3319 19
3320 23
3321 51
3322 23
3323 8
3324 138
3325 23
3326 53
3327 149
3328 152
3329 220
3330 1
3331 149
3332 153
3333 180
3334 153
3335 153
3336 20
3337 134
3338 40
3339 133
3340 10
3341 229
3342 167
3343 40
3344 133
3345 161
3346 161
3347 161
3348 176
3349 146
3350 161
3351 116
3352 117
3353 216
3354 116
3355 35
3356 117
3357 37
3358 51
3359 37
3360 37
3361 238
3362 146
3363 146
3364 238
3365 145
3366 145
3367 146
3368 71
3369 6
3370 11
3371 6
3372 128
3373 11
3374 121
3375 21
3376 16
3377 8
3378 16
3379 25
3380 148
3381 100
3382 12
3383 25
3384 4
3385 15
3386 148
3387 213
3388 213
3389 172
3390 172
3391 147
3392 174
3393 147
3394 147
3395 7
3396 145
3397 20
3398 147
3399 175
3400 175
3401 89
3402 36
3403 247
3404 5
3405 219
3406 219
3407 219
3408 2
3409 13
3410 6
3411 13
3412 12
3413 12
3414 165
3415 1
3416 165
3417 26
3418 1
3419 1
3420 118
3421 118
3422 160
3423 214
3424 113
3425 113
3426 136
3427 1
3428 48
3429 11
3430 48
3431 48
3432 27
3433 108
3434 3
3435 75
3436 31
3437 31
3438 108
3439 15
3440 15
3441 15
3442 130
3443 5
3444 4
3445 213
3446 200
3447 70
3448 42
3449 155
3450 4
3451 155
3452 153
3453 11
3454 11
3455 29
3456 243
3457 178
3458 169
3459 10
3460 3
3461 228
3462 6
3463 160
3464 112
3465 187
3466 112
3467 112
3468 112
3469 34
3470 34
3471 35
3472 34
3473 88
3474 97
3475 93
3476 19
3477 30
3478 208
3479 1
3480 223
3481 208
3482 11
3483 23
3484 113
3485 176
3486 235
3487 121
3488 223
3489 223
3490 202
3491 134
3492 124
3493 215
3494 228
3495 228
3496 228
3497 228
3498 107
3499 34
3500 56
3501 4
3502 76
3503 6
3504 109
3505 5
3506 109
3507 36
3508 36
3509 151
3510 156
3511 151
3512 144
3513 66
3514 78
3515 120
3516 76
3517 10
3518 10
3519 10
3520 163
3521 157
3522 163
3523 163
3524 158
3525 163
3526 163
3527 87
3528 87
3529 3
3530 87
3531 120
3532 23
3533 120
3534 120
3535 120
3536 23
3537 120
3538 212
3539 0
3540 80
3541 212
3542 212
3543 212
3544 21
3545 0
3546 233
3547 157
3548 212
3549 171
3550 171
3551 171
3552 171
3553 171
3554 171
3555 171
3556 173
3557 12
3558 12
3559 61
3560 16
3561 5
3562 61
3563 85
3564 85
3565 85
3566 85
3567 85
3568 211
3569 146
3570 189
3571 130
3572 140
3573 152
3574 226
3575 152
3576 188
3577 188
3578 188
3579 244
3580 244
3581 48
3582 244
3583 244
3584 141
3585 139
3586 141
3587 144
3588 108
3589 140
3590 166
3591 206
3592 211
3593 238
3594 228
3595 192
3596 29
3597 120
3598 186
3599 48
3600 120
3601 186
3602 48
3603 14
3604 84
3605 145
3606 14
3607 101
3608 101
3609 101
3610 101
3611 101
3612 101
3613 101
3614 215
3615 172
3616 190
3617 101
3618 101
3619 172
3620 187
3621 187
3622 3
3623 148
3624 47
3625 42
3626 203
3627 1
3628 154
3629 85
3630 16
3631 16
3632 136
3633 3
3634 136
3635 234
3636 234
3637 234
3638 171
3639 216
3640 178
3641 171
3642 216
3643 104
3644 104
3645 14
3646 113
3647 54
3648 54
3649 228
3650 203
3651 82
3652 12
3653 82
3654 12
3655 68
3656 68
3657 146
3658 40
3659 0
3660 153
3661 51
3662 40
3663 15
3664 21
3665 173
3666 20
3667 166
3668 1
3669 20
3670 23
3671 147
3672 147
3673 147
3674 39
3675 39
3676 39
3677 230
3678 118
3679 27
3680 195
3681 136
3682 183
3683 195
3684 0
3685 218
3686 1
3687 155
3688 113
3689 155
3690 113
3691 155
3692 91
3693 3
3694 104
3695 9
3696 1
3697 104
3698 52
3699 129
3700 52
3701 52
3702 153
3703 200
3704 209
3705 0
3706 10
3707 153
3708 209
3709 106
3710 208
3711 212
3712 106
3713 106
3714 177
3715 9
3716 177
3717 245
3718 245
3719 20
3720 16
3721 21
3722 82
3723 81
3724 82
3725 82
3726 143
3727 143
3728 38
3729 38
3730 38
3731 38
3732 96
3733 96
3734 40
3735 40
3736 101
3737 101
3738 23
3739 22
3740 23
3741 23
3742 3
3743 22
3744 6
3745 23
3746 40
3747 76
3748 21
3749 150
3750 154
3751 23
3752 226
3753 148
3754 152
3755 199
3756 226
3757 148
3758 160
3759 31
3760 3
3761 77
3762 77
3763 234
3764 234
3765 234
3766 209
3767 209
3768 209
3769 93
3770 93
3771 13
3772 91
3773 91
3774 91
3775 239
3776 239
3777 5
3778 239
3779 135
3780 239
3781 162
3782 192
3783 174
3784 27
3785 27
3786 209
3787 44
3788 44
3789 92
3790 15
3791 16
3792 90
3793 4
3794 88
3795 88
3796 88
3797 88
3798 88
3799 88
3800 12
3801 23
3802 5
3803 86
3804 12
3805 12
3806 8
3807 3
3808 8
3809 1
3810 19
3811 23
3812 95
3813 95
3814 95
3815 133
3816 208
3817 133
3818 42
3819 213
3820 213
3821 213
3822 1
3823 207
3824 213
3825 170
3826 218
3827 5
3828 12
3829 126
3830 244
3831 74
3832 74
3833 75
3834 3
3835 70
3836 100
3837 6
3838 3
3839 228
3840 3
3841 217
3842 217
3843 86
3844 6
3845 86
3846 86
3847 5
3848 141
3849 152
3850 141
3851 137
3852 4
3853 135
3854 142
3855 4
3856 246
3857 48
3858 246
3859 59
3860 60
3861 59
3862 59
3863 62
3864 210
3865 210
3866 210
3867 210
3868 156
3869 2
3870 2
3871 156
3872 185
3873 152
3874 187
3875 185
3876 185
3877 215
3878 20
3879 21
3880 228
3881 230
3882 215
3883 203
3884 240
3885 6
3886 13
3887 119
3888 119
3889 119
3890 45
3891 65
3892 65
3893 65
3894 65
3895 65
3896 102
3897 235
3898 227
3899 48
3900 233
3901 102
3902 187
3903 6
3904 217
3905 23
3906 115
3907 23
3908 9
3909 6
3910 146
3911 43
3912 3
3913 178
3914 172
3915 84
3916 172
3917 178
3918 43
3919 43
3920 43
3921 151
3922 151
3923 151
3924 127
3925 12
3926 125
3927 12
3928 175
3929 1
3930 1
3931 160
3932 160
3933 224
3934 8
3935 160
3936 40
3937 210
3938 31
3939 41
3940 49
3941 11
3942 40
3943 25
3944 23
3945 138
3946 8
3947 0
3948 99
3949 156
3950 8
3951 6
3952 2
3953 189
3954 189
3955 189
3956 100
3957 193
3958 38
3959 30
3960 80
3961 13
3962 30
3963 30
3964 240
3965 145
3966 240
3967 80
3968 80
3969 230
3970 105
3971 0
3972 0
3973 11
3974 179
3975 3
3976 11
3977 128
3978 20
3979 11
3980 136
3981 11
3982 101
3983 101
3984 2
3985 77
3986 77
3987 128
3988 77
3989 77
3990 11
3991 25
3992 86
3993 86
3994 139
3995 40
3996 10
3997 10
3998 40
3999 40
4000 41
4001 97
4002 0
4003 0
4004 97
4005 156
4006 156
4007 222
4008 57
4009 57
4010 57
4011 57
4012 57
4013 213
4014 103
4015 178
4016 127
4017 213
4018 31
4019 28
4020 21
4021 127
4022 213
4023 74
4024 228
4025 235
4026 168
4027 228
4028 135
4029 173
4030 135
4031 8
4032 144
4033 8
4034 5
4035 163
4036 164
4037 19
4038 7
4039 19
4040 163
4041 163
4042 163
4043 7
4044 131
4045 96
4046 131
4047 131
4048 6
4049 6
4050 96
4051 174
4052 20
4053 146
4054 143
4055 239
4056 146
4057 143
4058 218
4059 129
4060 154
4061 132
4062 218
4063 129
4064 184
4065 184
4066 184
4067 49
4068 3
4069 5
4070 49
4071 49
4072 51
4073 54
4074 51
4075 30
4076 0
4077 21
4078 0
4079 220
4080 145
4081 145
4082 145
4083 186
4084 7
4085 29
4086 29
4087 29
4088 89
4089 93
4090 204
4091 5
4092 5
4093 186
4094 174
4095 174
4096 52
4097 53
4098 11
4099 223
4100 224
4101 67
4102 67
4103 215
4104 215
4105 162
4106 196
4107 204
4108 67
4109 67
4110 67
4111 90
4112 90
4113 27
4114 85
4115 145
4116 145
4117 111
4118 15
4119 67
4120 105
4121 189
4122 11
4123 76
4124 127
4125 36
4126 132
4127 17
4128 9
4129 201
4130 150
4131 234
4132 105
4133 8
4134 8
4135 152
4136 70
4137 152
4138 9
4139 152
4140 126
4141 3
4142 190
4143 126
4144 126
4145 217
4146 5
4147 185
4148 71
4149 71
4150 52
4151 107
4152 107
4153 234
4154 234
4155 22
4156 75
4157 50
4158 75
4159 32
4160 117
4161 115
4162 23
4163 154
4164 244
4165 115
4166 0
4167 115
4168 23
4169 134
4170 115
4171 115
4172 50
4173 17
4174 110
4175 9
4176 50
4177 50
4178 21
4179 50
4180 70
4181 224
4182 20
4183 229
4184 32
4185 3
4186 25
4187 39
4188 32
4189 32
4190 32
4191 9
4192 99
4193 8
4194 96
4195 6
4196 6
4197 99
4198 99
4199 49
4200 12
4201 17
4202 49
4203 12
4204 231
4205 4
4206 145
4207 5
4208 129
4209 4
4210 107
4211 107
4212 107
4213 44
4214 9
4215 128
4216 8
4217 127
4218 178
4219 178
4220 178
4221 30
4222 61
4223 7
4224 61
4225 5
4226 61
4227 123
4228 22
4229 20
4230 22
4231 20
4232 209
4233 209
4234 144
4235 158
4236 122
4237 4
4238 122
4239 122
4240 11
4241 11
4242 14
4243 10
4244 14
4245 14
4246 155
4247 5
4248 43
4249 43
4250 115
4251 8
4252 216
4253 0
4254 8
4255 115
4256 115
4257 10
4258 15
4259 0
4260 8
4261 115
4262 115
4263 200
4264 228
4265 115
4266 115
4267 115
4268 53
4269 216
4270 76
4271 115
4272 115
4273 104
4274 104
4275 225
4276 229
4277 229
4278 140
4279 146
4280 140
4281 193
4282 96
4283 6
4284 102
4285 7
4286 140
4287 75
4288 156
4289 180
4290 156
4291 13
4292 154
4293 184
4294 154
4295 4
4296 179
4297 179
4298 76
4299 51
4300 33
4301 76
4302 238
4303 238
4304 208
4305 238
4306 204
4307 140
4308 10
4309 10
4310 11
4311 0
4312 10
4313 11
4314 130
4315 130
4316 130
4317 157
4318 157
4319 157
4320 157
4321 86
4322 13
4323 86
4324 180
4325 180
4326 58
4327 58
4328 10
4329 193
4330 102
4331 73
4332 200
4333 197
4334 73
4335 73
4336 126
4337 126
4338 126
4339 174
4340 152
4341 210
4342 103
4343 25
4344 25
4345 25
4346 25
4347 31
4348 16
4349 155
4350 26
4351 25
4352 100
4353 189
4354 168
4355 61
4356 13
4357 52
4358 193
4359 127
4360 52
4361 148
4362 193
4363 52
4364 199
4365 199
4366 6
4367 198
4368 199
4369 102
4370 103
4371 102
4372 245
4373 53
4374 10
4375 22
4376 0
4377 129
4378 16
4379 8
4380 22
4381 52
4382 144
4383 58
4384 58
4385 58
4386 246
4387 207
4388 246
4389 246
4390 246
4391 172
4392 172
4393 246
4394 246
4395 89
4396 0
4397 89
4398 23
4399 168
4400 3
4401 23
4402 168
4403 71
4404 71
4405 119
4406 119
4407 32
4408 121
4409 161
4410 9
4411 70
4412 70
4413 36
4414 37
4415 36
4416 2
4417 37
4418 1
4419 113
4420 113
4421 105
4422 146
4423 163
4424 164
4425 146
4426 146
4427 130
4428 130
4429 187
4430 130
4431 194
4432 58
4433 102
4434 58
4435 150
4436 150
4437 9
4438 26
4439 111
4440 109
4441 41
4442 111
4443 109
4444 71
4445 6
4446 187
4447 173
4448 6
4449 11
4450 45
4451 45
4452 14
4453 14
4454 31
4455 74
4456 6
4457 23
4458 74
4459 74
4460 15
4461 7
4462 243
4463 188
4464 4
4465 138
4466 138
4467 4
4468 201
4469 188
4470 240
4471 113
4472 109
4473 11
4474 111
4475 49
4476 49
4477 10
4478 111
4479 26
4480 26
4481 26
4482 18
4483 16
4484 1
4485 9
4486 16
4487 26
4488 18
4489 26
4490 29
4491 177
4492 21
4493 231
4494 9
4495 9
4496 156
4497 6
4498 54
4499 156
4500 0
4501 152
4502 156
4503 156
4504 130
4505 6
4506 136
4507 142
4508 46
4509 5
4510 46
4511 222
4512 37
4513 222
4514 157
4515 157
4516 157
4517 228
4518 240
4519 87
4520 157
4521 40
4522 106
4523 40
4524 113
4525 171
4526 124
4527 184
4528 143
4529 95
4530 124
4531 184
4532 124
4533 198
4534 198
4535 25
4536 4
4537 172
4538 172
4539 234
4540 150
4541 21
4542 3
4543 41
4544 172
4545 200
4546 152
4547 152
4548 152
4549 240
4550 4
4551 243
4552 5
4553 220
4554 136
4555 220
4556 239
4557 220
4558 180
4559 14
4560 221
4561 239
4562 34
4563 33
4564 35
4565 34
4566 41
4567 77
4568 77
4569 17
4570 29
4571 69
4572 17
4573 210
4574 204
4575 202
4576 125
4577 3
4578 173
4579 85
4580 126
4581 125
4582 6
4583 173
4584 122
4585 78
4586 127
4587 127
4588 37
4589 3
4590 7
4591 168
4592 5
4593 205
4594 4
4595 7
4596 212
4597 156
4598 4
4599 160
4600 78
4601 239
4602 174
4603 198
4604 174
4605 5
4606 14
4607 199
4608 239
4609 174
4610 14
4611 237
4612 10
4613 10
4614 47
4615 3
4616 93
4617 47
4618 4
4619 100
4620 7
4621 23
4622 45
4623 26
4624 154
4625 154
4626 154
4627 4
4628 154
4629 67
4630 67
4631 52
4632 52
4633 52
4634 233
4635 233
4636 127
4637 7
4638 76
4639 97
4640 24
4641 24
4642 24
4643 153
4644 5
4645 144
4646 142
4647 22
4648 142
4649 138
4650 22
4651 22
4652 179
4653 179
4654 179
4655 31
4656 7
4657 150
4658 6
4659 179
4660 179
4661 7
4662 179
4663 179
4664 205
4665 205
4666 213
4667 31
4668 30
4669 214
4670 31
4671 15
4672 152
4673 79
4674 30
4675 89
4676 220
4677 9
4678 153
4679 220
4680 12
4681 99
4682 242
4683 236
4684 12
4685 184
4686 155
4687 6
4688 190
4689 216
4690 14
4691 147
4692 216
4693 97
4694 97
4695 21
4696 246
4697 246
4698 216
4699 173
4700 41
4701 173
4702 41
4703 142
4704 3
4705 3
4706 142
4707 218
4708 213
4709 218
4710 218
4711 50
4712 181
4713 85
4714 85
4715 85
4716 105
4717 85
4718 85
4719 211
4720 211
4721 211
4722 126
4723 126
4724 240
4725 240
4726 179
4727 99
4728 149
4729 149
4730 69
4731 69
4732 62
4733 62
4734 122
4735 180
4736 147
4737 66
4738 66
4739 66
4740 231
4741 231
4742 102
4743 102
4744 102
4745 102
4746 102
4747 89
4748 133
4749 133
4750 133
4751 133
4752 3
4753 133
4754 133
4755 133
4756 99
4757 9
4758 99
4759 51
4760 14
4761 162
4762 9
4763 88
4764 84
4765 84
4766 84
4767 109
4768 101
4769 56
4770 22
4771 101
4772 56
4773 31
4774 5
4775 3
4776 31
4777 46
4778 30
4779 46
4780 30
4781 1
4782 30
4783 5
4784 228
4785 219
4786 228
4787 78
4788 8
4789 228
4790 56
4791 62
4792 56
4793 56
4794 56
4795 56
4796 56
4797 152
4798 152
4799 152
4800 183
4801 152
4802 178
4803 180
4804 4
4805 4
4806 88
4807 88
4808 88
4809 27
4810 22
4811 22
4812 29
4813 29
4814 107
4815 78
4816 4
4817 43
4818 43
4819 43
4820 204
4821 159
4822 204
4823 128
4824 204
4825 9
4826 9
4827 9
4828 72
4829 72
4830 60
4831 72
4832 72
4833 72
4834 214
4835 214
4836 44
4837 59
4838 72
4839 156
4840 148
4841 148
4842 7
4843 44
4844 164
4845 74
4846 5
4847 44
4848 1
4849 100
4850 143
4851 100
4852 7
4853 6
4854 100
4855 15
4856 101
4857 101
4858 8
4859 62
4860 208
4861 208
4862 117
4863 134
4864 17
4865 134
4866 117
4867 230
4868 183
4869 183
4870 183
4871 162
4872 162
4873 164
4874 164
4875 11
4876 127
4877 130
4878 127
4879 127
4880 9
4881 127
4882 151
4883 151
4884 56
4885 56
4886 7
4887 63
4888 63
4889 63
4890 63
4891 63
4892 192
4893 192
4894 148
4895 107
4896 6
4897 6
4898 38
4899 148
4900 197
4901 45
4902 197
4903 11
4904 0
4905 72
4906 144
4907 238
4908 144
4909 25
4910 21
4911 25
4912 21
4913 78
4914 106
4915 68
4916 68
4917 186
4918 186
4919 173
4920 186
4921 148
4922 186
4923 188
4924 27
4925 205
4926 9
4927 188
4928 9
4929 176
4930 205
4931 6
4932 106
4933 19
4934 27
4935 155
4936 232
4937 126
4938 143
4939 30
4940 15
4941 192
4942 21
4943 23
4944 22
4945 23
4946 204
4947 22
4948 23
4949 23
4950 204
4951 58
4952 58
4953 38
4954 60
4955 7
4956 38
4957 60
4958 1
4959 117
4960 142
4961 3
4962 108
4963 43
4964 108
4965 43
4966 108
4967 107
4968 30
4969 30
4970 168
4971 190
4972 10
4973 118
4974 222
4975 121
4976 159
4977 159
4978 97
4979 71
4980 71
4981 56
4982 7
4983 7
4984 49
4985 142
4986 8
4987 142
4988 193
4989 8
4990 74
4991 146
4992 81
4993 25
4994 243
4995 243
4996 196
4997 243
4998 243
4999 189
5000 217
5001 81
5002 192
5003 238
5004 238
5005 1
5006 235
5007 235
5008 115
5009 16
5010 16
5011 150
5012 217
5013 0
5014 0
5015 87
5016 9
5017 1
5018 20
5019 105
5020 87
5021 112
5022 66
5023 101
5024 18
5025 101
5026 101
5027 30
5028 15
5029 30
5030 15
5031 86
5032 45
5033 30
5034 50
5035 45
5036 45
5037 3
5038 30
5039 101
5040 150
5041 3
5042 3
5043 7
5044 234
5045 234
5046 9
5047 201
5048 21
5049 21
5050 71
5051 71
5052 71
5053 94
5054 67
5055 203
5056 143
5057 11
5058 143
5059 60
5060 60
5061 37
5062 4
5063 0
5064 143
5065 84
5066 19
5067 57
5068 182
5069 105
5070 19
5071 105
5072 66
5073 66
5074 65
5075 66
5076 21
5077 66
5078 71
5079 71
5080 71
5081 71
5082 101
5083 22
5084 10
5085 10
5086 22
5087 166
5088 5
5089 4
5090 183
5091 48
5092 8
5093 191
5094 8
5095 20
5096 18
5097 49
5098 191
5099 16
5100 48
5101 28
5102 156
5103 28
5104 28
5105 28
5106 168
5107 6
5108 166
5109 168
5110 128
5111 6
5112 77
5113 168
5114 171
5115 8
5116 171
5117 103
5118 103
5119 51
5120 3
5121 51
5122 21
5123 245
5124 228
5125 71
5126 72
5127 72
5128 160
5129 57
5130 71
5131 71
5132 169
5133 30
5134 169
5135 138
5136 9
5137 30
5138 140
5139 86
5140 89
5141 154
5142 4
5143 149
5144 154
5145 239
5146 166
5147 182
5148 4
5149 144
5150 35
5151 188
5152 35
5153 235
5154 235
5155 6
5156 235
5157 55
5158 70
5159 70
5160 97
5161 97
5162 219
5163 219
5164 3
5165 9
5166 213
5167 41
5168 129
5169 125
5170 23
5171 82
5172 215
5173 82
5174 82
5175 23
5176 82
5177 82
5178 52
5179 148
5180 44
5181 4
5182 122
5183 122
5184 117
5185 122
5186 82
5187 1
5188 203
5189 1
5190 143
5191 82
5192 1
5193 15
5194 70
5195 15
5196 11
5197 15
5198 140
5199 13
5200 140
5201 133
5202 82
5203 151
5204 151
5205 151
5206 152
5207 4
5208 163
5209 49
5210 63
5211 63
5212 64
5213 63
5214 225
5215 225
5216 189
5217 139
5218 139
5219 198
5220 7
5221 67
5222 67
5223 30
5224 67
5225 102
5226 106
5227 65
5228 65
5229 65
5230 112
5231 114
5232 94
5233 94
5234 94
5235 74
5236 46
5237 94
5238 64
5239 64
5240 64
5241 64
5242 64
5243 43
5244 43
5245 43
5246 43
5247 209
5248 105
5249 6
5250 209
5251 16
5252 16
5253 136
5254 136
5255 136
5256 1
5257 196
5258 116
5259 73
5260 27
5261 10
5262 73
5263 116
5264 116
5265 146
5266 0
5267 48
5268 48
5269 3
5270 206
5271 82
5272 91
5273 80
5274 201
5275 82
5276 3
5277 229
5278 229
5279 229
5280 26
5281 115
5282 104
5283 115
5284 115
5285 69
5286 237
5287 237
5288 237
5289 237
5290 237
5291 196
5292 196
5293 196
5294 196
5295 196
5296 126
5297 196
5298 196
5299 91
5300 91
5301 91
5302 96
5303 11
5304 96
5305 72
5306 72
5307 0
5308 20
5309 23
5310 67
5311 72
5312 239
5313 235
5314 235
5315 99
5316 244
5317 21
5318 7
5319 211
5320 9
5321 211
5322 9
5323 81
5324 81
5325 142
5326 222
5327 192
5328 222
5329 195
5330 195
5331 9
5332 97
5333 25
5334 40
5335 40
5336 4
5337 129
5338 99
5339 99
5340 129
5341 37
5342 203
5343 47
5344 111
5345 37
5346 111
5347 175
5348 204
5349 14
5350 5
5351 199
5352 199
5353 212
5354 199
5355 40
5356 22
5357 99
5358 22
5359 116
5360 70
5361 3
5362 84
5363 96
5364 116
5365 116
5366 116
5367 116
5368 90
5369 231
5370 231
5371 231
5372 72
5373 66
5374 231
5375 45
5376 45
5377 45
5378 119
5379 37
5380 133
5381 34
5382 45
5383 90
5384 37
5385 45
5386 55
5387 67
5388 14
5389 12
5390 61
5391 209
5392 14
5393 209
5394 200
5395 200
5396 92
5397 151
5398 151
5399 239
5400 205
5401 151
5402 228
5403 74
5404 71
5405 74
5406 133
5407 105
5408 105
5409 27
5410 27
5411 27
5412 27
5413 187
5414 164
5415 187
5416 73
5417 73
5418 174
5419 144
5420 174
5421 47
5422 123
5423 89
5424 154
5425 175
5426 189
5427 189
5428 72
5429 236
5430 195
5431 95
5432 94
5433 197
5434 166
5435 111
5436 95
5437 245
5438 239
5439 245
5440 6
5441 246
5442 161
5443 161
5444 49
5445 109
5446 61
5447 61
5448 61
5449 95
5450 6
5451 43
5452 236
5453 240
5454 24
5455 142
5456 240
5457 240
5458 208
5459 208
5460 9
5461 51
5462 208
5463 51
5464 12
5465 51
5466 246
5467 12
5468 201
5469 25
5470 80
5471 75
5472 75
5473 218
5474 11
5475 144
5476 218
5477 150
5478 5
5479 152
5480 103
5481 24
5482 111
5483 25
5484 24
5485 103
5486 96
5487 86
5488 96
5489 96
5490 213
5491 31
5492 128
5493 186
5494 235
5495 9
5496 9
5497 14
5498 1
5499 209
5500 14
5501 154
5502 7
5503 154
5504 154
5505 0
5506 0
5507 0
5508 7
5509 188
5510 188
5511 86
5512 188
5513 1
5514 199
5515 25
5516 6
5517 21
5518 21
5519 21
5520 109
5521 35
5522 136
5523 61
5524 12
5525 143
5526 233
5527 154
5528 132
5529 132
5530 20
5531 247
5532 96
5533 96
5534 96
5535 112
5536 113
5537 113
5538 156
5539 158
5540 22
5541 22
5542 180
5543 69
5544 25
5545 137
5546 0
5547 40
5548 0
5549 55
5550 92
5551 55
5552 92
5553 87
5554 87
5555 87
5556 122
5557 14
5558 24
5559 24
5560 14
5561 122
5562 70
5563 55
5564 143
5565 14
5566 143
5567 158
5568 145
5569 174
5570 234
5571 129
5572 133
5573 106
5574 106
5575 23
5576 23
5577 22
5578 22
5579 81
5580 209
5581 90
5582 81
5583 80
5584 96
5585 96
5586 96
5587 9
5588 5
5589 172
5590 92
5591 92
5592 191
5593 5
5594 5
5595 5
5596 155
5597 92
5598 39
5599 39
5600 140
5601 7
5602 140
5603 170
5604 156
5605 12
5606 12
5607 90
5608 160
5609 33
5610 34
5611 34
5612 33
5613 33
5614 33
5615 33
5616 163
5617 0
5618 164
5619 35
5620 35
5621 42
5622 42
5623 244
5624 0
5625 246
5626 246
5627 117
5628 244
5629 46
5630 145
5631 144
5632 46
5633 42
5634 42
5635 42
5636 102
5637 108
5638 13
5639 22
5640 169
5641 23
5642 246
5643 246
5644 246
5645 89
5646 0
5647 176
5648 196
5649 209
5650 226
5651 196
5652 31
5653 13
5654 9
5655 9
5656 13
5657 88
5658 88
5659 67
5660 44
5661 67
5662 67
5663 148
5664 240
5665 12
5666 228
5667 228
5668 61
5669 61
5670 226
5671 60
5672 176
5673 60
5674 234
5675 234
5676 159
5677 234
5678 234
5679 135
5680 49
5681 135
5682 18
5683 135
5684 191
5685 76
5686 191
5687 87
5688 138
5689 5
5690 213
5691 87
5692 7
5693 241
5694 151
5695 151
5696 142
5697 151
5698 4
5699 152
5700 152
5701 54
5702 54
5703 54
5704 54
5705 119
5706 34
5707 34
5708 230
5709 22
5710 24
5711 230
5712 225
5713 11
5714 138
5715 24
5716 5
5717 5
5718 34
5719 35
5720 34
5721 34
5722 34
5723 144
5724 144
5725 174
5726 174
5727 9
5728 9
5729 232
5730 164
5731 196
5732 232
5733 172
5734 213
5735 164
5736 74
5737 74
5738 74
5739 74
5740 122
5741 122
5742 210
5743 145
5744 128
5745 151
5746 205
5747 210
5748 151
5749 210
5750 124
5751 41
5752 42
5753 56
5754 56
5755 56
5756 78
5757 56
5758 131
5759 131
5760 131
5761 131
5762 208
5763 208
5764 208
5765 67
5766 208
5767 208
5768 164
5769 164
5770 164
5771 29
5772 164
5773 164
5774 86
5775 71
5776 144
5777 164
5778 16
5779 144
5780 15
5781 247
5782 247
5783 247
5784 247
5785 19
5786 247
5787 247
5788 113
5789 113
5790 151
5791 113
5792 113
5793 190
5794 173
5795 6
5796 6
5797 173
5798 140
5799 158
5800 13
5801 14
5802 4
5803 14
5804 14
5805 105
5806 14
5807 5
5808 149
5809 220
5810 225
5811 149
5812 11
5813 186
5814 11
5815 220
5816 140
5817 148
5818 140
5819 38
5820 38
5821 182
5822 172
5823 171
5824 182
5825 39
5826 6
5827 6
5828 6
5829 246
5830 13
5831 246
5832 13
5833 13
5834 166
5835 149
5836 137
5837 215
5838 243
5839 215
5840 215
5841 209
5842 35
5843 35
5844 35
5845 172
5846 172
5847 168
5848 181
5849 5
5850 167
5851 85
5852 85
5853 43
5854 166
5855 14
5856 17
5857 9
5858 3
5859 9
5860 76
5861 141
5862 166
5863 29
5864 29
5865 29
5866 29
5867 78
5868 11
5869 190
5870 188
5871 108
5872 108
5873 108
5874 202
5875 201
5876 202
5877 54
5878 25
5879 155
5880 54
5881 25
5882 93
5883 29
5884 1
5885 5
5886 137
5887 138
5888 137
5889 63
5890 63
5891 63
5892 64
5893 63
5894 64
5895 184
5896 184
5897 196
5898 196
5899 47
5900 141
5901 95
5902 95
5903 95
5904 237
5905 13
5906 230
5907 119
5908 230
5909 245
5910 190
5911 190
5912 190
5913 9
5914 190
5915 82
5916 95
5917 4
5918 143
5919 143
5920 143
5921 14
5922 10
5923 14
5924 43
5925 43
5926 44
5927 13
5928 86
5929 44
5930 45
5931 44
5932 31
5933 6
5934 6
5935 133
5936 133
5937 8
5938 133
5939 7
5940 184
5941 125
5942 82
5943 209
5944 3
5945 209
5946 209
5947 113
5948 52
5949 168
5950 147
5951 28
5952 25
5953 147
5954 155
5955 155
5956 27
5957 15
5958 83
5959 27
5960 182
5961 182
5962 132
5963 132
5964 132
5965 157
5966 231
5967 141
5968 141
5969 157
5970 205
5971 10
5972 205
5973 10
5974 9
5975 105
5976 234
5977 149
5978 146
5979 189
5980 44
5981 44
5982 107
5983 156
5984 156
5985 156
5986 82
5987 0
5988 81
5989 82
5990 79
5991 14
5992 81
5993 81
5994 82
5995 0
5996 197
5997 0
5998 197
5999 192
6000 146
6001 211
6002 22
6003 14
6004 192
6005 211
6006 80
6007 80
6008 80
6009 80
6010 234
6011 234
6012 241
6013 9
6014 126
6015 126
6016 202
6017 234
6018 124
6019 176
6020 234
6021 6
6022 107
6023 176
6024 245
6025 245
6026 245
6027 170
6028 170
6029 39
6030 35
6031 39
6032 39
6033 35
6034 134
6035 149
6036 134
6037 136
6038 136
6039 222
6040 42
6041 0
6042 42
6043 135
6044 169
6045 41
6046 135
6047 154
6048 161
6049 241
6050 236
6051 16
6052 16
6053 17
6054 149
6055 81
6056 149
6057 149
6058 195
6059 150
6060 21
6061 218
6062 210
6063 68
6064 164
6065 228
6066 199
6067 228
6068 108
6069 148
6070 148
6071 108
6072 7
6073 148
6074 117
6075 3
6076 27
6077 238
6078 240
6079 27
6080 130
6081 45
6082 27
6083 240
6084 238
6085 27
6086 110
6087 17
6088 24
6089 12
6090 12
6091 24
6092 179
6093 78
6094 13
6095 111
6096 111
6097 67
6098 156
6099 5
6100 10
6101 6
6102 18
6103 209
6104 4
6105 146
6106 213
6107 220
6108 220
6109 31
6110 0
6111 21
6112 136
6113 0
6114 21
6115 159
6116 159
6117 98
6118 148
6119 159
6120 114
6121 34
6122 34
6123 151
6124 137
6125 151
6126 151
6127 137
6128 96
6129 238
6130 96
6131 14
6132 96
6133 4
6134 238
6135 203
6136 28
6137 203
6138 203
6139 28
6140 100
6141 100
6142 168
6143 156
6144 176
6145 168
6146 168
6147 225
6148 232
6149 237
6150 199
6151 199
6152 199
6153 114
6154 5
6155 125
6156 114
6157 114
6158 207
6159 207
6160 1
6161 104
6162 104
6163 184
6164 93
6165 166
6166 184
6167 40
6168 113
6169 40
6170 41
6171 41
6172 41
6173 40
6174 40
6175 210
6176 46
6177 201
6178 210
6179 210
6180 210
6181 144
6182 134
6183 146
6184 134
6185 211
6186 181
6187 188
6188 184
6189 129
6190 220
6191 220
6192 21
6193 19
6194 21
6195 215
6196 215
6197 215
6198 130
6199 184
6200 14
6201 16
6202 16
6203 179
6204 179
6205 179
6206 179
6207 179
6208 120
6209 120
6210 120
6211 222
6212 8
6213 222
6214 8
6215 132
6216 132
6217 183
6218 8
6219 8
6220 180
6221 101
6222 127
6223 206
6224 180
6225 125
6226 125
6227 121
6228 121
6229 6
6230 6
6231 198
6232 198
6233 21
6234 54
6235 8
6236 78
6237 54
6238 126
6239 241
6240 154
6241 234
6242 238
6243 4
6244 195
6245 1
6246 150
6247 195
6248 23
6249 150
6250 170
6251 150
6252 150
6253 30
6254 30
6255 38
6256 38
6257 10
6258 245
6259 88
6260 98
6261 1
6262 135
6263 98
6264 98
6265 164
6266 109
6267 17
6268 206
6269 102
6270 174
6271 174
6272 48
6273 48
6274 138
6275 6
6276 124
6277 107
6278 20
6279 107
6280 8
6281 88
6282 3
6283 49
6284 49
6285 0
6286 172
6287 34
6288 34
6289 34
6290 34
6291 34
6292 64
6293 64
6294 64
6295 64
6296 64
6297 108
6298 108
6299 197
6300 5
6301 176
6302 176
6303 177
6304 60
6305 60
6306 5
6307 131
6308 131
6309 194
6310 72
6311 66
6312 66
6313 66
6314 200
6315 200
6316 200
6317 200
6318 200
6319 168
6320 168
6321 168
6322 17
6323 197
6324 222
6325 93
6326 79
6327 79
6328 79
6329 190
6330 177
6331 178
6332 134
6333 191
6334 178
6335 178
6336 152
6337 0
6338 125
6339 125
6340 125
6341 67
6342 67
6343 67
6344 67
6345 98
6346 14
6347 98
6348 30
6349 148
6350 30
6351 30
6352 148
6353 225
6354 225
6355 14
6356 157
6357 157
6358 10
6359 121
6360 192
6361 85
6362 140
6363 192
6364 192
6365 216
6366 192
6367 109
6368 28
6369 109
6370 109
6371 109
6372 178
6373 117
6374 60
6375 117
6376 228
6377 60
6378 88
6379 88
6380 88
6381 88
6382 88
6383 242
6384 5
6385 94
6386 94
6387 13
6388 55
6389 154
6390 4
6391 14
6392 163
6393 163
6394 151
6395 10
6396 163
6397 114
6398 19
6399 114
6400 124
6401 114
6402 165
6403 165
6404 7
6405 1
6406 23
6407 184
6408 184
6409 191
6410 181
6411 181
6412 98
6413 72
6414 72
6415 71
6416 65
6417 121
6418 72
6419 70
6420 72
6421 214
6422 214
6423 214
6424 214
6425 214
6426 200
6427 200
6428 200
6429 200
6430 120
6431 120
6432 0
6433 74
6434 14
6435 184
6436 184
6437 7
6438 39
6439 40
6440 153
6441 153
6442 153
6443 13
6444 151
6445 62
6446 151
6447 104
6448 104
6449 104
6450 104
6451 104
6452 46
6453 46
6454 226
6455 165
6456 226
6457 242
6458 4
6459 201
6460 242
6461 4
6462 231
6463 89
6464 206
6465 231
6466 144
6467 91
6468 231
6469 215
6470 215
6471 102
6472 102
6473 103
6474 102
6475 102
6476 243
6477 243
6478 243
6479 89
6480 243
6481 243
6482 243
6483 190
6484 190
6485 223
6486 39
6487 78
6488 78
6489 30
6490 171
6491 5
6492 156
6493 171
6494 171
6495 17
6496 216
6497 216
6498 98
6499 229
6500 236
6501 109
6502 14
6503 25
6504 54
6505 6
6506 14
6507 77
6508 127
6509 187
6510 187
6511 89
6512 89
6513 28
6514 142
6515 142
6516 96
6517 196
6518 92
6519 15
6520 142
6521 88
6522 160
6523 237
6524 196
6525 80
6526 142
6527 110
6528 43
6529 130
6530 42
6531 112
6532 43
6533 50
6534 50
6535 50
6536 84
6537 84
6538 99
6539 10
6540 9
6541 111
6542 211
6543 211
6544 158
6545 158
6546 158
6547 157
6548 96
6549 96
6550 96
6551 73
6552 3
6553 96
6554 157
6555 157
6556 157
6557 157
6558 46
6559 46
6560 206
6561 206
6562 207
6563 206
6564 206
6565 244
6566 209
6567 206
6568 85
6569 207
6570 206
6571 181
6572 4
6573 181
6574 181
6575 181
6576 4
6577 44
6578 5
6579 44
6580 80
6581 44
6582 11
6583 151
6584 151
6585 151
6586 151
6587 0
6588 39
6589 13
6590 197
6591 152
6592 25
6593 92
6594 92
6595 88
6596 155
6597 11
6598 155
6599 155
6600 11
6601 21
6602 1
6603 47
6604 135
6605 135
6606 130
6607 4
6608 83
6609 83
6610 86
6611 12
6612 14
6613 83
6614 105
6615 105
6616 105
6617 105
6618 4
6619 176
6620 180
6621 119
6622 119
6623 119
6624 105
6625 105
6626 56
6627 3
6628 57
6629 57
6630 120
6631 120
6632 120
6633 137
6634 137
6635 26
6636 49
6637 231
6638 231
6639 231
6640 75
6641 231
6642 121
6643 224
6644 9
6645 184
6646 232
6647 219
6648 44
6649 44
6650 62
6651 29
6652 39
6653 124
6654 149
6655 154
6656 184
6657 149
6658 149
6659 1
6660 7
6661 154
6662 22
6663 22
6664 168
6665 22
6666 80
6667 85
6668 85
6669 17
6670 134
6671 85
6672 15
6673 56
6674 15
6675 230
6676 186
6677 186
6678 197
6679 219
6680 135
6681 135
6682 140
6683 127
6684 160
6685 12
6686 3
6687 12
6688 12
6689 81
6690 81
6691 231
6692 135
6693 69
6694 69
6695 69
6696 69
6697 121
6698 34
6699 34
6700 193
6701 10
6702 50
6703 195
6704 27
6705 27
6706 84
6707 84
6708 84
6709 84
6710 180
6711 180
6712 29
6713 14
6714 13
6715 168
6716 136
6717 190
6718 8
6719 190
6720 180
6721 72
6722 142
6723 21
6724 214
6725 15
6726 7
6727 214
6728 214
6729 15
6730 66
6731 66
6732 1
6733 139
6734 147
6735 48
6736 6
6737 91
6738 242
6739 23
6740 135
6741 135
6742 3
6743 144
6744 87
6745 234
6746 99
6747 87
6748 91
6749 91
6750 171
6751 171
6752 144
6753 5
6754 144
6755 19
6756 84
6757 232
6758 158
6759 107
6760 84
6761 85
6762 178
6763 85
6764 48
6765 0
6766 48
6767 48
6768 50
6769 48
6770 104
6771 104
6772 221
6773 221
6774 221
6775 221
6776 221
6777 205
6778 205
6779 205
6780 195
6781 205
6782 205
6783 244
6784 86
6785 246
6786 92
6787 0
6788 108
6789 108
6790 108
6791 108
6792 108
6793 108
6794 108
6795 97
6796 7
6797 78
6798 97
6799 145
6800 7
6801 97
6802 132
6803 40
6804 125
6805 214
6806 1
6807 191
6808 16
6809 147
6810 86
6811 80
6812 80
6813 80
6814 192
6815 192
6816 192
6817 192
6818 88
6819 88
6820 38
6821 38
6822 33
6823 217
6824 205
6825 215
6826 69
6827 69
6828 83
6829 83
6830 86
6831 83
6832 83
6833 83
6834 12
6835 12
6836 12
6837 12
6838 12
6839 12
6840 12
6841 218
6842 139
6843 201
6844 201
6845 201
6846 201
6847 13
6848 89
6849 89
6850 89
6851 10
6852 174
6853 102
6854 102
6855 102
6856 245
6857 148
6858 234
6859 219
6860 219
6861 219
6862 113
6863 162
6864 162
6865 80
6866 80
6867 107
6868 107
6869 0
6870 160
6871 0
6872 94
6873 132
6874 153
6875 132
6876 132
6877 132
6878 0
6879 9
6880 9
6881 9
6882 107
6883 107
6884 239
6885 239
6886 239
6887 239
6888 198
6889 191
6890 198
6891 198
6892 150
6893 136
6894 136
6895 232
6896 181
6897 181
6898 181
6899 198
6900 198
6901 10
6902 8
6903 198
6904 198
6905 187
6906 187
6907 187
6908 10
6909 7
6910 10
6911 197
6912 197
6913 2
6914 243
6915 154
6916 130
6917 189
6918 130
6919 130
6920 14
6921 148
6922 130
6923 226
6924 13
6925 226
6926 180
6927 180
6928 180
6929 10
6930 102
6931 152
6932 57
6933 132
6934 132
6935 132
6936 132
6937 165
6938 6
6939 56
6940 56
6941 37
6942 37
6943 37
6944 102
6945 12
6946 4
6947 12
6948 79
6949 79
6950 14
6951 79
6952 41
6953 22
6954 103
6955 22
6956 10
6957 41
6958 105
6959 22
6960 36
6961 41
6962 32
6963 177
6964 177
6965 187
6966 132
6967 79
6968 79
6969 236
6970 236
6971 55
6972 136
6973 60
6974 109
6975 109
6976 109
6977 136
6978 233
6979 233
6980 15
6981 29
6982 29
6983 12
6984 241
6985 142
6986 128
6987 15
6988 164
6989 48
6990 243
6991 243
6992 174
6993 174
6994 15
6995 54
6996 54
6997 55
6998 245
6999 9
7000 119
7001 92
7002 114
7003 92
7004 52
7005 239
7006 240
7007 97
7008 97
7009 166
7010 241
7011 236
7012 241
7013 241
7014 10
7015 235
7016 241
7017 193
7018 193
7019 193
7020 123
7021 95
7022 123
7023 123
7024 123
7025 221
7026 172
7027 136
7028 54
7029 6
7030 63
7031 133
7032 63
7033 241
7034 161
7035 241
7036 1
7037 63
7038 64
7039 63
7040 64
7041 63
7042 63
7043 119
7044 119
7045 119
7046 14
7047 5
7048 14
7049 14
7050 182
7051 172
7052 152
7053 182
7054 61
7055 186
7056 130
7057 61
7058 130
7059 59
7060 59
7061 59
7062 144
7063 128
7064 139
7065 232
7066 149
7067 139
7068 139
7069 138
7070 176
7071 176
7072 162
7073 42
7074 42
7075 156
7076 25
7077 39
7078 103
7079 143
7080 143
7081 147
7082 178
7083 129
7084 154
7085 146
7086 129
7087 245
7088 182
7089 245
7090 245
7091 184
7092 144
7093 184
7094 184
7095 184
7096 179
7097 186
7098 179
7099 179
7100 19
7101 176
7102 11
7103 14
7104 177
7105 172
7106 4
7107 113
7108 164
7109 117
7110 113
7111 21
7112 23
7113 144
7114 35
7115 239
7116 239
7117 9
7118 162
7119 53
7120 162
7121 89
7122 91
7123 91
7124 37
7125 86
7126 37
7127 26
7128 174
7129 244
7130 18
7131 244
7132 15
7133 244
7134 18
7135 244
7136 220
7137 122
7138 244
7139 11
7140 244
7141 244
7142 115
7143 83
7144 83
7145 83
7146 83
7147 243
7148 243
7149 49
7150 245
7151 28
7152 168
7153 165
7154 234
7155 180
7156 180
7157 44
7158 180
7159 18
7160 24
7161 24
7162 91
7163 91
7164 79
7165 197
7166 197
7167 197
7168 170
7169 125
7170 125
7171 125
7172 97
7173 97
7174 228
7175 228
7176 228
7177 49
7178 49
7179 59
7180 49
7181 37
7182 139
7183 37
7184 170
7185 210
7186 210
7187 210
7188 198
7189 198
7190 191
7191 198
7192 198
7193 198
7194 198
7195 205
7196 86
7197 13
7198 205
7199 32
7200 5
7201 32
7202 32
7203 213
7204 213
7205 176
7206 49
7207 5
7208 49
7209 152
7210 156
7211 9
7212 156
7213 167
7214 156
7215 156
7216 9
7217 190
7218 190
7219 38
7220 5
7221 160
7222 203
7223 7
7224 203
7225 189
7226 150
7227 170
7228 104
7229 170
7230 104
7231 237
7232 237
7233 237
7234 226
7235 237
7236 111
7237 32
7238 32
7239 32
7240 32
7241 42
7242 42
7243 42
7244 60
7245 42
7246 42
7247 184
7248 153
7249 132
7250 132
7251 121
7252 80
7253 193
7254 5
7255 193
7256 172
7257 1
7258 67
7259 67
7260 86
7261 85
7262 86
7263 86
7264 50
7265 11
7266 84
7267 84
7268 84
7269 151
7270 212
7271 57
7272 151
7273 193
7274 193
7275 138
7276 0
7277 29
7278 29
7279 46
7280 56
7281 207
7282 5
7283 46
7284 56
7285 133
7286 10
7287 133
7288 104
7289 148
7290 45
7291 10
7292 133
7293 133
7294 124
7295 124
7296 124
7297 228
7298 82
7299 110
7300 68
7301 216
7302 216
7303 116
7304 163
7305 163
7306 138
7307 163
7308 192
7309 12
7310 87
7311 163
7312 12
7313 87
7314 132
7315 76
7316 163
7317 163
7318 9
7319 237
7320 237
7321 55
7322 237
7323 237
7324 237
7325 237
7326 237
7327 103
7328 237
7329 203
7330 185
7331 186
7332 185
7333 7
7334 30
7335 217
7336 158
7337 19
7338 212
7339 212
7340 165
7341 156
7342 87
7343 175
7344 175
7345 175
7346 180
7347 175
7348 175
7349 175
7350 176
7351 175
7352 175
7353 175
7354 175
7355 176
7356 150
7357 149
7358 11
7359 149
7360 160
7361 169
7362 160
7363 112
7364 112
7365 112
7366 36
7367 36
7368 114
7369 117
7370 108
7371 130
7372 176
7373 114
7374 122
7375 122
7376 81
7377 152
7378 44
7379 151
7380 208
7381 208
7382 95
7383 208
7384 208
7385 245
7386 11
7387 245
7388 62
7389 62
7390 62
7391 207
7392 207
7393 201
7394 207
7395 207
7396 41
7397 41
7398 41
7399 41
7400 210
7401 7
7402 9
7403 172
7404 245
7405 41
7406 6
7407 57
7408 41
7409 190
7410 195
7411 190
7412 171
7413 217
7414 171
7415 204
7416 171
7417 9
7418 240
7419 240
7420 24
7421 24
7422 22
7423 22
7424 63
7425 64
7426 63
7427 63
7428 3
7429 208
7430 208
7431 119
7432 119
7433 44
7434 44
7435 44
7436 8
7437 246
7438 246
7439 97
7440 116
7441 246
7442 198
7443 222
7444 222
7445 222
7446 221
7447 222
7448 222
7449 222
7450 222
7451 101
7452 40
7453 210
7454 101
7455 106
7456 41
7457 48
7458 48
7459 48
7460 48
7461 48
7462 48
7463 48
7464 193
7465 57
7466 91
7467 128
7468 174
7469 193
7470 194
7471 189
7472 196
7473 194
7474 154
7475 7
7476 78
7477 154
7478 7
7479 215
7480 105
7481 215
7482 158
7483 111
7484 145
7485 145
7486 145
7487 9
7488 27
7489 0
7490 0
7491 114
7492 27
7493 134
7494 27
7495 89
7496 220
7497 89
7498 89
7499 89
7500 89
7501 3
7502 125
7503 230
7504 125
7505 134
7506 220
7507 31
7508 125
7509 136
7510 134
7511 220
7512 125
7513 227
7514 227
7515 227
7516 47
7517 30
7518 21
7519 8
7520 6
7521 21
7522 47
7523 149
7524 186
7525 1
7526 150
7527 69
7528 69
7529 69
7530 32
7531 32
7532 32
7533 32
7534 32
7535 51
7536 22
7537 88
7538 22
7539 94
7540 1
7541 13
7542 125
7543 13
7544 218
7545 94
7546 229
7547 245
7548 229
7549 229
7550 229
7551 149
7552 149
7553 155
7554 146
7555 155
7556 37
7557 37
7558 69
7559 172
7560 17
7561 119
7562 7
7563 119
7564 39
7565 1
7566 176
7567 176
7568 151
7569 176
7570 176
7571 151
7572 28
7573 153
7574 153
7575 128
7576 164
7577 128
7578 43
7579 42
7580 6
7581 42
7582 242
7583 52
7584 49
7585 242
7586 242
7587 242
7588 0
7589 211
7590 28
7591 29
7592 28
7593 201
7594 218
7595 28
7596 28
7597 28
7598 28
7599 28
7600 28
7601 28
7602 73
7603 73
7604 73
7605 54
7606 54
7607 54
7608 136
7609 20
7610 138
7611 136
7612 130
7613 83
7614 83
7615 83
7616 83
7617 215
7618 215
7619 238
7620 132
7621 165
7622 182
7623 11
7624 182
7625 215
7626 189
7627 189
7628 191
7629 211
7630 237
7631 237
7632 40
7633 126
7634 164
7635 213
7636 193
7637 186
7638 26
7639 26
7640 26
7641 26
7642 216
7643 216
7644 20
7645 216
7646 131
7647 11
7648 129
7649 156
7650 61
7651 53
7652 130
7653 156
7654 155
7655 143
7656 178
7657 11
7658 19
7659 179
7660 180
7661 79
7662 150
7663 14
7664 21
7665 14
7666 29
7667 114
7668 14
7669 155
7670 84
7671 11
7672 54
7673 138
7674 5
7675 8
7676 13
7677 99
7678 99
7679 107
7680 91
7681 16
7682 26
7683 26
7684 11
7685 115
7686 100
7687 121
7688 115
7689 31
7690 11
7691 10
7692 131
7693 131
7694 119
7695 230
7696 230
7697 230
7698 164
7699 198
7700 164
7701 21
7702 62
7703 62
7704 9
7705 62
7706 222
7707 6
7708 222
7709 240
7710 17
7711 10
7712 240
7713 178
7714 162
7715 107
7716 182
7717 182
7718 182
7719 7
7720 148
7721 130
7722 0
7723 14
7724 130
7725 215
7726 154
7727 154
7728 73
7729 73
7730 148
7731 141
7732 12
7733 75
7734 8
7735 73
7736 69
7737 69
7738 69
7739 69
7740 157
7741 124
7742 212
7743 52
7744 52
7745 52
7746 79
7747 80
7748 79
7749 192
7750 145
7751 80
7752 133
7753 236
7754 243
7755 243
7756 243
7757 111
7758 7
7759 111
7760 101
7761 58
7762 101
7763 3
7764 101
7765 105
7766 66
7767 88
7768 118
7769 238
7770 151
7771 118
7772 122
7773 118
7774 118
7775 211
7776 142
7777 27
7778 238
7779 238
7780 238
7781 243
7782 14
7783 227
7784 243
7785 36
7786 20
7787 20
7788 3
7789 36
7790 20
7791 1
7792 1
7793 20
7794 123
7795 145
7796 176
7797 130
7798 0
7799 109
7800 0
7801 107
7802 211
7803 116
7804 107
7805 19
7806 7
7807 19
7808 103
7809 94
7810 107
7811 217
7812 43
7813 21
7814 149
7815 145
7816 21
7817 75
7818 60
7819 101
7820 101
7821 219
7822 219
7823 100
7824 129
7825 38
7826 193
7827 167
7828 4
7829 167
7830 49
7831 6
7832 4
7833 167
7834 167
7835 178
7836 198
7837 5
7838 178
7839 198
7840 233
7841 226
7842 232
7843 233
7844 226
7845 220
7846 1
7847 110
7848 6
7849 115
7850 110
7851 110
7852 6
7853 53
7854 42
7855 215
7856 215
7857 192
7858 153
7859 153
7860 9
7861 19
7862 228
7863 124
7864 155
7865 138
7866 124
7867 119
7868 220
7869 220
7870 220
7871 220
7872 174
7873 174
7874 168
7875 181
7876 201
7877 201
7878 201
7879 21
7880 225
7881 225
7882 135
7883 135
7884 106
7885 160
7886 53
7887 194
7888 194
7889 195
7890 114
7891 93
7892 4
7893 4
7894 100
7895 23
7896 100
7897 211
7898 216
7899 239
7900 4
7901 182
7902 11
7903 164
7904 182
7905 115
7906 123
7907 191
7908 11
7909 123
7910 207
7911 182
7912 7
7913 182
7914 182
7915 182
7916 90
7917 191
7918 176
7919 158
7920 176
7921 27
7922 118
7923 118
7924 118
7925 73
7926 118
7927 118
7928 74
7929 74
7930 74
7931 69
7932 69
7933 69
7934 223
7935 244
7936 41
7937 1
7938 41
7939 131
7940 103
7941 91
7942 91
7943 142
7944 112
7945 184
7946 112
7947 112
7948 112
7949 184
7950 208
7951 208
7952 183
7953 168
7954 208
7955 125
7956 23
7957 149
7958 18
7959 192
7960 192
7961 18
7962 108
7963 70
7964 103
7965 228
7966 103
7967 103
7968 228
7969 212
7970 39
7971 28
7972 28
7973 132
7974 132
7975 132
7976 128
7977 34
7978 142
7979 34
7980 140
7981 61
7982 13
7983 234
7984 5
7985 3
7986 125
7987 12
7988 198
7989 225
7990 198
7991 225
7992 16
7993 16
7994 16
7995 98
7996 11
7997 103
7998 186
7999 6
8000 107
8001 190
8002 103
8003 98
8004 11
8005 86
8006 24
8007 86
8008 163
8009 86
8010 182
8011 138
8012 8
8013 12
8014 56
8015 142
8016 12
8017 12
8018 142
8019 76
8020 197
8021 187
8022 145
8023 174
8024 229
8025 145
8026 202
8027 202
8028 202
8029 241
8030 92
8031 92
8032 194
8033 48
8034 194
8035 7
8036 194
8037 194
8038 74
8039 89
8040 48
8041 123
8042 123
8043 55
8044 123
8045 143
8046 136
8047 126
8048 145
8049 143
8050 143
8051 41
8052 8
8053 204
8054 188
8055 192
8056 188
8057 188
8058 189
8059 188
8060 0
8061 64
8062 64
8063 159
8064 3
8065 145
8066 88
8067 96
8068 149
8069 149
8070 26
8071 243
8072 164
8073 243
8074 243
8075 101
8076 4
8077 113
8078 42
8079 189
8080 189
8081 0
8082 189
8083 174
8084 56
8085 56
8086 190
8087 190
8088 190
8089 80
8090 82
8091 82
8092 80
8093 241
8094 1
8095 75
8096 78
8097 78
8098 48
8099 74
8100 160
8101 74
8102 82
8103 96
8104 29
8105 37
8106 37
8107 37
8108 170
8109 170
8110 170
8111 18
8112 221
8113 238
8114 221
8115 135
8116 135
8117 123
8118 202
8119 189
8120 189
8121 11
8122 67
8123 67
8124 24
8125 24
8126 24
8127 120
8128 120
8129 134
8130 134
8131 134
8132 77
8133 77
8134 77
8135 227
8136 227
8137 176
8138 124
8139 13
8140 124
8141 17
8142 17
8143 17
8144 77
8145 17
8146 17
8147 17
8148 154
8149 97
8150 165
8151 165
8152 165
8153 165
8154 165
8155 168
8156 168
8157 1
8158 136
8159 136
8160 21
8161 136
8162 110
8163 173
8164 110
8165 101
8166 98
8167 18
8168 25
8169 8
8170 51
8171 99
8172 40
8173 40
8174 246
8175 7
8176 246
8177 107
8178 232
8179 107
8180 202
8181 202
8182 1
8183 22
8184 22
8185 156
8186 39
8187 40
8188 202
8189 226
8190 229
8191 172
8192 172
8193 104
8194 1
8195 14
8196 166
8197 168
8198 166
8199 171
8200 133
8201 133
8202 133
8203 34
8204 34
8205 39
8206 151
8207 184
8208 151
8209 101
8210 25
8211 241
8212 19
8213 19
8214 77
8215 77
8216 232
8217 31
8218 228
8219 49
8220 240
8221 232
8222 158
8223 232
8224 126
8225 142
8226 31
8227 43
8228 243
8229 243
8230 244
8231 243
8232 26
8233 22
8234 163
8235 241
8236 241
8237 5
8238 241
8239 212
8240 173
8241 173
8242 173
8243 25
8244 31
8245 55
8246 15
8247 150
8248 2
8249 150
8250 129
8251 129
8252 129
8253 129
8254 191
8255 16
8256 217
8257 101
8258 101
8259 22
8260 70
8261 20
8262 61
8263 23
8264 46
8265 46
8266 46
8267 152
8268 201
8269 12
8270 12
8271 122
8272 122
8273 122
8274 122
8275 20
8276 208
8277 20
8278 208
8279 167
8280 167
8281 5
8282 167
8283 102
8284 120
8285 102
8286 102
8287 102
8288 119
8289 119
8290 119
8291 209
8292 209
8293 209
8294 214
8295 214
8296 214
8297 13
8298 13
8299 74
8300 74
8301 152
8302 15
8303 152
8304 95
8305 12
8306 93
8307 93
8308 160
8309 160
8310 160
8311 89
8312 129
8313 129
8314 93
8315 145
8316 74
8317 200
8318 200
8319 19
8320 1
8321 201
8322 111
8323 243
8324 207
8325 207
8326 223
8327 223
8328 223
8329 223
8330 85
8331 85
8332 219
8333 221
8334 219
8335 150
8336 150
8337 130
8338 130
8339 128
8340 100
8341 61
8342 10
8343 82
8344 9
8345 100
8346 239
8347 43
8348 9
8349 15
8350 43
8351 142
8352 200
8353 108
8354 156
8355 108
8356 152
8357 196
8358 113
8359 113
8360 4
8361 14
8362 115
8363 123
8364 115
8365 115
8366 22
8367 199
8368 39
8369 39
8370 124
8371 39
8372 42
8373 42
8374 42
8375 132
8376 132
8377 161
8378 238
8379 128
8380 161
8381 161
8382 144
8383 157
8384 161
8385 154
8386 4
8387 4
8388 154
8389 77
8390 18
8391 77
8392 77
8393 117
8394 117
8395 117
8396 244
8397 41
8398 117
8399 34
8400 34
8401 34
8402 34
8403 106
8404 203
8405 203
8406 8
8407 77
8408 218
8409 180
8410 189
8411 218
8412 218
8413 108
8414 137
8415 137
8416 137
8417 7
8418 4
8419 38
8420 39
8421 38
8422 38
8423 38
8424 43
8425 150
8426 150
8427 150
8428 151
8429 31
8430 134
8431 149
8432 134
8433 5
8434 134
8435 86
8436 3
8437 3
8438 178
8439 20
8440 178
8441 178
8442 162
8443 114
8444 162
8445 99
8446 99
8447 45
8448 76
8449 41
8450 45
8451 137
8452 49
8453 151
8454 0
8455 151
8456 151
8457 57
8458 57
8459 57
8460 52
8461 51
8462 42
8463 41
8464 20
8465 52
8466 43
8467 43
8468 239
8469 239
8470 171
8471 171
8472 171
8473 244
8474 244
8475 244
8476 244
8477 3
8478 25
8479 244
8480 52
8481 52
8482 55
8483 52
8484 3
8485 52
8486 172
8487 189
8488 209
8489 214
8490 14
8491 69
8492 211
8493 69
8494 211
8495 116
8496 116
8497 116
8498 112
8499 116
8500 95
8501 76
8502 235
8503 234
8504 34
8505 34
8506 34
8507 224
8508 231
8509 243
8510 243
8511 17
8512 81
8513 7
8514 81
8515 81
8516 150
8517 105
8518 4
8519 152
8520 203
8521 132
8522 158
8523 152
8524 104
8525 57
8526 112
8527 104
8528 57
8529 12
8530 77
8531 77
8532 77
8533 78
8534 78
8535 78
8536 212
8537 4
8538 17
8539 17
8540 170
8541 100
8542 164
8543 170
8544 31
8545 136
8546 161
8547 64
8548 64
8549 230
8550 230
8551 230
8552 230
8553 189
8554 130
8555 240
8556 130
8557 230
8558 19
8559 29
8560 230
8561 47
8562 47
8563 47
8564 152
8565 66
8566 48
8567 135
8568 3
8569 126
8570 178
8571 176
8572 178
8573 178
8574 178
8575 181
8576 11
8577 178
8578 178
8579 233
8580 233
8581 220
8582 241
8583 162
8584 95
8585 38
8586 35
8587 38
8588 38
8589 37
8590 38
8591 38
8592 136
8593 35
8594 35
8595 75
8596 75
8597 103
8598 75
8599 38
8600 38
8601 38
8602 14
8603 69
8604 69
8605 206
8606 7
8607 206
8608 206
8609 227
8610 10
8611 193
8612 215
8613 227
8614 227
8615 58
8616 209
8617 193
8618 45
8619 1
8620 215
8621 215
8622 5
8623 156
8624 213
8625 156
8626 190
8627 190
8628 8
8629 190
8630 162
8631 162
8632 12
8633 113
8634 118
8635 119
8636 119
8637 3
8638 119
8639 177
8640 177
8641 18
8642 242
8643 242
8644 242
8645 110
8646 239
8647 181
8648 181
8649 181
8650 181
8651 184
8652 209
8653 196
8654 104
8655 211
8656 40
8657 15
8658 40
8659 15
8660 77
8661 77
8662 105
8663 95
8664 95
8665 146
8666 146
8667 186
8668 186
8669 3
8670 5
8671 215
8672 169
8673 230
8674 97
8675 23
8676 144
8677 208
8678 111
8679 19
8680 109
8681 0
8682 19
8683 43
8684 40
8685 204
8686 43
8687 40
8688 30
8689 30
8690 121
8691 176
8692 176
8693 141
8694 141
8695 152
8696 141
8697 40
8698 17
8699 193
8700 193
8701 25
8702 25
8703 193
8704 131
8705 52
8706 52
8707 198
8708 198
8709 198
8710 117
8711 225
8712 225
8713 225
8714 225
8715 225
8716 172
8717 151
8718 5
8719 151
8720 151
8721 30
8722 30
8723 133
8724 133
8725 18
8726 133
8727 137
8728 205
8729 205
8730 209
8731 152
8732 148
8733 11
8734 152
8735 12
8736 89
8737 44
8738 110
8739 99
8740 44
8741 134
8742 134
8743 244
8744 49
8745 56
8746 56
8747 26
8748 1
8749 66
8750 66
8751 66
8752 122
8753 122
8754 122
8755 190
8756 190
8757 190
8758 17
8759 17
8760 65
8761 65
8762 65
8763 65
8764 65
8765 65
8766 85
8767 83
8768 62
8769 1
8770 1
8771 25
8772 94
8773 16
8774 112
8775 94
8776 94
8777 1
8778 1
8779 95
8780 16
8781 168
8782 181
8783 167
8784 20
8785 155
8786 157
8787 21
8788 168
8789 203
8790 207
8791 156
8792 164
8793 30
8794 80
8795 80
8796 107
8797 108
8798 107
8799 1
8800 16
8801 98
8802 98
8803 199
8804 98
8805 43
8806 43
8807 198
8808 198
8809 180
8810 19
8811 105
8812 127
8813 142
8814 10
8815 213
8816 247
8817 149
8818 28
8819 53
8820 149
8821 28
8822 40
8823 40
8824 40
8825 40
8826 40
8827 228
8828 228
8829 221
8830 14
8831 111
8832 111
8833 27
8834 197
8835 200
8836 197
8837 194
8838 9
8839 197
8840 116
8841 116
8842 234
8843 234
8844 9
8845 173
8846 214
8847 3
8848 80
8849 15
8850 7
8851 197
8852 15
8853 189
8854 184
8855 25
8856 28
8857 189
8858 44
8859 139
8860 152
8861 139
8862 167
8863 102
8864 170
8865 160
8866 49
8867 49
8868 83
8869 83
8870 83
8871 131
8872 234
8873 131
8874 122
8875 122
8876 130
8877 131
8878 146
8879 102
8880 4
8881 192
8882 43
8883 192
8884 192
8885 43
8886 216
8887 191
8888 216
8889 177
8890 21
8891 35
8892 35
8893 35
8894 212
8895 91
8896 245
8897 91
8898 245
8899 70
8900 171
8901 148
8902 148
8903 8
8904 158
8905 158
8906 157
8907 158
8908 64
8909 64
8910 64
8911 64
8912 64
8913 64
8914 101
8915 12
8916 101
8917 101
8918 12
8919 96
8920 142
8921 115
8922 25
8923 13
8924 115
8925 200
8926 10
8927 200
8928 200
8929 49
8930 10
8931 228
8932 158
8933 87
8934 235
8935 8
8936 235
8937 41
8938 0
8939 208
8940 208
8941 44
8942 71
8943 71
8944 71
8945 71
8946 71
8947 100
8948 72
8949 100
8950 32
8951 32
8952 32
8953 32
8954 222
8955 225
8956 176
8957 176
8958 172
8959 18
8960 172
8961 172
8962 10
8963 220
8964 220
8965 220
8966 1
8967 1
8968 227
8969 220
8970 220
8971 97
8972 116
8973 39
8974 116
8975 116
8976 117
8977 122
8978 116
8979 184
8980 109
8981 7
8982 173
8983 173
8984 190
8985 190
8986 190
8987 190
8988 190
8989 237
8990 237
8991 237
8992 237
8993 102
8994 102
8995 102
8996 96
8997 92
8998 34
8999 34
9000 113
9001 113
9002 49
9003 48
9004 10
9005 49
9006 48
9007 55
9008 49
9009 92
9010 230
9011 230
9012 85
9013 85
9014 90
9015 229
9016 138
9017 229
9018 116
9019 116
9020 116
9021 96
9022 96
9023 232
9024 232
9025 232
9026 58
9027 152
9028 222
9029 58
9030 218
9031 218
9032 91
9033 91
9034 66
9035 73
9036 81
9037 73
9038 73
9039 192
9040 223
9041 223
9042 223
9043 216
9044 216
9045 216
9046 213
9047 201
9048 216
9049 138
9050 187
9051 131
9052 84
9053 31
9054 31
9055 105
9056 166
9057 105
9058 181
9059 208
9060 105
9061 13
9062 193
9063 6
9064 193
9065 152
9066 212
9067 234
9068 41
9069 178
9070 178
9071 109
9072 178
9073 224
9074 178
9075 86
9076 86
9077 1
9078 198
9079 31
9080 31
9081 144
9082 144
9083 176
9084 144
9085 23
9086 144
9087 182
9088 41
9089 182
9090 182
9091 101
9092 101
9093 72
9094 146
9095 155
9096 142
9097 142
9098 77
9099 71
9100 77
9101 77
9102 172
9103 182
9104 166
9105 197
9106 188
9107 188
9108 153
9109 167
9110 167
9111 5
9112 118
9113 141
9114 176
9115 118
9116 118
9117 177
9118 177
9119 127
9120 168
9121 112
9122 127
9123 113
9124 97
9125 113
9126 142
9127 4
9128 153
9129 59
9130 4
9131 95
9132 121
9133 95
9134 8
9135 95
9136 99
9137 170
9138 49
9139 225
9140 20
9141 242
9142 242
9143 242
9144 27
9145 27
9146 90
9147 12
9148 87
9149 1
9150 44
9151 86
9152 245
9153 226
9154 138
9155 106
9156 106
9157 106
9158 106
9159 41
9160 33
9161 33
9162 33
9163 59
9164 6
9165 9
9166 136
9167 148
9168 96
9169 96
9170 17
9171 7
9172 183
9173 177
9174 189
9175 104
9176 183
9177 110
9178 13
9179 234
9180 228
9181 110
9182 150
9183 160
9184 150
9185 11
9186 160
9187 47
9188 128
9189 47
9190 47
9191 47
9192 128
9193 224
9194 12
9195 5
9196 15
9197 6
9198 12
9199 15
9200 67
9201 67
9202 67
9203 17
9204 127
9205 28
9206 127
9207 163
9208 162
9209 61
9210 28
9211 163
9212 32
9213 32
9214 37
9215 32
9216 32
9217 91
9218 91
9219 97
9220 97
9221 97
9222 97
9223 119
9224 210
9225 7
9226 140
9227 152
9228 67
9229 67
9230 74
9231 67
9232 74
9233 67
9234 67
9235 74
9236 42
9237 131
9238 67
9239 197
9240 67
9241 153
9242 5
9243 49
9244 176
9245 153
9246 212
9247 212
9248 212
9249 212
9250 136
9251 209
9252 25
9253 93
9254 133
9255 133
9256 10
9257 133
9258 224
9259 127
9260 127
9261 127
9262 127
9263 216
9264 127
9265 127
9266 25
9267 78
9268 187
9269 0
9270 115
9271 41
9272 115
9273 1
9274 114
9275 40
9276 40
9277 40
9278 104
9279 150
9280 11
9281 208
9282 208
9283 7
9284 208
9285 208
9286 208
9287 208
9288 100
9289 162
9290 105
9291 107
9292 107
9293 156
9294 22
9295 137
9296 22
9297 189
9298 189
9299 189
9300 119
9301 146
9302 119
9303 146
9304 155
9305 244
9306 152
9307 99
9308 99
9309 25
9310 23
9311 203
9312 99
9313 9
9314 23
9315 99
9316 140
9317 140
9318 205
9319 205
9320 12
9321 198
9322 168
9323 22
9324 12
9325 168
9326 158
9327 158
9328 193
9329 79
9330 134
9331 14
9332 134
9333 226
9334 226
9335 226
9336 226
9337 234
9338 161
9339 234
9340 226
9341 75
9342 139
9343 103
9344 140
9345 140
9346 8
9347 140
9348 72
9349 213
9350 93
9351 50
9352 50
9353 120
9354 102
9355 120
9356 49
9357 67
9358 120
9359 120
9360 73
9361 73
9362 73
9363 73
9364 73
9365 73
9366 195
9367 4
9368 195
9369 56
9370 4
9371 45
9372 45
9373 0
9374 43
9375 43
9376 238
9377 182
9378 52
9379 223
9380 26
9381 162
9382 6
9383 162
9384 101
9385 123
9386 186
9387 163
9388 49
9389 88
9390 149
9391 176
9392 149
9393 149
9394 149
9395 149
9396 149
9397 90
9398 43
9399 90
9400 217
9401 90
9402 124
9403 124
9404 124
9405 144
9406 5
9407 144
9408 35
9409 34
9410 32
9411 32
9412 182
9413 182
9414 245
9415 5
9416 101
9417 96
9418 101
9419 78
9420 207
9421 207
9422 207
9423 15
9424 98
9425 207
9426 204
9427 175
9428 175
9429 106
9430 7
9431 5
9432 71
9433 76
9434 71
9435 123
9436 123
9437 246
9438 161
9439 71
9440 55
9441 34
9442 33
9443 35
9444 35
9445 33
9446 35
9447 35
9448 35
9449 234
9450 234
9451 215
9452 218
9453 172
9454 172
9455 57
9456 175
9457 111
9458 53
9459 111
9460 59
9461 25
9462 22
9463 53
9464 59
9465 25
9466 22
9467 111
9468 81
9469 81
9470 119
9471 16
9472 53
9473 17
9474 8
9475 8
9476 16
9477 63
9478 63
9479 63
9480 64
9481 29
9482 17
9483 221
9484 235
9485 84
9486 228
9487 84
9488 15
9489 92
9490 12
9491 23
9492 92
9493 153
9494 153
9495 110
9496 153
9497 130
9498 160
9499 177
9500 164
9501 164
9502 164
9503 134
9504 151
9505 174
9506 7
9507 112
9508 59
9509 112
9510 112
9511 176
9512 176
9513 179
9514 219
9515 68
9516 3
9517 231
9518 111
9519 111
9520 111
9521 212
9522 212
9523 212
9524 212
9525 212
9526 108
9527 108
9528 202
9529 163
9530 173
9531 53
9532 7
9533 96
9534 44
9535 14
9536 44
9537 55
9538 22
9539 55
9540 167
9541 167
9542 131
9543 203
9544 217
9545 217
9546 18
9547 209
9548 10
9549 10
9550 47
9551 51
9552 76
9553 196
9554 76
9555 76
9556 1
9557 29
9558 211
9559 240
9560 10
9561 211
9562 209
9563 126
9564 126
9565 126
9566 126
9567 114
9568 114
9569 245
9570 246
9571 245
9572 109
9573 166
9574 226
9575 109
9576 175
9577 175
9578 100
9579 100
9580 100
9581 147
9582 57
9583 147
9584 159
9585 148
9586 147
9587 227
9588 172
9589 227
9590 12
9591 227
9592 190
9593 160
9594 160
9595 0
9596 95
9597 105
9598 95
9599 169
9600 169
9601 169
9602 217
9603 217
9604 66
9605 11
9606 11
9607 118
9608 79
9609 124
9610 10
9611 203
9612 166
9613 166
9614 167
9615 13
9616 11
9617 183
9618 216
9619 62
9620 87
9621 62
9622 62
9623 23
9624 38
9625 142
9626 142
9627 104
9628 104
9629 104
9630 104
9631 92
9632 92
9633 21
9634 21
9635 21
9636 197
9637 48
9638 48
9639 48
9640 8
9641 8
9642 110
9643 110
9644 141
9645 32
9646 16
9647 188
9648 23
9649 54
9650 54
9651 8
9652 10
9653 54
9654 219
9655 222
9656 219
9657 219
9658 219
9659 203
9660 27
9661 0
9662 203
9663 203
9664 131
9665 140
9666 3
9667 131
9668 144
9669 5
9670 132
9671 176
9672 141
9673 113
9674 30
9675 30
9676 141
9677 160
9678 160
9679 139
9680 5
9681 139
9682 139
9683 111
9684 92
9685 111
9686 1
9687 227
9688 104
9689 201
9690 10
9691 132
9692 235
9693 235
9694 82
9695 242
9696 150
9697 11
9698 237
9699 11
9700 123
9701 97
9702 103
9703 18
9704 123
9705 97
9706 12
9707 123
9708 136
9709 5
9710 169
9711 186
9712 186
9713 169
9714 25
9715 162
9716 208
9717 31
9718 208
9719 208
9720 210
9721 210
9722 76
9723 76
9724 28
9725 76
9726 221
9727 223
9728 222
9729 89
9730 89
9731 89
9732 98
9733 98
9734 160
9735 95
9736 137
9737 98
9738 80
9739 80
9740 153
9741 153
9742 153
9743 11
9744 47
9745 21
9746 11
9747 153
9748 120
9749 10
9750 173
9751 173
9752 44
9753 3
9754 10
9755 166
9756 17
9757 194
9758 166
9759 166
9760 166
9761 189
9762 189
9763 219
9764 219
9765 219
9766 237
9767 56
9768 56
9769 56
9770 99
9771 99
9772 117
9773 155
9774 145
9775 145
9776 9
9777 145
9778 145
9779 146
9780 146
9781 146
9782 1
9783 26
9784 26
9785 26
9786 136
9787 166
9788 143
9789 143
9790 16
9791 56
9792 56
9793 23
9794 9
9795 138
9796 81
9797 3
9798 130
9799 35
9800 35
9801 12
9802 240
9803 222
9804 163
9805 164
9806 56
9807 11
9808 56
9809 208
9810 208
9811 120
9812 103
9813 120
9814 116
9815 116
9816 13
9817 84
9818 84
9819 82
9820 88
9821 77
9822 77
9823 77
9824 123
9825 44
9826 7
9827 8
9828 8
9829 154
9830 192
9831 154
9832 154
9833 142
9834 154
9835 99
9836 157
9837 157
9838 147
9839 147
9840 128
9841 128
9842 128
9843 213
9844 112
9845 112
9846 23
9847 10
9848 112
9849 140
9850 119
9851 213
9852 3
9853 18
9854 18
9855 18
9856 122
9857 122
9858 126
9859 126
9860 102
9861 10
9862 67
9863 67
9864 67
9865 67
9866 67
9867 41
9868 80
9869 41
9870 41
9871 41
9872 41
9873 41
9874 10
9875 47
9876 31
9877 237
9878 25
9879 10
9880 55
9881 237
9882 149
9883 149
9884 28
9885 24
9886 121
9887 33
9888 41
9889 41
9890 45
9891 49
9892 1
9893 146
9894 49
9895 124
9896 124
9897 157
9898 41
9899 186
9900 157
9901 94
9902 94
9903 41
9904 94
9905 136
9906 133
9907 15
9908 95
9909 219
9910 212
9911 93
9912 121
9913 212
9914 212
9915 38
9916 195
9917 38
9918 117
9919 38
9920 38
9921 133
9922 133
9923 95
9924 133
9925 230
9926 230
9927 22
9928 58
9929 6
9930 58
9931 58
9932 58
9933 114
9934 228
9935 114
9936 51
9937 122
9938 122
9939 155
9940 135
9941 114
9942 46
9943 46
9944 46
9945 46
9946 217
9947 217
9948 16
9949 145
9950 16
9951 16
9952 145
9953 87
9954 236
9955 87
9956 121
9957 152
9958 241
9959 87
9960 161
9961 161
9962 161
9963 161
9964 161
9965 183
9966 138
9967 138
9968 32
9969 3
9970 32
9971 32
9972 88
9973 88
9974 116
9975 146
9976 203
9977 47
9978 203
9979 47
9980 224
9981 224
9982 164
9983 164
9984 164
9985 104
9986 104
9987 96
9988 69
9989 69
9990 9
9991 171
9992 164
9993 119
9994 100
9995 119
9996 86
9997 233
9998 109
9999 233
