0 174
1 162
2 174
3 164
4 173
5 162
6 120
7 162
8 0
9 109
10 93
11 243
12 226
13 93
14 93
15 0
16 0
17 324
18 1
19 0
20 0
21 243
22 243
23 93
24 93
25 27
26 27
27 174
28 1
29 27
30 178
31 109
32 0
33 362
34 346
35 27
36 50
37 105
38 310
39 310
40 310
41 310
42 310
43 310
44 310
45 0
46 0
47 185
48 196
49 162
50 162
51 162
52 0
53 196
54 229
55 282
56 229
57 1
58 224
59 229
60 0
61 0
62 0
63 216
64 224
65 141
66 349
67 229
68 110
69 290
70 349
71 110
72 0
73 242
74 26
75 204
76 237
77 242
78 0
79 242
80 83
81 83
82 83
83 0
84 81
85 0
86 81
87 1
88 226
89 274
90 218
91 226
92 232
93 232
94 297
95 232
96 232
97 0
98 297
99 297
100 297
101 232
102 9
103 9
104 9
105 9
106 0
107 378
108 378
109 378
110 111
111 378
112 289
113 223
114 114
115 289
116 336
117 289
118 0
119 0
120 90
121 81
122 109
123 81
124 83
125 81
126 5
127 154
128 109
129 348
130 154
131 154
132 154
133 108
134 131
135 384
136 1
137 109
138 183
139 164
140 183
141 165
142 183
143 162
144 165
145 164
146 139
147 141
148 163
149 163
150 163
151 162
152 195
153 96
154 96
155 0
156 15
157 0
158 15
159 251
160 251
161 220
162 219
163 0
164 219
165 232
166 232
167 232
168 232
169 222
170 221
171 78
172 232
173 79
174 79
175 79
176 79
177 79
178 0
179 79
180 358
181 358
182 166
183 180
184 180
185 110
186 281
187 289
188 358
189 166
190 246
191 139
192 109
193 168
194 162
195 162
196 162
197 20
198 225
199 114
200 3
201 337
202 175
203 0
204 51
205 40
206 229
207 229
208 0
209 338
210 338
211 40
212 37
213 31
214 40
215 40
216 0
217 135
218 135
219 135
220 0
221 255
222 311
223 336
224 219
225 218
226 363
227 0
228 324
229 0
230 0
231 217
232 222
233 219
234 255
235 324
236 251
237 223
238 311
239 401
240 23
241 0
242 126
243 138
244 126
245 113
246 126
247 112
248 126
249 109
250 0
251 8
252 8
253 8
254 8
255 8
256 8
257 8
258 419
259 419
260 419
261 419
262 0
263 335
264 234
265 372
266 0
267 324
268 372
269 234
270 45
271 45
272 45
273 0
274 46
275 217
276 388
277 388
278 0
279 0
280 388
281 122
282 331
283 183
284 124
285 217
286 219
287 0
288 0
289 217
290 219
291 331
292 146
293 109
294 113
295 109
296 163
297 113
298 146
299 109
300 109
301 298
302 307
303 298
304 298
305 298
306 0
307 97
308 0
309 272
310 97
311 307
312 298
313 190
314 190
315 147
316 21
317 147
318 1
319 0
320 1
321 1
322 3
323 417
324 332
325 332
326 332
327 332
328 332
329 336
330 336
331 75
332 308
333 216
334 308
335 1
336 216
337 308
338 46
339 308
340 75
341 13
342 12
343 12
344 11
345 11
346 13
347 9
348 137
349 162
350 3
351 113
352 108
353 137
354 0
355 1
356 162
357 108
358 162
359 1
360 125
361 137
362 376
363 246
364 256
365 232
366 232
367 222
368 342
369 110
370 0
371 0
372 217
373 222
374 217
375 217
376 217
377 217
378 353
379 20
380 222
381 110
382 222
383 232
384 187
385 163
386 163
387 163
388 182
389 112
390 187
391 163
392 210
393 29
394 37
395 210
396 0
397 37
398 134
399 108
400 134
401 108
402 110
403 0
404 108
405 108
406 110
407 92
408 286
409 423
410 92
411 92
412 133
413 109
414 114
415 109
416 108
417 397
418 397
419 397
420 397
421 397
422 62
423 62
424 62
425 62
426 62
427 62
428 355
429 211
430 253
431 345
432 388
433 388
434 270
435 387
436 385
437 275
438 270
439 388
440 146
441 191
442 5
443 20
444 191
445 10
446 10
447 317
448 317
449 10
450 349
451 349
452 365
453 345
454 0
455 345
456 160
457 216
458 285
459 118
460 174
461 216
462 223
463 309
464 216
465 160
466 223
467 216
468 144
469 2
470 33
471 35
472 109
473 2
474 155
475 155
476 155
477 155
478 0
479 155
480 29
481 29
482 221
483 29
484 29
485 409
486 409
487 409
488 0
489 331
490 400
491 1
492 324
493 303
494 409
495 88
496 88
497 34
498 34
499 34
500 34
501 34
502 171
503 171
504 163
505 162
506 260
507 142
508 317
509 260
510 142
511 1
512 252
513 85
514 260
515 289
516 289
517 286
518 289
519 384
520 424
521 0
522 188
523 162
524 162
525 162
526 144
527 1
528 364
529 216
530 216
531 109
532 216
533 216
534 109
535 323
536 323
537 318
538 323
539 323
540 0
541 318
542 62
543 62
544 111
545 18
546 118
547 132
548 111
549 16
550 16
551 16
552 267
553 267
554 267
555 338
556 221
557 267
558 267
559 0
560 191
561 361
562 216
563 219
564 244
565 219
566 216
567 361
568 54
569 54
570 310
571 265
572 310
573 265
574 357
575 357
576 357
577 345
578 324
579 1
580 227
581 227
582 345
583 324
584 357
585 86
586 86
587 277
588 277
589 0
590 129
591 108
592 129
593 131
594 139
595 251
596 324
597 220
598 0
599 324
600 220
601 378
602 378
603 378
604 397
605 378
606 378
607 369
608 114
609 110
610 407
611 369
612 381
613 121
614 121
615 109
616 164
617 109
618 109
619 255
620 222
621 277
622 216
623 324
624 216
625 262
626 277
627 222
628 241
629 324
630 255
631 222
632 113
633 300
634 378
635 378
636 300
637 300
638 300
639 388
640 378
641 204
642 108
643 127
644 132
645 204
646 204
647 214
648 214
649 199
650 108
651 1
652 108
653 173
654 173
655 173
656 164
657 187
658 173
659 208
660 152
661 110
662 152
663 312
664 312
665 312
666 52
667 352
668 0
669 132
670 174
671 108
672 108
673 162
674 165
675 162
676 77
677 70
678 34
679 1
680 1
681 34
682 70
683 344
684 387
685 214
686 279
687 0
688 97
689 274
690 415
691 97
692 274
693 274
694 97
695 143
696 137
697 162
698 340
699 109
700 314
701 314
702 314
703 0
704 203
705 203
706 203
707 70
708 203
709 203
710 0
711 203
712 296
713 296
714 296
715 296
716 296
717 227
718 227
719 119
720 119
721 318
722 225
723 245
724 424
725 363
726 363
727 358
728 1
729 13
730 13
731 13
732 13
733 372
734 77
735 300
736 372
737 372
738 77
739 418
740 418
741 291
742 304
743 291
744 301
745 303
746 356
747 297
748 278
749 370
750 303
751 278
752 297
753 301
754 103
755 77
756 112
757 103
758 0
759 103
760 88
761 88
762 303
763 303
764 304
765 292
766 212
767 212
768 292
769 292
770 13
771 58
772 242
773 13
774 13
775 219
776 263
777 58
778 250
779 222
780 265
781 199
782 242
783 250
784 250
785 152
786 0
787 217
788 217
789 217
790 217
791 250
792 217
793 265
794 269
795 268
796 31
797 31
798 31
799 230
800 285
801 216
802 324
803 219
804 216
805 417
806 285
807 279
808 289
809 383
810 242
811 383
812 0
813 216
814 284
815 383
816 19
817 19
818 19
819 19
820 0
821 276
822 276
823 331
824 331
825 331
826 332
827 341
828 331
829 331
830 0
831 331
832 30
833 30
834 30
835 95
836 95
837 95
838 0
839 147
840 1
841 234
842 217
843 218
844 224
845 220
846 217
847 1
848 1
849 224
850 303
851 234
852 221
853 218
854 338
855 299
856 409
857 409
858 409
859 409
860 409
861 83
862 83
863 0
864 81
865 83
866 262
867 359
868 219
869 218
870 34
871 219
872 365
873 218
874 365
875 359
876 34
877 262
878 138
879 163
880 163
881 128
882 164
883 138
884 162
885 319
886 319
887 319
888 319
889 296
890 4
891 110
892 4
893 2
894 162
895 111
896 155
897 0
898 110
899 182
900 46
901 243
902 1
903 248
904 324
905 101
906 108
907 174
908 162
909 151
910 151
911 151
912 151
913 334
914 2
915 334
916 0
917 2
918 158
919 158
920 196
921 158
922 158
923 158
924 158
925 0
926 117
927 108
928 108
929 120
930 117
931 108
932 142
933 108
934 120
935 109
936 298
937 284
938 223
939 298
940 298
941 284
942 173
943 162
944 173
945 173
946 292
947 292
948 74
949 109
950 111
951 1
952 74
953 23
954 5
955 5
956 19
957 19
958 171
959 163
960 111
961 319
962 319
963 319
964 219
965 387
966 339
967 331
968 339
969 148
970 56
971 329
972 108
973 346
974 394
975 276
976 275
977 276
978 275
979 33
980 33
981 74
982 69
983 69
984 217
985 219
986 99
987 331
988 412
989 79
990 128
991 162
992 162
993 374
994 374
995 374
996 426
997 426
998 426
999 426
1000 166
1001 166
1002 166
1003 166
1004 166
1005 0
1006 1
1007 0
1008 1
1009 166
1010 363
1011 352
1012 363
1013 216
1014 351
1015 413
1016 216
1017 352
1018 201
1019 183
1020 144
1021 201
1022 176
1023 109
1024 201
1025 164
1026 162
1027 101
1028 101
1029 37
1030 37
1031 37
1032 37
1033 37
1034 37
1035 67
1036 400
1037 331
1038 325
1039 331
1040 325
1041 150
1042 150
1043 150
1044 150
1045 150
1046 150
1047 0
1048 18
1049 110
1050 115
1051 0
1052 1
1053 110
1054 1
1055 109
1056 416
1057 1
1058 6
1059 220
1060 210
1061 324
1062 365
1063 325
1064 324
1065 365
1066 325
1067 44
1068 44
1069 46
1070 0
1071 44
1072 253
1073 253
1074 253
1075 331
1076 427
1077 253
1078 151
1079 151
1080 130
1081 285
1082 151
1083 130
1084 321
1085 48
1086 216
1087 110
1088 216
1089 48
1090 111
1091 321
1092 396
1093 400
1094 400
1095 201
1096 396
1097 400
1098 139
1099 178
1100 143
1101 162
1102 143
1103 295
1104 295
1105 243
1106 116
1107 347
1108 153
1109 0
1110 243
1111 359
1112 243
1113 116
1114 63
1115 63
1116 63
1117 0
1118 213
1119 115
1120 213
1121 213
1122 213
1123 109
1124 1
1125 115
1126 115
1127 419
1128 419
1129 419
1130 419
1131 419
1132 419
1133 266
1134 266
1135 266
1136 260
1137 164
1138 164
1139 164
1140 8
1141 14
1142 8
1143 8
1144 8
1145 8
1146 9
1147 209
1148 209
1149 122
1150 209
1151 209
1152 0
1153 90
1154 65
1155 65
1156 246
1157 2
1158 4
1159 390
1160 221
1161 243
1162 246
1163 2
1164 246
1165 390
1166 384
1167 302
1168 233
1169 294
1170 216
1171 80
1172 216
1173 361
1174 216
1175 216
1176 361
1177 416
1178 224
1179 416
1180 111
1181 132
1182 388
1183 388
1184 388
1185 388
1186 388
1187 188
1188 162
1189 98
1190 224
1191 226
1192 224
1193 37
1194 34
1195 37
1196 205
1197 205
1198 205
1199 205
1200 205
1201 109
1202 344
1203 408
1204 1
1205 344
1206 344
1207 408
1208 320
1209 111
1210 171
1211 165
1212 163
1213 163
1214 362
1215 360
1216 298
1217 224
1218 364
1219 362
1220 224
1221 108
1222 84
1223 298
1224 415
1225 327
1226 217
1227 197
1228 327
1229 217
1230 65
1231 45
1232 45
1233 65
1234 7
1235 7
1236 211
1237 211
1238 211
1239 211
1240 229
1241 229
1242 338
1243 223
1244 325
1245 4
1246 52
1247 52
1248 292
1249 20
1250 220
1251 221
1252 216
1253 223
1254 221
1255 216
1256 223
1257 222
1258 216
1259 303
1260 267
1261 281
1262 413
1263 221
1264 320
1265 1
1266 365
1267 413
1268 320
1269 78
1270 110
1271 78
1272 110
1273 162
1274 110
1275 274
1276 338
1277 3
1278 305
1279 338
1280 142
1281 142
1282 109
1283 148
1284 112
1285 91
1286 381
1287 64
1288 169
1289 169
1290 169
1291 155
1292 169
1293 169
1294 164
1295 0
1296 169
1297 169
1298 280
1299 277
1300 280
1301 25
1302 25
1303 25
1304 62
1305 62
1306 62
1307 62
1308 62
1309 62
1310 62
1311 62
1312 303
1313 224
1314 297
1315 392
1316 303
1317 416
1318 416
1319 332
1320 332
1321 326
1322 1
1323 172
1324 163
1325 111
1326 111
1327 118
1328 391
1329 391
1330 268
1331 268
1332 217
1333 218
1334 219
1335 334
1336 334
1337 175
1338 162
1339 111
1340 121
1341 163
1342 163
1343 165
1344 162
1345 162
1346 163
1347 24
1348 24
1349 24
1350 394
1351 244
1352 244
1353 244
1354 147
1355 162
1356 162
1357 40
1358 40
1359 243
1360 256
1361 243
1362 396
1363 396
1364 396
1365 396
1366 129
1367 129
1368 129
1369 129
1370 135
1371 223
1372 217
1373 59
1374 59
1375 59
1376 59
1377 235
1378 235
1379 295
1380 235
1381 104
1382 95
1383 324
1384 46
1385 104
1386 104
1387 95
1388 414
1389 217
1390 313
1391 288
1392 216
1393 225
1394 217
1395 414
1396 351
1397 351
1398 351
1399 351
1400 54
1401 54
1402 54
1403 54
1404 54
1405 188
1406 165
1407 1
1408 110
1409 165
1410 117
1411 117
1412 117
1413 118
1414 216
1415 117
1416 310
1417 216
1418 1
1419 117
1420 141
1421 23
1422 146
1423 381
1424 381
1425 381
1426 203
1427 166
1428 203
1429 109
1430 203
1431 164
1432 106
1433 106
1434 4
1435 63
1436 4
1437 19
1438 19
1439 19
1440 204
1441 204
1442 204
1443 246
1444 246
1445 246
1446 134
1447 116
1448 1
1449 381
1450 397
1451 314
1452 314
1453 314
1454 388
1455 261
1456 398
1457 398
1458 365
1459 135
1460 135
1461 32
1462 32
1463 303
1464 220
1465 35
1466 132
1467 164
1468 162
1469 162
1470 379
1471 379
1472 379
1473 379
1474 379
1475 379
1476 415
1477 76
1478 377
1479 216
1480 220
1481 216
1482 415
1483 222
1484 76
1485 220
1486 377
1487 416
1488 415
1489 415
1490 316
1491 316
1492 316
1493 316
1494 70
1495 316
1496 70
1497 313
1498 313
1499 143
1500 304
1501 143
1502 23
1503 380
1504 243
1505 23
1506 23
1507 53
1508 23
1509 147
1510 111
1511 148
1512 119
1513 147
1514 110
1515 2
1516 396
1517 311
1518 216
1519 311
1520 65
1521 216
1522 140
1523 216
1524 4
1525 216
1526 231
1527 231
1528 404
1529 342
1530 220
1531 397
1532 231
1533 231
1534 107
1535 107
1536 107
1537 107
1538 106
1539 145
1540 164
1541 169
1542 113
1543 164
1544 50
1545 50
1546 48
1547 77
1548 156
1549 224
1550 224
1551 365
1552 3
1553 147
1554 394
1555 159
1556 108
1557 111
1558 163
1559 147
1560 225
1561 217
1562 108
1563 111
1564 316
1565 163
1566 394
1567 314
1568 23
1569 314
1570 104
1571 0
1572 306
1573 363
1574 363
1575 218
1576 402
1577 365
1578 246
1579 223
1580 253
1581 246
1582 219
1583 223
1584 246
1585 246
1586 246
1587 265
1588 265
1589 225
1590 265
1591 265
1592 175
1593 172
1594 175
1595 182
1596 162
1597 172
1598 393
1599 393
1600 393
1601 217
1602 393
1603 404
1604 292
1605 114
1606 292
1607 259
1608 259
1609 292
1610 164
1611 162
1612 402
1613 402
1614 217
1615 217
1616 225
1617 148
1618 168
1619 114
1620 148
1621 145
1622 167
1623 108
1624 109
1625 256
1626 108
1627 141
1628 114
1629 141
1630 111
1631 110
1632 182
1633 0
1634 110
1635 111
1636 134
1637 108
1638 0
1639 217
1640 108
1641 27
1642 396
1643 396
1644 396
1645 396
1646 396
1647 319
1648 319
1649 319
1650 208
1651 108
1652 108
1653 112
1654 112
1655 108
1656 32
1657 0
1658 32
1659 164
1660 0
1661 385
1662 385
1663 385
1664 385
1665 385
1666 212
1667 162
1668 210
1669 109
1670 165
1671 98
1672 98
1673 133
1674 98
1675 98
1676 98
1677 98
1678 282
1679 282
1680 305
1681 282
1682 270
1683 337
1684 293
1685 270
1686 216
1687 278
1688 357
1689 0
1690 217
1691 270
1692 217
1693 335
1694 216
1695 222
1696 293
1697 337
1698 278
1699 220
1700 219
1701 220
1702 220
1703 220
1704 219
1705 220
1706 366
1707 336
1708 366
1709 366
1710 18
1711 352
1712 109
1713 366
1714 366
1715 226
1716 396
1717 323
1718 378
1719 323
1720 226
1721 217
1722 378
1723 361
1724 359
1725 359
1726 413
1727 361
1728 315
1729 359
1730 59
1731 59
1732 59
1733 59
1734 363
1735 351
1736 360
1737 342
1738 342
1739 218
1740 395
1741 343
1742 395
1743 226
1744 279
1745 297
1746 226
1747 232
1748 226
1749 297
1750 232
1751 226
1752 414
1753 414
1754 222
1755 218
1756 417
1757 414
1758 113
1759 110
1760 113
1761 113
1762 3
1763 113
1764 113
1765 110
1766 254
1767 318
1768 256
1769 365
1770 318
1771 365
1772 383
1773 254
1774 366
1775 117
1776 24
1777 366
1778 3
1779 300
1780 366
1781 0
1782 128
1783 124
1784 128
1785 128
1786 108
1787 108
1788 128
1789 203
1790 203
1791 23
1792 0
1793 23
1794 0
1795 106
1796 106
1797 106
1798 106
1799 407
1800 407
1801 407
1802 407
1803 109
1804 243
1805 375
1806 375
1807 228
1808 109
1809 238
1810 322
1811 57
1812 322
1813 322
1814 408
1815 408
1816 408
1817 293
1818 331
1819 307
1820 175
1821 175
1822 175
1823 113
1824 175
1825 162
1826 105
1827 259
1828 105
1829 67
1830 216
1831 263
1832 15
1833 263
1834 263
1835 263
1836 217
1837 263
1838 263
1839 263
1840 246
1841 15
1842 261
1843 263
1844 15
1845 90
1846 0
1847 90
1848 67
1849 67
1850 217
1851 1
1852 67
1853 72
1854 72
1855 72
1856 1
1857 351
1858 352
1859 24
1860 3
1861 72
1862 24
1863 73
1864 3
1865 276
1866 283
1867 280
1868 283
1869 283
1870 283
1871 283
1872 85
1873 85
1874 85
1875 85
1876 85
1877 93
1878 93
1879 73
1880 198
1881 109
1882 117
1883 198
1884 109
1885 198
1886 198
1887 16
1888 109
1889 198
1890 105
1891 105
1892 105
1893 373
1894 76
1895 76
1896 76
1897 29
1898 35
1899 197
1900 280
1901 149
1902 108
1903 149
1904 187
1905 183
1906 185
1907 183
1908 282
1909 380
1910 283
1911 216
1912 19
1913 216
1914 202
1915 164
1916 134
1917 165
1918 134
1919 164
1920 212
1921 212
1922 212
1923 212
1924 340
1925 212
1926 212
1927 212
1928 14
1929 322
1930 14
1931 14
1932 14
1933 14
1934 322
1935 23
1936 332
1937 260
1938 21
1939 21
1940 58
1941 155
1942 161
1943 155
1944 325
1945 373
1946 325
1947 324
1948 422
1949 324
1950 376
1951 109
1952 109
1953 163
1954 109
1955 288
1956 421
1957 217
1958 1
1959 324
1960 288
1961 217
1962 220
1963 394
1964 411
1965 4
1966 394
1967 4
1968 394
1969 33
1970 1
1971 108
1972 113
1973 39
1974 1
1975 1
1976 119
1977 347
1978 347
1979 220
1980 3
1981 119
1982 373
1983 119
1984 110
1985 108
1986 110
1987 1
1988 166
1989 108
1990 110
1991 237
1992 237
1993 403
1994 403
1995 403
1996 403
1997 403
1998 360
1999 112
2000 116
2001 158
2002 6
2003 128
2004 116
2005 213
2006 293
2007 293
2008 249
2009 60
2010 238
2011 112
2012 206
2013 112
2014 44
2015 333
2016 115
2017 110
2018 342
2019 159
2020 333
2021 1
2022 115
2023 106
2024 178
2025 382
2026 40
2027 3
2028 324
2029 372
2030 321
2031 318
2032 321
2033 321
2034 321
2035 362
2036 318
2037 226
2038 321
2039 362
2040 318
2041 230
2042 220
2043 230
2044 42
2045 42
2046 0
2047 42
2048 8
2049 8
2050 8
2051 8
2052 8
2053 49
2054 49
2055 344
2056 14
2057 239
2058 239
2059 239
2060 413
2061 237
2062 422
2063 413
2064 237
2065 370
2066 327
2067 371
2068 216
2069 234
2070 234
2071 234
2072 140
2073 111
2074 140
2075 132
2076 108
2077 111
2078 2
2079 354
2080 269
2081 269
2082 152
2083 149
2084 152
2085 152
2086 412
2087 412
2088 140
2089 164
2090 144
2091 165
2092 108
2093 140
2094 164
2095 365
2096 365
2097 365
2098 294
2099 294
2100 50
2101 50
2102 50
2103 50
2104 50
2105 3
2106 3
2107 50
2108 389
2109 389
2110 211
2111 211
2112 211
2113 211
2114 174
2115 174
2116 163
2117 162
2118 174
2119 199
2120 122
2121 199
2122 163
2123 33
2124 162
2125 162
2126 122
2127 233
2128 119
2129 228
2130 108
2131 355
2132 108
2133 33
2134 31
2135 33
2136 29
2137 33
2138 29
2139 33
2140 31
2141 33
2142 345
2143 373
2144 217
2145 373
2146 186
2147 163
2148 187
2149 186
2150 66
2151 66
2152 66
2153 66
2154 66
2155 305
2156 162
2157 162
2158 167
2159 305
2160 162
2161 6
2162 216
2163 325
2164 290
2165 204
2166 204
2167 204
2168 204
2169 309
2170 309
2171 309
2172 318
2173 309
2174 318
2175 309
2176 140
2177 163
2178 113
2179 163
2180 163
2181 165
2182 19
2183 19
2184 19
2185 90
2186 84
2187 56
2188 243
2189 84
2190 226
2191 67
2192 223
2193 226
2194 63
2195 63
2196 214
2197 6
2198 214
2199 214
2200 214
2201 214
2202 350
2203 279
2204 350
2205 291
2206 350
2207 101
2208 110
2209 126
2210 108
2211 179
2212 179
2213 319
2214 295
2215 179
2216 426
2217 426
2218 426
2219 426
2220 284
2221 17
2222 141
2223 17
2224 426
2225 238
2226 426
2227 380
2228 380
2229 380
2230 397
2231 0
2232 158
2233 189
2234 189
2235 189
2236 158
2237 158
2238 339
2239 333
2240 340
2241 339
2242 324
2243 34
2244 34
2245 227
2246 227
2247 227
2248 227
2249 217
2250 398
2251 227
2252 227
2253 388
2254 388
2255 236
2256 388
2257 342
2258 342
2259 386
2260 386
2261 386
2262 144
2263 144
2264 224
2265 243
2266 224
2267 253
2268 81
2269 217
2270 81
2271 81
2272 83
2273 81
2274 221
2275 253
2276 253
2277 188
2278 112
2279 110
2280 194
2281 163
2282 93
2283 6
2284 93
2285 9
2286 9
2287 9
2288 411
2289 411
2290 359
2291 307
2292 307
2293 315
2294 307
2295 217
2296 307
2297 303
2298 122
2299 208
2300 162
2301 208
2302 182
2303 168
2304 163
2305 208
2306 245
2307 162
2308 342
2309 118
2310 358
2311 342
2312 342
2313 148
2314 121
2315 109
2316 103
2317 103
2318 103
2319 103
2320 103
2321 103
2322 255
2323 255
2324 255
2325 169
2326 169
2327 169
2328 221
2329 217
2330 423
2331 221
2332 327
2333 217
2334 217
2335 221
2336 170
2337 163
2338 196
2339 165
2340 170
2341 162
2342 196
2343 163
2344 165
2345 243
2346 412
2347 216
2348 224
2349 412
2350 403
2351 243
2352 232
2353 223
2354 219
2355 219
2356 224
2357 223
2358 219
2359 219
2360 220
2361 295
2362 110
2363 110
2364 307
2365 218
2366 307
2367 225
2368 218
2369 307
2370 307
2371 218
2372 107
2373 352
2374 1
2375 107
2376 1
2377 125
2378 115
2379 213
2380 2
2381 164
2382 125
2383 1
2384 164
2385 2
2386 115
2387 333
2388 318
2389 222
2390 333
2391 333
2392 333
2393 220
2394 222
2395 4
2396 309
2397 247
2398 217
2399 220
2400 318
2401 100
2402 100
2403 119
2404 1
2405 114
2406 332
2407 146
2408 146
2409 165
2410 162
2411 143
2412 148
2413 149
2414 164
2415 115
2416 163
2417 163
2418 115
2419 149
2420 163
2421 114
2422 48
2423 48
2424 48
2425 48
2426 263
2427 263
2428 303
2429 225
2430 146
2431 302
2432 206
2433 108
2434 206
2435 129
2436 108
2437 109
2438 109
2439 129
2440 108
2441 206
2442 365
2443 3
2444 54
2445 54
2446 54
2447 54
2448 159
2449 126
2450 184
2451 159
2452 119
2453 159
2454 159
2455 159
2456 126
2457 373
2458 373
2459 373
2460 373
2461 415
2462 373
2463 192
2464 150
2465 351
2466 351
2467 150
2468 146
2469 267
2470 141
2471 118
2472 113
2473 109
2474 263
2475 263
2476 90
2477 90
2478 90
2479 3
2480 77
2481 77
2482 77
2483 192
2484 192
2485 165
2486 190
2487 192
2488 176
2489 176
2490 176
2491 391
2492 391
2493 298
2494 241
2495 154
2496 327
2497 421
2498 154
2499 154
2500 114
2501 117
2502 117
2503 113
2504 384
2505 228
2506 194
2507 298
2508 298
2509 302
2510 302
2511 302
2512 298
2513 67
2514 67
2515 67
2516 67
2517 266
2518 266
2519 266
2520 213
2521 213
2522 24
2523 213
2524 213
2525 213
2526 275
2527 275
2528 275
2529 275
2530 275
2531 59
2532 59
2533 59
2534 59
2535 59
2536 149
2537 149
2538 178
2539 184
2540 178
2541 182
2542 182
2543 207
2544 164
2545 207
2546 184
2547 69
2548 69
2549 69
2550 270
2551 85
2552 274
2553 274
2554 372
2555 372
2556 372
2557 184
2558 108
2559 121
2560 175
2561 184
2562 166
2563 163
2564 247
2565 247
2566 249
2567 249
2568 144
2569 305
2570 144
2571 219
2572 307
2573 144
2574 219
2575 219
2576 307
2577 305
2578 33
2579 23
2580 23
2581 379
2582 379
2583 379
2584 104
2585 104
2586 99
2587 18
2588 224
2589 3
2590 224
2591 400
2592 13
2593 325
2594 400
2595 224
2596 325
2597 97
2598 97
2599 97
2600 97
2601 97
2602 97
2603 106
2604 268
2605 284
2606 231
2607 218
2608 327
2609 1
2610 218
2611 217
2612 297
2613 231
2614 284
2615 218
2616 382
2617 404
2618 422
2619 2
2620 370
2621 370
2622 303
2623 0
2624 216
2625 320
2626 303
2627 246
2628 216
2629 320
2630 210
2631 210
2632 1
2633 4
2634 162
2635 109
2636 101
2637 131
2638 162
2639 168
2640 276
2641 276
2642 275
2643 276
2644 275
2645 340
2646 340
2647 345
2648 340
2649 337
2650 337
2651 340
2652 340
2653 341
2654 341
2655 341
2656 341
2657 341
2658 341
2659 341
2660 107
2661 397
2662 228
2663 228
2664 228
2665 223
2666 228
2667 223
2668 193
2669 163
2670 121
2671 193
2672 193
2673 193
2674 163
2675 283
2676 218
2677 218
2678 52
2679 288
2680 48
2681 53
2682 237
2683 251
2684 237
2685 288
2686 346
2687 223
2688 311
2689 346
2690 311
2691 346
2692 312
2693 312
2694 41
2695 312
2696 116
2697 116
2698 116
2699 137
2700 24
2701 137
2702 36
2703 419
2704 419
2705 253
2706 220
2707 256
2708 221
2709 218
2710 247
2711 218
2712 253
2713 253
2714 220
2715 95
2716 95
2717 209
2718 209
2719 161
2720 335
2721 288
2722 224
2723 2
2724 288
2725 110
2726 26
2727 26
2728 26
2729 222
2730 253
2731 252
2732 222
2733 253
2734 315
2735 219
2736 315
2737 308
2738 208
2739 103
2740 219
2741 253
2742 315
2743 61
2744 61
2745 200
2746 200
2747 274
2748 263
2749 361
2750 255
2751 361
2752 321
2753 321
2754 221
2755 198
2756 198
2757 198
2758 3
2759 216
2760 386
2761 216
2762 109
2763 386
2764 198
2765 198
2766 42
2767 42
2768 42
2769 72
2770 72
2771 27
2772 365
2773 365
2774 365
2775 84
2776 84
2777 84
2778 84
2779 84
2780 84
2781 328
2782 108
2783 154
2784 328
2785 328
2786 328
2787 0
2788 299
2789 108
2790 249
2791 328
2792 315
2793 224
2794 224
2795 358
2796 358
2797 212
2798 358
2799 211
2800 372
2801 372
2802 384
2803 217
2804 331
2805 325
2806 318
2807 2
2808 373
2809 318
2810 325
2811 417
2812 373
2813 227
2814 2
2815 327
2816 14
2817 112
2818 112
2819 417
2820 417
2821 217
2822 358
2823 219
2824 219
2825 380
2826 380
2827 380
2828 224
2829 206
2830 206
2831 206
2832 135
2833 204
2834 204
2835 204
2836 204
2837 204
2838 175
2839 163
2840 385
2841 385
2842 385
2843 385
2844 127
2845 175
2846 114
2847 162
2848 175
2849 112
2850 148
2851 149
2852 236
2853 219
2854 87
2855 134
2856 2
2857 121
2858 220
2859 141
2860 162
2861 165
2862 141
2863 113
2864 109
2865 162
2866 162
2867 162
2868 333
2869 332
2870 324
2871 302
2872 324
2873 332
2874 251
2875 251
2876 251
2877 336
2878 134
2879 131
2880 116
2881 166
2882 131
2883 131
2884 108
2885 164
2886 116
2887 29
2888 29
2889 29
2890 24
2891 219
2892 216
2893 217
2894 219
2895 217
2896 223
2897 217
2898 365
2899 24
2900 416
2901 416
2902 109
2903 6
2904 118
2905 118
2906 118
2907 92
2908 255
2909 145
2910 217
2911 216
2912 3
2913 28
2914 28
2915 28
2916 135
2917 135
2918 146
2919 146
2920 146
2921 163
2922 324
2923 388
2924 388
2925 388
2926 388
2927 388
2928 38
2929 38
2930 38
2931 178
2932 178
2933 7
2934 304
2935 304
2936 384
2937 36
2938 221
2939 36
2940 1
2941 13
2942 36
2943 36
2944 1
2945 134
2946 108
2947 109
2948 162
2949 163
2950 162
2951 117
2952 192
2953 237
2954 237
2955 237
2956 410
2957 410
2958 410
2959 177
2960 163
2961 17
2962 162
2963 162
2964 177
2965 167
2966 163
2967 292
2968 364
2969 129
2970 217
2971 292
2972 364
2973 240
2974 359
2975 110
2976 240
2977 105
2978 105
2979 217
2980 46
2981 217
2982 48
2983 14
2984 110
2985 21
2986 61
2987 421
2988 421
2989 269
2990 364
2991 216
2992 269
2993 18
2994 56
2995 62
2996 62
2997 121
2998 111
2999 2
3000 162
3001 111
3002 22
3003 22
3004 126
3005 3
3006 126
3007 147
3008 175
3009 188
3010 212
3011 212
3012 224
3013 397
3014 397
3015 397
3016 397
3017 63
3018 63
3019 63
3020 216
3021 381
3022 75
3023 216
3024 223
3025 248
3026 250
3027 248
3028 248
3029 248
3030 248
3031 248
3032 250
3033 248
3034 198
3035 248
3036 248
3037 248
3038 248
3039 248
3040 250
3041 248
3042 185
3043 150
3044 169
3045 150
3046 254
3047 418
3048 218
3049 424
3050 218
3051 418
3052 390
3053 260
3054 251
3055 390
3056 260
3057 80
3058 390
3059 255
3060 251
3061 80
3062 26
3063 2
3064 398
3065 190
3066 191
3067 289
3068 110
3069 387
3070 85
3071 81
3072 81
3073 80
3074 27
3075 313
3076 313
3077 313
3078 313
3079 313
3080 313
3081 214
3082 214
3083 214
3084 211
3085 162
3086 214
3087 214
3088 358
3089 372
3090 352
3091 324
3092 352
3093 352
3094 118
3095 157
3096 109
3097 67
3098 333
3099 331
3100 356
3101 110
3102 274
3103 274
3104 270
3105 213
3106 273
3107 274
3108 75
3109 365
3110 220
3111 75
3112 306
3113 139
3114 139
3115 139
3116 139
3117 162
3118 304
3119 304
3120 304
3121 304
3122 385
3123 230
3124 216
3125 385
3126 349
3127 336
3128 216
3129 216
3130 218
3131 353
3132 248
3133 230
3134 353
3135 223
3136 353
3137 353
3138 351
3139 235
3140 235
3141 235
3142 235
3143 235
3144 221
3145 425
3146 380
3147 361
3148 425
3149 425
3150 425
3151 12
3152 12
3153 12
3154 268
3155 268
3156 1
3157 156
3158 156
3159 115
3160 223
3161 156
3162 110
3163 336
3164 174
3165 174
3166 333
3167 1
3168 318
3169 318
3170 257
3171 257
3172 208
3173 164
3174 164
3175 165
3176 162
3177 164
3178 391
3179 391
3180 369
3181 391
3182 391
3183 391
3184 157
3185 103
3186 103
3187 157
3188 157
3189 103
3190 137
3191 137
3192 109
3193 402
3194 402
3195 402
3196 402
3197 399
3198 399
3199 329
3200 141
3201 119
3202 111
3203 272
3204 272
3205 272
3206 270
3207 272
3208 272
3209 272
3210 48
3211 48
3212 224
3213 224
3214 134
3215 411
3216 321
3217 321
3218 115
3219 324
3220 321
3221 342
3222 115
3223 321
3224 89
3225 89
3226 280
3227 75
3228 332
3229 269
3230 5
3231 107
3232 75
3233 257
3234 225
3235 257
3236 257
3237 217
3238 375
3239 375
3240 375
3241 375
3242 255
3243 261
3244 242
3245 223
3246 196
3247 223
3248 196
3249 261
3250 127
3251 118
3252 30
3253 128
3254 324
3255 124
3256 109
3257 112
3258 340
3259 124
3260 124
3261 42
3262 42
3263 42
3264 42
3265 23
3266 42
3267 116
3268 115
3269 211
3270 32
3271 115
3272 276
3273 119
3274 276
3275 164
3276 164
3277 175
3278 52
3279 164
3280 52
3281 94
3282 52
3283 164
3284 1
3285 15
3286 305
3287 355
3288 347
3289 345
3290 347
3291 186
3292 78
3293 304
3294 78
3295 276
3296 270
3297 38
3298 237
3299 270
3300 245
3301 237
3302 18
3303 109
3304 0
3305 235
3306 235
3307 218
3308 235
3309 25
3310 111
3311 391
3312 292
3313 233
3314 223
3315 223
3316 230
3317 230
3318 230
3319 307
3320 230
3321 219
3322 252
3323 319
3324 307
3325 230
3326 230
3327 209
3328 209
3329 2
3330 209
3331 209
3332 371
3333 371
3334 371
3335 371
3336 371
3337 134
3338 275
3339 2
3340 345
3341 224
3342 376
3343 275
3344 2
3345 280
3346 280
3347 280
3348 136
3349 280
3350 280
3351 239
3352 239
3353 239
3354 239
3355 218
3356 239
3357 342
3358 345
3359 342
3360 342
3361 181
3362 168
3363 210
3364 181
3365 162
3366 162
3367 168
3368 417
3369 417
3370 417
3371 235
3372 384
3373 377
3374 329
3375 228
3376 293
3377 2
3378 293
3379 133
3380 109
3381 125
3382 182
3383 133
3384 109
3385 164
3386 109
3387 123
3388 123
3389 98
3390 98
3391 136
3392 141
3393 118
3394 136
3395 238
3396 201
3397 238
3398 136
3399 16
3400 16
3401 16
3402 171
3403 165
3404 165
3405 43
3406 43
3407 43
3408 43
3409 360
3410 277
3411 70
3412 189
3413 189
3414 56
3415 56
3416 56
3417 1
3418 56
3419 54
3420 48
3421 48
3422 376
3423 6
3424 341
3425 341
3426 367
3427 367
3428 238
3429 221
3430 238
3431 221
3432 330
3433 224
3434 224
3435 281
3436 330
3437 224
3438 224
3439 71
3440 71
3441 71
3442 148
3443 163
3444 110
3445 148
3446 148
3447 382
3448 274
3449 142
3450 111
3451 142
3452 100
3453 111
3454 111
3455 116
3456 255
3457 151
3458 256
3459 345
3460 218
3461 256
3462 352
3463 283
3464 410
3465 411
3466 410
3467 410
3468 410
3469 84
3470 84
3471 84
3472 84
3473 193
3474 212
3475 193
3476 179
3477 18
3478 358
3479 358
3480 403
3481 358
3482 372
3483 358
3484 125
3485 114
3486 273
3487 273
3488 41
3489 41
3490 114
3491 175
3492 78
3493 26
3494 314
3495 314
3496 314
3497 314
3498 400
3499 224
3500 23
3501 163
3502 23
3503 332
3504 214
3505 108
3506 214
3507 273
3508 273
3509 171
3510 197
3511 171
3512 297
3513 297
3514 327
3515 286
3516 346
3517 327
3518 216
3519 327
3520 206
3521 206
3522 206
3523 206
3524 206
3525 206
3526 206
3527 104
3528 104
3529 366
3530 104
3531 124
3532 351
3533 124
3534 124
3535 124
3536 351
3537 124
3538 18
3539 69
3540 69
3541 18
3542 18
3543 18
3544 18
3545 69
3546 152
3547 152
3548 18
3549 378
3550 378
3551 378
3552 378
3553 378
3554 378
3555 378
3556 8
3557 7
3558 7
3559 168
3560 167
3561 165
3562 168
3563 76
3564 76
3565 76
3566 76
3567 76
3568 250
3569 114
3570 367
3571 121
3572 342
3573 125
3574 153
3575 125
3576 237
3577 237
3578 237
3579 390
3580 390
3581 390
3582 390
3583 390
3584 303
3585 351
3586 303
3587 324
3588 319
3589 195
3590 114
3591 291
3592 296
3593 318
3594 318
3595 299
3596 409
3597 330
3598 330
3599 330
3600 330
3601 330
3602 330
3603 77
3604 77
3605 110
3606 77
3607 408
3608 408
3609 408
3610 341
3611 341
3612 341
3613 279
3614 318
3615 240
3616 279
3617 279
3618 279
3619 240
3620 115
3621 115
3622 109
3623 115
3624 274
3625 274
3626 395
3627 235
3628 113
3629 193
3630 24
3631 32
3632 342
3633 416
3634 342
3635 261
3636 261
3637 261
3638 257
3639 251
3640 121
3641 257
3642 251
3643 237
3644 237
3645 152
3646 152
3647 347
3648 347
3649 387
3650 347
3651 31
3652 196
3653 31
3654 196
3655 102
3656 102
3657 209
3658 339
3659 217
3660 357
3661 209
3662 339
3663 155
3664 363
3665 222
3666 217
3667 109
3668 351
3669 217
3670 317
3671 169
3672 169
3673 169
3674 295
3675 286
3676 90
3677 295
3678 295
3679 295
3680 344
3681 344
3682 344
3683 344
3684 155
3685 114
3686 110
3687 169
3688 169
3689 169
3690 169
3691 169
3692 241
3693 365
3694 378
3695 219
3696 15
3697 378
3698 238
3699 229
3700 238
3701 238
3702 101
3703 129
3704 213
3705 218
3706 289
3707 270
3708 213
3709 293
3710 288
3711 293
3712 293
3713 293
3714 341
3715 219
3716 341
3717 4
3718 4
3719 216
3720 286
3721 374
3722 73
3723 73
3724 73
3725 73
3726 253
3727 253
3728 83
3729 81
3730 83
3731 81
3732 201
3733 220
3734 247
3735 247
3736 247
3737 247
3738 311
3739 218
3740 251
3741 312
3742 217
3743 218
3744 224
3745 251
3746 247
3747 350
3748 24
3749 282
3750 348
3751 347
3752 187
3753 176
3754 111
3755 179
3756 187
3757 176
3758 106
3759 106
3760 217
3761 58
3762 58
3763 413
3764 413
3765 413
3766 77
3767 77
3768 77
3769 26
3770 23
3771 26
3772 349
3773 349
3774 349
3775 122
3776 122
3777 113
3778 122
3779 122
3780 122
3781 362
3782 428
3783 382
3784 360
3785 360
3786 360
3787 210
3788 210
3789 133
3790 164
3791 168
3792 109
3793 162
3794 59
3795 59
3796 59
3797 59
3798 59
3799 59
3800 192
3801 221
3802 165
3803 192
3804 192
3805 192
3806 216
3807 39
3808 216
3809 218
3810 192
3811 303
3812 272
3813 272
3814 272
3815 281
3816 281
3817 281
3818 281
3819 335
3820 335
3821 400
3822 400
3823 335
3824 335
3825 326
3826 326
3827 326
3828 110
3829 350
3830 326
3831 74
3832 118
3833 74
3834 189
3835 167
3836 385
3837 326
3838 117
3839 404
3840 4
3841 362
3842 362
3843 197
3844 111
3845 197
3846 32
3847 109
3848 176
3849 167
3850 176
3851 167
3852 176
3853 176
3854 176
3855 176
3856 388
3857 388
3858 388
3859 299
3860 299
3861 299
3862 299
3863 193
3864 123
3865 123
3866 123
3867 123
3868 310
3869 0
3870 0
3871 310
3872 166
3873 165
3874 424
3875 166
3876 166
3877 280
3878 261
3879 315
3880 224
3881 244
3882 280
3883 161
3884 295
3885 218
3886 422
3887 151
3888 151
3889 151
3890 151
3891 8
3892 8
3893 8
3894 8
3895 8
3896 426
3897 342
3898 342
3899 330
3900 301
3901 426
3902 422
3903 220
3904 377
3905 223
3906 216
3907 223
3908 219
3909 220
3910 67
3911 347
3912 0
3913 376
3914 376
3915 376
3916 376
3917 376
3918 273
3919 275
3920 273
3921 69
3922 69
3923 69
3924 286
3925 267
3926 296
3927 3
3928 286
3929 60
3930 295
3931 17
3932 17
3933 37
3934 241
3935 17
3936 317
3937 299
3938 317
3939 317
3940 317
3941 221
3942 317
3943 307
3944 268
3945 239
3946 345
3947 418
3948 418
3949 218
3950 345
3951 44
3952 46
3953 238
3954 238
3955 238
3956 324
3957 333
3958 221
3959 80
3960 80
3961 95
3962 80
3963 80
3964 161
3965 160
3966 161
3967 76
3968 76
3969 125
3970 223
3971 216
3972 216
3973 417
3974 337
3975 149
3976 324
3977 361
3978 244
3979 218
3980 149
3981 324
3982 89
3983 89
3984 89
3985 381
3986 381
3987 398
3988 381
3989 381
3990 221
3991 402
3992 39
3993 39
3994 159
3995 15
3996 326
3997 326
3998 326
3999 15
4000 1
4001 256
4002 68
4003 68
4004 256
4005 215
4006 215
4007 112
4008 419
4009 419
4010 419
4011 419
4012 419
4013 228
4014 280
4015 273
4016 1
4017 272
4018 292
4019 218
4020 249
4021 1
4022 228
4023 52
4024 131
4025 131
4026 131
4027 131
4028 364
4029 364
4030 364
4031 216
4032 344
4033 216
4034 115
4035 303
4036 303
4037 297
4038 1
4039 297
4040 303
4041 303
4042 303
4043 76
4044 423
4045 315
4046 423
4047 423
4048 237
4049 237
4050 315
4051 144
4052 385
4053 121
4054 176
4055 423
4056 121
4057 176
4058 138
4059 164
4060 202
4061 114
4062 114
4063 164
4064 197
4065 197
4066 170
4067 344
4068 3
4069 3
4070 344
4071 344
4072 255
4073 368
4074 255
4075 374
4076 216
4077 216
4078 216
4079 74
4080 127
4081 122
4082 122
4083 44
4084 159
4085 16
4086 16
4087 16
4088 289
4089 294
4090 196
4091 112
4092 111
4093 109
4094 364
4095 365
4096 146
4097 146
4098 110
4099 234
4100 146
4101 7
4102 7
4103 131
4104 131
4105 108
4106 333
4107 333
4108 223
4109 223
4110 223
4111 352
4112 352
4113 382
4114 37
4115 327
4116 327
4117 327
4118 351
4119 267
4120 245
4121 111
4122 184
4123 267
4124 411
4125 268
4126 268
4127 268
4128 268
4129 295
4130 374
4131 401
4132 347
4133 235
4134 235
4135 138
4136 220
4137 138
4138 218
4139 138
4140 331
4141 109
4142 331
4143 331
4144 331
4145 162
4146 163
4147 165
4148 288
4149 288
4150 288
4151 405
4152 405
4153 93
4154 357
4155 93
4156 99
4157 99
4158 99
4159 101
4160 99
4161 327
4162 110
4163 327
4164 327
4165 327
4166 1
4167 327
4168 327
4169 163
4170 327
4171 256
4172 317
4173 317
4174 405
4175 408
4176 317
4177 317
4178 355
4179 317
4180 26
4181 32
4182 216
4183 426
4184 125
4185 123
4186 125
4187 119
4188 125
4189 125
4190 125
4191 123
4192 383
4193 300
4194 300
4195 297
4196 297
4197 383
4198 383
4199 116
4200 115
4201 112
4202 116
4203 115
4204 132
4205 163
4206 174
4207 129
4208 185
4209 163
4210 20
4211 20
4212 20
4213 210
4214 155
4215 272
4216 1
4217 155
4218 316
4219 316
4220 316
4221 316
4222 420
4223 424
4224 420
4225 425
4226 420
4227 347
4228 347
4229 324
4230 347
4231 324
4232 199
4233 199
4234 133
4235 193
4236 116
4237 108
4238 116
4239 116
4240 116
4241 116
4242 415
4243 218
4244 283
4245 3
4246 185
4247 163
4248 61
4249 61
4250 245
4251 4
4252 251
4253 216
4254 4
4255 245
4256 245
4257 216
4258 324
4259 216
4260 4
4261 245
4262 245
4263 294
4264 243
4265 245
4266 245
4267 245
4268 253
4269 251
4270 294
4271 245
4272 245
4273 387
4274 387
4275 387
4276 358
4277 358
4278 146
4279 175
4280 125
4281 185
4282 193
4283 123
4284 193
4285 113
4286 165
4287 293
4288 146
4289 183
4290 109
4291 146
4292 177
4293 164
4294 177
4295 162
4296 363
4297 363
4298 99
4299 219
4300 19
4301 99
4302 381
4303 381
4304 381
4305 381
4306 381
4307 235
4308 223
4309 218
4310 354
4311 32
4312 218
4313 235
4314 355
4315 355
4316 355
4317 342
4318 342
4319 342
4320 342
4321 39
4322 39
4323 39
4324 1
4325 1
4326 310
4327 310
4328 216
4329 223
4330 412
4331 45
4332 45
4333 45
4334 45
4335 45
4336 93
4337 93
4338 93
4339 140
4340 165
4341 108
4342 165
4343 316
4344 316
4345 316
4346 316
4347 224
4348 20
4349 316
4350 316
4351 316
4352 326
4353 326
4354 326
4355 99
4356 326
4357 338
4358 338
4359 260
4360 338
4361 244
4362 338
4363 338
4364 140
4365 140
4366 149
4367 354
4368 140
4369 99
4370 99
4371 99
4372 99
4373 242
4374 223
4375 242
4376 31
4377 242
4378 217
4379 219
4380 217
4381 290
4382 242
4383 196
4384 196
4385 196
4386 368
4387 368
4388 368
4389 368
4390 368
4391 378
4392 378
4393 22
4394 22
4395 89
4396 0
4397 89
4398 424
4399 156
4400 109
4401 424
4402 156
4403 55
4404 55
4405 296
4406 252
4407 2
4408 252
4409 354
4410 354
4411 362
4412 362
4413 92
4414 86
4415 92
4416 92
4417 86
4418 92
4419 287
4420 287
4421 223
4422 408
4423 408
4424 112
4425 408
4426 408
4427 182
4428 182
4429 117
4430 182
4431 222
4432 99
4433 302
4434 99
4435 192
4436 189
4437 189
4438 99
4439 101
4440 101
4441 275
4442 287
4443 101
4444 53
4445 412
4446 337
4447 377
4448 412
4449 332
4450 78
4451 74
4452 78
4453 78
4454 364
4455 60
4456 108
4457 47
4458 60
4459 60
4460 416
4461 161
4462 244
4463 264
4464 114
4465 372
4466 372
4467 114
4468 114
4469 264
4470 134
4471 248
4472 228
4473 300
4474 373
4475 372
4476 372
4477 223
4478 373
4479 282
4480 310
4481 260
4482 221
4483 395
4484 1
4485 324
4486 282
4487 282
4488 221
4489 336
4490 256
4491 241
4492 256
4493 256
4494 219
4495 219
4496 146
4497 291
4498 291
4499 146
4500 153
4501 146
4502 146
4503 146
4504 146
4505 291
4506 213
4507 209
4508 129
4509 114
4510 129
4511 427
4512 380
4513 427
4514 370
4515 370
4516 370
4517 316
4518 370
4519 301
4520 370
4521 375
4522 375
4523 375
4524 375
4525 191
4526 191
4527 175
4528 80
4529 217
4530 191
4531 164
4532 191
4533 354
4534 354
4535 373
4536 226
4537 358
4538 319
4539 221
4540 358
4541 362
4542 353
4543 247
4544 358
4545 141
4546 162
4547 164
4548 149
4549 144
4550 166
4551 168
4552 114
4553 144
4554 166
4555 53
4556 226
4557 53
4558 263
4559 345
4560 53
4561 226
4562 86
4563 86
4564 83
4565 86
4566 247
4567 58
4568 58
4569 217
4570 225
4571 286
4572 217
4573 152
4574 313
4575 203
4576 153
4577 109
4578 348
4579 364
4580 155
4581 153
4582 216
4583 182
4584 265
4585 154
4586 95
4587 95
4588 292
4589 292
4590 389
4591 208
4592 110
4593 208
4594 162
4595 111
4596 126
4597 208
4598 163
4599 139
4600 175
4601 124
4602 162
4603 164
4604 118
4605 165
4606 164
4607 164
4608 124
4609 162
4610 164
4611 306
4612 21
4613 21
4614 67
4615 1
4616 66
4617 67
4618 1
4619 398
4620 398
4621 220
4622 398
4623 220
4624 205
4625 205
4626 205
4627 182
4628 205
4629 312
4630 312
4631 258
4632 258
4633 258
4634 287
4635 287
4636 287
4637 111
4638 123
4639 287
4640 322
4641 322
4642 322
4643 188
4644 167
4645 111
4646 160
4647 223
4648 160
4649 373
4650 223
4651 223
4652 220
4653 220
4654 220
4655 227
4656 218
4657 337
4658 337
4659 332
4660 220
4661 218
4662 220
4663 220
4664 228
4665 228
4666 228
4667 126
4668 108
4669 116
4670 126
4671 126
4672 3
4673 18
4674 108
4675 18
4676 103
4677 195
4678 195
4679 103
4680 107
4681 154
4682 107
4683 107
4684 107
4685 347
4686 163
4687 109
4688 331
4689 301
4690 406
4691 301
4692 301
4693 315
4694 315
4695 221
4696 175
4697 406
4698 301
4699 89
4700 251
4701 89
4702 251
4703 364
4704 222
4705 2
4706 155
4707 127
4708 190
4709 128
4710 128
4711 96
4712 96
4713 95
4714 95
4715 95
4716 76
4717 76
4718 76
4719 32
4720 32
4721 32
4722 30
4723 30
4724 316
4725 316
4726 307
4727 379
4728 344
4729 307
4730 76
4731 76
4732 74
4733 163
4734 137
4735 302
4736 233
4737 13
4738 13
4739 13
4740 1
4741 1
4742 300
4743 79
4744 300
4745 300
4746 262
4747 300
4748 97
4749 97
4750 97
4751 97
4752 218
4753 97
4754 97
4755 97
4756 391
4757 370
4758 370
4759 129
4760 129
4761 287
4762 421
4763 12
4764 56
4765 56
4766 56
4767 83
4768 189
4769 189
4770 103
4771 189
4772 189
4773 208
4774 111
4775 189
4776 118
4777 182
4778 2
4779 182
4780 2
4781 175
4782 3
4783 109
4784 310
4785 43
4786 310
4787 240
4788 325
4789 387
4790 405
4791 405
4792 405
4793 405
4794 405
4795 405
4796 405
4797 264
4798 264
4799 264
4800 152
4801 264
4802 142
4803 142
4804 164
4805 165
4806 59
4807 59
4808 59
4809 51
4810 339
4811 339
4812 16
4813 16
4814 292
4815 384
4816 2
4817 272
4818 270
4819 272
4820 199
4821 199
4822 199
4823 108
4824 199
4825 122
4826 122
4827 122
4828 60
4829 60
4830 60
4831 60
4832 60
4833 60
4834 284
4835 284
4836 373
4837 284
4838 315
4839 366
4840 113
4841 113
4842 224
4843 223
4844 171
4845 196
4846 164
4847 393
4848 169
4849 408
4850 428
4851 408
4852 1
4853 211
4854 408
4855 154
4856 313
4857 313
4858 219
4859 4
4860 392
4861 392
4862 230
4863 115
4864 235
4865 115
4866 230
4867 99
4868 350
4869 350
4870 350
4871 25
4872 25
4873 80
4874 80
4875 355
4876 425
4877 425
4878 425
4879 425
4880 219
4881 425
4882 196
4883 196
4884 17
4885 17
4886 0
4887 7
4888 7
4889 7
4890 7
4891 7
4892 334
4893 334
4894 224
4895 333
4896 2
4897 110
4898 2
4899 224
4900 67
4901 67
4902 67
4903 25
4904 3
4905 67
4906 130
4907 166
4908 130
4909 287
4910 251
4911 287
4912 251
4913 19
4914 3
4915 41
4916 41
4917 121
4918 121
4919 121
4920 132
4921 115
4922 119
4923 312
4924 247
4925 259
4926 219
4927 312
4928 219
4929 335
4930 259
4931 218
4932 303
4933 249
4934 249
4935 316
4936 315
4937 26
4938 254
4939 363
4940 72
4941 232
4942 256
4943 302
4944 218
4945 299
4946 299
4947 218
4948 302
4949 299
4950 358
4951 89
4952 89
4953 64
4954 39
4955 389
4956 64
4957 39
4958 222
4959 323
4960 1
4961 356
4962 412
4963 270
4964 412
4965 275
4966 412
4967 330
4968 226
4969 226
4970 333
4971 333
4972 333
4973 47
4974 46
4975 417
4976 61
4977 61
4978 261
4979 261
4980 261
4981 145
4982 174
4983 145
4984 219
4985 269
4986 216
4987 375
4988 338
4989 216
4990 60
4991 187
4992 187
4993 72
4994 385
4995 385
4996 385
4997 385
4998 385
4999 209
5000 177
5001 209
5002 108
5003 170
5004 179
5005 170
5006 255
5007 255
5008 256
5009 191
5010 191
5011 52
5012 303
5013 217
5014 217
5015 228
5016 225
5017 218
5018 216
5019 225
5020 228
5021 228
5022 18
5023 239
5024 216
5025 239
5026 239
5027 93
5028 93
5029 93
5030 93
5031 29
5032 241
5033 224
5034 233
5035 241
5036 233
5037 324
5038 224
5039 294
5040 337
5041 1
5042 396
5043 1
5044 129
5045 129
5046 111
5047 289
5048 381
5049 166
5050 232
5051 232
5052 232
5053 232
5054 77
5055 390
5056 390
5057 294
5058 390
5059 28
5060 28
5061 254
5062 2
5063 2
5064 254
5065 280
5066 289
5067 280
5068 280
5069 280
5070 289
5071 280
5072 8
5073 8
5074 8
5075 8
5076 8
5077 8
5078 57
5079 57
5080 57
5081 57
5082 294
5083 324
5084 324
5085 324
5086 324
5087 292
5088 163
5089 176
5090 163
5091 258
5092 224
5093 221
5094 224
5095 333
5096 219
5097 246
5098 221
5099 219
5100 258
5101 260
5102 152
5103 260
5104 260
5105 260
5106 87
5107 339
5108 87
5109 87
5110 70
5111 339
5112 221
5113 87
5114 402
5115 345
5116 402
5117 308
5118 308
5119 219
5120 217
5121 219
5122 315
5123 387
5124 387
5125 66
5126 66
5127 66
5128 66
5129 66
5130 66
5131 66
5132 75
5133 226
5134 341
5135 158
5136 218
5137 351
5138 36
5139 36
5140 3
5141 179
5142 162
5143 168
5144 160
5145 202
5146 111
5147 179
5148 162
5149 329
5150 231
5151 210
5152 231
5153 156
5154 156
5155 110
5156 156
5157 145
5158 415
5159 344
5160 327
5161 327
5162 80
5163 266
5164 219
5165 115
5166 193
5167 114
5168 246
5169 194
5170 416
5171 68
5172 68
5173 68
5174 68
5175 299
5176 68
5177 68
5178 134
5179 113
5180 114
5181 162
5182 150
5183 150
5184 150
5185 150
5186 191
5187 169
5188 172
5189 172
5190 181
5191 191
5192 169
5193 394
5194 25
5195 394
5196 25
5197 394
5198 119
5199 72
5200 119
5201 119
5202 72
5203 115
5204 115
5205 115
5206 110
5207 165
5208 288
5209 116
5210 10
5211 10
5212 10
5213 10
5214 52
5215 52
5216 111
5217 318
5218 318
5219 354
5220 376
5221 418
5222 425
5223 418
5224 425
5225 308
5226 308
5227 10
5228 10
5229 10
5230 427
5231 427
5232 284
5233 284
5234 284
5235 284
5236 284
5237 284
5238 12
5239 12
5240 12
5241 12
5242 12
5243 275
5244 275
5245 275
5246 275
5247 345
5248 348
5249 376
5250 288
5251 305
5252 305
5253 213
5254 213
5255 255
5256 223
5257 223
5258 281
5259 264
5260 338
5261 342
5262 264
5263 281
5264 281
5265 213
5266 24
5267 232
5268 232
5269 332
5270 222
5271 76
5272 76
5273 71
5274 377
5275 62
5276 400
5277 399
5278 399
5279 399
5280 399
5281 427
5282 422
5283 427
5284 427
5285 427
5286 100
5287 100
5288 100
5289 100
5290 100
5291 28
5292 28
5293 28
5294 28
5295 28
5296 28
5297 28
5298 28
5299 34
5300 34
5301 34
5302 326
5303 287
5304 326
5305 417
5306 417
5307 231
5308 226
5309 231
5310 417
5311 417
5312 122
5313 122
5314 122
5315 122
5316 125
5317 213
5318 212
5319 303
5320 219
5321 166
5322 219
5323 154
5324 154
5325 154
5326 19
5327 3
5328 19
5329 329
5330 249
5331 218
5332 329
5333 305
5334 246
5335 246
5336 163
5337 99
5338 99
5339 99
5340 99
5341 368
5342 368
5343 368
5344 251
5345 320
5346 251
5347 168
5348 328
5349 117
5350 119
5351 285
5352 285
5353 285
5354 285
5355 317
5356 407
5357 361
5358 407
5359 57
5360 57
5361 397
5362 388
5363 397
5364 57
5365 57
5366 57
5367 57
5368 57
5369 96
5370 96
5371 96
5372 96
5373 96
5374 96
5375 308
5376 308
5377 226
5378 316
5379 314
5380 226
5381 84
5382 226
5383 308
5384 84
5385 308
5386 67
5387 220
5388 3
5389 419
5390 62
5391 199
5392 114
5393 199
5394 233
5395 179
5396 260
5397 152
5398 1
5399 256
5400 152
5401 1
5402 263
5403 64
5404 64
5405 64
5406 144
5407 265
5408 265
5409 97
5410 97
5411 97
5412 97
5413 189
5414 131
5415 189
5416 54
5417 54
5418 172
5419 172
5420 172
5421 280
5422 395
5423 141
5424 146
5425 185
5426 126
5427 126
5428 60
5429 165
5430 113
5431 116
5432 217
5433 219
5434 161
5435 256
5436 161
5437 379
5438 125
5439 379
5440 422
5441 422
5442 410
5443 410
5444 406
5445 410
5446 263
5447 263
5448 263
5449 52
5450 46
5451 272
5452 155
5453 209
5454 209
5455 209
5456 209
5457 209
5458 373
5459 268
5460 368
5461 356
5462 373
5463 32
5464 27
5465 32
5466 404
5467 27
5468 20
5469 224
5470 5
5471 67
5472 65
5473 335
5474 111
5475 348
5476 335
5477 191
5478 165
5479 165
5480 317
5481 217
5482 368
5483 368
5484 217
5485 317
5486 103
5487 103
5488 103
5489 103
5490 146
5491 168
5492 190
5493 195
5494 411
5495 356
5496 356
5497 413
5498 25
5499 208
5500 413
5501 201
5502 115
5503 201
5504 201
5505 258
5506 258
5507 258
5508 115
5509 35
5510 35
5511 35
5512 35
5513 35
5514 276
5515 279
5516 277
5517 346
5518 346
5519 149
5520 346
5521 377
5522 343
5523 33
5524 3
5525 118
5526 23
5527 119
5528 119
5529 330
5530 421
5531 186
5532 367
5533 367
5534 367
5535 367
5536 390
5537 390
5538 263
5539 268
5540 264
5541 264
5542 341
5543 320
5544 320
5545 355
5546 359
5547 333
5548 359
5549 31
5550 16
5551 31
5552 16
5553 96
5554 96
5555 96
5556 329
5557 216
5558 221
5559 221
5560 220
5561 261
5562 412
5563 403
5564 168
5565 168
5566 168
5567 141
5568 131
5569 159
5570 165
5571 159
5572 159
5573 403
5574 403
5575 337
5576 335
5577 335
5578 335
5579 242
5580 242
5581 222
5582 6
5583 370
5584 294
5585 148
5586 294
5587 112
5588 110
5589 171
5590 388
5591 388
5592 109
5593 113
5594 108
5595 109
5596 202
5597 388
5598 85
5599 85
5600 132
5601 111
5602 132
5603 120
5604 158
5605 130
5606 130
5607 80
5608 111
5609 90
5610 90
5611 90
5612 86
5613 86
5614 86
5615 86
5616 80
5617 216
5618 116
5619 87
5620 87
5621 274
5622 274
5623 371
5624 371
5625 371
5626 371
5627 326
5628 371
5629 126
5630 114
5631 126
5632 126
5633 274
5634 274
5635 274
5636 349
5637 367
5638 349
5639 335
5640 369
5641 220
5642 336
5643 336
5644 336
5645 123
5646 72
5647 343
5648 395
5649 113
5650 395
5651 395
5652 196
5653 133
5654 110
5655 110
5656 133
5657 14
5658 14
5659 417
5660 223
5661 316
5662 417
5663 141
5664 316
5665 2
5666 188
5667 188
5668 8
5669 8
5670 26
5671 31
5672 221
5673 31
5674 53
5675 51
5676 53
5677 53
5678 51
5679 278
5680 17
5681 278
5682 278
5683 278
5684 425
5685 288
5686 200
5687 146
5688 111
5689 111
5690 193
5691 146
5692 162
5693 146
5694 167
5695 167
5696 168
5697 168
5698 162
5699 165
5700 167
5701 256
5702 256
5703 256
5704 256
5705 100
5706 81
5707 81
5708 268
5709 217
5710 266
5711 268
5712 387
5713 324
5714 268
5715 266
5716 203
5717 109
5718 90
5719 90
5720 90
5721 90
5722 90
5723 279
5724 279
5725 337
5726 337
5727 271
5728 286
5729 120
5730 112
5731 333
5732 199
5733 99
5734 109
5735 112
5736 54
5737 54
5738 54
5739 54
5740 366
5741 366
5742 122
5743 183
5744 122
5745 164
5746 115
5747 122
5748 164
5749 183
5750 25
5751 238
5752 270
5753 21
5754 21
5755 21
5756 1
5757 21
5758 209
5759 209
5760 209
5761 209
5762 312
5763 312
5764 312
5765 312
5766 312
5767 312
5768 319
5769 319
5770 319
5771 322
5772 319
5773 319
5774 67
5775 67
5776 133
5777 128
5778 166
5779 133
5780 164
5781 300
5782 300
5783 155
5784 300
5785 155
5786 300
5787 300
5788 248
5789 248
5790 249
5791 248
5792 248
5793 355
5794 355
5795 224
5796 224
5797 355
5798 193
5799 118
5800 146
5801 17
5802 108
5803 108
5804 172
5805 168
5806 17
5807 165
5808 269
5809 45
5810 332
5811 269
5812 217
5813 269
5814 217
5815 45
5816 132
5817 132
5818 114
5819 56
5820 56
5821 209
5822 195
5823 209
5824 209
5825 149
5826 149
5827 265
5828 149
5829 23
5830 3
5831 23
5832 273
5833 3
5834 292
5835 411
5836 382
5837 199
5838 199
5839 199
5840 199
5841 199
5842 88
5843 88
5844 88
5845 362
5846 362
5847 211
5848 174
5849 162
5850 120
5851 14
5852 14
5853 279
5854 358
5855 113
5856 382
5857 324
5858 387
5859 1
5860 218
5861 326
5862 358
5863 272
5864 272
5865 272
5866 272
5867 381
5868 354
5869 327
5870 384
5871 265
5872 265
5873 265
5874 96
5875 35
5876 96
5877 96
5878 426
5879 96
5880 96
5881 426
5882 125
5883 134
5884 364
5885 111
5886 362
5887 354
5888 362
5889 10
5890 10
5891 11
5892 11
5893 9
5894 10
5895 256
5896 301
5897 216
5898 216
5899 106
5900 106
5901 419
5902 419
5903 419
5904 100
5905 4
5906 193
5907 195
5908 193
5909 195
5910 311
5911 311
5912 311
5913 302
5914 311
5915 205
5916 221
5917 164
5918 203
5919 203
5920 203
5921 331
5922 331
5923 331
5924 276
5925 276
5926 36
5927 36
5928 36
5929 36
5930 36
5931 36
5932 134
5933 109
5934 109
5935 339
5936 339
5937 339
5938 339
5939 221
5940 181
5941 194
5942 114
5943 142
5944 110
5945 142
5946 142
5947 110
5948 406
5949 110
5950 372
5951 387
5952 374
5953 372
5954 129
5955 129
5956 63
5957 3
5958 127
5959 63
5960 49
5961 49
5962 322
5963 322
5964 322
5965 382
5966 239
5967 416
5968 416
5969 382
5970 395
5971 356
5972 280
5973 356
5974 416
5975 263
5976 261
5977 165
5978 114
5979 300
5980 189
5981 189
5982 202
5983 329
5984 329
5985 329
5986 72
5987 72
5988 72
5989 72
5990 4
5991 72
5992 72
5993 72
5994 72
5995 72
5996 364
5997 359
5998 364
5999 25
6000 25
6001 299
6002 308
6003 220
6004 23
6005 299
6006 71
6007 71
6008 71
6009 71
6010 417
6011 414
6012 417
6013 417
6014 380
6015 380
6016 315
6017 337
6018 337
6019 326
6020 337
6021 324
6022 333
6023 326
6024 143
6025 143
6026 143
6027 283
6028 44
6029 86
6030 86
6031 86
6032 86
6033 86
6034 154
6035 154
6036 154
6037 154
6038 154
6039 276
6040 274
6041 274
6042 274
6043 68
6044 44
6045 101
6046 68
6047 132
6048 114
6049 152
6050 131
6051 2
6052 2
6053 114
6054 73
6055 73
6056 73
6057 73
6058 73
6059 157
6060 211
6061 195
6062 195
6063 30
6064 165
6065 276
6066 361
6067 276
6068 241
6069 210
6070 210
6071 344
6072 110
6073 333
6074 99
6075 89
6076 79
6077 240
6078 392
6079 395
6080 20
6081 79
6082 79
6083 392
6084 240
6085 79
6086 283
6087 283
6088 218
6089 48
6090 48
6091 218
6092 318
6093 324
6094 321
6095 193
6096 193
6097 78
6098 144
6099 108
6100 108
6101 108
6102 108
6103 184
6104 164
6105 164
6106 184
6107 41
6108 41
6109 18
6110 216
6111 226
6112 424
6113 216
6114 226
6115 169
6116 169
6117 222
6118 165
6119 169
6120 84
6121 81
6122 83
6123 147
6124 220
6125 128
6126 128
6127 220
6128 178
6129 163
6130 178
6131 163
6132 178
6133 162
6134 163
6135 147
6136 237
6137 147
6138 147
6139 237
6140 129
6141 129
6142 173
6143 175
6144 173
6145 173
6146 173
6147 138
6148 138
6149 412
6150 204
6151 204
6152 204
6153 318
6154 110
6155 109
6156 318
6157 318
6158 342
6159 277
6160 342
6161 420
6162 420
6163 161
6164 161
6165 256
6166 161
6167 247
6168 247
6169 247
6170 247
6171 247
6172 219
6173 247
6174 252
6175 426
6176 426
6177 406
6178 426
6179 426
6180 426
6181 174
6182 174
6183 5
6184 163
6185 328
6186 375
6187 375
6188 313
6189 216
6190 243
6191 243
6192 220
6193 220
6194 220
6195 401
6196 401
6197 401
6198 148
6199 112
6200 114
6201 211
6202 211
6203 278
6204 278
6205 278
6206 278
6207 278
6208 348
6209 348
6210 266
6211 241
6212 234
6213 241
6214 234
6215 125
6216 181
6217 116
6218 1
6219 1
6220 44
6221 327
6222 185
6223 44
6224 352
6225 193
6226 193
6227 278
6228 322
6229 108
6230 3
6231 287
6232 287
6233 205
6234 2
6235 237
6236 6
6237 203
6238 266
6239 109
6240 186
6241 182
6242 201
6243 162
6244 137
6245 137
6246 113
6247 137
6248 217
6249 319
6250 285
6251 319
6252 319
6253 224
6254 224
6255 87
6256 62
6257 324
6258 417
6259 104
6260 361
6261 331
6262 116
6263 361
6264 361
6265 410
6266 313
6267 236
6268 334
6269 295
6270 94
6271 94
6272 204
6273 204
6274 124
6275 332
6276 307
6277 233
6278 232
6279 233
6280 2
6281 100
6282 349
6283 243
6284 243
6285 372
6286 349
6287 84
6288 84
6289 84
6290 84
6291 84
6292 11
6293 11
6294 11
6295 11
6296 11
6297 49
6298 49
6299 195
6300 162
6301 128
6302 128
6303 160
6304 137
6305 137
6306 164
6307 401
6308 401
6309 401
6310 402
6311 95
6312 95
6313 95
6314 75
6315 75
6316 75
6317 75
6318 75
6319 310
6320 310
6321 310
6322 304
6323 249
6324 304
6325 18
6326 4
6327 4
6328 4
6329 380
6330 380
6331 306
6332 128
6333 306
6334 306
6335 306
6336 267
6337 108
6338 251
6339 251
6340 251
6341 271
6342 271
6343 271
6344 271
6345 86
6346 29
6347 86
6348 351
6349 115
6350 351
6351 351
6352 115
6353 338
6354 338
6355 345
6356 337
6357 337
6358 331
6359 152
6360 262
6361 262
6362 262
6363 262
6364 262
6365 262
6366 262
6367 257
6368 257
6369 257
6370 257
6371 257
6372 258
6373 259
6374 299
6375 259
6376 347
6377 224
6378 59
6379 59
6380 59
6381 59
6382 59
6383 32
6384 108
6385 308
6386 308
6387 221
6388 308
6389 141
6390 112
6391 114
6392 205
6393 297
6394 2
6395 216
6396 297
6397 244
6398 291
6399 244
6400 245
6401 244
6402 412
6403 412
6404 390
6405 224
6406 220
6407 198
6408 198
6409 168
6410 340
6411 340
6412 340
6413 14
6414 14
6415 67
6416 14
6417 1
6418 65
6419 14
6420 14
6421 189
6422 189
6423 189
6424 189
6425 189
6426 405
6427 405
6428 405
6429 405
6430 229
6431 236
6432 378
6433 338
6434 222
6435 402
6436 402
6437 110
6438 339
6439 339
6440 413
6441 413
6442 409
6443 217
6444 156
6445 156
6446 156
6447 271
6448 271
6449 271
6450 271
6451 271
6452 75
6453 75
6454 60
6455 56
6456 60
6457 200
6458 163
6459 200
6460 200
6461 163
6462 79
6463 79
6464 348
6465 79
6466 348
6467 79
6468 79
6469 28
6470 28
6471 262
6472 262
6473 262
6474 262
6475 262
6476 302
6477 302
6478 302
6479 302
6480 302
6481 302
6482 302
6483 332
6484 332
6485 290
6486 332
6487 154
6488 154
6489 156
6490 385
6491 165
6492 172
6493 385
6494 385
6495 165
6496 351
6497 351
6498 351
6499 389
6500 389
6501 389
6502 365
6503 389
6504 389
6505 352
6506 365
6507 131
6508 174
6509 208
6510 208
6511 288
6512 288
6513 288
6514 201
6515 201
6516 121
6517 111
6518 87
6519 113
6520 201
6521 1
6522 86
6523 310
6524 310
6525 192
6526 201
6527 273
6528 273
6529 254
6530 273
6531 254
6532 273
6533 258
6534 258
6535 258
6536 170
6537 170
6538 374
6539 333
6540 216
6541 333
6542 376
6543 376
6544 120
6545 120
6546 120
6547 143
6548 180
6549 180
6550 164
6551 164
6552 201
6553 201
6554 150
6555 150
6556 150
6557 150
6558 100
6559 100
6560 256
6561 250
6562 256
6563 256
6564 256
6565 256
6566 199
6567 256
6568 250
6569 256
6570 250
6571 171
6572 163
6573 171
6574 171
6575 171
6576 163
6577 154
6578 113
6579 154
6580 120
6581 154
6582 119
6583 96
6584 96
6585 96
6586 96
6587 151
6588 295
6589 295
6590 205
6591 205
6592 3
6593 37
6594 37
6595 37
6596 223
6597 223
6598 223
6599 223
6600 223
6601 354
6602 354
6603 106
6604 182
6605 182
6606 165
6607 162
6608 28
6609 28
6610 29
6611 192
6612 173
6613 28
6614 203
6615 203
6616 203
6617 203
6618 176
6619 241
6620 241
6621 286
6622 286
6623 286
6624 6
6625 2
6626 97
6627 65
6628 299
6629 299
6630 156
6631 156
6632 156
6633 397
6634 397
6635 307
6636 397
6637 266
6638 266
6639 266
6640 104
6641 266
6642 107
6643 133
6644 402
6645 120
6646 133
6647 402
6648 41
6649 41
6650 283
6651 85
6652 85
6653 252
6654 209
6655 156
6656 209
6657 209
6658 209
6659 331
6660 4
6661 156
6662 210
6663 280
6664 210
6665 280
6666 80
6667 128
6668 128
6669 128
6670 128
6671 128
6672 394
6673 394
6674 394
6675 394
6676 29
6677 29
6678 163
6679 46
6680 64
6681 64
6682 118
6683 134
6684 245
6685 224
6686 278
6687 110
6688 224
6689 384
6690 403
6691 384
6692 108
6693 82
6694 82
6695 82
6696 82
6697 87
6698 87
6699 87
6700 399
6701 331
6702 261
6703 223
6704 238
6705 238
6706 36
6707 36
6708 36
6709 36
6710 395
6711 395
6712 290
6713 47
6714 395
6715 79
6716 147
6717 415
6718 220
6719 231
6720 142
6721 417
6722 218
6723 221
6724 214
6725 126
6726 214
6727 214
6728 214
6729 126
6730 78
6731 78
6732 16
6733 144
6734 174
6735 330
6736 114
6737 71
6738 316
6739 224
6740 172
6741 172
6742 169
6743 172
6744 211
6745 256
6746 211
6747 211
6748 88
6749 88
6750 218
6751 218
6752 143
6753 163
6754 114
6755 179
6756 100
6757 199
6758 134
6759 118
6760 100
6761 3
6762 118
6763 3
6764 103
6765 103
6766 103
6767 103
6768 103
6769 103
6770 97
6771 97
6772 43
6773 43
6774 43
6775 43
6776 43
6777 251
6778 251
6779 251
6780 251
6781 251
6782 251
6783 40
6784 40
6785 40
6786 40
6787 34
6788 367
6789 367
6790 367
6791 367
6792 367
6793 367
6794 367
6795 293
6796 293
6797 217
6798 293
6799 224
6800 293
6801 374
6802 128
6803 138
6804 128
6805 111
6806 165
6807 128
6808 166
6809 33
6810 33
6811 39
6812 39
6813 39
6814 331
6815 331
6816 331
6817 331
6818 59
6819 59
6820 85
6821 85
6822 85
6823 235
6824 221
6825 225
6826 126
6827 126
6828 38
6829 38
6830 38
6831 38
6832 38
6833 38
6834 204
6835 204
6836 204
6837 204
6838 204
6839 204
6840 204
6841 148
6842 148
6843 307
6844 307
6845 307
6846 307
6847 156
6848 51
6849 51
6850 51
6851 216
6852 305
6853 400
6854 400
6855 400
6856 134
6857 396
6858 120
6859 44
6860 44
6861 44
6862 38
6863 184
6864 184
6865 69
6866 69
6867 233
6868 233
6869 351
6870 223
6871 351
6872 226
6873 171
6874 105
6875 171
6876 171
6877 171
6878 378
6879 103
6880 103
6881 103
6882 311
6883 311
6884 284
6885 284
6886 284
6887 284
6888 293
6889 293
6890 293
6891 293
6892 293
6893 175
6894 175
6895 199
6896 383
6897 383
6898 383
6899 355
6900 355
6901 351
6902 354
6903 355
6904 355
6905 101
6906 101
6907 132
6908 351
6909 325
6910 351
6911 67
6912 67
6913 55
6914 145
6915 114
6916 208
6917 165
6918 208
6919 208
6920 2
6921 111
6922 208
6923 159
6924 60
6925 128
6926 422
6927 422
6928 422
6929 301
6930 301
6931 422
6932 386
6933 133
6934 165
6935 201
6936 133
6937 111
6938 108
6939 426
6940 426
6941 93
6942 85
6943 93
6944 343
6945 110
6946 163
6947 110
6948 38
6949 40
6950 29
6951 38
6952 254
6953 253
6954 253
6955 253
6956 216
6957 252
6958 219
6959 253
6960 2
6961 254
6962 85
6963 128
6964 128
6965 108
6966 128
6967 88
6968 88
6969 315
6970 315
6971 315
6972 43
6973 43
6974 152
6975 152
6976 152
6977 152
6978 333
6979 236
6980 368
6981 4
6982 4
6983 2
6984 157
6985 121
6986 109
6987 328
6988 118
6989 204
6990 111
6991 111
6992 242
6993 242
6994 219
6995 355
6996 355
6997 355
6998 398
6999 225
7000 236
7001 411
7002 293
7003 285
7004 411
7005 64
7006 64
7007 383
7008 383
7009 379
7010 410
7011 402
7012 410
7013 410
7014 219
7015 410
7016 410
7017 421
7018 421
7019 421
7020 136
7021 380
7022 303
7023 136
7024 136
7025 45
7026 121
7027 121
7028 154
7029 113
7030 37
7031 37
7032 37
7033 301
7034 275
7035 301
7036 1
7037 11
7038 11
7039 11
7040 11
7041 9
7042 11
7043 53
7044 53
7045 53
7046 193
7047 109
7048 182
7049 193
7050 202
7051 171
7052 140
7053 168
7054 212
7055 111
7056 212
7057 212
7058 212
7059 235
7060 235
7061 235
7062 114
7063 111
7064 124
7065 124
7066 174
7067 124
7068 124
7069 124
7070 261
7071 261
7072 261
7073 274
7074 274
7075 228
7076 377
7077 3
7078 223
7079 174
7080 174
7081 174
7082 174
7083 360
7084 360
7085 112
7086 360
7087 393
7088 393
7089 393
7090 393
7091 186
7092 200
7093 186
7094 186
7095 164
7096 343
7097 343
7098 343
7099 343
7100 307
7101 307
7102 307
7103 218
7104 213
7105 121
7106 108
7107 248
7108 276
7109 311
7110 249
7111 219
7112 219
7113 249
7114 215
7115 319
7116 319
7117 319
7118 287
7119 287
7120 287
7121 18
7122 18
7123 18
7124 362
7125 38
7126 361
7127 362
7128 362
7129 327
7130 324
7131 327
7132 327
7133 327
7134 324
7135 327
7136 224
7137 336
7138 327
7139 324
7140 327
7141 327
7142 152
7143 82
7144 82
7145 82
7146 82
7147 244
7148 244
7149 328
7150 13
7151 13
7152 329
7153 26
7154 225
7155 235
7156 235
7157 217
7158 235
7159 363
7160 359
7161 359
7162 29
7163 29
7164 29
7165 61
7166 61
7167 61
7168 193
7169 135
7170 135
7171 135
7172 381
7173 384
7174 44
7175 44
7176 44
7177 17
7178 17
7179 113
7180 17
7181 32
7182 32
7183 32
7184 37
7185 297
7186 297
7187 297
7188 275
7189 275
7190 75
7191 275
7192 275
7193 275
7194 275
7195 191
7196 191
7197 79
7198 191
7199 142
7200 108
7201 142
7202 142
7203 193
7204 193
7205 106
7206 292
7207 109
7208 292
7209 109
7210 214
7211 118
7212 214
7213 118
7214 214
7215 214
7216 118
7217 388
7218 388
7219 371
7220 202
7221 173
7222 172
7223 108
7224 172
7225 173
7226 193
7227 358
7228 372
7229 358
7230 372
7231 305
7232 305
7233 336
7234 336
7235 305
7236 368
7237 90
7238 90
7239 90
7240 90
7241 194
7242 194
7243 194
7244 194
7245 195
7246 194
7247 188
7248 183
7249 183
7250 188
7251 107
7252 107
7253 235
7254 118
7255 229
7256 385
7257 3
7258 7
7259 7
7260 27
7261 27
7262 27
7263 27
7264 294
7265 329
7266 172
7267 172
7268 172
7269 172
7270 172
7271 172
7272 172
7273 384
7274 384
7275 351
7276 387
7277 262
7278 262
7279 294
7280 294
7281 294
7282 147
7283 281
7284 294
7285 360
7286 394
7287 360
7288 263
7289 244
7290 256
7291 394
7292 360
7293 360
7294 25
7295 25
7296 25
7297 25
7298 132
7299 20
7300 30
7301 49
7302 49
7303 49
7304 239
7305 239
7306 239
7307 239
7308 239
7309 216
7310 223
7311 239
7312 216
7313 223
7314 350
7315 416
7316 350
7317 239
7318 219
7319 298
7320 298
7321 298
7322 298
7323 298
7324 298
7325 298
7326 298
7327 298
7328 298
7329 298
7330 159
7331 159
7332 159
7333 118
7334 158
7335 268
7336 268
7337 283
7338 234
7339 234
7340 256
7341 234
7342 223
7343 325
7344 325
7345 325
7346 356
7347 325
7348 325
7349 325
7350 221
7351 325
7352 325
7353 325
7354 273
7355 273
7356 139
7357 115
7358 228
7359 115
7360 399
7361 402
7362 399
7363 223
7364 223
7365 223
7366 92
7367 92
7368 329
7369 321
7370 235
7371 235
7372 335
7373 329
7374 22
7375 22
7376 22
7377 160
7378 160
7379 2
7380 286
7381 286
7382 286
7383 286
7384 286
7385 408
7386 352
7387 408
7388 399
7389 399
7390 399
7391 349
7392 242
7393 353
7394 286
7395 349
7396 252
7397 252
7398 247
7399 252
7400 252
7401 252
7402 252
7403 224
7404 4
7405 247
7406 224
7407 363
7408 252
7409 390
7410 390
7411 390
7412 278
7413 306
7414 278
7415 307
7416 278
7417 324
7418 183
7419 183
7420 247
7421 220
7422 218
7423 218
7424 12
7425 11
7426 12
7427 12
7428 11
7429 392
7430 392
7431 321
7432 321
7433 138
7434 138
7435 138
7436 235
7437 94
7438 350
7439 350
7440 94
7441 94
7442 99
7443 46
7444 46
7445 44
7446 46
7447 46
7448 46
7449 46
7450 46
7451 380
7452 224
7453 380
7454 416
7455 334
7456 217
7457 150
7458 150
7459 150
7460 150
7461 150
7462 150
7463 150
7464 187
7465 172
7466 172
7467 376
7468 114
7469 187
7470 23
7471 23
7472 23
7473 23
7474 369
7475 221
7476 224
7477 369
7478 221
7479 252
7480 289
7481 252
7482 252
7483 252
7484 173
7485 173
7486 174
7487 220
7488 266
7489 102
7490 35
7491 228
7492 266
7493 102
7494 266
7495 47
7496 47
7497 47
7498 47
7499 47
7500 47
7501 169
7502 72
7503 119
7504 72
7505 111
7506 74
7507 24
7508 72
7509 72
7510 160
7511 74
7512 72
7513 396
7514 396
7515 396
7516 228
7517 228
7518 221
7519 219
7520 108
7521 221
7522 228
7523 326
7524 228
7525 252
7526 14
7527 29
7528 29
7529 29
7530 82
7531 82
7532 82
7533 82
7534 82
7535 61
7536 227
7537 64
7538 227
7539 139
7540 115
7541 172
7542 139
7543 120
7544 136
7545 139
7546 99
7547 215
7548 99
7549 99
7550 99
7551 389
7552 389
7553 169
7554 169
7555 169
7556 292
7557 292
7558 321
7559 321
7560 111
7561 142
7562 113
7563 142
7564 274
7565 413
7566 168
7567 168
7568 168
7569 168
7570 168
7571 387
7572 387
7573 284
7574 284
7575 295
7576 284
7577 212
7578 275
7579 274
7580 324
7581 274
7582 408
7583 408
7584 408
7585 408
7586 408
7587 144
7588 1
7589 224
7590 288
7591 276
7592 288
7593 206
7594 390
7595 288
7596 288
7597 288
7598 390
7599 288
7600 288
7601 288
7602 42
7603 42
7604 42
7605 260
7606 260
7607 260
7608 182
7609 182
7610 182
7611 182
7612 182
7613 386
7614 386
7615 386
7616 386
7617 152
7618 113
7619 117
7620 150
7621 150
7622 179
7623 112
7624 179
7625 194
7626 22
7627 22
7628 374
7629 175
7630 305
7631 305
7632 245
7633 305
7634 330
7635 155
7636 330
7637 330
7638 103
7639 311
7640 103
7641 311
7642 421
7643 421
7644 421
7645 421
7646 343
7647 240
7648 348
7649 167
7650 168
7651 181
7652 166
7653 167
7654 167
7655 168
7656 178
7657 111
7658 178
7659 178
7660 242
7661 185
7662 215
7663 167
7664 215
7665 167
7666 189
7667 189
7668 167
7669 80
7670 390
7671 390
7672 389
7673 116
7674 114
7675 153
7676 182
7677 189
7678 205
7679 5
7680 33
7681 33
7682 317
7683 317
7684 325
7685 295
7686 331
7687 101
7688 222
7689 317
7690 325
7691 227
7692 339
7693 339
7694 161
7695 268
7696 268
7697 3
7698 267
7699 17
7700 267
7701 267
7702 404
7703 223
7704 404
7705 236
7706 303
7707 218
7708 303
7709 173
7710 111
7711 111
7712 173
7713 175
7714 175
7715 403
7716 350
7717 350
7718 343
7719 350
7720 199
7721 265
7722 6
7723 229
7724 265
7725 315
7726 315
7727 315
7728 288
7729 288
7730 158
7731 372
7732 47
7733 312
7734 345
7735 288
7736 41
7737 41
7738 41
7739 41
7740 186
7741 120
7742 74
7743 289
7744 289
7745 289
7746 124
7747 125
7748 124
7749 100
7750 110
7751 125
7752 97
7753 368
7754 341
7755 341
7756 341
7757 126
7758 109
7759 126
7760 263
7761 341
7762 243
7763 111
7764 243
7765 259
7766 281
7767 52
7768 206
7769 114
7770 114
7771 206
7772 206
7773 206
7774 206
7775 349
7776 160
7777 385
7778 168
7779 168
7780 168
7781 389
7782 363
7783 390
7784 389
7785 92
7786 267
7787 217
7788 3
7789 92
7790 217
7791 92
7792 92
7793 267
7794 100
7795 214
7796 220
7797 5
7798 0
7799 141
7800 217
7801 233
7802 289
7803 309
7804 233
7805 225
7806 398
7807 225
7808 244
7809 236
7810 233
7811 289
7812 272
7813 250
7814 264
7815 264
7816 250
7817 25
7818 404
7819 238
7820 238
7821 42
7822 42
7823 424
7824 216
7825 90
7826 424
7827 173
7828 108
7829 173
7830 400
7831 111
7832 108
7833 173
7834 165
7835 151
7836 140
7837 165
7838 115
7839 140
7840 48
7841 48
7842 48
7843 48
7844 48
7845 48
7846 48
7847 248
7848 367
7849 248
7850 248
7851 248
7852 367
7853 282
7854 276
7855 280
7856 280
7857 421
7858 413
7859 413
7860 413
7861 308
7862 413
7863 153
7864 137
7865 218
7866 153
7867 153
7868 45
7869 45
7870 45
7871 45
7872 138
7873 138
7874 108
7875 165
7876 318
7877 318
7878 318
7879 255
7880 77
7881 77
7882 177
7883 177
7884 141
7885 139
7886 239
7887 224
7888 224
7889 254
7890 325
7891 182
7892 108
7893 108
7894 243
7895 250
7896 243
7897 342
7898 108
7899 148
7900 113
7901 302
7902 220
7903 299
7904 302
7905 222
7906 303
7907 303
7908 220
7909 303
7910 302
7911 306
7912 225
7913 302
7914 302
7915 303
7916 222
7917 302
7918 169
7919 124
7920 169
7921 378
7922 392
7923 392
7924 392
7925 392
7926 392
7927 392
7928 76
7929 76
7930 76
7931 95
7932 95
7933 95
7934 80
7935 371
7936 252
7937 41
7938 219
7939 342
7940 253
7941 135
7942 135
7943 146
7944 370
7945 315
7946 315
7947 370
7948 370
7949 315
7950 350
7951 350
7952 350
7953 104
7954 350
7955 62
7956 65
7957 246
7958 220
7959 421
7960 89
7961 220
7962 319
7963 220
7964 336
7965 325
7966 336
7967 337
7968 224
7969 369
7970 90
7971 41
7972 41
7973 144
7974 148
7975 158
7976 148
7977 192
7978 165
7979 192
7980 113
7981 195
7982 172
7983 172
7984 162
7985 162
7986 170
7987 165
7988 205
7989 16
7990 205
7991 16
7992 166
7993 166
7994 166
7995 191
7996 221
7997 121
7998 121
7999 331
8000 191
8001 242
8002 286
8003 191
8004 221
8005 32
8006 39
8007 37
8008 143
8009 24
8010 127
8011 116
8012 219
8013 419
8014 60
8015 282
8016 361
8017 361
8018 281
8019 403
8020 328
8021 350
8022 110
8023 212
8024 397
8025 224
8026 295
8027 295
8028 295
8029 182
8030 72
8031 72
8032 233
8033 222
8034 233
8035 337
8036 233
8037 233
8038 58
8039 233
8040 222
8041 410
8042 410
8043 410
8044 410
8045 210
8046 168
8047 210
8048 168
8049 210
8050 210
8051 245
8052 1
8053 219
8054 6
8055 215
8056 6
8057 6
8058 6
8059 6
8060 3
8061 12
8062 12
8063 200
8064 162
8065 182
8066 14
8067 341
8068 385
8069 385
8070 99
8071 343
8072 298
8073 343
8074 343
8075 331
8076 222
8077 332
8078 331
8079 151
8080 151
8081 1
8082 380
8083 3
8084 270
8085 270
8086 353
8087 353
8088 168
8089 375
8090 68
8091 68
8092 375
8093 398
8094 351
8095 402
8096 402
8097 236
8098 402
8099 66
8100 66
8101 66
8102 62
8103 63
8104 322
8105 81
8106 81
8107 81
8108 304
8109 304
8110 304
8111 310
8112 158
8113 187
8114 158
8115 266
8116 266
8117 266
8118 215
8119 215
8120 151
8121 287
8122 47
8123 47
8124 257
8125 257
8126 257
8127 66
8128 66
8129 103
8130 103
8131 103
8132 49
8133 49
8134 49
8135 4
8136 4
8137 390
8138 390
8139 375
8140 390
8141 64
8142 64
8143 64
8144 64
8145 64
8146 64
8147 64
8148 391
8149 391
8150 95
8151 95
8152 95
8153 95
8154 95
8155 44
8156 44
8157 44
8158 341
8159 341
8160 297
8161 341
8162 244
8163 58
8164 244
8165 384
8166 339
8167 340
8168 318
8169 222
8170 340
8171 340
8172 23
8173 23
8174 264
8175 264
8176 264
8177 177
8178 172
8179 177
8180 424
8181 424
8182 424
8183 272
8184 272
8185 225
8186 67
8187 65
8188 168
8189 294
8190 294
8191 68
8192 68
8193 178
8194 385
8195 342
8196 118
8197 208
8198 141
8199 3
8200 140
8201 140
8202 140
8203 82
8204 82
8205 200
8206 112
8207 118
8208 112
8209 203
8210 168
8211 114
8212 179
8213 179
8214 61
8215 61
8216 404
8217 365
8218 404
8219 335
8220 358
8221 404
8222 365
8223 404
8224 249
8225 147
8226 147
8227 276
8228 374
8229 374
8230 374
8231 374
8232 290
8233 316
8234 285
8235 146
8236 299
8237 110
8238 202
8239 299
8240 375
8241 375
8242 375
8243 307
8244 375
8245 227
8246 223
8247 112
8248 162
8249 112
8250 401
8251 401
8252 401
8253 401
8254 295
8255 229
8256 232
8257 20
8258 232
8259 225
8260 242
8261 227
8262 309
8263 3
8264 56
8265 56
8266 56
8267 165
8268 168
8269 51
8270 51
8271 198
8272 198
8273 198
8274 198
8275 261
8276 223
8277 261
8278 223
8279 384
8280 384
8281 108
8282 384
8283 257
8284 257
8285 257
8286 257
8287 257
8288 53
8289 53
8290 53
8291 187
8292 75
8293 75
8294 65
8295 65
8296 65
8297 40
8298 40
8299 61
8300 61
8301 65
8302 37
8303 65
8304 3
8305 39
8306 68
8307 68
8308 199
8309 112
8310 112
8311 17
8312 356
8313 356
8314 126
8315 159
8316 131
8317 307
8318 307
8319 395
8320 331
8321 307
8322 253
8323 282
8324 257
8325 257
8326 197
8327 197
8328 197
8329 197
8330 76
8331 76
8332 44
8333 44
8334 44
8335 261
8336 261
8337 148
8338 148
8339 148
8340 247
8341 247
8342 219
8343 220
8344 370
8345 247
8346 267
8347 275
8348 220
8349 238
8350 275
8351 397
8352 425
8353 209
8354 209
8355 209
8356 182
8357 209
8358 229
8359 229
8360 109
8361 112
8362 245
8363 217
8364 245
8365 245
8366 325
8367 127
8368 348
8369 348
8370 348
8371 348
8372 339
8373 339
8374 339
8375 20
8376 20
8377 193
8378 163
8379 190
8380 193
8381 193
8382 163
8383 193
8384 193
8385 205
8386 1
8387 1
8388 26
8389 388
8390 219
8391 388
8392 388
8393 317
8394 317
8395 317
8396 312
8397 1
8398 317
8399 84
8400 84
8401 84
8402 84
8403 375
8404 417
8405 417
8406 417
8407 256
8408 291
8409 391
8410 386
8411 291
8412 291
8413 197
8414 116
8415 116
8416 116
8417 120
8418 108
8419 204
8420 204
8421 204
8422 204
8423 204
8424 270
8425 319
8426 319
8427 319
8428 127
8429 26
8430 202
8431 202
8432 158
8433 119
8434 202
8435 40
8436 34
8437 34
8438 213
8439 121
8440 179
8441 213
8442 269
8443 388
8444 269
8445 258
8446 258
8447 256
8448 23
8449 3
8450 256
8451 197
8452 155
8453 189
8454 68
8455 189
8456 68
8457 89
8458 89
8459 89
8460 101
8461 249
8462 249
8463 101
8464 156
8465 101
8466 275
8467 275
8468 202
8469 202
8470 169
8471 169
8472 169
8473 285
8474 285
8475 285
8476 285
8477 143
8478 368
8479 285
8480 170
8481 114
8482 170
8483 170
8484 109
8485 170
8486 182
8487 138
8488 363
8489 138
8490 138
8491 393
8492 267
8493 393
8494 267
8495 366
8496 366
8497 366
8498 366
8499 366
8500 374
8501 184
8502 109
8503 134
8504 90
8505 90
8506 90
8507 416
8508 416
8509 412
8510 412
8511 365
8512 22
8513 73
8514 22
8515 22
8516 152
8517 114
8518 162
8519 112
8520 175
8521 168
8522 168
8523 282
8524 216
8525 300
8526 389
8527 216
8528 300
8529 58
8530 58
8531 58
8532 58
8533 20
8534 20
8535 20
8536 160
8537 109
8538 197
8539 197
8540 358
8541 266
8542 381
8543 358
8544 104
8545 247
8546 364
8547 12
8548 12
8549 234
8550 231
8551 234
8552 234
8553 386
8554 235
8555 331
8556 235
8557 231
8558 425
8559 322
8560 234
8561 136
8562 136
8563 136
8564 165
8565 269
8566 269
8567 253
8568 0
8569 245
8570 243
8571 325
8572 243
8573 243
8574 243
8575 292
8576 325
8577 243
8578 243
8579 271
8580 271
8581 271
8582 333
8583 333
8584 3
8585 81
8586 87
8587 81
8588 84
8589 81
8590 81
8591 81
8592 87
8593 87
8594 81
8595 69
8596 69
8597 295
8598 69
8599 44
8600 44
8601 44
8602 45
8603 53
8604 53
8605 215
8606 215
8607 215
8608 215
8609 414
8610 2
8611 369
8612 293
8613 414
8614 414
8615 118
8616 118
8617 125
8618 78
8619 78
8620 350
8621 350
8622 171
8623 163
8624 168
8625 350
8626 231
8627 231
8628 223
8629 231
8630 207
8631 207
8632 47
8633 149
8634 311
8635 249
8636 314
8637 367
8638 314
8639 304
8640 304
8641 304
8642 410
8643 410
8644 410
8645 357
8646 410
8647 190
8648 190
8649 190
8650 190
8651 195
8652 320
8653 320
8654 236
8655 320
8656 5
8657 5
8658 5
8659 5
8660 386
8661 386
8662 186
8663 228
8664 238
8665 134
8666 168
8667 201
8668 201
8669 162
8670 162
8671 193
8672 279
8673 337
8674 294
8675 310
8676 181
8677 165
8678 300
8679 300
8680 350
8681 365
8682 300
8683 65
8684 65
8685 240
8686 65
8687 65
8688 415
8689 415
8690 415
8691 77
8692 77
8693 203
8694 203
8695 110
8696 197
8697 152
8698 152
8699 368
8700 368
8701 368
8702 425
8703 368
8704 274
8705 41
8706 41
8707 49
8708 49
8709 49
8710 49
8711 34
8712 34
8713 32
8714 34
8715 34
8716 121
8717 122
8718 165
8719 122
8720 122
8721 164
8722 164
8723 368
8724 352
8725 384
8726 368
8727 382
8728 231
8729 231
8730 360
8731 262
8732 128
8733 324
8734 262
8735 110
8736 240
8737 274
8738 381
8739 303
8740 274
8741 368
8742 368
8743 368
8744 293
8745 21
8746 21
8747 316
8748 316
8749 13
8750 13
8751 13
8752 130
8753 130
8754 130
8755 304
8756 304
8757 304
8758 189
8759 189
8760 10
8761 10
8762 10
8763 10
8764 10
8765 10
8766 36
8767 29
8768 64
8769 3
8770 3
8771 306
8772 140
8773 159
8774 425
8775 140
8776 140
8777 98
8778 98
8779 140
8780 159
8781 381
8782 381
8783 344
8784 396
8785 289
8786 224
8787 381
8788 381
8789 288
8790 347
8791 165
8792 171
8793 415
8794 18
8795 18
8796 238
8797 224
8798 238
8799 224
8800 305
8801 396
8802 396
8803 141
8804 391
8805 92
8806 275
8807 142
8808 142
8809 354
8810 354
8811 269
8812 410
8813 160
8814 324
8815 407
8816 407
8817 146
8818 110
8819 146
8820 146
8821 110
8822 127
8823 127
8824 127
8825 127
8826 127
8827 200
8828 200
8829 120
8830 120
8831 360
8832 360
8833 105
8834 357
8835 357
8836 357
8837 361
8838 357
8839 357
8840 150
8841 150
8842 53
8843 53
8844 112
8845 334
8846 300
8847 372
8848 19
8849 121
8850 372
8851 340
8852 175
8853 23
8854 104
8855 307
8856 230
8857 305
8858 25
8859 157
8860 143
8861 157
8862 416
8863 273
8864 416
8865 245
8866 116
8867 116
8868 77
8869 77
8870 77
8871 122
8872 122
8873 122
8874 213
8875 213
8876 355
8877 131
8878 131
8879 106
8880 110
8881 235
8882 275
8883 235
8884 235
8885 275
8886 290
8887 227
8888 290
8889 94
8890 219
8891 83
8892 83
8893 83
8894 89
8895 42
8896 42
8897 42
8898 42
8899 132
8900 132
8901 108
8902 141
8903 374
8904 124
8905 124
8906 94
8907 124
8908 13
8909 11
8910 11
8911 13
8912 11
8913 8
8914 248
8915 258
8916 248
8917 284
8918 258
8919 180
8920 309
8921 309
8922 318
8923 4
8924 309
8925 347
8926 290
8927 347
8928 347
8929 331
8930 219
8931 290
8932 179
8933 174
8934 157
8935 416
8936 157
8937 273
8938 324
8939 126
8940 126
8941 164
8942 57
8943 57
8944 57
8945 57
8946 57
8947 95
8948 95
8949 95
8950 91
8951 91
8952 91
8953 91
8954 227
8955 224
8956 157
8957 157
8958 265
8959 265
8960 265
8961 265
8962 216
8963 45
8964 45
8965 47
8966 47
8967 47
8968 47
8969 45
8970 47
8971 199
8972 259
8973 259
8974 259
8975 259
8976 421
8977 96
8978 259
8979 260
8980 260
8981 114
8982 122
8983 122
8984 234
8985 234
8986 161
8987 234
8988 234
8989 393
8990 393
8991 393
8992 393
8993 286
8994 286
8995 285
8996 286
8997 285
8998 89
8999 89
9000 333
9001 333
9002 246
9003 332
9004 221
9005 246
9006 332
9007 94
9008 246
9009 120
9010 120
9011 120
9012 1
9013 1
9014 84
9015 102
9016 102
9017 102
9018 419
9019 419
9020 419
9021 139
9022 139
9023 359
9024 359
9025 359
9026 140
9027 181
9028 6
9029 40
9030 140
9031 140
9032 190
9033 190
9034 70
9035 57
9036 57
9037 57
9038 57
9039 40
9040 143
9041 143
9042 155
9043 405
9044 405
9045 405
9046 226
9047 251
9048 405
9049 143
9050 140
9051 219
9052 142
9053 163
9054 163
9055 228
9056 219
9057 228
9058 5
9059 288
9060 228
9061 5
9062 316
9063 110
9064 316
9065 282
9066 110
9067 280
9068 280
9069 424
9070 424
9071 424
9072 264
9073 263
9074 264
9075 168
9076 164
9077 173
9078 142
9079 366
9080 366
9081 272
9082 272
9083 272
9084 272
9085 362
9086 272
9087 105
9088 105
9089 127
9090 105
9091 362
9092 353
9093 409
9094 107
9095 107
9096 118
9097 118
9098 57
9099 57
9100 57
9101 57
9102 308
9103 308
9104 308
9105 333
9106 328
9107 333
9108 410
9109 237
9110 237
9111 118
9112 177
9113 207
9114 146
9115 177
9116 177
9117 185
9118 185
9119 409
9120 409
9121 409
9122 409
9123 107
9124 278
9125 107
9126 193
9127 162
9128 195
9129 193
9130 162
9131 286
9132 286
9133 286
9134 307
9135 286
9136 357
9137 234
9138 331
9139 234
9140 427
9141 176
9142 176
9143 176
9144 92
9145 92
9146 65
9147 232
9148 65
9149 217
9150 217
9151 37
9152 321
9153 2
9154 376
9155 245
9156 245
9157 245
9158 245
9159 245
9160 88
9161 88
9162 88
9163 173
9164 94
9165 219
9166 117
9167 117
9168 285
9169 285
9170 193
9171 111
9172 193
9173 193
9174 138
9175 193
9176 193
9177 273
9178 273
9179 225
9180 220
9181 273
9182 319
9183 321
9184 242
9185 325
9186 321
9187 251
9188 251
9189 251
9190 251
9191 251
9192 251
9193 73
9194 108
9195 155
9196 118
9197 337
9198 3
9199 118
9200 78
9201 78
9202 77
9203 33
9204 183
9205 113
9206 183
9207 112
9208 112
9209 351
9210 387
9211 112
9212 81
9213 81
9214 81
9215 81
9216 81
9217 394
9218 394
9219 293
9220 293
9221 293
9222 293
9223 293
9224 147
9225 367
9226 157
9227 154
9228 58
9229 58
9230 58
9231 58
9232 56
9233 58
9234 58
9235 55
9236 17
9237 58
9238 58
9239 65
9240 58
9241 272
9242 151
9243 74
9244 272
9245 272
9246 252
9247 252
9248 252
9249 252
9250 148
9251 118
9252 13
9253 88
9254 359
9255 359
9256 331
9257 359
9258 242
9259 204
9260 204
9261 204
9262 204
9263 204
9264 204
9265 204
9266 59
9267 59
9268 194
9269 304
9270 245
9271 245
9272 245
9273 277
9274 272
9275 243
9276 243
9277 243
9278 113
9279 374
9280 329
9281 391
9282 391
9283 391
9284 391
9285 391
9286 391
9287 391
9288 391
9289 396
9290 208
9291 132
9292 132
9293 92
9294 2
9295 295
9296 2
9297 318
9298 318
9299 318
9300 395
9301 395
9302 395
9303 395
9304 416
9305 416
9306 110
9307 248
9308 390
9309 247
9310 247
9311 317
9312 248
9313 218
9314 247
9315 327
9316 363
9317 363
9318 169
9319 169
9320 258
9321 218
9322 243
9323 219
9324 258
9325 243
9326 124
9327 124
9328 159
9329 5
9330 159
9331 40
9332 159
9333 17
9334 17
9335 17
9336 17
9337 104
9338 71
9339 104
9340 17
9341 104
9342 330
9343 330
9344 364
9345 364
9346 216
9347 364
9348 376
9349 39
9350 39
9351 284
9352 284
9353 302
9354 299
9355 302
9356 299
9357 299
9358 302
9359 302
9360 63
9361 63
9362 63
9363 63
9364 63
9365 63
9366 191
9367 162
9368 191
9369 191
9370 162
9371 93
9372 148
9373 243
9374 275
9375 275
9376 165
9377 184
9378 381
9379 122
9380 349
9381 359
9382 333
9383 359
9384 423
9385 423
9386 397
9387 112
9388 423
9389 423
9390 261
9391 21
9392 263
9393 263
9394 263
9395 261
9396 261
9397 140
9398 6
9399 141
9400 182
9401 140
9402 424
9403 424
9404 424
9405 149
9406 111
9407 149
9408 86
9409 85
9410 82
9411 82
9412 161
9413 161
9414 112
9415 163
9416 228
9417 334
9418 287
9419 168
9420 415
9421 415
9422 415
9423 118
9424 114
9425 415
9426 363
9427 16
9428 16
9429 333
9430 110
9431 110
9432 86
9433 86
9434 86
9435 130
9436 130
9437 308
9438 103
9439 26
9440 227
9441 87
9442 85
9443 87
9444 87
9445 85
9446 198
9447 87
9448 87
9449 189
9450 189
9451 189
9452 189
9453 19
9454 19
9455 6
9456 19
9457 253
9458 253
9459 253
9460 419
9461 297
9462 253
9463 253
9464 419
9465 297
9466 253
9467 239
9468 295
9469 295
9470 295
9471 129
9472 305
9473 235
9474 297
9475 297
9476 129
9477 9
9478 9
9479 9
9480 11
9481 279
9482 306
9483 52
9484 202
9485 202
9486 202
9487 202
9488 33
9489 5
9490 27
9491 268
9492 5
9493 362
9494 362
9495 357
9496 337
9497 165
9498 18
9499 222
9500 98
9501 98
9502 98
9503 147
9504 26
9505 411
9506 159
9507 375
9508 361
9509 375
9510 375
9511 146
9512 146
9513 219
9514 294
9515 93
9516 93
9517 226
9518 394
9519 394
9520 394
9521 68
9522 18
9523 68
9524 69
9525 68
9526 362
9527 362
9528 349
9529 416
9530 416
9531 13
9532 209
9533 334
9534 180
9535 164
9536 180
9537 389
9538 389
9539 389
9540 226
9541 226
9542 1
9543 147
9544 106
9545 106
9546 166
9547 345
9548 217
9549 217
9550 365
9551 345
9552 103
9553 111
9554 103
9555 103
9556 103
9557 214
9558 77
9559 75
9560 218
9561 393
9562 392
9563 291
9564 291
9565 291
9566 291
9567 399
9568 399
9569 414
9570 220
9571 414
9572 419
9573 302
9574 221
9575 419
9576 16
9577 16
9578 327
9579 327
9580 327
9581 22
9582 22
9583 22
9584 22
9585 22
9586 22
9587 379
9588 306
9589 218
9590 359
9591 379
9592 355
9593 161
9594 161
9595 220
9596 341
9597 341
9598 341
9599 115
9600 369
9601 115
9602 120
9603 120
9604 52
9605 2
9606 2
9607 64
9608 31
9609 412
9610 324
9611 322
9612 155
9613 155
9614 385
9615 36
9616 219
9617 327
9618 97
9619 174
9620 84
9621 300
9622 167
9623 81
9624 81
9625 347
9626 347
9627 348
9628 348
9629 348
9630 348
9631 51
9632 51
9633 340
9634 340
9635 340
9636 218
9637 248
9638 248
9639 248
9640 311
9641 311
9642 247
9643 248
9644 372
9645 2
9646 2
9647 253
9648 253
9649 160
9650 160
9651 374
9652 373
9653 161
9654 44
9655 46
9656 44
9657 44
9658 44
9659 383
9660 238
9661 351
9662 351
9663 347
9664 227
9665 234
9666 368
9667 95
9668 188
9669 110
9670 179
9671 213
9672 127
9673 179
9674 3
9675 3
9676 127
9677 210
9678 210
9679 214
9680 165
9681 214
9682 214
9683 422
9684 422
9685 422
9686 351
9687 265
9688 422
9689 350
9690 350
9691 350
9692 36
9693 36
9694 36
9695 374
9696 189
9697 234
9698 194
9699 234
9700 300
9701 184
9702 300
9703 303
9704 300
9705 184
9706 300
9707 303
9708 121
9709 111
9710 90
9711 166
9712 166
9713 402
9714 242
9715 402
9716 291
9717 322
9718 291
9719 291
9720 248
9721 248
9722 277
9723 277
9724 279
9725 272
9726 52
9727 224
9728 142
9729 15
9730 15
9731 17
9732 201
9733 201
9734 201
9735 201
9736 201
9737 201
9738 76
9739 76
9740 362
9741 362
9742 362
9743 277
9744 415
9745 219
9746 277
9747 362
9748 229
9749 331
9750 364
9751 353
9752 192
9753 219
9754 217
9755 398
9756 398
9757 398
9758 398
9759 398
9760 398
9761 305
9762 305
9763 48
9764 48
9765 48
9766 207
9767 135
9768 135
9769 135
9770 261
9771 261
9772 133
9773 108
9774 112
9775 112
9776 113
9777 112
9778 113
9779 198
9780 198
9781 198
9782 198
9783 378
9784 378
9785 378
9786 56
9787 56
9788 156
9789 156
9790 211
9791 101
9792 101
9793 377
9794 224
9795 225
9796 74
9797 162
9798 208
9799 83
9800 83
9801 200
9802 118
9803 117
9804 231
9805 334
9806 260
9807 260
9808 260
9809 198
9810 198
9811 250
9812 250
9813 250
9814 143
9815 143
9816 3
9817 36
9818 36
9819 37
9820 14
9821 270
9822 270
9823 270
9824 270
9825 264
9826 405
9827 306
9828 306
9829 363
9830 232
9831 363
9832 363
9833 281
9834 232
9835 29
9836 224
9837 224
9838 22
9839 22
9840 375
9841 112
9842 375
9843 113
9844 309
9845 406
9846 335
9847 227
9848 406
9849 175
9850 165
9851 163
9852 162
9853 265
9854 265
9855 265
9856 210
9857 210
9858 245
9859 245
9860 358
9861 2
9862 58
9863 58
9864 58
9865 58
9866 58
9867 247
9868 148
9869 247
9870 247
9871 247
9872 247
9873 317
9874 219
9875 317
9876 114
9877 305
9878 241
9879 225
9880 241
9881 305
9882 268
9883 268
9884 235
9885 217
9886 87
9887 86
9888 347
9889 347
9890 262
9891 335
9892 224
9893 222
9894 335
9895 401
9896 401
9897 238
9898 238
9899 111
9900 238
9901 238
9902 238
9903 238
9904 296
9905 296
9906 296
9907 328
9908 263
9909 80
9910 18
9911 18
9912 111
9913 18
9914 18
9915 244
9916 238
9917 244
9918 232
9919 244
9920 244
9921 144
9922 144
9923 280
9924 144
9925 403
9926 403
9927 335
9928 426
9929 426
9930 426
9931 426
9932 426
9933 329
9934 325
9935 329
9936 260
9937 265
9938 265
9939 353
9940 170
9941 353
9942 76
9943 76
9944 76
9945 76
9946 72
9947 72
9948 184
9949 163
9950 184
9951 184
9952 163
9953 144
9954 165
9955 144
9956 364
9957 165
9958 165
9959 144
9960 301
9961 301
9962 346
9963 301
9964 301
9965 347
9966 5
9967 5
9968 84
9969 109
9970 84
9971 84
9972 5
9973 5
9974 133
9975 109
9976 415
9977 136
9978 322
9979 136
9980 400
9981 400
9982 319
9983 319
9984 319
9985 339
9986 339
9987 57
9988 57
9989 57
9990 131
9991 184
9992 282
9993 263
9994 263
9995 258
9996 31
9997 141
9998 141
9999 141
