10000 163
10001 82
10002 82
10003 82
10004 367
10005 238
10006 130
10007 26
10008 238
10009 354
10010 287
10011 253
10012 349
10013 367
10014 157
10015 199
10016 193
10017 307
10018 307
10019 383
10020 254
10021 100
10022 72
10023 74
10024 283
10025 142
10026 424
10027 236
10028 424
10029 424
10030 58
10031 424
10032 240
10033 151
10034 240
10035 299
10036 300
10037 299
10038 231
10039 89
10040 89
10041 23
10042 23
10043 23
10044 201
10045 179
10046 3
10047 84
10048 84
10049 84
10050 119
10051 121
10052 119
10053 119
10054 119
10055 119
10056 119
10057 68
10058 93
10059 68
10060 4
10061 80
10062 93
10063 243
10064 68
10065 4
10066 325
10067 93
10068 346
10069 346
10070 218
10071 218
10072 211
10073 211
10074 252
10075 245
10076 245
10077 245
10078 219
10079 6
10080 221
10081 11
10082 11
10083 3
10084 11
10085 345
10086 349
10087 89
10088 89
10089 391
10090 293
10091 225
10092 391
10093 391
10094 269
10095 191
10096 40
10097 374
10098 374
10099 324
10100 324
10101 324
10102 282
10103 282
10104 398
10105 282
10106 158
10107 265
10108 158
10109 344
10110 263
10111 344
10112 344
10113 290
10114 290
10115 330
10116 167
10117 25
10118 167
10119 386
10120 330
10121 167
10122 167
10123 229
10124 229
10125 229
10126 229
10127 106
10128 259
10129 259
10130 195
10131 195
10132 188
10133 195
10134 195
10135 58
10136 58
10137 58
10138 58
10139 58
10140 58
10141 58
10142 104
10143 104
10144 104
10145 252
10146 224
10147 252
10148 218
10149 218
10150 252
10151 384
10152 383
10153 384
10154 369
10155 369
10156 369
10157 145
10158 330
10159 145
10160 422
10161 428
10162 409
10163 354
10164 428
10165 70
10166 70
10167 75
10168 75
10169 414
10170 414
10171 213
10172 213
10173 114
10174 390
10175 25
10176 25
10177 114
10178 341
10179 341
10180 341
10181 10
10182 10
10183 10
10184 10
10185 243
10186 213
10187 243
10188 213
10189 243
10190 140
10191 164
10192 329
10193 335
10194 335
10195 220
10196 425
10197 226
10198 335
10199 329
10200 326
10201 390
10202 326
10203 324
10204 238
10205 238
10206 238
10207 306
10208 306
10209 421
10210 421
10211 421
10212 421
10213 421
10214 78
10215 78
10216 78
10217 78
10218 1
10219 78
10220 245
10221 4
10222 328
10223 359
10224 359
10225 359
10226 223
10227 223
10228 359
10229 254
10230 3
10231 55
10232 364
10233 413
10234 254
10235 337
10236 256
10237 80
10238 298
10239 298
10240 320
10241 216
10242 200
10243 167
10244 157
10245 157
10246 157
10247 201
10248 376
10249 376
10250 188
10251 188
10252 149
10253 188
10254 188
10255 94
10256 94
10257 180
10258 180
10259 180
10260 349
10261 349
10262 350
10263 350
10264 349
10265 63
10266 63
10267 376
10268 373
10269 419
10270 419
10271 419
10272 419
10273 419
10274 73
10275 73
10276 92
10277 314
10278 31
10279 31
10280 31
10281 166
10282 166
10283 168
10284 168
10285 91
10286 150
10287 150
10288 150
10289 301
10290 301
10291 301
10292 301
10293 301
10294 297
10295 174
10296 174
10297 46
10298 46
10299 46
10300 46
10301 275
10302 275
10303 275
10304 297
10305 297
10306 76
10307 76
10308 76
10309 76
10310 236
10311 369
10312 229
10313 14
10314 14
10315 14
10316 14
10317 14
10318 14
10319 14
10320 21
10321 21
10322 64
10323 64
10324 64
10325 64
10326 64
10327 64
10328 385
10329 382
10330 382
10331 381
10332 256
10333 299
10334 224
10335 306
10336 306
10337 306
10338 306
10339 306
10340 294
10341 214
10342 127
10343 214
10344 127
10345 214
10346 416
10347 416
10348 370
10349 279
10350 279
10351 279
10352 103
10353 103
10354 111
10355 208
10356 130
10357 208
10358 130
10359 86
10360 181
10361 166
10362 283
10363 383
10364 383
10365 400
10366 24
10367 24
10368 36
10369 24
10370 36
10371 21
10372 21
10373 21
10374 312
10375 312
10376 312
10377 427
10378 427
10379 312
10380 250
10381 196
10382 376
10383 376
10384 290
10385 289
10386 241
10387 241
10388 374
10389 6
10390 6
10391 6
10392 51
10393 51
10394 18
10395 51
10396 25
10397 22
10398 25
10399 3
10400 22
10401 25
10402 25
10403 355
10404 213
10405 355
10406 315
10407 87
10408 404
10409 404
10410 264
10411 264
10412 264
10413 21
10414 21
10415 39
10416 39
10417 39
10418 49
10419 49
10420 303
10421 271
10422 412
10423 30
10424 30
10425 30
10426 30
10427 30
10428 30
10429 30
10430 219
10431 30
10432 81
10433 203
10434 157
10435 157
10436 157
10437 308
10438 305
10439 305
10440 399
10441 112
10442 399
10443 399
10444 268
10445 268
10446 206
10447 108
10448 206
10449 108
10450 114
10451 259
10452 1
10453 221
10454 261
10455 401
10456 110
10457 401
10458 226
10459 418
10460 369
10461 369
10462 369
10463 369
10464 369
10465 369
10466 369
10467 336
10468 161
10469 316
10470 159
10471 317
10472 99
10473 99
10474 99
10475 304
10476 304
10477 304
10478 62
10479 62
10480 286
10481 181
10482 127
10483 181
10484 181
10485 181
10486 183
10487 183
10488 164
10489 164
10490 351
10491 353
10492 274
10493 81
10494 274
10495 274
10496 81
10497 291
10498 291
10499 291
10500 77
10501 77
10502 77
10503 261
10504 261
10505 263
10506 261
10507 261
10508 222
10509 222
10510 222
10511 222
10512 191
10513 191
10514 191
10515 64
10516 64
10517 36
10518 320
10519 320
10520 320
10521 310
10522 120
10523 108
10524 120
10525 108
10526 239
10527 239
10528 239
10529 31
10530 301
10531 301
10532 301
10533 192
10534 14
10535 14
10536 413
10537 413
10538 413
10539 188
10540 188
10541 188
10542 134
10543 111
10544 191
10545 214
10546 214
10547 214
10548 71
10549 71
10550 71
10551 71
10552 71
10553 71
10554 199
10555 183
10556 29
10557 3
10558 228
10559 182
10560 220
10561 137
10562 31
10563 31
10564 177
10565 177
10566 164
10567 127
10568 173
10569 110
10570 372
10571 372
10572 123
10573 123
10574 207
10575 287
10576 207
10577 313
10578 313
10579 313
10580 313
10581 397
10582 397
10583 397
10584 397
10585 364
10586 402
10587 64
10588 395
10589 395
10590 395
10591 395
10592 295
10593 295
10594 127
10595 127
10596 415
10597 329
10598 415
10599 325
10600 229
10601 370
10602 229
10603 224
10604 329
10605 313
10606 223
10607 223
10608 313
10609 223
10610 313
10611 252
10612 284
10613 223
10614 313
10615 313
10616 313
10617 200
10618 6
10619 117
10620 202
10621 200
10622 234
10623 234
10624 234
10625 316
10626 264
10627 234
10628 234
10629 56
10630 255
10631 152
10632 128
10633 108
10634 152
10635 51
10636 1
10637 384
10638 357
10639 199
10640 111
10641 417
10642 233
10643 83
10644 83
10645 211
10646 211
10647 260
10648 260
10649 260
10650 260
10651 260
10652 260
10653 260
10654 260
10655 132
10656 132
10657 113
10658 112
10659 175
10660 186
10661 96
10662 96
10663 96
10664 399
10665 321
10666 384
10667 279
10668 382
10669 343
10670 120
10671 120
10672 198
10673 168
10674 399
10675 171
10676 399
10677 165
10678 112
10679 325
10680 171
10681 187
10682 155
10683 125
10684 155
10685 132
10686 87
10687 14
10688 93
10689 87
10690 14
10691 93
10692 399
10693 399
10694 357
10695 357
10696 357
10697 60
10698 6
10699 60
10700 205
10701 151
10702 335
10703 15
10704 218
10705 15
10706 327
10707 30
10708 30
10709 30
10710 30
10711 149
10712 149
10713 149
10714 89
10715 89
10716 89
10717 285
10718 285
10719 285
10720 285
10721 285
10722 299
10723 285
10724 285
10725 41
10726 41
10727 41
10728 177
10729 177
10730 161
10731 354
10732 354
10733 188
10734 236
10735 287
10736 141
10737 117
10738 323
10739 318
10740 356
10741 356
10742 318
10743 247
10744 255
10745 247
10746 68
10747 27
10748 113
10749 73
10750 68
10751 68
10752 72
10753 27
10754 127
10755 127
10756 127
10757 121
10758 127
10759 127
10760 127
10761 286
10762 286
10763 286
10764 303
10765 303
10766 278
10767 278
10768 278
10769 278
10770 278
10771 278
10772 278
10773 344
10774 344
10775 56
10776 56
10777 48
10778 48
10779 50
10780 50
10781 224
10782 305
10783 305
10784 305
10785 382
10786 382
10787 45
10788 45
10789 45
10790 141
10791 199
10792 346
10793 364
10794 359
10795 359
10796 385
10797 2
10798 412
10799 412
10800 412
10801 147
10802 164
10803 376
10804 376
10805 6
10806 40
10807 308
10808 3
10809 263
10810 85
10811 263
10812 219
10813 221
10814 263
10815 263
10816 263
10817 263
10818 57
10819 57
10820 57
10821 57
10822 57
10823 57
10824 57
10825 398
10826 398
10827 111
10828 398
10829 407
10830 407
10831 407
10832 36
10833 36
10834 36
10835 279
10836 4
10837 3
10838 15
10839 15
10840 303
10841 301
10842 301
10843 15
10844 15
10845 15
10846 411
10847 411
10848 411
10849 411
10850 401
10851 353
10852 401
10853 401
10854 401
10855 371
10856 384
10857 371
10858 389
10859 389
10860 354
10861 354
10862 354
10863 354
10864 168
10865 372
10866 372
10867 372
10868 207
10869 120
10870 207
10871 120
10872 245
10873 157
10874 157
10875 157
10876 56
10877 56
10878 199
10879 117
10880 67
10881 147
10882 368
10883 342
10884 98
10885 383
10886 383
10887 285
10888 154
10889 154
10890 110
10891 180
10892 138
10893 158
10894 99
10895 90
10896 295
10897 372
10898 50
10899 50
10900 68
10901 68
10902 68
10903 393
10904 393
10905 393
10906 393
10907 422
10908 422
10909 422
10910 338
10911 314
10912 314
10913 201
10914 201
10915 111
10916 145
10917 76
10918 76
10919 90
10920 90
10921 90
10922 146
10923 137
10924 137
10925 150
10926 129
10927 129
10928 137
10929 158
10930 137
10931 137
10932 137
10933 137
10934 137
10935 153
10936 153
10937 153
10938 322
10939 397
10940 56
10941 59
10942 59
10943 59
10944 59
10945 59
10946 82
10947 82
10948 82
10949 82
10950 420
10951 420
10952 420
10953 420
10954 290
10955 154
10956 283
10957 250
10958 334
10959 114
10960 334
10961 267
10962 267
10963 1
10964 342
10965 342
10966 342
10967 342
10968 141
10969 141
10970 131
10971 159
10972 289
10973 152
10974 195
10975 167
10976 314
10977 314
10978 165
10979 165
10980 165
10981 267
10982 426
10983 428
10984 426
10985 405
10986 18
10987 227
10988 18
10989 273
10990 4
10991 307
10992 341
10993 39
10994 39
10995 39
10996 39
10997 345
10998 345
10999 133
11000 134
11001 133
11002 138
11003 138
11004 138
11005 164
11006 164
11007 164
11008 408
11009 408
11010 408
11011 117
11012 117
11013 341
11014 341
11015 47
11016 47
11017 47
11018 72
11019 235
11020 381
11021 381
11022 342
11023 354
11024 342
11025 250
11026 250
11027 250
11028 159
11029 240
11030 171
11031 171
11032 162
11033 171
11034 52
11035 48
11036 48
11037 52
11038 48
11039 197
11040 197
11041 221
11042 26
11043 163
11044 35
11045 35
11046 351
11047 348
11048 348
11049 351
11050 376
11051 330
11052 384
11053 330
11054 384
11055 80
11056 325
11057 153
11058 153
11059 153
11060 153
11061 153
11062 156
11063 156
11064 156
11065 156
11066 265
11067 22
11068 22
11069 22
11070 22
11071 186
11072 186
11073 186
11074 20
11075 219
11076 219
11077 310
11078 306
11079 3
11080 351
11081 351
11082 195
11083 202
11084 191
11085 172
11086 127
11087 127
11088 113
11089 36
11090 124
11091 200
11092 184
11093 135
11094 135
11095 307
11096 307
11097 220
11098 307
11099 307
11100 346
11101 346
11102 346
11103 346
11104 121
11105 147
11106 155
11107 45
11108 45
11109 47
11110 45
11111 47
11112 232
11113 53
11114 174
11115 168
11116 174
11117 95
11118 379
11119 198
11120 198
11121 154
11122 154
11123 154
11124 120
11125 214
11126 214
11127 214
11128 164
11129 214
11130 214
11131 94
11132 240
11133 405
11134 145
11135 308
11136 322
11137 235
11138 335
11139 350
11140 235
11141 242
11142 77
11143 77
11144 249
11145 102
11146 102
11147 274
11148 307
11149 274
11150 155
11151 383
11152 383
11153 301
11154 80
11155 80
11156 256
11157 24
11158 24
11159 47
11160 17
11161 306
11162 306
11163 306
11164 306
11165 116
11166 306
11167 265
11168 265
11169 265
11170 265
11171 366
11172 366
11173 1
11174 352
11175 366
11176 229
11177 330
11178 330
11179 330
11180 337
11181 330
11182 330
11183 181
11184 181
11185 21
11186 21
11187 252
11188 252
11189 202
11190 202
11191 202
11192 202
11193 202
11194 17
11195 17
11196 15
11197 17
11198 17
11199 17
11200 338
11201 342
11202 116
11203 116
11204 328
11205 219
11206 219
11207 318
11208 339
11209 339
11210 339
11211 241
11212 241
11213 294
11214 97
11215 294
11216 222
11217 294
11218 296
11219 306
11220 222
11221 294
11222 167
11223 167
11224 167
11225 167
11226 100
11227 74
11228 31
11229 297
11230 297
11231 297
11232 54
11233 54
11234 79
11235 79
11236 79
11237 383
11238 262
11239 337
11240 175
11241 50
11242 22
11243 22
11244 360
11245 377
11246 101
11247 285
11248 285
11249 27
11250 27
11251 360
11252 296
11253 296
11254 296
11255 296
11256 296
11257 187
11258 187
11259 156
11260 342
11261 288
11262 288
11263 288
11264 288
11265 288
11266 287
11267 380
11268 380
11269 380
11270 210
11271 375
11272 375
11273 375
11274 375
11275 111
11276 375
11277 339
11278 339
11279 339
11280 339
11281 374
11282 374
11283 310
11284 374
11285 12
11286 12
11287 9
11288 12
11289 12
11290 392
11291 117
11292 392
11293 392
11294 392
11295 167
11296 167
11297 167
11298 215
11299 386
11300 386
11301 386
11302 90
11303 345
11304 345
11305 345
11306 308
11307 345
11308 345
11309 302
11310 302
11311 302
11312 168
11313 126
11314 185
11315 188
11316 188
11317 63
11318 63
11319 407
11320 324
11321 407
11322 267
11323 289
11324 123
11325 123
11326 123
11327 123
11328 123
11329 123
11330 200
11331 363
11332 221
11333 122
11334 194
11335 122
11336 15
11337 156
11338 156
11339 156
11340 23
11341 135
11342 135
11343 138
11344 74
11345 54
11346 126
11347 61
11348 61
11349 352
11350 352
11351 352
11352 352
11353 352
11354 185
11355 168
11356 282
11357 389
11358 212
11359 345
11360 281
11361 104
11362 104
11363 104
11364 288
11365 399
11366 284
11367 344
11368 421
11369 384
11370 322
11371 384
11372 201
11373 316
11374 316
11375 316
11376 316
11377 316
11378 316
11379 316
11380 316
11381 286
11382 289
11383 286
11384 152
11385 152
11386 152
11387 152
11388 152
11389 166
11390 166
11391 166
11392 166
11393 166
11394 20
11395 247
11396 272
11397 256
11398 272
11399 326
11400 218
11401 113
11402 113
11403 112
11404 334
11405 324
11406 334
11407 324
11408 250
11409 250
11410 250
11411 232
11412 326
11413 222
11414 232
11415 232
11416 232
11417 232
11418 217
11419 332
11420 111
11421 220
11422 222
11423 326
11424 327
11425 327
11426 279
11427 186
11428 155
11429 21
11430 155
11431 155
11432 57
11433 57
11434 57
11435 57
11436 57
11437 57
11438 57
11439 45
11440 45
11441 45
11442 45
11443 25
11444 71
11445 45
11446 45
11447 45
11448 56
11449 56
11450 56
11451 69
11452 48
11453 80
11454 80
11455 336
11456 336
11457 336
11458 336
11459 336
11460 52
11461 52
11462 52
11463 291
11464 291
11465 291
11466 197
11467 389
11468 355
11469 355
11470 132
11471 261
11472 398
11473 398
11474 259
11475 259
11476 259
11477 259
11478 258
11479 193
11480 325
11481 325
11482 325
11483 420
11484 420
11485 420
11486 412
11487 202
11488 157
11489 105
11490 157
11491 157
11492 245
11493 253
11494 219
11495 247
11496 159
11497 159
11498 159
11499 54
11500 54
11501 54
11502 54
11503 54
11504 54
11505 54
11506 54
11507 54
11508 54
11509 37
11510 124
11511 150
11512 124
11513 383
11514 141
11515 203
11516 203
11517 354
11518 203
11519 203
11520 347
11521 345
11522 347
11523 202
11524 202
11525 202
11526 114
11527 191
11528 168
11529 109
11530 289
11531 289
11532 269
11533 122
11534 130
11535 122
11536 122
11537 260
11538 240
11539 260
11540 425
11541 425
11542 425
11543 71
11544 71
11545 71
11546 156
11547 156
11548 156
11549 16
11550 16
11551 113
11552 113
11553 129
11554 129
11555 129
11556 276
11557 336
11558 276
11559 223
11560 53
11561 13
11562 13
11563 141
11564 208
11565 208
11566 178
11567 182
11568 178
11569 209
11570 99
11571 392
11572 392
11573 216
11574 392
11575 110
11576 126
11577 124
11578 124
11579 43
11580 26
11581 43
11582 43
11583 30
11584 203
11585 203
11586 58
11587 283
11588 283
11589 283
11590 285
11591 283
11592 283
11593 283
11594 360
11595 360
11596 20
11597 20
11598 20
11599 22
11600 22
11601 320
11602 226
11603 320
11604 27
11605 27
11606 380
11607 380
11608 380
11609 380
11610 380
11611 380
11612 294
11613 294
11614 356
11615 356
11616 356
11617 356
11618 356
11619 356
11620 356
11621 137
11622 129
11623 137
11624 137
11625 137
11626 19
11627 345
11628 345
11629 359
11630 345
11631 246
11632 228
11633 222
11634 228
11635 336
11636 336
11637 360
11638 309
11639 309
11640 309
11641 210
11642 210
11643 309
11644 222
11645 222
11646 309
11647 203
11648 203
11649 153
11650 406
11651 406
11652 79
11653 330
11654 330
11655 9
11656 9
11657 9
11658 9
11659 9
11660 9
11661 9
11662 232
11663 232
11664 306
11665 136
11666 136
11667 136
11668 217
11669 137
11670 26
11671 252
11672 252
11673 89
11674 206
11675 255
11676 206
11677 263
11678 390
11679 380
11680 152
11681 152
11682 108
11683 119
11684 186
11685 186
11686 186
11687 52
11688 224
11689 422
11690 422
11691 257
11692 40
11693 40
11694 240
11695 24
11696 24
11697 356
11698 356
11699 239
11700 239
11701 148
11702 64
11703 13
11704 180
11705 180
11706 4
11707 4
11708 4
11709 399
11710 125
11711 92
11712 160
11713 160
11714 160
11715 295
11716 177
11717 362
11718 177
11719 310
11720 311
11721 310
11722 177
11723 311
11724 236
11725 276
11726 382
11727 382
11728 382
11729 397
11730 382
11731 305
11732 382
11733 159
11734 171
11735 171
11736 260
11737 260
11738 260
11739 260
11740 264
11741 1
11742 260
11743 256
11744 256
11745 422
11746 311
11747 331
11748 226
11749 226
11750 185
11751 185
11752 77
11753 248
11754 249
11755 248
11756 78
11757 78
11758 78
11759 415
11760 174
11761 4
11762 415
11763 365
11764 365
11765 228
11766 112
11767 225
11768 107
11769 210
11770 93
11771 227
11772 49
11773 49
11774 49
11775 49
11776 154
11777 154
11778 154
11779 415
11780 349
11781 341
11782 349
11783 328
11784 157
11785 157
11786 381
11787 381
11788 381
11789 47
11790 47
11791 45
11792 388
11793 222
11794 47
11795 400
11796 89
11797 89
11798 192
11799 192
11800 102
11801 102
11802 26
11803 354
11804 98
11805 98
11806 98
11807 143
11808 143
11809 270
11810 270
11811 270
11812 270
11813 12
11814 12
11815 10
11816 28
11817 265
11818 265
11819 274
11820 280
11821 274
11822 178
11823 178
11824 178
11825 400
11826 400
11827 387
11828 387
11829 400
11830 400
11831 134
11832 294
11833 4
11834 4
11835 4
11836 4
11837 4
11838 51
11839 4
11840 4
11841 297
11842 297
11843 100
11844 100
11845 148
11846 360
11847 1
11848 392
11849 392
11850 392
11851 225
11852 200
11853 87
11854 299
11855 303
11856 296
11857 139
11858 139
11859 93
11860 381
11861 149
11862 149
11863 138
11864 74
11865 70
11866 70
11867 155
11868 336
11869 5
11870 240
11871 73
11872 74
11873 74
11874 47
11875 45
11876 47
11877 47
11878 47
11879 2
11880 45
11881 392
11882 392
11883 116
11884 116
11885 392
11886 332
11887 332
11888 332
11889 187
11890 179
11891 173
11892 168
11893 140
11894 5
11895 277
11896 134
11897 111
11898 134
11899 134
11900 134
11901 189
11902 328
11903 263
11904 415
11905 328
11906 85
11907 85
11908 85
11909 169
11910 169
11911 169
11912 37
11913 124
11914 49
11915 37
11916 209
11917 331
11918 50
11919 165
11920 26
11921 229
11922 362
11923 362
11924 362
11925 370
11926 155
11927 155
11928 17
11929 90
11930 90
11931 90
11932 258
11933 178
11934 178
11935 178
11936 178
11937 178
11938 178
11939 231
11940 231
11941 231
11942 231
11943 231
11944 140
11945 140
11946 373
11947 140
11948 350
11949 261
11950 261
11951 48
11952 48
11953 48
11954 48
11955 27
11956 27
11957 107
11958 189
11959 197
11960 165
11961 158
11962 372
11963 372
11964 83
11965 83
11966 83
11967 105
11968 105
11969 112
11970 105
11971 116
11972 32
11973 101
11974 322
11975 322
11976 322
11977 322
11978 322
11979 13
11980 13
11981 13
11982 13
11983 13
11984 195
11985 195
11986 195
11987 361
11988 361
11989 308
11990 236
11991 1
11992 207
11993 209
11994 171
11995 209
11996 266
11997 419
11998 419
11999 310
12000 310
12001 310
12002 310
12003 310
12004 310
12005 140
12006 174
12007 111
12008 111
12009 414
12010 335
12011 419
12012 419
12013 335
12014 414
12015 401
12016 141
12017 205
12018 141
12019 306
12020 93
12021 85
12022 69
12023 69
12024 69
12025 26
12026 2
12027 3
12028 2
12029 2
12030 118
12031 26
12032 222
12033 222
12034 222
12035 112
12036 222
12037 222
12038 222
12039 222
12040 80
12041 373
12042 7
12043 7
12044 68
12045 207
12046 122
12047 209
12048 207
12049 121
12050 200
12051 119
12052 80
12053 96
12054 101
12055 320
12056 320
12057 363
12058 160
12059 160
12060 280
12061 260
12062 160
12063 110
12064 370
12065 221
12066 370
12067 43
12068 43
12069 43
12070 102
12071 102
12072 188
12073 279
12074 279
12075 204
12076 357
12077 357
12078 357
12079 200
12080 301
12081 301
12082 301
12083 219
12084 17
12085 17
12086 17
12087 17
12088 17
12089 348
12090 348
12091 44
12092 44
12093 44
12094 240
12095 240
12096 240
12097 240
12098 240
12099 23
12100 282
12101 282
12102 277
12103 243
12104 277
12105 268
12106 221
12107 221
12108 251
12109 251
12110 343
12111 1
12112 243
12113 251
12114 251
12115 380
12116 380
12117 380
12118 380
12119 380
12120 160
12121 131
12122 156
12123 90
12124 374
12125 374
12126 221
12127 374
12128 248
12129 245
12130 330
12131 367
12132 424
12133 367
12134 367
12135 17
12136 256
12137 104
12138 96
12139 104
12140 104
12141 29
12142 353
12143 353
12144 353
12145 353
12146 353
12147 353
12148 107
12149 107
12150 89
12151 73
12152 73
12153 73
12154 73
12155 74
12156 93
12157 24
12158 321
12159 223
12160 223
12161 274
12162 273
12163 274
12164 295
12165 258
12166 258
12167 106
12168 106
12169 106
12170 4
12171 244
12172 244
12173 157
12174 157
12175 89
12176 89
12177 89
12178 18
12179 41
12180 41
12181 41
12182 41
12183 279
12184 279
12185 193
12186 194
12187 236
12188 2
12189 425
12190 425
12191 425
12192 340
12193 3
12194 161
12195 3
12196 80
12197 80
12198 40
12199 206
12200 177
12201 182
12202 177
12203 182
12204 199
12205 114
12206 52
12207 217
12208 261
12209 52
12210 398
12211 398
12212 398
12213 398
12214 423
12215 224
12216 423
12217 376
12218 17
12219 17
12220 16
12221 17
12222 232
12223 44
12224 232
12225 232
12226 232
12227 232
12228 232
12229 209
12230 172
12231 138
12232 10
12233 10
12234 10
12235 12
12236 10
12237 10
12238 183
12239 140
12240 183
12241 147
12242 145
12243 120
12244 217
12245 277
12246 277
12247 277
12248 288
12249 227
12250 218
12251 288
12252 413
12253 227
12254 221
12255 209
12256 245
12257 370
12258 280
12259 280
12260 280
12261 280
12262 279
12263 376
12264 70
12265 119
12266 119
12267 118
12268 119
12269 119
12270 114
12271 109
12272 262
12273 118
12274 26
12275 281
12276 281
12277 281
12278 12
12279 12
12280 235
12281 260
12282 2
12283 296
12284 296
12285 296
12286 175
12287 175
12288 175
12289 383
12290 383
12291 383
12292 365
12293 365
12294 365
12295 405
12296 405
12297 340
12298 155
12299 155
12300 155
12301 155
12302 187
12303 232
12304 234
12305 232
12306 234
12307 232
12308 232
12309 301
12310 209
12311 368
12312 370
12313 368
12314 409
12315 403
12316 1
12317 219
12318 403
12319 189
12320 189
12321 189
12322 212
12323 189
12324 284
12325 284
12326 284
12327 284
12328 284
12329 284
12330 384
12331 118
12332 153
12333 153
12334 249
12335 249
12336 249
12337 249
12338 242
12339 242
12340 174
12341 174
12342 174
12343 150
12344 150
12345 229
12346 229
12347 191
12348 229
12349 229
12350 206
12351 229
12352 229
12353 191
12354 229
12355 387
12356 387
12357 389
12358 7
12359 7
12360 188
12361 169
12362 112
12363 188
12364 163
12365 109
12366 129
12367 129
12368 129
12369 177
12370 31
12371 31
12372 31
12373 159
12374 159
12375 326
12376 341
12377 386
12378 279
12379 340
12380 326
12381 134
12382 114
12383 354
12384 354
12385 354
12386 354
12387 354
12388 353
12389 52
12390 52
12391 72
12392 52
12393 364
12394 343
12395 114
12396 364
12397 331
12398 172
12399 118
12400 277
12401 111
12402 172
12403 294
12404 163
12405 294
12406 95
12407 87
12408 60
12409 19
12410 370
12411 370
12412 141
12413 224
12414 224
12415 9
12416 9
12417 328
12418 126
12419 126
12420 208
12421 401
12422 401
12423 398
12424 374
12425 372
12426 374
12427 372
12428 128
12429 128
12430 128
12431 128
12432 279
12433 279
12434 279
12435 180
12436 162
12437 180
12438 34
12439 34
12440 195
12441 195
12442 195
12443 36
12444 36
12445 36
12446 376
12447 348
12448 376
12449 308
12450 6
12451 239
12452 239
12453 239
12454 213
12455 239
12456 361
12457 361
12458 361
12459 249
12460 249
12461 337
12462 335
12463 216
12464 337
12465 305
12466 345
12467 307
12468 142
12469 142
12470 243
12471 243
12472 243
12473 243
12474 243
12475 275
12476 275
12477 70
12478 369
12479 149
12480 122
12481 149
12482 149
12483 149
12484 149
12485 381
12486 381
12487 327
12488 324
12489 327
12490 73
12491 156
12492 24
12493 394
12494 394
12495 394
12496 394
12497 279
12498 382
12499 32
12500 65
12501 65
12502 65
12503 266
12504 266
12505 266
12506 70
12507 70
12508 70
12509 206
12510 206
12511 206
12512 371
12513 326
12514 326
12515 72
12516 379
12517 379
12518 379
12519 379
12520 423
12521 423
12522 423
12523 336
12524 423
12525 308
12526 308
12527 2
12528 150
12529 150
12530 227
12531 423
12532 273
12533 328
12534 328
12535 395
12536 395
12537 395
12538 107
12539 107
12540 94
12541 285
12542 279
12543 314
12544 42
12545 42
12546 42
12547 409
12548 420
12549 420
12550 420
12551 420
12552 420
12553 211
12554 168
12555 211
12556 211
12557 416
12558 416
12559 223
12560 223
12561 348
12562 348
12563 348
12564 350
12565 125
12566 358
12567 307
12568 307
12569 307
12570 307
12571 387
12572 98
12573 328
12574 328
12575 328
12576 328
12577 328
12578 276
12579 293
12580 293
12581 98
12582 98
12583 385
12584 385
12585 385
12586 6
12587 341
12588 341
12589 341
12590 341
12591 341
12592 229
12593 234
12594 234
12595 77
12596 377
12597 223
12598 367
12599 356
12600 377
12601 387
12602 388
12603 388
12604 388
12605 59
12606 422
12607 59
12608 284
12609 180
12610 180
12611 180
12612 180
12613 180
12614 186
12615 403
12616 403
12617 232
12618 227
12619 403
12620 232
12621 227
12622 235
12623 235
12624 235
12625 59
12626 277
12627 105
12628 59
12629 420
12630 420
12631 420
12632 59
12633 59
12634 101
12635 164
12636 371
12637 371
12638 371
12639 371
12640 371
12641 371
12642 409
12643 409
12644 409
12645 409
12646 409
12647 409
12648 409
12649 367
12650 366
12651 367
12652 407
12653 367
12654 92
12655 92
12656 17
12657 17
12658 17
12659 17
12660 7
12661 7
12662 84
12663 84
12664 84
12665 84
12666 84
12667 89
12668 89
12669 52
12670 52
12671 52
12672 273
12673 340
12674 273
12675 273
12676 273
12677 273
12678 236
12679 252
12680 252
12681 17
12682 135
12683 252
12684 255
12685 252
12686 252
12687 252
12688 252
12689 236
12690 289
12691 236
12692 287
12693 287
12694 287
12695 303
12696 69
12697 69
12698 69
12699 24
12700 281
12701 284
12702 411
12703 411
12704 411
12705 90
12706 90
12707 246
12708 90
12709 90
12710 26
12711 163
12712 26
12713 144
12714 144
12715 139
12716 237
12717 361
12718 237
12719 237
12720 15
12721 15
12722 40
12723 219
12724 60
12725 23
12726 2
12727 123
12728 123
12729 12
12730 12
12731 11
12732 9
12733 12
12734 219
12735 19
12736 19
12737 19
12738 19
12739 19
12740 167
12741 169
12742 332
12743 332
12744 211
12745 211
12746 211
12747 211
12748 350
12749 370
12750 60
12751 175
12752 31
12753 260
12754 260
12755 279
12756 303
12757 303
12758 303
12759 194
12760 303
12761 336
12762 336
12763 336
12764 331
12765 293
12766 306
12767 306
12768 306
12769 235
12770 196
12771 172
12772 196
12773 108
12774 415
12775 381
12776 415
12777 415
12778 184
12779 184
12780 152
12781 125
12782 203
12783 203
12784 203
12785 203
12786 194
12787 194
12788 194
12789 387
12790 13
12791 13
12792 368
12793 368
12794 53
12795 245
12796 35
12797 35
12798 170
12799 170
12800 267
12801 306
12802 267
12803 267
12804 98
12805 98
12806 98
12807 98
12808 98
12809 263
12810 65
12811 261
12812 263
12813 65
12814 134
12815 134
12816 379
12817 379
12818 159
12819 159
12820 159
12821 159
12822 71
12823 254
12824 161
12825 234
12826 234
12827 234
12828 241
12829 232
12830 232
12831 232
12832 324
12833 324
12834 324
12835 324
12836 208
12837 208
12838 208
12839 208
12840 320
12841 320
12842 320
12843 145
12844 424
12845 424
12846 323
12847 280
12848 280
12849 280
12850 325
12851 280
12852 99
12853 99
12854 99
12855 99
12856 99
12857 397
12858 397
12859 357
12860 45
12861 45
12862 50
12863 40
12864 294
12865 294
12866 294
12867 294
12868 294
12869 367
12870 367
12871 367
12872 334
12873 138
12874 138
12875 110
12876 139
12877 111
12878 175
12879 341
12880 306
12881 306
12882 218
12883 307
12884 306
12885 356
12886 240
12887 240
12888 356
12889 240
12890 240
12891 139
12892 149
12893 149
12894 149
12895 133
12896 121
12897 185
12898 170
12899 349
12900 349
12901 76
12902 76
12903 24
12904 214
12905 214
12906 96
12907 96
12908 96
12909 96
12910 72
12911 72
12912 72
12913 72
12914 303
12915 302
12916 301
12917 110
12918 194
12919 194
12920 194
12921 164
12922 194
12923 194
12924 35
12925 35
12926 152
12927 186
12928 213
12929 305
12930 305
12931 27
12932 305
12933 27
12934 346
12935 399
12936 361
12937 361
12938 361
12939 324
12940 361
12941 361
12942 361
12943 361
12944 361
12945 15
12946 15
12947 15
12948 15
12949 308
12950 305
12951 22
12952 104
12953 104
12954 46
12955 46
12956 239
12957 239
12958 240
12959 223
12960 9
12961 421
12962 421
12963 421
12964 321
12965 321
12966 353
12967 353
12968 240
12969 269
12970 131
12971 131
12972 131
12973 168
12974 168
12975 420
12976 420
12977 420
12978 420
12979 13
12980 13
12981 13
12982 13
12983 13
12984 105
12985 105
12986 43
12987 106
12988 196
12989 196
12990 152
12991 114
12992 201
12993 194
12994 112
12995 20
12996 20
12997 105
12998 105
12999 105
13000 105
13001 31
13002 302
13003 31
13004 55
13005 55
13006 106
13007 274
13008 401
13009 153
13010 401
13011 394
13012 327
13013 401
13014 20
13015 20
13016 304
13017 304
13018 279
13019 18
13020 18
13021 355
13022 212
13023 355
13024 355
13025 220
13026 359
13027 239
13028 355
13029 235
13030 104
13031 104
13032 104
13033 104
13034 96
13035 104
13036 96
13037 104
13038 157
13039 157
13040 346
13041 346
13042 155
13043 155
13044 153
13045 155
13046 113
13047 109
13048 278
13049 115
13050 136
13051 41
13052 41
13053 388
13054 388
13055 388
13056 37
13057 388
13058 388
13059 302
13060 122
13061 302
13062 302
13063 302
13064 122
13065 171
13066 171
13067 113
13068 171
13069 171
13070 361
13071 361
13072 173
13073 361
13074 397
13075 397
13076 367
13077 376
13078 290
13079 290
13080 290
13081 290
13082 290
13083 337
13084 337
13085 100
13086 100
13087 100
13088 89
13089 89
13090 132
13091 119
13092 91
13093 143
13094 68
13095 170
13096 113
13097 170
13098 170
13099 147
13100 147
13101 376
13102 372
13103 117
13104 334
13105 220
13106 376
13107 179
13108 84
13109 401
13110 27
13111 27
13112 33
13113 132
13114 132
13115 3
13116 368
13117 368
13118 235
13119 223
13120 65
13121 392
13122 392
13123 373
13124 230
13125 374
13126 373
13127 103
13128 103
13129 103
13130 273
13131 103
13132 355
13133 259
13134 259
13135 402
13136 402
13137 402
13138 348
13139 348
13140 348
13141 348
13142 348
13143 366
13144 136
13145 136
13146 67
13147 25
13148 47
13149 47
13150 47
13151 47
13152 47
13153 296
13154 296
13155 296
13156 296
13157 296
13158 382
13159 382
13160 410
13161 382
13162 309
13163 369
13164 309
13165 348
13166 346
13167 348
13168 364
13169 249
13170 364
13171 371
13172 129
13173 129
13174 129
13175 11
13176 11
13177 11
13178 185
13179 142
13180 186
13181 185
13182 185
13183 397
13184 182
13185 417
13186 417
13187 302
13188 15
13189 15
13190 15
13191 15
13192 218
13193 374
13194 33
13195 192
13196 229
13197 192
13198 4
13199 49
13200 49
13201 408
13202 408
13203 408
13204 408
13205 408
13206 408
13207 334
13208 334
13209 331
13210 334
13211 408
13212 408
13213 304
13214 122
13215 122
13216 122
13217 122
13218 327
13219 226
13220 358
13221 358
13222 358
13223 358
13224 358
13225 358
13226 415
13227 32
13228 378
13229 378
13230 286
13231 422
13232 286
13233 286
13234 286
13235 418
13236 418
13237 84
13238 84
13239 283
13240 127
13241 283
13242 294
13243 294
13244 178
13245 111
13246 114
13247 417
13248 417
13249 218
13250 417
13251 143
13252 158
13253 158
13254 177
13255 177
13256 177
13257 184
13258 114
13259 184
13260 184
13261 139
13262 139
13263 139
13264 258
13265 258
13266 425
13267 425
13268 425
13269 425
13270 59
13271 59
13272 225
13273 225
13274 224
13275 224
13276 348
13277 348
13278 90
13279 27
13280 58
13281 58
13282 58
13283 58
13284 58
13285 393
13286 393
13287 393
13288 393
13289 393
13290 393
13291 393
13292 393
13293 391
13294 391
13295 227
13296 391
13297 385
13298 385
13299 300
13300 300
13301 300
13302 273
13303 273
13304 1
13305 277
13306 328
13307 328
13308 68
13309 341
13310 341
13311 70
13312 70
13313 353
13314 404
13315 252
13316 353
13317 155
13318 353
13319 237
13320 237
13321 237
13322 239
13323 221
13324 221
13325 31
13326 31
13327 33
13328 268
13329 228
13330 268
13331 203
13332 268
13333 278
13334 278
13335 409
13336 278
13337 278
13338 240
13339 240
13340 240
13341 240
13342 121
13343 407
13344 407
13345 228
13346 391
13347 227
13348 228
13349 228
13350 422
13351 422
13352 422
13353 422
13354 422
13355 101
13356 72
13357 119
13358 117
13359 117
13360 324
13361 121
13362 334
13363 391
13364 334
13365 160
13366 160
13367 160
13368 374
13369 148
13370 275
13371 275
13372 275
13373 275
13374 200
13375 117
13376 311
13377 311
13378 311
13379 311
13380 311
13381 257
13382 257
13383 63
13384 63
13385 180
13386 134
13387 175
13388 105
13389 159
13390 91
13391 307
13392 307
13393 218
13394 236
13395 218
13396 236
13397 307
13398 187
13399 336
13400 324
13401 86
13402 86
13403 86
13404 85
13405 332
13406 332
13407 46
13408 46
13409 46
13410 46
13411 46
13412 261
13413 58
13414 164
13415 117
13416 105
13417 32
13418 383
13419 383
13420 383
13421 208
13422 383
13423 383
13424 246
13425 246
13426 264
13427 418
13428 418
13429 418
13430 344
13431 293
13432 293
13433 48
13434 148
13435 136
13436 26
13437 172
13438 165
13439 349
13440 24
13441 24
13442 52
13443 99
13444 275
13445 99
13446 71
13447 71
13448 71
13449 32
13450 29
13451 113
13452 352
13453 352
13454 352
13455 352
13456 352
13457 291
13458 291
13459 291
13460 345
13461 345
13462 345
13463 345
13464 13
13465 24
13466 321
13467 27
13468 321
13469 27
13470 45
13471 45
13472 44
13473 45
13474 280
13475 280
13476 280
13477 322
13478 322
13479 322
13480 277
13481 51
13482 277
13483 273
13484 277
13485 51
13486 89
13487 248
13488 89
13489 89
13490 258
13491 421
13492 148
13493 130
13494 64
13495 269
13496 269
13497 269
13498 49
13499 49
13500 49
13501 294
13502 217
13503 125
13504 125
13505 171
13506 125
13507 134
13508 111
13509 194
13510 194
13511 194
13512 121
13513 348
13514 348
13515 39
13516 39
13517 39
13518 278
13519 278
13520 278
13521 175
13522 3
13523 296
13524 296
13525 296
13526 94
13527 94
13528 94
13529 93
13530 93
13531 290
13532 313
13533 387
13534 394
13535 290
13536 390
13537 390
13538 56
13539 56
13540 56
13541 56
13542 320
13543 320
13544 16
13545 387
13546 387
13547 387
13548 387
13549 387
13550 239
13551 111
13552 184
13553 184
13554 184
13555 184
13556 290
13557 412
13558 412
13559 356
13560 352
13561 356
13562 356
13563 356
13564 354
13565 354
13566 223
13567 355
13568 355
13569 355
13570 355
13571 355
13572 355
13573 348
13574 348
13575 348
13576 348
13577 348
13578 146
13579 108
13580 144
13581 104
13582 246
13583 104
13584 74
13585 113
13586 371
13587 371
13588 371
13589 19
13590 371
13591 369
13592 36
13593 36
13594 36
13595 291
13596 280
13597 280
13598 391
13599 335
13600 254
13601 154
13602 114
13603 190
13604 190
13605 253
13606 302
13607 253
13608 247
13609 405
13610 335
13611 234
13612 234
13613 234
13614 234
13615 201
13616 400
13617 211
13618 211
13619 174
13620 211
13621 369
13622 220
13623 369
13624 65
13625 40
13626 65
13627 283
13628 220
13629 200
13630 161
13631 115
13632 161
13633 161
13634 36
13635 186
13636 169
13637 186
13638 169
13639 6
13640 6
13641 6
13642 344
13643 183
13644 183
13645 183
13646 183
13647 147
13648 119
13649 408
13650 117
13651 143
13652 143
13653 328
13654 363
13655 328
13656 328
13657 141
13658 420
13659 420
13660 15
13661 15
13662 302
13663 315
13664 224
13665 302
13666 389
13667 411
13668 389
13669 404
13670 404
13671 37
13672 37
13673 37
13674 146
13675 188
13676 168
13677 270
13678 270
13679 270
13680 270
13681 315
13682 315
13683 315
13684 201
13685 183
13686 140
13687 135
13688 250
13689 250
13690 250
13691 250
13692 3
13693 109
13694 109
13695 18
13696 48
13697 48
13698 418
13699 411
13700 361
13701 361
13702 361
13703 361
13704 361
13705 100
13706 100
13707 75
13708 75
13709 268
13710 280
13711 268
13712 369
13713 369
13714 374
13715 95
13716 95
13717 67
13718 133
13719 111
13720 387
13721 387
13722 387
13723 387
13724 52
13725 409
13726 64
13727 19
13728 52
13729 95
13730 95
13731 31
13732 31
13733 60
13734 60
13735 139
13736 163
13737 244
13738 244
13739 244
13740 380
13741 231
13742 380
13743 380
13744 231
13745 402
13746 402
13747 402
13748 141
13749 141
13750 276
13751 333
13752 201
13753 338
13754 338
13755 189
13756 417
13757 417
13758 417
13759 329
13760 329
13761 341
13762 344
13763 195
13764 70
13765 315
13766 106
13767 315
13768 239
13769 315
13770 11
13771 11
13772 11
13773 11
13774 171
13775 171
13776 70
13777 70
13778 107
13779 107
13780 111
13781 149
13782 395
13783 160
13784 121
13785 356
13786 17
13787 17
13788 17
13789 184
13790 165
13791 380
13792 380
13793 380
13794 380
13795 380
13796 40
13797 336
13798 80
13799 395
13800 424
13801 244
13802 395
13803 285
13804 395
13805 285
13806 395
13807 232
13808 232
13809 225
13810 262
13811 262
13812 74
13813 74
13814 123
13815 408
13816 408
13817 408
13818 282
13819 275
13820 282
13821 275
13822 269
13823 269
13824 269
13825 66
13826 66
13827 66
13828 66
13829 72
13830 72
13831 72
13832 191
13833 191
13834 401
13835 401
13836 240
13837 233
13838 240
13839 302
13840 302
13841 314
13842 314
13843 323
13844 264
13845 122
13846 152
13847 384
13848 330
13849 89
13850 89
13851 389
13852 389
13853 389
13854 259
13855 142
13856 259
13857 259
13858 259
13859 219
13860 264
13861 142
13862 353
13863 417
13864 417
13865 345
13866 381
13867 403
13868 403
13869 290
13870 290
13871 290
13872 290
13873 36
13874 189
13875 189
13876 226
13877 415
13878 189
13879 225
13880 225
13881 225
13882 364
13883 73
13884 94
13885 100
13886 404
13887 404
13888 385
13889 385
13890 348
13891 308
13892 308
13893 308
13894 299
13895 299
13896 299
13897 296
13898 299
13899 53
13900 397
13901 71
13902 72
13903 72
13904 2
13905 98
13906 104
13907 104
13908 98
13909 51
13910 195
13911 106
13912 106
13913 26
13914 125
13915 125
13916 125
13917 125
13918 107
13919 200
13920 200
13921 161
13922 161
13923 161
13924 161
13925 265
13926 265
13927 21
13928 21
13929 174
13930 174
13931 229
13932 348
13933 266
13934 58
13935 233
13936 266
13937 266
13938 266
13939 58
13940 266
13941 316
13942 316
13943 179
13944 174
13945 179
13946 179
13947 175
13948 135
13949 290
13950 377
13951 103
13952 103
13953 103
13954 128
13955 128
13956 161
13957 203
13958 188
13959 203
13960 51
13961 160
13962 40
13963 132
13964 386
13965 386
13966 283
13967 70
13968 283
13969 315
13970 283
13971 315
13972 283
13973 193
13974 193
13975 193
13976 24
13977 110
13978 24
13979 13
13980 51
13981 51
13982 134
13983 120
13984 114
13985 83
13986 83
13987 83
13988 83
13989 83
13990 83
13991 83
13992 296
13993 296
13994 379
13995 379
13996 379
13997 379
13998 119
13999 326
14000 133
14001 119
14002 325
14003 118
14004 252
14005 252
14006 250
14007 250
14008 250
14009 390
14010 57
14011 92
14012 92
14013 92
14014 357
14015 357
14016 424
14017 424
14018 424
14019 368
14020 368
14021 5
14022 27
14023 241
14024 279
14025 279
14026 173
14027 173
14028 199
14029 173
14030 165
14031 378
14032 378
14033 170
14034 117
14035 170
14036 164
14037 11
14038 28
14039 28
14040 30
14041 30
14042 30
14043 87
14044 87
14045 87
14046 389
14047 389
14048 389
14049 389
14050 12
14051 12
14052 11
14053 34
14054 139
14055 32
14056 299
14057 299
14058 370
14059 370
14060 365
14061 148
14062 390
14063 23
14064 205
14065 205
14066 205
14067 205
14068 372
14069 372
14070 372
14071 286
14072 286
14073 68
14074 352
14075 225
14076 331
14077 352
14078 225
14079 352
14080 289
14081 289
14082 181
14083 289
14084 289
14085 331
14086 330
14087 331
14088 331
14089 274
14090 274
14091 397
14092 324
14093 324
14094 413
14095 221
14096 90
14097 272
14098 397
14099 346
14100 346
14101 346
14102 140
14103 140
14104 258
14105 258
14106 258
14107 286
14108 286
14109 286
14110 286
14111 286
14112 286
14113 382
14114 95
14115 382
14116 291
14117 291
14118 95
14119 402
14120 230
14121 348
14122 133
14123 134
14124 133
14125 133
14126 137
14127 137
14128 144
14129 137
14130 268
14131 242
14132 370
14133 370
14134 210
14135 210
14136 210
14137 250
14138 67
14139 128
14140 128
14141 128
14142 128
14143 128
14144 122
14145 292
14146 397
14147 397
14148 397
14149 397
14150 397
14151 397
14152 397
14153 371
14154 207
14155 371
14156 6
14157 343
14158 343
14159 244
14160 244
14161 245
14162 245
14163 168
14164 245
14165 13
14166 368
14167 130
14168 38
14169 130
14170 130
14171 21
14172 416
14173 416
14174 416
14175 254
14176 254
14177 244
14178 244
14179 244
14180 51
14181 51
14182 244
14183 412
14184 244
14185 297
14186 244
14187 30
14188 30
14189 30
14190 347
14191 347
14192 360
14193 360
14194 360
14195 124
14196 114
14197 411
14198 359
14199 359
14200 267
14201 19
14202 264
14203 301
14204 301
14205 301
14206 301
14207 301
14208 301
14209 88
14210 103
14211 346
14212 346
14213 205
14214 87
14215 87
14216 87
14217 87
14218 65
14219 217
14220 65
14221 217
14222 24
14223 114
14224 330
14225 330
14226 330
14227 348
14228 348
14229 348
14230 323
14231 323
14232 323
14233 12
14234 11
14235 276
14236 276
14237 282
14238 352
14239 19
14240 132
14241 113
14242 330
14243 369
14244 322
14245 347
14246 347
14247 403
14248 403
14249 403
14250 403
14251 163
14252 134
14253 376
14254 300
14255 300
14256 346
14257 171
14258 175
14259 171
14260 205
14261 165
14262 109
14263 121
14264 121
14265 263
14266 280
14267 376
14268 191
14269 270
14270 270
14271 270
14272 270
14273 229
14274 308
14275 279
14276 279
14277 16
14278 16
14279 259
14280 259
14281 236
14282 259
14283 259
14284 305
14285 141
14286 188
14287 154
14288 174
14289 291
14290 291
14291 132
14292 300
14293 397
14294 300
14295 300
14296 300
14297 253
14298 397
14299 343
14300 343
14301 343
14302 343
14303 386
14304 386
14305 325
14306 325
14307 363
14308 363
14309 412
14310 412
14311 412
14312 412
14313 368
14314 250
14315 384
14316 296
14317 287
14318 287
14319 426
14320 426
14321 426
14322 101
14323 402
14324 153
14325 153
14326 153
14327 242
14328 255
14329 242
14330 104
14331 283
14332 102
14333 104
14334 342
14335 342
14336 283
14337 54
14338 54
14339 54
14340 326
14341 326
14342 326
14343 255
14344 169
14345 166
14346 169
14347 169
14348 107
14349 107
14350 416
14351 416
14352 146
14353 124
14354 221
14355 221
14356 73
14357 73
14358 330
14359 299
14360 299
14361 299
14362 299
14363 299
14364 299
14365 402
14366 402
14367 402
14368 402
14369 259
14370 385
14371 249
14372 30
14373 124
14374 124
14375 137
14376 137
14377 137
14378 137
14379 371
14380 119
14381 374
14382 207
14383 207
14384 207
14385 68
14386 68
14387 68
14388 68
14389 68
14390 159
14391 272
14392 195
14393 195
14394 195
14395 153
14396 153
14397 424
14398 410
14399 410
14400 415
14401 13
14402 13
14403 13
14404 7
14405 31
14406 31
14407 31
14408 66
14409 66
14410 66
14411 144
14412 169
14413 144
14414 112
14415 137
14416 137
14417 155
14418 137
14419 137
14420 4
14421 25
14422 5
14423 25
14424 25
14425 98
14426 98
14427 98
14428 198
14429 110
14430 179
14431 198
14432 394
14433 394
14434 56
14435 55
14436 55
14437 75
14438 72
14439 75
14440 249
14441 249
14442 236
14443 225
14444 225
14445 178
14446 163
14447 372
14448 178
14449 178
14450 132
14451 200
14452 288
14453 288
14454 288
14455 288
14456 411
14457 288
14458 288
14459 176
14460 176
14461 176
14462 157
14463 157
14464 273
14465 133
14466 133
14467 133
14468 296
14469 245
14470 245
14471 230
14472 30
14473 30
14474 30
14475 30
14476 331
14477 192
14478 192
14479 46
14480 46
14481 184
14482 184
14483 184
14484 184
14485 128
14486 128
14487 128
14488 318
14489 318
14490 318
14491 318
14492 318
14493 318
14494 238
14495 238
14496 238
14497 19
14498 372
14499 372
14500 405
14501 405
14502 405
14503 101
14504 298
14505 298
14506 390
14507 390
14508 112
14509 36
14510 167
14511 342
14512 342
14513 342
14514 384
14515 86
14516 86
14517 86
14518 389
14519 210
14520 210
14521 210
14522 383
14523 383
14524 383
14525 387
14526 383
14527 75
14528 75
14529 38
14530 38
14531 38
14532 74
14533 19
14534 19
14535 146
14536 165
14537 160
14538 374
14539 374
14540 374
14541 374
14542 118
14543 118
14544 118
14545 283
14546 283
14547 218
14548 395
14549 218
14550 224
14551 283
14552 116
14553 241
14554 241
14555 116
14556 186
14557 186
14558 412
14559 412
14560 400
14561 220
14562 411
14563 412
14564 412
14565 386
14566 121
14567 132
14568 168
14569 132
14570 307
14571 307
14572 133
14573 133
14574 156
14575 156
14576 367
14577 368
14578 156
14579 182
14580 134
14581 163
14582 127
14583 156
14584 156
14585 156
14586 132
14587 27
14588 39
14589 27
14590 27
14591 27
14592 240
14593 329
14594 307
14595 106
14596 106
14597 242
14598 158
14599 127
14600 136
14601 136
14602 18
14603 18
14604 18
14605 244
14606 307
14607 307
14608 307
14609 264
14610 81
14611 81
14612 81
14613 102
14614 102
14615 129
14616 303
14617 129
14618 317
14619 129
14620 129
14621 310
14622 310
14623 310
14624 55
14625 55
14626 55
14627 376
14628 15
14629 15
14630 15
14631 141
14632 181
14633 181
14634 357
14635 357
14636 357
14637 86
14638 86
14639 316
14640 172
14641 172
14642 172
14643 172
14644 88
14645 88
14646 121
14647 121
14648 192
14649 115
14650 376
14651 33
14652 399
14653 399
14654 399
14655 399
14656 406
14657 406
14658 406
14659 406
14660 406
14661 403
14662 310
14663 403
14664 398
14665 307
14666 192
14667 192
14668 192
14669 213
14670 213
14671 213
14672 71
14673 71
14674 34
14675 34
14676 382
14677 382
14678 219
14679 345
14680 382
14681 77
14682 77
14683 30
14684 120
14685 113
14686 105
14687 105
14688 306
14689 306
14690 330
14691 306
14692 15
14693 13
14694 15
14695 15
14696 82
14697 82
14698 374
14699 374
14700 374
14701 374
14702 374
14703 273
14704 273
14705 94
14706 283
14707 317
14708 283
14709 283
14710 359
14711 283
14712 317
14713 208
14714 228
14715 148
14716 348
14717 348
14718 325
14719 348
14720 348
14721 348
14722 248
14723 248
14724 248
14725 403
14726 403
14727 403
14728 58
14729 95
14730 1
14731 75
14732 75
14733 75
14734 75
14735 207
14736 164
14737 259
14738 353
14739 192
14740 322
14741 192
14742 322
14743 359
14744 359
14745 359
14746 102
14747 102
14748 102
14749 212
14750 332
14751 159
14752 159
14753 223
14754 177
14755 177
14756 177
14757 294
14758 18
14759 38
14760 40
14761 38
14762 39
14763 38
14764 143
14765 34
14766 34
14767 410
14768 105
14769 380
14770 380
14771 380
14772 336
14773 259
14774 231
14775 384
14776 300
14777 395
14778 97
14779 300
14780 395
14781 265
14782 364
14783 181
14784 167
14785 338
14786 338
14787 253
14788 253
14789 253
14790 253
14791 403
14792 403
14793 403
14794 343
14795 72
14796 415
14797 62
14798 425
14799 10
14800 10
14801 290
14802 378
14803 321
14804 378
14805 378
14806 321
14807 242
14808 284
14809 284
14810 360
14811 360
14812 359
14813 222
14814 217
14815 360
14816 359
14817 72
14818 72
14819 47
14820 47
14821 36
14822 15
14823 36
14824 36
14825 36
14826 3
14827 148
14828 218
14829 312
14830 312
14831 312
14832 312
14833 239
14834 366
14835 426
14836 120
14837 128
14838 120
14839 120
14840 2
14841 111
14842 26
14843 397
14844 397
14845 397
14846 397
14847 397
14848 153
14849 153
14850 146
14851 225
14852 109
14853 239
14854 76
14855 76
14856 168
14857 359
14858 300
14859 300
14860 300
14861 300
14862 300
14863 259
14864 259
14865 259
14866 259
14867 259
14868 35
14869 35
14870 375
14871 61
14872 61
14873 360
14874 422
14875 227
14876 330
14877 360
14878 23
14879 360
14880 360
14881 407
14882 343
14883 407
14884 343
14885 140
14886 114
14887 140
14888 396
14889 220
14890 90
14891 396
14892 396
14893 83
14894 90
14895 222
14896 228
14897 42
14898 42
14899 42
14900 44
14901 107
14902 105
14903 179
14904 179
14905 338
14906 275
14907 338
14908 97
14909 342
14910 97
14911 97
14912 97
14913 97
14914 97
14915 31
14916 31
14917 31
14918 192
14919 192
14920 192
14921 192
14922 119
14923 119
14924 185
14925 185
14926 317
14927 235
14928 317
14929 317
14930 337
14931 195
14932 128
14933 194
14934 2
14935 159
14936 127
14937 132
14938 111
14939 247
14940 427
14941 427
14942 427
14943 115
14944 115
14945 134
14946 137
14947 3
14948 73
14949 73
14950 73
14951 73
14952 66
14953 66
14954 66
14955 66
14956 6
14957 6
14958 4
14959 52
14960 273
14961 222
14962 21
14963 21
14964 55
14965 55
14966 55
14967 321
14968 321
14969 321
14970 346
14971 152
14972 83
14973 83
14974 83
14975 391
14976 83
14977 105
14978 275
14979 105
14980 343
14981 377
14982 377
14983 337
14984 286
14985 286
14986 286
14987 292
14988 292
14989 286
14990 300
14991 300
14992 203
14993 203
14994 267
14995 267
14996 267
14997 3
14998 267
14999 25
15000 25
15001 412
15002 375
15003 375
15004 91
15005 91
15006 91
15007 91
15008 339
15009 339
15010 396
15011 286
15012 396
15013 225
15014 92
15015 92
15016 427
15017 159
15018 159
15019 139
15020 139
15021 198
15022 198
15023 198
15024 129
15025 131
15026 202
15027 131
15028 129
15029 131
15030 214
15031 120
15032 26
15033 27
15034 210
15035 210
15036 375
15037 15
15038 229
15039 333
15040 332
15041 381
15042 283
15043 227
15044 283
15045 230
15046 283
15047 274
15048 180
15049 180
15050 131
15051 2
15052 198
15053 47
15054 336
15055 112
15056 3
15057 119
15058 336
15059 156
15060 156
15061 29
15062 335
15063 29
15064 29
15065 382
15066 384
15067 384
15068 34
15069 34
15070 30
15071 34
15072 152
15073 152
15074 152
15075 152
15076 50
15077 50
15078 50
15079 147
15080 164
15081 168
15082 201
15083 177
15084 177
15085 179
15086 177
15087 388
15088 281
15089 281
15090 388
15091 266
15092 306
15093 388
15094 33
15095 33
15096 33
15097 310
15098 310
15099 310
15100 310
15101 125
15102 125
15103 124
15104 336
15105 336
15106 333
15107 382
15108 134
15109 213
15110 249
15111 220
15112 227
15113 404
15114 404
15115 145
15116 293
15117 293
15118 293
15119 258
15120 258
15121 258
15122 258
15123 258
15124 246
15125 309
15126 242
15127 246
15128 166
15129 141
15130 141
15131 141
15132 141
15133 141
15134 40
15135 375
15136 375
15137 152
15138 152
15139 152
15140 152
15141 245
15142 245
15143 411
15144 414
15145 65
15146 414
15147 414
15148 353
15149 353
15150 50
15151 50
15152 344
15153 344
15154 344
15155 344
15156 344
15157 344
15158 99
15159 99
15160 99
15161 408
15162 408
15163 280
15164 408
15165 408
15166 190
15167 190
15168 190
15169 135
15170 135
15171 135
15172 240
15173 187
15174 65
15175 65
15176 65
15177 55
15178 55
15179 55
15180 55
15181 55
15182 55
15183 262
15184 262
15185 340
15186 38
15187 38
15188 196
15189 196
15190 349
15191 349
15192 349
15193 141
15194 188
15195 411
15196 411
15197 160
15198 160
15199 99
15200 350
15201 350
15202 283
15203 237
15204 237
15205 237
15206 259
15207 264
15208 371
15209 371
15210 371
15211 58
15212 58
15213 58
15214 58
15215 58
15216 82
15217 152
15218 82
15219 82
15220 82
15221 408
15222 408
15223 408
15224 408
15225 86
15226 86
15227 86
15228 345
15229 345
15230 345
15231 41
15232 41
15233 41
15234 68
15235 164
15236 68
15237 74
15238 193
15239 235
15240 235
15241 192
15242 201
15243 206
15244 206
15245 206
15246 426
15247 426
15248 426
15249 426
15250 426
15251 20
15252 20
15253 20
15254 20
15255 170
15256 170
15257 50
15258 50
15259 416
15260 416
15261 13
15262 119
15263 111
15264 267
15265 39
15266 344
15267 344
15268 67
15269 43
15270 43
15271 43
15272 43
15273 65
15274 353
15275 176
15276 176
15277 241
15278 343
15279 343
15280 149
15281 149
15282 149
15283 149
15284 149
15285 389
15286 411
15287 67
15288 188
15289 244
15290 244
15291 235
15292 229
15293 191
15294 191
15295 191
15296 191
15297 156
15298 178
15299 178
15300 178
15301 360
15302 360
15303 360
15304 360
15305 29
15306 30
15307 30
15308 170
15309 170
15310 360
15311 412
15312 222
15313 222
15314 222
15315 222
15316 222
15317 222
15318 222
15319 228
15320 228
15321 6
15322 6
15323 166
15324 333
15325 333
15326 218
15327 258
15328 258
15329 258
15330 258
15331 258
15332 187
15333 168
15334 187
15335 187
15336 187
15337 96
15338 96
15339 288
15340 70
15341 426
15342 297
15343 297
15344 139
15345 209
15346 265
15347 218
15348 56
15349 340
15350 340
15351 340
15352 340
15353 340
15354 200
15355 340
15356 328
15357 337
15358 337
15359 355
15360 333
15361 336
15362 336
15363 262
15364 262
15365 120
15366 120
15367 120
15368 120
15369 129
15370 129
15371 129
15372 325
15373 325
15374 30
15375 29
15376 30
15377 423
15378 240
15379 423
15380 119
15381 19
15382 19
15383 19
15384 120
15385 120
15386 120
15387 120
15388 120
15389 213
15390 400
15391 213
15392 258
15393 258
15394 258
15395 258
15396 258
15397 132
15398 353
15399 132
15400 134
15401 22
15402 22
15403 22
15404 60
15405 337
15406 38
15407 38
15408 38
15409 38
15410 38
15411 46
15412 46
15413 46
15414 66
15415 66
15416 66
15417 66
15418 66
15419 247
15420 261
15421 247
15422 247
15423 61
15424 61
15425 348
15426 324
15427 348
15428 384
15429 384
15430 384
15431 384
15432 384
15433 24
15434 24
15435 281
15436 281
15437 222
15438 234
15439 181
15440 172
15441 172
15442 172
15443 10
15444 10
15445 10
15446 62
15447 62
15448 99
15449 118
15450 20
15451 20
15452 20
15453 168
15454 168
15455 80
15456 26
15457 68
15458 301
15459 301
15460 218
15461 375
15462 182
15463 292
15464 108
15465 108
15466 329
15467 125
15468 0
15469 329
15470 329
15471 330
15472 179
15473 8
15474 8
15475 151
15476 151
15477 151
15478 151
15479 151
15480 135
15481 135
15482 295
15483 295
15484 360
15485 360
15486 360
15487 101
15488 368
15489 368
15490 368
15491 368
15492 35
15493 375
15494 375
15495 375
15496 409
15497 130
15498 130
15499 130
15500 321
15501 145
15502 225
15503 281
15504 281
15505 122
15506 122
15507 122
15508 122
15509 200
15510 201
15511 200
15512 170
15513 170
15514 170
15515 124
15516 132
15517 124
15518 344
15519 118
15520 376
15521 335
15522 238
15523 191
15524 238
15525 281
15526 387
15527 281
15528 281
15529 281
15530 258
15531 191
15532 244
15533 244
15534 252
15535 244
15536 278
15537 258
15538 337
15539 6
15540 59
15541 164
15542 202
15543 380
15544 25
15545 25
15546 171
15547 171
15548 154
15549 171
15550 230
15551 230
15552 172
15553 172
15554 395
15555 395
15556 269
15557 416
15558 127
15559 113
15560 127
15561 113
15562 396
15563 396
15564 118
15565 118
15566 118
15567 180
15568 180
15569 175
15570 180
15571 58
15572 28
15573 32
15574 28
15575 56
15576 56
15577 56
15578 56
15579 96
15580 199
15581 96
15582 96
15583 228
15584 406
15585 157
15586 157
15587 276
15588 280
15589 280
15590 422
15591 164
15592 164
15593 191
15594 191
15595 166
15596 182
15597 278
15598 278
15599 278
15600 324
15601 232
15602 98
15603 98
15604 98
15605 28
15606 28
15607 424
15608 424
15609 424
15610 305
15611 260
15612 377
15613 260
15614 207
15615 39
15616 26
15617 179
15618 196
15619 127
15620 174
15621 196
15622 307
15623 307
15624 307
15625 307
15626 307
15627 39
15628 39
15629 39
15630 18
15631 281
15632 281
15633 182
15634 3
15635 44
15636 115
15637 115
15638 7
15639 7
15640 7
15641 7
15642 64
15643 112
15644 112
15645 112
15646 112
15647 112
15648 321
15649 321
15650 291
15651 291
15652 49
15653 49
15654 49
15655 127
15656 127
15657 127
15658 119
15659 239
15660 323
15661 134
15662 134
15663 134
15664 96
15665 96
15666 96
15667 96
15668 279
15669 340
15670 345
15671 293
15672 229
15673 345
15674 103
15675 413
15676 413
15677 298
15678 298
15679 298
15680 261
15681 259
15682 397
15683 397
15684 386
15685 386
15686 397
15687 77
15688 77
15689 77
15690 89
15691 226
15692 279
15693 279
15694 362
15695 236
15696 279
15697 236
15698 279
15699 279
15700 93
15701 93
15702 93
15703 357
15704 304
15705 355
15706 116
15707 110
15708 116
15709 276
15710 276
15711 276
15712 161
15713 161
15714 426
15715 426
15716 360
15717 187
15718 112
15719 282
15720 282
15721 282
15722 338
15723 338
15724 338
15725 63
15726 408
15727 63
15728 63
15729 354
15730 359
15731 354
15732 354
15733 291
15734 404
15735 404
15736 221
15737 23
15738 23
15739 23
15740 23
15741 205
15742 205
15743 314
15744 205
15745 205
15746 205
15747 229
15748 344
15749 180
15750 38
15751 38
15752 418
15753 38
15754 87
15755 93
15756 87
15757 228
15758 395
15759 228
15760 303
15761 112
15762 112
15763 112
15764 112
15765 112
15766 73
15767 73
15768 73
15769 75
15770 32
15771 263
15772 49
15773 57
15774 57
15775 57
15776 57
15777 57
15778 7
15779 7
15780 403
15781 403
15782 403
15783 119
15784 72
15785 119
15786 113
15787 149
15788 149
15789 149
15790 149
15791 149
15792 55
15793 54
15794 54
15795 55
15796 55
15797 55
15798 131
15799 131
15800 131
15801 117
15802 117
15803 117
15804 16
15805 16
15806 16
15807 16
15808 202
15809 192
15810 321
15811 303
15812 285
15813 340
15814 321
15815 340
15816 303
15817 303
15818 382
15819 191
15820 114
15821 73
15822 73
15823 73
15824 318
15825 318
15826 318
15827 330
15828 178
15829 414
15830 171
15831 171
15832 169
15833 331
15834 331
15835 407
15836 314
15837 314
15838 314
15839 314
15840 314
15841 314
15842 208
15843 165
15844 423
15845 283
15846 283
15847 316
15848 316
15849 92
15850 92
15851 282
15852 221
15853 170
15854 170
15855 170
15856 170
15857 170
15858 330
15859 13
15860 186
15861 338
15862 47
15863 7
15864 7
15865 7
15866 21
15867 21
15868 30
15869 30
15870 30
15871 347
15872 347
15873 146
15874 281
15875 238
15876 374
15877 281
15878 281
15879 3
15880 238
15881 288
15882 290
15883 288
15884 221
15885 25
15886 62
15887 62
15888 110
15889 62
15890 62
15891 266
15892 266
15893 266
15894 266
15895 266
15896 266
15897 161
15898 80
15899 161
15900 228
15901 370
15902 228
15903 63
15904 63
15905 55
15906 405
15907 104
15908 104
15909 326
15910 326
15911 326
15912 273
15913 79
15914 212
15915 79
15916 79
15917 202
15918 202
15919 40
15920 202
15921 155
15922 392
15923 392
15924 117
15925 117
15926 68
15927 172
15928 68
15929 68
15930 68
15931 65
15932 65
15933 246
15934 223
15935 223
15936 278
15937 278
15938 236
15939 229
15940 212
15941 349
15942 350
15943 212
15944 212
15945 212
15946 123
15947 123
15948 123
15949 123
15950 123
15951 123
15952 405
15953 405
15954 37
15955 184
15956 184
15957 196
15958 184
15959 139
15960 206
15961 206
15962 365
15963 365
15964 365
15965 97
15966 97
15967 97
15968 97
15969 283
15970 283
15971 140
15972 32
15973 32
15974 67
15975 98
15976 98
15977 154
15978 154
15979 275
15980 18
15981 18
15982 18
15983 18
15984 242
15985 242
15986 269
15987 269
15988 266
15989 269
15990 269
15991 266
15992 143
15993 143
15994 93
15995 93
15996 400
15997 282
15998 283
15999 398
16000 398
16001 398
16002 398
16003 398
16004 202
16005 212
16006 148
16007 159
16008 192
16009 192
16010 192
16011 192
16012 186
16013 163
16014 112
16015 383
16016 5
16017 301
16018 301
16019 87
16020 87
16021 155
16022 349
16023 349
16024 208
16025 208
16026 208
16027 369
16028 369
16029 369
16030 369
16031 274
16032 273
16033 273
16034 8
16035 8
16036 8
16037 8
16038 53
16039 53
16040 53
16041 423
16042 423
16043 94
16044 94
16045 94
16046 49
16047 49
16048 49
16049 49
16050 49
16051 145
16052 145
16053 181
16054 134
16055 175
16056 7
16057 7
16058 7
16059 7
16060 391
16061 101
16062 217
16063 421
16064 217
16065 421
16066 381
16067 404
16068 342
16069 404
16070 29
16071 29
16072 29
16073 29
16074 97
16075 412
16076 97
16077 97
16078 320
16079 372
16080 202
16081 202
16082 208
16083 99
16084 56
16085 99
16086 99
16087 374
16088 40
16089 374
16090 351
16091 143
16092 92
16093 47
16094 31
16095 31
16096 31
16097 243
16098 249
16099 243
16100 243
16101 243
16102 17
16103 87
16104 320
16105 320
16106 320
16107 320
16108 181
16109 26
16110 26
16111 251
16112 364
16113 130
16114 130
16115 382
16116 382
16117 382
16118 221
16119 67
16120 344
16121 342
16122 342
16123 344
16124 391
16125 391
16126 236
16127 253
16128 253
16129 418
16130 253
16131 158
16132 253
16133 75
16134 383
16135 224
16136 351
16137 351
16138 139
16139 351
16140 351
16141 373
16142 373
16143 373
16144 373
16145 57
16146 338
16147 338
16148 31
16149 38
16150 5
16151 31
16152 40
16153 256
16154 236
16155 33
16156 348
16157 327
16158 21
16159 21
16160 21
16161 104
16162 98
16163 21
16164 102
16165 21
16166 127
16167 127
16168 127
16169 178
16170 376
16171 41
16172 41
16173 242
16174 266
16175 242
16176 266
16177 67
16178 232
16179 258
16180 258
16181 258
16182 258
16183 258
16184 258
16185 117
16186 117
16187 337
16188 393
16189 222
16190 221
16191 80
16192 31
16193 31
16194 44
16195 78
16196 85
16197 85
16198 85
16199 8
16200 8
16201 8
16202 134
16203 113
16204 131
16205 113
16206 233
16207 233
16208 233
16209 387
16210 154
16211 154
16212 387
16213 154
16214 169
16215 154
16216 213
16217 152
16218 152
16219 28
16220 80
16221 219
16222 276
16223 276
16224 276
16225 316
16226 316
16227 316
16228 316
16229 351
16230 351
16231 351
16232 351
16233 351
16234 225
16235 225
16236 219
16237 219
16238 92
16239 308
16240 308
16241 130
16242 294
16243 294
16244 130
16245 165
16246 52
16247 52
16248 174
16249 164
16250 238
16251 240
16252 238
16253 238
16254 238
16255 238
16256 189
16257 189
16258 174
16259 184
16260 184
16261 184
16262 159
16263 159
16264 25
16265 25
16266 354
16267 175
16268 123
16269 123
16270 123
16271 123
16272 82
16273 82
16274 82
16275 82
16276 82
16277 82
16278 191
16279 258
16280 191
16281 239
16282 238
16283 116
16284 42
16285 326
16286 326
16287 326
16288 326
16289 40
16290 40
16291 193
16292 193
16293 69
16294 69
16295 336
16296 336
16297 178
16298 74
16299 74
16300 74
16301 21
16302 21
16303 348
16304 370
16305 385
16306 348
16307 29
16308 29
16309 85
16310 85
16311 294
16312 280
16313 337
16314 294
16315 113
16316 84
16317 84
16318 10
16319 10
16320 10
16321 10
16322 350
16323 350
16324 350
16325 407
16326 407
16327 409
16328 407
16329 266
16330 266
16331 266
16332 327
16333 169
16334 40
16335 384
16336 384
16337 319
16338 384
16339 78
16340 78
16341 78
16342 341
16343 341
16344 341
16345 130
16346 110
16347 130
16348 111
16349 282
16350 309
16351 304
16352 304
16353 304
16354 427
16355 427
16356 128
16357 128
16358 184
16359 94
16360 18
16361 16
16362 16
16363 50
16364 45
16365 45
16366 45
16367 273
16368 273
16369 273
16370 270
16371 396
16372 396
16373 345
16374 396
16375 396
16376 73
16377 327
16378 245
16379 327
16380 315
16381 315
16382 315
16383 315
16384 319
16385 315
16386 315
16387 7
16388 7
16389 52
16390 273
16391 306
16392 306
16393 306
16394 306
16395 306
16396 363
16397 400
16398 200
16399 337
16400 16
16401 196
16402 12
16403 412
16404 127
16405 74
16406 26
16407 74
16408 125
16409 231
16410 231
16411 231
16412 231
16413 294
16414 294
16415 80
16416 256
16417 264
16418 264
16419 374
16420 367
16421 367
16422 367
16423 297
16424 409
16425 374
16426 409
16427 84
16428 211
16429 261
16430 421
16431 261
16432 261
16433 261
16434 248
16435 243
16436 243
16437 221
16438 248
16439 247
16440 248
16441 248
16442 247
16443 10
16444 10
16445 11
16446 10
16447 11
16448 408
16449 414
16450 321
16451 321
16452 309
16453 309
16454 290
16455 290
16456 246
16457 246
16458 246
16459 246
16460 351
16461 246
16462 246
16463 235
16464 350
16465 148
16466 97
16467 97
16468 97
16469 350
16470 336
16471 150
16472 150
16473 150
16474 298
16475 16
16476 16
16477 16
16478 16
16479 16
16480 16
16481 106
16482 106
16483 106
16484 25
16485 25
16486 25
16487 93
16488 93
16489 212
16490 161
16491 218
16492 274
16493 313
16494 313
16495 65
16496 313
16497 174
16498 59
16499 59
16500 59
16501 59
16502 59
16503 59
16504 395
16505 395
16506 395
16507 395
16508 395
16509 43
16510 43
16511 43
16512 315
16513 315
16514 315
16515 93
16516 392
16517 378
16518 276
16519 276
16520 365
16521 365
16522 365
16523 222
16524 222
16525 222
16526 222
16527 332
16528 222
16529 89
16530 89
16531 89
16532 425
16533 425
16534 425
16535 13
16536 13
16537 13
16538 13
16539 301
16540 301
16541 301
16542 301
16543 307
16544 344
16545 344
16546 344
16547 344
16548 357
16549 371
16550 59
16551 91
16552 180
16553 229
16554 229
16555 373
16556 229
16557 373
16558 191
16559 191
16560 380
16561 144
16562 144
16563 144
16564 144
16565 144
16566 8
16567 8
16568 307
16569 307
16570 208
16571 188
16572 276
16573 272
16574 88
16575 88
16576 239
16577 239
16578 239
16579 239
16580 239
16581 82
16582 267
16583 412
16584 268
16585 268
16586 412
16587 412
16588 57
16589 59
16590 59
16591 274
16592 59
16593 59
16594 282
16595 224
16596 276
16597 128
16598 128
16599 128
16600 193
16601 181
16602 114
16603 398
16604 6
16605 405
16606 112
16607 155
16608 371
16609 371
16610 371
16611 366
16612 371
16613 366
16614 189
16615 114
16616 172
16617 117
16618 295
16619 295
16620 282
16621 295
16622 241
16623 241
16624 276
16625 413
16626 413
16627 413
16628 413
16629 143
16630 143
16631 143
16632 365
16633 365
16634 365
16635 365
16636 365
16637 92
16638 174
16639 174
16640 406
16641 406
16642 240
16643 240
16644 323
16645 323
16646 147
16647 147
16648 175
16649 19
16650 19
16651 19
16652 19
16653 19
16654 19
16655 19
16656 19
16657 130
16658 130
16659 16
16660 209
16661 32
16662 32
16663 32
16664 32
16665 32
16666 417
16667 417
16668 29
16669 29
16670 151
16671 29
16672 114
16673 198
16674 117
16675 117
16676 186
16677 186
16678 200
16679 165
16680 67
16681 67
16682 66
16683 33
16684 33
16685 84
16686 84
16687 84
16688 230
16689 230
16690 230
16691 230
16692 294
16693 220
16694 382
16695 382
16696 382
16697 382
16698 382
16699 183
16700 183
16701 183
16702 324
16703 201
16704 324
16705 409
16706 409
16707 401
16708 331
16709 139
16710 139
16711 38
16712 110
16713 53
16714 53
16715 305
16716 221
16717 305
16718 98
16719 98
16720 98
16721 98
16722 98
16723 20
16724 20
16725 263
16726 60
16727 60
16728 60
16729 361
16730 416
16731 399
16732 335
16733 399
16734 399
16735 384
16736 141
16737 119
16738 119
16739 111
16740 165
16741 120
16742 119
16743 359
16744 359
16745 359
16746 354
16747 356
16748 365
16749 375
16750 338
16751 338
16752 338
16753 338
16754 338
16755 420
16756 420
16757 420
16758 171
16759 171
16760 171
16761 148
16762 333
16763 187
16764 366
16765 139
16766 168
16767 139
16768 133
16769 133
16770 111
16771 121
16772 287
16773 237
16774 13
16775 13
16776 9
16777 105
16778 220
16779 272
16780 272
16781 322
16782 322
16783 353
16784 322
16785 322
16786 322
16787 43
16788 281
16789 59
16790 385
16791 385
16792 272
16793 272
16794 16
16795 149
16796 149
16797 96
16798 296
16799 96
16800 96
16801 96
16802 96
16803 327
16804 327
16805 395
16806 395
16807 395
16808 334
16809 334
16810 334
16811 277
16812 277
16813 316
16814 316
16815 316
16816 316
16817 295
16818 295
16819 323
16820 323
16821 323
16822 88
16823 88
16824 345
16825 345
16826 190
16827 190
16828 190
16829 49
16830 356
16831 49
16832 205
16833 205
16834 205
16835 138
16836 163
16837 241
16838 325
16839 325
16840 240
16841 61
16842 61
16843 363
16844 422
16845 422
16846 232
16847 232
16848 232
16849 312
16850 232
16851 106
16852 83
16853 22
16854 22
16855 158
16856 158
16857 348
16858 170
16859 170
16860 170
16861 170
16862 260
16863 260
16864 192
16865 199
16866 199
16867 199
16868 412
16869 412
16870 180
16871 113
16872 180
16873 105
16874 129
16875 129
16876 61
16877 93
16878 328
16879 328
16880 328
16881 328
16882 355
16883 89
16884 185
16885 74
16886 74
16887 74
16888 242
16889 242
16890 349
16891 153
16892 350
16893 242
16894 185
16895 185
16896 381
16897 383
16898 126
16899 109
16900 93
16901 19
16902 173
16903 173
16904 173
16905 173
16906 73
16907 73
16908 73
16909 382
16910 384
16911 43
16912 35
16913 39
16914 40
16915 35
16916 35
16917 39
16918 33
16919 33
16920 33
16921 27
16922 27
16923 211
16924 211
16925 145
16926 145
16927 398
16928 398
16929 398
16930 398
16931 398
16932 398
16933 398
16934 100
16935 100
16936 159
16937 100
16938 100
16939 92
16940 165
16941 337
16942 337
16943 297
16944 101
16945 67
16946 318
16947 318
16948 318
16949 287
16950 287
16951 287
16952 287
16953 287
16954 287
16955 388
16956 388
16957 327
16958 45
16959 334
16960 378
16961 223
16962 378
16963 287
16964 426
16965 426
16966 426
16967 400
16968 400
16969 229
16970 229
16971 132
16972 229
16973 229
16974 381
16975 218
16976 262
16977 165
16978 165
16979 165
16980 113
16981 269
16982 271
16983 271
16984 271
16985 271
16986 271
16987 222
16988 353
16989 36
16990 353
16991 353
16992 127
16993 158
16994 128
16995 119
16996 321
16997 321
16998 251
16999 118
17000 118
17001 184
17002 184
17003 62
17004 62
17005 62
17006 413
17007 413
17008 413
17009 391
17010 418
17011 391
17012 391
17013 127
17014 80
17015 9
17016 12
17017 9
17018 371
17019 371
17020 101
17021 56
17022 56
17023 56
17024 56
17025 210
17026 330
17027 330
17028 180
17029 330
17030 330
17031 116
17032 167
17033 167
17034 103
17035 23
17036 23
17037 23
17038 82
17039 82
17040 257
17041 257
17042 257
17043 257
17044 257
17045 257
17046 69
17047 69
17048 69
17049 69
17050 337
17051 411
17052 341
17053 380
17054 380
17055 380
17056 380
17057 240
17058 320
17059 114
17060 56
17061 56
17062 56
17063 56
17064 56
17065 56
17066 56
17067 98
17068 98
17069 393
17070 393
17071 393
17072 393
17073 393
17074 342
17075 342
17076 342
17077 286
17078 302
17079 302
17080 302
17081 249
17082 249
17083 249
17084 387
17085 295
17086 241
17087 241
17088 380
17089 380
17090 61
17091 147
17092 349
17093 147
17094 294
17095 17
17096 148
17097 17
17098 393
17099 393
17100 393
17101 32
17102 32
17103 32
17104 187
17105 31
17106 31
17107 31
17108 31
17109 40
17110 40
17111 237
17112 237
17113 237
17114 237
17115 144
17116 144
17117 222
17118 143
17119 398
17120 398
17121 25
17122 166
17123 25
17124 201
17125 166
17126 193
17127 192
17128 423
17129 96
17130 182
17131 198
17132 278
17133 278
17134 278
17135 74
17136 74
17137 74
17138 178
17139 313
17140 313
17141 313
17142 313
17143 199
17144 224
17145 199
17146 199
17147 199
17148 199
17149 182
17150 156
17151 182
17152 369
17153 26
17154 93
17155 390
17156 390
17157 352
17158 275
17159 226
17160 424
17161 166
17162 166
17163 11
17164 11
17165 11
17166 11
17167 11
17168 414
17169 329
17170 329
17171 315
17172 189
17173 162
17174 265
17175 265
17176 171
17177 171
17178 394
17179 394
17180 82
17181 82
17182 82
17183 82
17184 82
17185 82
17186 227
17187 227
17188 219
17189 227
17190 227
17191 18
17192 40
17193 276
17194 336
17195 276
17196 276
17197 276
17198 276
17199 201
17200 117
17201 364
17202 267
17203 290
17204 267
17205 393
17206 167
17207 284
17208 284
17209 422
17210 13
17211 200
17212 165
17213 38
17214 38
17215 38
17216 183
17217 183
17218 177
17219 177
17220 389
17221 64
17222 275
17223 275
17224 285
17225 285
17226 255
17227 326
17228 105
17229 105
17230 105
17231 403
17232 360
17233 360
17234 128
17235 128
17236 225
17237 225
17238 384
17239 281
17240 214
17241 214
17242 214
17243 214
17244 214
17245 306
17246 306
17247 174
17248 174
17249 174
17250 207
17251 207
17252 207
17253 38
17254 329
17255 138
17256 123
17257 138
17258 413
17259 413
17260 413
17261 413
17262 226
17263 224
17264 224
17265 178
17266 178
17267 163
17268 178
17269 197
17270 198
17271 184
17272 184
17273 125
17274 264
17275 78
17276 71
17277 65
17278 65
17279 65
17280 65
17281 65
17282 54
17283 54
17284 54
17285 319
17286 319
17287 414
17288 416
17289 414
17290 416
17291 135
17292 110
17293 52
17294 3
17295 381
17296 413
17297 413
17298 413
17299 413
17300 413
17301 303
17302 208
17303 208
17304 149
17305 193
17306 185
17307 127
17308 127
17309 34
17310 34
17311 146
17312 21
17313 21
17314 122
17315 241
17316 218
17317 122
17318 188
17319 18
17320 18
17321 403
17322 403
17323 315
17324 315
17325 315
17326 116
17327 116
17328 116
17329 32
17330 32
17331 134
17332 44
17333 362
17334 302
17335 362
17336 362
17337 301
17338 204
17339 383
17340 366
17341 374
17342 374
17343 254
17344 254
17345 260
17346 254
17347 254
17348 164
17349 164
17350 164
17351 164
17352 164
17353 273
17354 273
17355 274
17356 24
17357 121
17358 196
17359 302
17360 302
17361 321
17362 321
17363 126
17364 126
17365 31
17366 31
17367 146
17368 146
17369 192
17370 39
17371 39
17372 14
17373 14
17374 14
17375 304
17376 412
17377 304
17378 304
17379 304
17380 10
17381 10
17382 10
17383 90
17384 90
17385 90
17386 90
17387 90
17388 90
17389 104
17390 90
17391 159
17392 159
17393 154
17394 86
17395 341
17396 33
17397 50
17398 322
17399 322
17400 322
17401 137
17402 137
17403 137
17404 137
17405 233
17406 255
17407 255
17408 106
17409 216
17410 255
17411 192
17412 192
17413 192
17414 192
17415 242
17416 242
17417 147
17418 147
17419 39
17420 39
17421 40
17422 386
17423 89
17424 89
17425 89
17426 107
17427 107
17428 52
17429 62
17430 86
17431 86
17432 44
17433 86
17434 86
17435 133
17436 238
17437 304
17438 238
17439 238
17440 140
17441 140
17442 140
17443 177
17444 233
17445 5
17446 128
17447 128
17448 128
17449 197
17450 128
17451 107
17452 107
17453 107
17454 107
17455 107
17456 191
17457 191
17458 191
17459 191
17460 191
17461 68
17462 68
17463 106
17464 94
17465 111
17466 111
17467 111
17468 111
17469 111
17470 60
17471 60
17472 60
17473 243
17474 220
17475 243
17476 141
17477 24
17478 382
17479 286
17480 308
17481 357
17482 157
17483 157
17484 157
17485 157
17486 249
17487 249
17488 259
17489 188
17490 188
17491 173
17492 188
17493 199
17494 348
17495 294
17496 202
17497 25
17498 188
17499 187
17500 420
17501 420
17502 420
17503 420
17504 62
17505 229
17506 229
17507 229
17508 361
17509 361
17510 383
17511 383
17512 174
17513 174
17514 383
17515 383
17516 383
17517 55
17518 55
17519 55
17520 41
17521 41
17522 41
17523 133
17524 133
17525 84
17526 84
17527 83
17528 84
17529 37
17530 37
17531 396
17532 396
17533 396
17534 396
17535 117
17536 215
17537 375
17538 5
17539 5
17540 89
17541 89
17542 182
17543 373
17544 373
17545 373
17546 427
17547 30
17548 63
17549 201
17550 256
17551 201
17552 201
17553 258
17554 258
17555 423
17556 258
17557 246
17558 411
17559 248
17560 385
17561 385
17562 424
17563 293
17564 223
17565 293
17566 145
17567 205
17568 145
17569 324
17570 136
17571 136
17572 136
17573 417
17574 412
17575 417
17576 330
17577 330
17578 244
17579 156
17580 116
17581 116
17582 116
17583 108
17584 150
17585 15
17586 251
17587 141
17588 309
17589 415
17590 415
17591 309
17592 107
17593 107
17594 336
17595 400
17596 400
17597 375
17598 400
17599 43
17600 43
17601 43
17602 364
17603 282
17604 94
17605 196
17606 220
17607 196
17608 251
17609 5
17610 93
17611 5
17612 34
17613 34
17614 34
17615 282
17616 426
17617 282
17618 166
17619 166
17620 409
17621 376
17622 376
17623 313
17624 407
17625 313
17626 209
17627 209
17628 207
17629 207
17630 209
17631 48
17632 48
17633 48
17634 197
17635 167
17636 197
17637 197
17638 167
17639 167
17640 319
17641 319
17642 319
17643 355
17644 319
17645 355
17646 380
17647 199
17648 72
17649 196
17650 199
17651 198
17652 319
17653 319
17654 319
17655 319
17656 69
17657 69
17658 228
17659 356
17660 310
17661 69
17662 333
17663 418
17664 418
17665 423
17666 423
17667 412
17668 412
17669 412
17670 171
17671 171
17672 423
17673 423
17674 423
17675 28
17676 28
17677 28
17678 311
17679 311
17680 307
17681 307
17682 269
17683 314
17684 314
17685 314
17686 314
17687 309
17688 309
17689 309
17690 193
17691 114
17692 193
17693 115
17694 179
17695 115
17696 12
17697 11
17698 11
17699 10
17700 230
17701 230
17702 5
17703 249
17704 249
17705 255
17706 249
17707 145
17708 114
17709 159
17710 48
17711 48
17712 52
17713 290
17714 290
17715 290
17716 290
17717 290
17718 290
17719 290
17720 39
17721 12
17722 11
17723 12
17724 11
17725 95
17726 325
17727 325
17728 325
17729 282
17730 333
17731 337
17732 18
17733 242
17734 242
17735 80
17736 80
17737 131
17738 131
17739 131
17740 344
17741 344
17742 266
17743 178
17744 178
17745 178
17746 46
17747 46
17748 46
17749 46
17750 46
17751 46
17752 46
17753 273
17754 272
17755 302
17756 302
17757 409
17758 221
17759 410
17760 396
17761 354
17762 396
17763 112
17764 238
17765 167
17766 259
17767 408
17768 408
17769 408
17770 408
17771 30
17772 21
17773 21
17774 14
17775 135
17776 135
17777 135
17778 369
17779 415
17780 192
17781 5
17782 192
17783 79
17784 14
17785 79
17786 79
17787 416
17788 296
17789 417
17790 335
17791 228
17792 306
17793 306
17794 344
17795 133
17796 133
17797 133
17798 221
17799 253
17800 253
17801 253
17802 424
17803 365
17804 365
17805 365
17806 20
17807 14
17808 14
17809 38
17810 38
17811 14
17812 74
17813 334
17814 334
17815 334
17816 334
17817 28
17818 28
17819 28
17820 84
17821 84
17822 63
17823 63
17824 63
17825 63
17826 131
17827 177
17828 177
17829 339
17830 339
17831 134
17832 134
17833 134
17834 134
17835 134
17836 134
17837 411
17838 411
17839 411
17840 411
17841 411
17842 194
17843 194
17844 194
17845 194
17846 376
17847 216
17848 75
17849 75
17850 415
17851 415
17852 359
17853 220
17854 166
17855 234
17856 234
17857 234
17858 156
17859 156
17860 156
17861 304
17862 281
17863 393
17864 393
17865 61
17866 61
17867 369
17868 252
17869 252
17870 234
17871 252
17872 252
17873 252
17874 404
17875 404
17876 32
17877 32
17878 148
17879 347
17880 347
17881 5
17882 283
17883 413
17884 283
17885 283
17886 367
17887 399
17888 367
17889 367
17890 2
17891 2
17892 2
17893 144
17894 144
17895 226
17896 99
17897 7
17898 35
17899 35
17900 35
17901 35
17902 410
17903 288
17904 288
17905 290
17906 359
17907 359
17908 359
17909 209
17910 64
17911 64
17912 168
17913 64
17914 29
17915 29
17916 29
17917 29
17918 344
17919 147
17920 182
17921 118
17922 16
17923 16
17924 415
17925 150
17926 150
17927 208
17928 114
17929 49
17930 49
17931 31
17932 31
17933 31
17934 31
17935 56
17936 230
17937 230
17938 230
17939 242
17940 354
17941 353
17942 197
17943 197
17944 156
17945 156
17946 156
17947 156
17948 369
17949 369
17950 369
17951 369
17952 369
17953 415
17954 415
17955 415
17956 415
17957 2
17958 415
17959 415
17960 415
17961 189
17962 189
17963 189
17964 24
17965 119
17966 148
17967 354
17968 340
17969 2
17970 61
17971 61
17972 161
17973 161
17974 181
17975 200
17976 200
17977 82
17978 82
17979 82
17980 82
17981 157
17982 311
17983 157
17984 311
17985 236
17986 236
17987 236
17988 236
17989 236
17990 236
17991 76
17992 76
17993 76
17994 98
17995 98
17996 313
17997 303
17998 313
17999 294
18000 294
18001 294
18002 298
18003 298
18004 167
18005 167
18006 167
18007 167
18008 167
18009 36
18010 36
18011 105
18012 27
18013 161
18014 151
18015 315
18016 161
18017 148
18018 188
18019 148
18020 289
18021 234
18022 234
18023 69
18024 280
18025 253
18026 339
18027 339
18028 298
18029 298
18030 299
18031 343
18032 299
18033 299
18034 343
18035 298
18036 420
18037 420
18038 420
18039 420
18040 292
18041 277
18042 292
18043 277
18044 254
18045 221
18046 254
18047 416
18048 416
18049 416
18050 416
18051 383
18052 383
18053 160
18054 174
18055 174
18056 174
18057 174
18058 174
18059 347
18060 332
18061 347
18062 297
18063 332
18064 50
18065 50
18066 91
18067 85
18068 91
18069 91
18070 87
18071 396
18072 172
18073 172
18074 172
18075 172
18076 9
18077 9
18078 190
18079 190
18080 190
18081 415
18082 335
18083 320
18084 257
18085 257
18086 257
18087 257
18088 88
18089 88
18090 88
18091 213
18092 188
18093 324
18094 234
18095 218
18096 228
18097 375
18098 219
18099 237
18100 237
18101 382
18102 382
18103 330
18104 382
18105 382
18106 382
18107 424
18108 424
18109 232
18110 317
18111 317
18112 317
18113 185
18114 185
18115 185
18116 145
18117 145
18118 183
18119 228
18120 258
18121 76
18122 153
18123 76
18124 76
18125 141
18126 128
18127 188
18128 188
18129 163
18130 320
18131 320
18132 320
18133 410
18134 410
18135 410
18136 22
18137 4
18138 22
18139 4
18140 22
18141 56
18142 56
18143 56
18144 105
18145 153
18146 153
18147 153
18148 153
18149 153
18150 269
18151 77
18152 220
18153 269
18154 178
18155 166
18156 178
18157 203
18158 203
18159 203
18160 173
18161 384
18162 244
18163 244
18164 196
18165 145
18166 143
18167 196
18168 55
18169 55
18170 55
18171 151
18172 151
18173 151
18174 193
18175 179
18176 131
18177 16
18178 16
18179 391
18180 16
18181 234
18182 389
18183 389
18184 370
18185 370
18186 352
18187 352
18188 296
18189 186
18190 174
18191 174
18192 174
18193 369
18194 369
18195 369
18196 233
18197 233
18198 308
18199 308
18200 308
18201 308
18202 40
18203 37
18204 298
18205 298
18206 298
18207 159
18208 181
18209 187
18210 181
18211 187
18212 173
18213 111
18214 181
18215 321
18216 228
18217 208
18218 208
18219 220
18220 51
18221 51
18222 109
18223 228
18224 227
18225 228
18226 160
18227 242
18228 242
18229 102
18230 102
18231 181
18232 295
18233 296
18234 95
18235 95
18236 16
18237 238
18238 238
18239 238
18240 226
18241 226
18242 362
18243 16
18244 236
18245 16
18246 16
18247 16
18248 410
18249 410
18250 384
18251 157
18252 354
18253 354
18254 354
18255 354
18256 422
18257 354
18258 354
18259 335
18260 335
18261 335
18262 46
18263 46
18264 46
18265 76
18266 76
18267 76
18268 277
18269 277
18270 261
18271 261
18272 261
18273 261
18274 315
18275 161
18276 399
18277 343
18278 204
18279 204
18280 362
18281 362
18282 379
18283 308
18284 308
18285 180
18286 94
18287 272
18288 420
18289 420
18290 74
18291 74
18292 177
18293 177
18294 293
18295 293
18296 222
18297 76
18298 76
18299 281
18300 281
18301 281
18302 281
18303 279
18304 281
18305 179
18306 179
18307 179
18308 326
18309 326
18310 326
18311 326
18312 193
18313 128
18314 128
18315 128
18316 342
18317 342
18318 342
18319 342
18320 95
18321 95
18322 396
18323 396
18324 396
18325 53
18326 53
18327 53
18328 33
18329 98
18330 98
18331 98
18332 417
18333 282
18334 282
18335 235
18336 205
18337 87
18338 384
18339 384
18340 148
18341 112
18342 205
18343 205
18344 69
18345 69
18346 69
18347 69
18348 155
18349 57
18350 57
18351 337
18352 47
18353 369
18354 370
18355 337
18356 409
18357 101
18358 359
18359 359
18360 359
18361 301
18362 301
18363 44
18364 42
18365 42
18366 126
18367 175
18368 181
18369 165
18370 107
18371 422
18372 406
18373 406
18374 242
18375 242
18376 242
18377 379
18378 379
18379 379
18380 379
18381 417
18382 230
18383 230
18384 227
18385 32
18386 220
18387 324
18388 324
18389 324
18390 324
18391 122
18392 107
18393 71
18394 71
18395 70
18396 71
18397 71
18398 159
18399 85
18400 94
18401 148
18402 415
18403 416
18404 416
18405 314
18406 314
18407 101
18408 294
18409 294
18410 294
18411 294
18412 272
18413 14
18414 14
18415 14
18416 80
18417 2
18418 120
18419 120
18420 116
18421 116
18422 382
18423 382
18424 382
18425 382
18426 382
18427 409
18428 409
18429 409
18430 409
18431 333
18432 409
18433 394
18434 394
18435 394
18436 394
18437 394
18438 394
18439 164
18440 164
18441 327
18442 393
18443 393
18444 393
18445 146
18446 356
18447 146
18448 9
18449 9
18450 30
18451 30
18452 79
18453 79
18454 126
18455 355
18456 204
18457 204
18458 204
18459 204
18460 204
18461 204
18462 189
18463 71
18464 186
18465 183
18466 186
18467 186
18468 186
18469 169
18470 384
18471 271
18472 271
18473 271
18474 271
18475 271
18476 181
18477 181
18478 181
18479 210
18480 210
18481 283
18482 333
18483 213
18484 333
18485 333
18486 111
18487 333
18488 131
18489 131
18490 131
18491 131
18492 7
18493 7
18494 403
18495 310
18496 400
18497 404
18498 418
18499 418
18500 406
18501 211
18502 211
18503 211
18504 333
18505 333
18506 99
18507 99
18508 99
18509 99
18510 189
18511 189
18512 189
18513 189
18514 293
18515 237
18516 395
18517 237
18518 293
18519 248
18520 339
18521 198
18522 3
18523 72
18524 280
18525 152
18526 176
18527 176
18528 68
18529 68
18530 70
18531 353
18532 353
18533 247
18534 336
18535 234
18536 234
18537 79
18538 300
18539 165
18540 101
18541 101
18542 145
18543 145
18544 40
18545 212
18546 420
18547 420
18548 420
18549 420
18550 320
18551 320
18552 199
18553 426
18554 176
18555 176
18556 176
18557 102
18558 102
18559 102
18560 144
18561 193
18562 399
18563 344
18564 399
18565 184
18566 179
18567 184
18568 154
18569 198
18570 198
18571 381
18572 381
18573 166
18574 166
18575 121
18576 131
18577 316
18578 316
18579 116
18580 116
18581 116
18582 343
18583 143
18584 143
18585 143
18586 143
18587 77
18588 77
18589 153
18590 153
18591 153
18592 153
18593 153
18594 153
18595 153
18596 152
18597 5
18598 5
18599 5
18600 5
18601 5
18602 127
18603 100
18604 100
18605 100
18606 100
18607 337
18608 161
18609 296
18610 221
18611 296
18612 316
18613 296
18614 335
18615 106
18616 407
18617 407
18618 78
18619 78
18620 184
18621 184
18622 139
18623 141
18624 138
18625 387
18626 121
18627 255
18628 255
18629 10
18630 282
18631 226
18632 317
18633 317
18634 317
18635 36
18636 5
18637 72
18638 137
18639 111
18640 139
18641 195
18642 242
18643 191
18644 113
18645 152
18646 379
18647 383
18648 383
18649 327
18650 377
18651 94
18652 396
18653 41
18654 367
18655 367
18656 367
18657 367
18658 158
18659 158
18660 158
18661 158
18662 416
18663 408
18664 427
18665 232
18666 232
18667 183
18668 183
18669 398
18670 398
18671 392
18672 398
18673 364
18674 364
18675 364
18676 140
18677 140
18678 148
18679 187
18680 134
18681 151
18682 125
18683 364
18684 364
18685 364
18686 363
18687 331
18688 196
18689 194
18690 196
18691 348
18692 75
18693 75
18694 75
18695 28
18696 28
18697 155
18698 155
18699 155
18700 155
18701 155
18702 155
18703 186
18704 186
18705 186
18706 186
18707 34
18708 34
18709 34
18710 329
18711 329
18712 135
18713 135
18714 135
18715 208
18716 209
18717 208
18718 279
18719 279
18720 402
18721 161
18722 107
18723 107
18724 368
18725 368
18726 368
18727 339
18728 339
18729 70
18730 70
18731 6
18732 236
18733 272
18734 272
18735 107
18736 234
18737 234
18738 234
18739 253
18740 231
18741 231
18742 114
18743 114
18744 114
18745 415
18746 316
18747 51
18748 52
18749 51
18750 20
18751 10
18752 127
18753 364
18754 331
18755 364
18756 198
18757 198
18758 198
18759 362
18760 234
18761 234
18762 354
18763 354
18764 306
18765 306
18766 306
18767 126
18768 124
18769 197
18770 358
18771 387
18772 358
18773 349
18774 118
18775 349
18776 96
18777 233
18778 277
18779 410
18780 410
18781 321
18782 243
18783 243
18784 243
18785 354
18786 124
18787 124
18788 355
18789 355
18790 355
18791 140
18792 140
18793 140
18794 226
18795 226
18796 226
18797 81
18798 81
18799 353
18800 353
18801 334
18802 353
18803 197
18804 197
18805 197
18806 239
18807 53
18808 343
18809 320
18810 299
18811 320
18812 304
18813 245
18814 409
18815 409
18816 409
18817 373
18818 373
18819 373
18820 367
18821 367
18822 271
18823 271
18824 271
18825 5
18826 17
18827 86
18828 63
18829 63
18830 148
18831 332
18832 332
18833 332
18834 385
18835 385
18836 385
18837 385
18838 385
18839 245
18840 245
18841 244
18842 245
18843 167
18844 167
18845 167
18846 167
18847 123
18848 123
18849 123
18850 123
18851 123
18852 123
18853 125
18854 328
18855 328
18856 237
18857 252
18858 252
18859 299
18860 157
18861 157
18862 12
18863 12
18864 12
18865 423
18866 423
18867 398
18868 241
18869 419
18870 325
18871 29
18872 423
18873 29
18874 105
18875 410
18876 410
18877 106
18878 331
18879 106
18880 106
18881 381
18882 381
18883 7
18884 7
18885 7
18886 131
18887 131
18888 131
18889 344
18890 165
18891 138
18892 120
18893 347
18894 347
18895 347
18896 347
18897 347
18898 347
18899 21
18900 21
18901 328
18902 64
18903 175
18904 137
18905 137
18906 344
18907 344
18908 341
18909 171
18910 167
18911 171
18912 171
18913 126
18914 424
18915 417
18916 414
18917 177
18918 417
18919 417
18920 417
18921 259
18922 38
18923 337
18924 330
18925 298
18926 298
18927 298
18928 298
18929 298
18930 298
18931 391
18932 391
18933 277
18934 277
18935 232
18936 327
18937 327
18938 288
18939 427
18940 418
18941 418
18942 207
18943 207
18944 182
18945 85
18946 85
18947 85
18948 85
18949 238
18950 238
18951 20
18952 132
18953 132
18954 114
18955 76
18956 76
18957 327
18958 3
18959 361
18960 78
18961 80
18962 256
18963 181
18964 181
18965 181
18966 166
18967 176
18968 176
18969 176
18970 303
18971 303
18972 303
18973 303
18974 303
18975 303
18976 303
18977 123
18978 56
18979 56
18980 181
18981 180
18982 164
18983 184
18984 245
18985 327
18986 327
18987 327
18988 249
18989 249
18990 280
18991 179
18992 179
18993 179
18994 165
18995 176
18996 176
18997 265
18998 310
18999 125
19000 125
19001 80
19002 125
19003 347
19004 347
19005 143
19006 143
19007 37
19008 37
19009 371
19010 147
19011 391
19012 353
19013 138
19014 39
19015 39
19016 39
19017 361
19018 361
19019 361
19020 361
19021 361
19022 361
19023 12
19024 321
19025 101
19026 283
19027 234
19028 234
19029 125
19030 125
19031 148
19032 333
19033 136
19034 62
19035 62
19036 136
19037 68
19038 68
19039 68
19040 68
19041 68
19042 180
19043 163
19044 91
19045 91
19046 91
19047 334
19048 334
19049 334
19050 334
19051 161
19052 15
19053 15
19054 15
19055 15
19056 407
19057 407
19058 407
19059 407
19060 407
19061 407
19062 363
19063 312
19064 312
19065 312
19066 92
19067 92
19068 180
19069 180
19070 180
19071 180
19072 180
19073 180
19074 180
19075 178
19076 178
19077 272
19078 327
19079 327
19080 140
19081 173
19082 181
19083 243
19084 116
19085 116
19086 116
19087 44
19088 44
19089 44
19090 358
19091 358
19092 358
19093 358
19094 412
19095 235
19096 265
19097 372
19098 265
19099 181
19100 49
19101 49
19102 49
19103 49
19104 274
19105 274
19106 309
19107 309
19108 414
19109 312
19110 312
19111 312
19112 367
19113 367
19114 96
19115 11
19116 11
19117 11
19118 11
19119 11
19120 11
19121 185
19122 185
19123 303
19124 53
19125 240
19126 235
19127 241
19128 50
19129 50
19130 50
19131 285
19132 285
19133 285
19134 381
19135 358
19136 145
19137 111
19138 58
19139 58
19140 58
19141 58
19142 58
19143 58
19144 4
19145 4
19146 79
19147 424
19148 167
19149 360
19150 412
19151 412
19152 379
19153 379
19154 303
19155 303
19156 303
19157 303
19158 303
19159 303
19160 271
19161 271
19162 271
19163 271
19164 271
19165 194
19166 194
19167 194
19168 194
19169 73
19170 73
19171 73
19172 149
19173 149
19174 9
19175 9
19176 11
19177 9
19178 59
19179 59
19180 167
19181 167
19182 307
19183 307
19184 344
19185 344
19186 341
19187 341
19188 341
19189 313
19190 313
19191 66
19192 66
19193 67
19194 66
19195 66
19196 173
19197 173
19198 173
19199 267
19200 267
19201 267
19202 25
19203 37
19204 37
19205 246
19206 246
19207 246
19208 246
19209 186
19210 186
19211 186
19212 126
19213 132
19214 144
19215 163
19216 266
19217 266
19218 266
19219 353
19220 218
19221 220
19222 353
19223 353
19224 255
19225 380
19226 380
19227 380
19228 380
19229 67
19230 67
19231 67
19232 67
19233 175
19234 175
19235 95
19236 95
19237 95
19238 191
19239 191
19240 415
19241 71
19242 71
19243 75
19244 413
19245 218
19246 145
19247 338
19248 145
19249 320
19250 84
19251 84
19252 84
19253 84
19254 84
19255 84
19256 255
19257 224
19258 255
19259 77
19260 53
19261 81
19262 81
19263 81
19264 125
19265 321
19266 311
19267 86
19268 100
19269 49
19270 49
19271 233
19272 233
19273 301
19274 233
19275 137
19276 153
19277 53
19278 137
19279 228
19280 137
19281 110
19282 137
19283 137
19284 325
19285 325
19286 325
19287 330
19288 292
19289 330
19290 319
19291 330
19292 330
19293 311
19294 311
19295 311
19296 311
19297 311
19298 311
19299 311
19300 264
19301 264
19302 264
19303 322
19304 322
19305 352
19306 352
19307 352
19308 352
19309 27
19310 32
19311 293
19312 79
19313 184
19314 184
19315 184
19316 113
19317 35
19318 35
19319 401
19320 130
19321 221
19322 142
19323 142
19324 142
19325 249
19326 249
19327 249
19328 97
19329 222
19330 158
19331 158
19332 0
19333 321
19334 321
19335 321
19336 195
19337 195
19338 383
19339 269
19340 111
19341 383
19342 382
19343 77
19344 77
19345 77
19346 276
19347 107
19348 107
19349 306
19350 259
19351 280
19352 259
19353 337
19354 139
19355 139
19356 283
19357 290
19358 323
19359 155
19360 155
19361 155
19362 155
19363 117
19364 226
19365 421
19366 294
19367 294
19368 279
19369 226
19370 421
19371 324
19372 279
19373 346
19374 226
19375 204
19376 167
19377 94
19378 136
19379 136
19380 192
19381 100
19382 100
19383 248
19384 20
19385 49
19386 49
19387 29
19388 29
19389 29
19390 364
19391 90
19392 90
19393 171
19394 93
19395 93
19396 255
19397 367
19398 130
19399 130
19400 3
19401 349
19402 349
19403 349
19404 137
19405 137
19406 137
19407 93
19408 93
19409 211
19410 211
19411 364
19412 85
19413 98
19414 356
19415 30
19416 30
19417 30
19418 80
19419 158
19420 377
19421 377
19422 376
19423 424
19424 395
19425 395
19426 422
19427 53
19428 186
19429 186
19430 286
19431 378
19432 394
19433 378
19434 375
19435 375
19436 375
19437 375
19438 375
19439 381
19440 381
19441 366
19442 366
19443 366
19444 366
19445 366
19446 366
19447 44
19448 37
19449 36
19450 37
19451 107
19452 107
19453 259
19454 259
19455 259
19456 259
19457 355
19458 355
19459 355
19460 355
19461 341
19462 342
19463 342
19464 362
19465 156
19466 362
19467 300
19468 307
19469 300
19470 300
19471 330
19472 308
19473 273
19474 212
19475 360
19476 212
19477 397
19478 397
19479 397
19480 12
19481 12
19482 30
19483 30
19484 30
19485 276
19486 75
19487 75
19488 236
19489 192
19490 232
19491 236
19492 387
19493 353
19494 387
19495 387
19496 94
19497 387
19498 387
19499 311
19500 236
19501 236
19502 236
19503 236
19504 236
19505 236
19506 40
19507 394
19508 394
19509 394
19510 394
19511 62
19512 62
19513 53
19514 178
19515 181
19516 355
19517 188
19518 163
19519 415
19520 415
19521 415
19522 415
19523 415
19524 174
19525 165
19526 190
19527 123
19528 123
19529 123
19530 359
19531 359
19532 359
19533 359
19534 143
19535 105
19536 105
19537 70
19538 18
19539 18
19540 138
19541 345
19542 345
19543 389
19544 68
19545 68
19546 68
19547 268
19548 414
19549 414
19550 414
19551 7
19552 7
19553 7
19554 73
19555 318
19556 343
19557 176
19558 176
19559 176
19560 176
19561 351
19562 351
19563 351
19564 69
19565 69
19566 69
19567 69
19568 356
19569 356
19570 356
19571 356
19572 356
19573 356
19574 68
19575 68
19576 330
19577 330
19578 322
19579 322
19580 259
19581 259
19582 259
19583 281
19584 262
19585 258
19586 385
19587 262
19588 262
19589 124
19590 262
19591 184
19592 184
19593 73
19594 427
19595 98
19596 98
19597 98
19598 98
19599 98
19600 98
19601 387
19602 314
19603 314
19604 314
19605 199
19606 148
19607 74
19608 74
19609 147
19610 176
19611 176
19612 54
19613 54
19614 342
19615 342
19616 342
19617 325
19618 328
19619 53
19620 43
19621 2
19622 317
19623 317
19624 317
19625 317
19626 317
19627 245
19628 245
19629 243
19630 105
19631 105
19632 11
19633 11
19634 11
19635 151
19636 151
19637 152
19638 151
19639 118
19640 118
19641 170
19642 166
19643 170
19644 27
19645 27
19646 182
19647 182
19648 382
19649 381
19650 44
19651 5
19652 255
19653 290
19654 70
19655 70
19656 70
19657 70
19658 70
19659 422
19660 422
19661 422
19662 423
19663 423
19664 167
19665 105
19666 105
19667 105
19668 260
19669 260
19670 407
19671 138
19672 131
19673 173
19674 173
19675 173
19676 173
19677 80
19678 173
19679 378
19680 378
19681 235
19682 235
19683 241
19684 241
19685 241
19686 241
19687 256
19688 226
19689 345
19690 193
19691 36
19692 36
19693 36
19694 282
19695 282
19696 282
19697 240
19698 282
19699 261
19700 261
19701 280
19702 71
19703 71
19704 385
19705 385
19706 221
19707 385
19708 307
19709 134
19710 193
19711 145
19712 121
19713 33
19714 73
19715 121
19716 73
19717 73
19718 73
19719 312
19720 312
19721 312
19722 312
19723 312
19724 312
19725 268
19726 239
19727 239
19728 239
19729 132
19730 167
19731 132
19732 363
19733 363
19734 414
19735 199
19736 311
19737 311
19738 311
19739 311
19740 311
19741 161
19742 205
19743 212
19744 193
19745 193
19746 13
19747 13
19748 13
19749 344
19750 248
19751 161
19752 161
19753 161
19754 161
19755 32
19756 2
19757 279
19758 422
19759 422
19760 422
19761 422
19762 394
19763 394
19764 10
19765 10
19766 297
19767 297
19768 297
19769 297
19770 14
19771 14
19772 14
19773 14
19774 14
19775 344
19776 344
19777 344
19778 325
19779 325
19780 325
19781 143
19782 411
19783 411
19784 411
19785 159
19786 159
19787 394
19788 394
19789 394
19790 421
19791 174
19792 174
19793 313
19794 313
19795 313
19796 269
19797 198
19798 198
19799 198
19800 261
19801 370
19802 261
19803 339
19804 339
19805 375
19806 375
19807 375
19808 315
19809 214
19810 214
19811 214
19812 121
19813 121
19814 121
19815 397
19816 397
19817 397
19818 201
19819 201
19820 201
19821 213
19822 92
19823 92
19824 327
19825 132
19826 132
19827 297
19828 297
19829 297
19830 297
19831 176
19832 176
19833 176
19834 377
19835 181
19836 170
19837 163
19838 170
19839 46
19840 46
19841 46
19842 46
19843 46
19844 144
19845 144
19846 37
19847 37
19848 37
19849 37
19850 205
19851 154
19852 205
19853 310
19854 310
19855 310
19856 65
19857 65
19858 65
19859 406
19860 406
19861 406
19862 197
19863 197
19864 260
19865 260
19866 260
19867 260
19868 29
19869 33
19870 29
19871 29
19872 29
19873 29
19874 33
19875 265
19876 265
19877 40
19878 181
19879 151
19880 361
19881 361
19882 361
19883 361
19884 241
19885 364
19886 224
19887 258
19888 260
19889 122
19890 122
19891 308
19892 218
19893 314
19894 308
19895 218
19896 6
19897 325
19898 325
19899 325
19900 325
19901 102
19902 102
19903 245
19904 245
19905 362
19906 266
19907 266
19908 266
19909 291
19910 291
19911 291
19912 223
19913 242
19914 184
19915 284
19916 284
19917 10
19918 10
19919 9
19920 10
19921 103
19922 103
19923 103
19924 98
19925 98
19926 191
19927 153
19928 427
19929 202
19930 202
19931 202
19932 127
19933 169
19934 169
19935 169
19936 300
19937 300
19938 307
19939 36
19940 36
19941 36
19942 132
19943 163
19944 283
19945 283
19946 280
19947 187
19948 187
19949 187
19950 100
19951 100
19952 243
19953 243
19954 243
19955 145
19956 145
19957 308
19958 60
19959 60
19960 60
19961 60
19962 286
19963 286
19964 154
19965 152
19966 414
19967 414
19968 303
19969 303
19970 303
19971 303
19972 178
19973 178
19974 178
19975 169
19976 169
19977 169
19978 169
19979 63
19980 417
19981 63
19982 63
19983 63
19984 329
19985 315
19986 330
19987 329
19988 329
19989 329
19990 207
19991 152
19992 182
19993 207
19994 270
19995 270
19996 364
19997 364
19998 394
19999 394
