20000 394
20001 403
20002 281
20003 281
20004 311
20005 299
20006 299
20007 299
20008 299
20009 299
20010 306
20011 306
20012 141
20013 247
20014 247
20015 118
20016 114
20017 109
20018 210
20019 210
20020 210
20021 210
20022 210
20023 374
20024 374
20025 374
20026 374
20027 374
20028 374
20029 378
20030 378
20031 378
20032 378
20033 378
20034 4
20035 4
20036 380
20037 213
20038 86
20039 86
20040 86
20041 245
20042 401
20043 401
20044 102
20045 102
20046 102
20047 267
20048 309
20049 136
20050 71
20051 71
20052 71
20053 200
20054 200
20055 3
20056 200
20057 146
20058 151
20059 414
20060 414
20061 169
20062 169
20063 269
20064 200
20065 235
20066 156
20067 156
20068 156
20069 156
20070 160
20071 160
20072 160
20073 160
20074 112
20075 57
20076 57
20077 225
20078 182
20079 414
20080 414
20081 328
20082 328
20083 223
20084 223
20085 153
20086 223
20087 6
20088 6
20089 64
20090 64
20091 133
20092 130
20093 130
20094 130
20095 113
20096 130
20097 267
20098 267
20099 267
20100 182
20101 290
20102 290
20103 290
20104 279
20105 36
20106 36
20107 5
20108 57
20109 57
20110 350
20111 376
20112 83
20113 83
20114 83
20115 83
20116 83
20117 83
20118 19
20119 238
20120 99
20121 99
20122 99
20123 212
20124 342
20125 212
20126 34
20127 223
20128 223
20129 307
20130 305
20131 305
20132 327
20133 327
20134 327
20135 36
20136 332
20137 332
20138 192
20139 192
20140 134
20141 347
20142 277
20143 277
20144 277
20145 193
20146 188
20147 403
20148 403
20149 8
20150 293
20151 293
20152 66
20153 66
20154 77
20155 345
20156 345
20157 345
20158 147
20159 113
20160 48
20161 48
20162 53
20163 81
20164 81
20165 4
20166 4
20167 391
20168 391
20169 391
20170 120
20171 64
20172 64
20173 302
20174 302
20175 228
20176 234
20177 303
20178 256
20179 52
20180 52
20181 405
20182 405
20183 405
20184 405
20185 405
20186 198
20187 70
20188 70
20189 294
20190 198
20191 198
20192 198
20193 198
20194 78
20195 65
20196 65
20197 65
20198 65
20199 369
20200 229
20201 80
20202 201
20203 82
20204 82
20205 82
20206 246
20207 244
20208 250
20209 250
20210 121
20211 121
20212 91
20213 45
20214 45
20215 45
20216 45
20217 45
20218 47
20219 47
20220 225
20221 161
20222 225
20223 304
20224 304
20225 304
20226 71
20227 71
20228 197
20229 197
20230 408
20231 408
20232 408
20233 269
20234 381
20235 381
20236 381
20237 328
20238 225
20239 337
20240 398
20241 133
20242 176
20243 176
20244 194
20245 44
20246 353
20247 341
20248 141
20249 168
20250 302
20251 302
20252 179
20253 179
20254 288
20255 288
20256 230
20257 230
20258 230
20259 230
20260 256
20261 256
20262 256
20263 424
20264 424
20265 424
20266 424
20267 183
20268 183
20269 183
20270 169
20271 169
20272 169
20273 169
20274 133
20275 167
20276 179
20277 159
20278 159
20279 77
20280 63
20281 159
20282 124
20283 124
20284 199
20285 199
20286 380
20287 380
20288 380
20289 380
20290 50
20291 50
20292 428
20293 166
20294 166
20295 169
20296 169
20297 169
20298 169
20299 335
20300 335
20301 221
20302 335
20303 335
20304 370
20305 174
20306 174
20307 174
20308 307
20309 307
20310 146
20311 146
20312 154
20313 259
20314 259
20315 104
20316 5
20317 104
20318 332
20319 332
20320 332
20321 332
20322 292
20323 421
20324 421
20325 421
20326 18
20327 12
20328 12
20329 12
20330 12
20331 144
20332 53
20333 46
20334 46
20335 47
20336 46
20337 387
20338 387
20339 297
20340 297
20341 297
20342 297
20343 287
20344 211
20345 112
20346 228
20347 158
20348 158
20349 158
20350 38
20351 321
20352 321
20353 353
20354 321
20355 321
20356 8
20357 10
20358 8
20359 10
20360 10
20361 394
20362 293
20363 394
20364 285
20365 323
20366 323
20367 275
20368 213
20369 49
20370 49
20371 49
20372 386
20373 386
20374 406
20375 394
20376 394
20377 394
20378 33
20379 206
20380 382
20381 13
20382 33
20383 386
20384 386
20385 386
20386 386
20387 26
20388 388
20389 388
20390 388
20391 388
20392 89
20393 357
20394 357
20395 38
20396 38
20397 225
20398 225
20399 93
20400 93
20401 65
20402 93
20403 269
20404 269
20405 269
20406 269
20407 78
20408 78
20409 356
20410 356
20411 356
20412 354
20413 356
20414 272
20415 272
20416 202
20417 86
20418 86
20419 133
20420 85
20421 85
20422 85
20423 85
20424 85
20425 331
20426 331
20427 331
20428 331
20429 101
20430 370
20431 370
20432 370
20433 13
20434 167
20435 326
20436 249
20437 249
20438 346
20439 346
20440 225
20441 361
20442 363
20443 82
20444 82
20445 12
20446 12
20447 12
20448 12
20449 12
20450 12
20451 12
20452 346
20453 395
20454 395
20455 395
20456 174
20457 15
20458 15
20459 88
20460 88
20461 259
20462 243
20463 243
20464 152
20465 288
20466 426
20467 288
20468 288
20469 327
20470 385
20471 385
20472 385
20473 385
20474 385
20475 315
20476 315
20477 315
20478 105
20479 100
20480 324
20481 105
20482 154
20483 154
20484 33
20485 193
20486 193
20487 193
20488 91
20489 198
20490 198
20491 198
20492 65
20493 327
20494 327
20495 6
20496 327
20497 268
20498 260
20499 294
20500 268
20501 302
20502 107
20503 187
20504 55
20505 55
20506 55
20507 55
20508 55
20509 48
20510 48
20511 48
20512 48
20513 231
20514 231
20515 20
20516 231
20517 231
20518 267
20519 267
20520 267
20521 194
20522 194
20523 194
20524 194
20525 242
20526 274
20527 70
20528 3
20529 232
20530 232
20531 374
20532 350
20533 311
20534 311
20535 88
20536 248
20537 122
20538 122
20539 122
20540 40
20541 40
20542 138
20543 344
20544 129
20545 341
20546 341
20547 341
20548 260
20549 20
20550 203
20551 164
20552 344
20553 111
20554 344
20555 152
20556 51
20557 51
20558 51
20559 15
20560 15
20561 15
20562 148
20563 40
20564 40
20565 2
20566 90
20567 137
20568 137
20569 144
20570 62
20571 62
20572 289
20573 289
20574 289
20575 289
20576 147
20577 76
20578 76
20579 364
20580 5
20581 340
20582 91
20583 305
20584 305
20585 41
20586 41
20587 41
20588 409
20589 409
20590 288
20591 261
20592 261
20593 185
20594 235
20595 235
20596 115
20597 235
20598 235
20599 235
20600 267
20601 267
20602 125
20603 304
20604 276
20605 276
20606 341
20607 215
20608 215
20609 215
20610 215
20611 215
20612 126
20613 12
20614 24
20615 24
20616 363
20617 363
20618 396
20619 363
20620 363
20621 33
20622 33
20623 292
20624 292
20625 292
20626 349
20627 350
20628 349
20629 80
20630 205
20631 179
20632 205
20633 97
20634 97
20635 116
20636 253
20637 253
20638 253
20639 383
20640 40
20641 383
20642 226
20643 276
20644 138
20645 417
20646 417
20647 417
20648 417
20649 417
20650 417
20651 417
20652 139
20653 24
20654 298
20655 274
20656 274
20657 389
20658 280
20659 273
20660 417
20661 170
20662 170
20663 170
20664 170
20665 291
20666 291
20667 291
20668 291
20669 199
20670 182
20671 78
20672 78
20673 168
20674 94
20675 4
20676 382
20677 416
20678 416
20679 258
20680 53
20681 53
20682 88
20683 88
20684 36
20685 5
20686 36
20687 418
20688 364
20689 52
20690 52
20691 41
20692 41
20693 125
20694 389
20695 389
20696 389
20697 359
20698 359
20699 359
20700 423
20701 423
20702 346
20703 308
20704 346
20705 427
20706 427
20707 181
20708 2
20709 201
20710 2
20711 153
20712 153
20713 158
20714 158
20715 114
20716 195
20717 195
20718 81
20719 81
20720 176
20721 176
20722 176
20723 176
20724 176
20725 309
20726 309
20727 309
20728 115
20729 115
20730 115
20731 188
20732 188
20733 188
20734 156
20735 156
20736 328
20737 229
20738 364
20739 273
20740 273
20741 270
20742 270
20743 399
20744 372
20745 372
20746 411
20747 411
20748 411
20749 415
20750 250
20751 3
20752 369
20753 369
20754 369
20755 369
20756 370
20757 369
20758 265
20759 265
20760 37
20761 18
20762 37
20763 281
20764 281
20765 281
20766 377
20767 158
20768 377
20769 34
20770 34
20771 34
20772 28
20773 34
20774 173
20775 173
20776 173
20777 80
20778 410
20779 18
20780 26
20781 79
20782 145
20783 305
20784 26
20785 26
20786 344
20787 344
20788 229
20789 159
20790 156
20791 159
20792 156
20793 364
20794 357
20795 71
20796 71
20797 177
20798 182
20799 176
20800 246
20801 67
20802 67
20803 67
20804 67
20805 67
20806 255
20807 255
20808 269
20809 121
20810 269
20811 269
20812 269
20813 406
20814 406
20815 406
20816 406
20817 406
20818 153
20819 156
20820 209
20821 34
20822 34
20823 352
20824 352
20825 242
20826 352
20827 31
20828 243
20829 243
20830 74
20831 138
20832 53
20833 185
20834 105
20835 75
20836 75
20837 380
20838 173
20839 182
20840 403
20841 403
20842 403
20843 340
20844 114
20845 113
20846 344
20847 344
20848 207
20849 174
20850 372
20851 91
20852 91
20853 91
20854 17
20855 17
20856 65
20857 304
20858 155
20859 65
20860 159
20861 159
20862 159
20863 356
20864 356
20865 356
20866 356
20867 356
20868 352
20869 351
20870 300
20871 351
20872 351
20873 262
20874 351
20875 160
20876 94
20877 94
20878 80
20879 80
20880 137
20881 137
20882 340
20883 151
20884 151
20885 200
20886 200
20887 105
20888 178
20889 191
20890 14
20891 14
20892 14
20893 14
20894 14
20895 81
20896 81
20897 64
20898 378
20899 378
20900 378
20901 378
20902 378
20903 378
20904 422
20905 422
20906 422
20907 422
20908 422
20909 344
20910 400
20911 344
20912 357
20913 357
20914 357
20915 279
20916 318
20917 318
20918 318
20919 381
20920 195
20921 355
20922 357
20923 228
20924 41
20925 41
20926 41
20927 176
20928 165
20929 176
20930 176
20931 344
20932 141
20933 161
20934 289
20935 163
20936 163
20937 66
20938 66
20939 382
20940 18
20941 212
20942 58
20943 227
20944 227
20945 9
20946 9
20947 227
20948 139
20949 139
20950 139
20951 253
20952 370
20953 253
20954 239
20955 337
20956 239
20957 239
20958 239
20959 132
20960 334
20961 388
20962 388
20963 388
20964 388
20965 388
20966 55
20967 55
20968 295
20969 295
20970 254
20971 67
20972 177
20973 26
20974 26
20975 65
20976 331
20977 331
20978 36
20979 36
20980 32
20981 19
20982 396
20983 396
20984 396
20985 396
20986 267
20987 267
20988 269
20989 90
20990 402
20991 235
20992 235
20993 235
20994 408
20995 408
20996 9
20997 9
20998 183
20999 183
21000 97
21001 97
21002 138
21003 149
21004 49
21005 49
21006 49
21007 246
21008 117
21009 117
21010 117
21011 126
21012 126
21013 202
21014 202
21015 202
21016 202
21017 329
21018 329
21019 330
21020 229
21021 256
21022 259
21023 259
21024 59
21025 75
21026 75
21027 385
21028 385
21029 125
21030 122
21031 125
21032 122
21033 205
21034 286
21035 205
21036 77
21037 77
21038 77
21039 77
21040 77
21041 77
21042 72
21043 72
21044 3
21045 383
21046 369
21047 369
21048 369
21049 369
21050 286
21051 286
21052 286
21053 357
21054 357
21055 357
21056 357
21057 375
21058 78
21059 78
21060 206
21061 206
21062 24
21063 132
21064 310
21065 310
21066 310
21067 304
21068 65
21069 65
21070 386
21071 386
21072 386
21073 241
21074 241
21075 241
21076 291
21077 291
21078 291
21079 291
21080 345
21081 27
21082 26
21083 99
21084 99
21085 347
21086 413
21087 130
21088 130
21089 295
21090 246
21091 145
21092 145
21093 67
21094 393
21095 393
21096 391
21097 146
21098 147
21099 146
21100 146
21101 147
21102 111
21103 146
21104 118
21105 209
21106 414
21107 414
21108 260
21109 260
21110 142
21111 142
21112 421
21113 421
21114 157
21115 157
21116 157
21117 74
21118 75
21119 75
21120 399
21121 350
21122 326
21123 56
21124 56
21125 56
21126 56
21127 376
21128 222
21129 204
21130 204
21131 204
21132 204
21133 204
21134 204
21135 303
21136 303
21137 303
21138 303
21139 377
21140 377
21141 368
21142 368
21143 368
21144 368
21145 93
21146 416
21147 283
21148 107
21149 148
21150 262
21151 262
21152 64
21153 40
21154 40
21155 304
21156 304
21157 344
21158 413
21159 413
21160 413
21161 363
21162 363
21163 179
21164 168
21165 359
21166 78
21167 78
21168 60
21169 60
21170 60
21171 235
21172 139
21173 410
21174 312
21175 312
21176 312
21177 312
21178 305
21179 305
21180 305
21181 195
21182 195
21183 195
21184 66
21185 66
21186 66
21187 290
21188 290
21189 290
21190 267
21191 290
21192 290
21193 401
21194 401
21195 401
21196 401
21197 308
21198 175
21199 105
21200 371
21201 371
21202 371
21203 371
21204 225
21205 270
21206 168
21207 173
21208 221
21209 220
21210 221
21211 296
21212 296
21213 296
21214 296
21215 382
21216 382
21217 382
21218 3
21219 376
21220 376
21221 383
21222 213
21223 213
21224 213
21225 213
21226 213
21227 61
21228 61
21229 116
21230 236
21231 236
21232 236
21233 160
21234 160
21235 52
21236 48
21237 52
21238 372
21239 372
21240 372
21241 41
21242 41
21243 41
21244 41
21245 41
21246 65
21247 65
21248 384
21249 116
21250 116
21251 360
21252 360
21253 325
21254 380
21255 380
21256 380
21257 250
21258 195
21259 67
21260 160
21261 160
21262 167
21263 282
21264 87
21265 87
21266 90
21267 126
21268 268
21269 268
21270 268
21271 268
21272 28
21273 268
21274 268
21275 308
21276 268
21277 199
21278 179
21279 179
21280 362
21281 362
21282 272
21283 272
21284 272
21285 272
21286 31
21287 31
21288 31
21289 31
21290 145
21291 119
21292 229
21293 345
21294 229
21295 355
21296 355
21297 207
21298 207
21299 207
21300 188
21301 114
21302 247
21303 247
21304 417
21305 281
21306 255
21307 281
21308 385
21309 281
21310 281
21311 60
21312 60
21313 60
21314 60
21315 346
21316 346
21317 423
21318 402
21319 251
21320 251
21321 35
21322 27
21323 39
21324 35
21325 160
21326 225
21327 250
21328 250
21329 250
21330 168
21331 343
21332 343
21333 343
21334 40
21335 40
21336 40
21337 238
21338 352
21339 175
21340 127
21341 127
21342 50
21343 50
21344 50
21345 407
21346 407
21347 227
21348 329
21349 329
21350 63
21351 227
21352 227
21353 363
21354 363
21355 50
21356 50
21357 255
21358 385
21359 227
21360 345
21361 335
21362 267
21363 345
21364 345
21365 255
21366 396
21367 346
21368 124
21369 295
21370 295
21371 185
21372 182
21373 296
21374 296
21375 174
21376 174
21377 370
21378 409
21379 370
21380 409
21381 370
21382 345
21383 345
21384 217
21385 217
21386 380
21387 219
21388 73
21389 5
21390 5
21391 5
21392 226
21393 226
21394 137
21395 137
21396 213
21397 213
21398 213
21399 176
21400 176
21401 176
21402 176
21403 176
21404 176
21405 176
21406 81
21407 337
21408 7
21409 7
21410 7
21411 79
21412 186
21413 186
21414 298
21415 298
21416 298
21417 149
21418 149
21419 120
21420 329
21421 329
21422 413
21423 413
21424 413
21425 272
21426 272
21427 36
21428 226
21429 226
21430 38
21431 202
21432 202
21433 145
21434 13
21435 116
21436 113
21437 75
21438 75
21439 75
21440 180
21441 180
21442 180
21443 330
21444 131
21445 44
21446 73
21447 39
21448 332
21449 332
21450 340
21451 300
21452 171
21453 354
21454 354
21455 354
21456 354
21457 120
21458 123
21459 257
21460 257
21461 257
21462 257
21463 257
21464 104
21465 104
21466 87
21467 87
21468 87
21469 87
21470 365
21471 365
21472 365
21473 365
21474 421
21475 421
21476 421
21477 386
21478 211
21479 211
21480 328
21481 328
21482 139
21483 139
21484 157
21485 61
21486 61
21487 61
21488 30
21489 30
21490 30
21491 30
21492 30
21493 391
21494 391
21495 86
21496 86
21497 86
21498 31
21499 31
21500 129
21501 129
21502 392
21503 392
21504 190
21505 190
21506 190
21507 190
21508 336
21509 327
21510 327
21511 336
21512 423
21513 423
21514 157
21515 246
21516 246
21517 358
21518 358
21519 358
21520 233
21521 233
21522 193
21523 45
21524 45
21525 200
21526 200
21527 200
21528 93
21529 93
21530 366
21531 366
21532 362
21533 362
21534 231
21535 231
21536 347
21537 347
21538 221
21539 276
21540 95
21541 95
21542 95
21543 112
21544 282
21545 27
21546 27
21547 27
21548 355
21549 355
21550 26
21551 122
21552 124
21553 124
21554 87
21555 335
21556 16
21557 297
21558 311
21559 297
21560 127
21561 308
21562 308
21563 287
21564 308
21565 308
21566 292
21567 292
21568 222
21569 73
21570 36
21571 36
21572 333
21573 225
21574 225
21575 208
21576 200
21577 200
21578 182
21579 200
21580 70
21581 70
21582 56
21583 56
21584 56
21585 56
21586 56
21587 350
21588 144
21589 93
21590 369
21591 397
21592 369
21593 229
21594 128
21595 221
21596 54
21597 54
21598 174
21599 395
21600 395
21601 415
21602 415
21603 372
21604 372
21605 254
21606 349
21607 349
21608 375
21609 349
21610 30
21611 312
21612 315
21613 315
21614 315
21615 180
21616 80
21617 180
21618 417
21619 417
21620 198
21621 198
21622 323
21623 323
21624 323
21625 131
21626 140
21627 140
21628 418
21629 418
21630 418
21631 260
21632 356
21633 260
21634 79
21635 79
21636 79
21637 227
21638 227
21639 86
21640 377
21641 377
21642 377
21643 66
21644 66
21645 66
21646 175
21647 175
21648 175
21649 175
21650 55
21651 55
21652 137
21653 92
21654 380
21655 380
21656 173
21657 173
21658 173
21659 173
21660 178
21661 178
21662 288
21663 378
21664 378
21665 384
21666 88
21667 82
21668 88
21669 88
21670 334
21671 338
21672 329
21673 340
21674 340
21675 338
21676 13
21677 11
21678 294
21679 294
21680 211
21681 211
21682 211
21683 299
21684 299
21685 416
21686 416
21687 328
21688 328
21689 75
21690 3
21691 77
21692 133
21693 426
21694 426
21695 271
21696 316
21697 272
21698 161
21699 8
21700 8
21701 8
21702 8
21703 8
21704 8
21705 276
21706 276
21707 118
21708 291
21709 291
21710 381
21711 381
21712 300
21713 300
21714 300
21715 203
21716 120
21717 85
21718 85
21719 85
21720 85
21721 397
21722 397
21723 113
21724 266
21725 266
21726 26
21727 266
21728 221
21729 266
21730 266
21731 49
21732 49
21733 49
21734 314
21735 37
21736 37
21737 37
21738 21
21739 21
21740 237
21741 237
21742 181
21743 192
21744 196
21745 134
21746 196
21747 196
21748 196
21749 214
21750 38
21751 38
21752 37
21753 380
21754 9
21755 9
21756 9
21757 9
21758 9
21759 9
21760 159
21761 159
21762 44
21763 43
21764 44
21765 44
21766 205
21767 23
21768 13
21769 314
21770 314
21771 314
21772 314
21773 202
21774 120
21775 172
21776 114
21777 172
21778 315
21779 315
21780 407
21781 407
21782 365
21783 407
21784 215
21785 215
21786 151
21787 130
21788 130
21789 385
21790 385
21791 385
21792 385
21793 385
21794 108
21795 108
21796 330
21797 349
21798 349
21799 85
21800 392
21801 37
21802 392
21803 392
21804 106
21805 106
21806 30
21807 32
21808 32
21809 32
21810 318
21811 316
21812 318
21813 318
21814 192
21815 192
21816 192
21817 192
21818 192
21819 192
21820 101
21821 6
21822 147
21823 143
21824 143
21825 94
21826 85
21827 85
21828 98
21829 98
21830 140
21831 195
21832 140
21833 140
21834 362
21835 324
21836 362
21837 210
21838 210
21839 210
21840 210
21841 360
21842 370
21843 415
21844 200
21845 143
21846 200
21847 296
21848 296
21849 296
21850 334
21851 129
21852 129
21853 129
21854 50
21855 345
21856 348
21857 159
21858 246
21859 14
21860 14
21861 14
21862 102
21863 102
21864 201
21865 201
21866 201
21867 201
21868 229
21869 229
21870 325
21871 325
21872 160
21873 160
21874 116
21875 116
21876 382
21877 387
21878 387
21879 387
21880 283
21881 283
21882 129
21883 254
21884 267
21885 223
21886 267
21887 223
21888 193
21889 123
21890 293
21891 293
21892 338
21893 338
21894 376
21895 272
21896 83
21897 83
21898 83
21899 33
21900 378
21901 378
21902 378
21903 378
21904 378
21905 398
21906 398
21907 398
21908 398
21909 382
21910 382
21911 382
21912 382
21913 62
21914 62
21915 382
21916 4
21917 4
21918 58
21919 284
21920 284
21921 284
21922 284
21923 201
21924 228
21925 398
21926 228
21927 99
21928 99
21929 99
21930 99
21931 379
21932 382
21933 379
21934 379
21935 84
21936 84
21937 84
21938 343
21939 343
21940 423
21941 321
21942 321
21943 207
21944 207
21945 207
21946 187
21947 31
21948 31
21949 62
21950 62
21951 62
21952 62
21953 329
21954 141
21955 334
21956 239
21957 199
21958 181
21959 199
21960 122
21961 122
21962 122
21963 138
21964 306
21965 86
21966 86
21967 330
21968 242
21969 33
21970 33
21971 33
21972 72
21973 350
21974 45
21975 43
21976 45
21977 45
21978 7
21979 7
21980 71
21981 71
21982 71
21983 50
21984 50
21985 230
21986 230
21987 230
21988 94
21989 94
21990 18
21991 187
21992 187
21993 161
21994 50
21995 50
21996 115
21997 115
21998 115
21999 55
22000 55
22001 89
22002 89
22003 89
22004 89
22005 278
22006 278
22007 24
22008 12
22009 16
22010 16
22011 328
22012 9
22013 379
22014 379
22015 379
22016 301
22017 301
22018 301
22019 301
22020 301
22021 70
22022 70
22023 70
22024 70
22025 70
22026 70
22027 26
22028 26
22029 26
22030 122
22031 122
22032 347
22033 347
22034 323
22035 323
22036 352
22037 352
22038 270
22039 270
22040 270
22041 270
22042 270
22043 270
22044 181
22045 19
22046 181
22047 387
22048 208
22049 203
22050 208
22051 208
22052 208
22053 134
22054 326
22055 336
22056 413
22057 32
22058 375
22059 32
22060 329
22061 343
22062 329
22063 120
22064 120
22065 46
22066 46
22067 46
22068 376
22069 281
22070 281
22071 287
22072 250
22073 250
22074 250
22075 322
22076 322
22077 289
22078 289
22079 334
22080 334
22081 143
22082 230
22083 230
22084 230
22085 230
22086 72
22087 72
22088 418
22089 228
22090 6
22091 136
22092 136
22093 136
22094 136
22095 136
22096 136
22097 310
22098 310
22099 143
22100 143
22101 365
22102 365
22103 422
22104 2
22105 422
22106 282
22107 275
22108 190
22109 190
22110 128
22111 128
22112 371
22113 371
22114 371
22115 371
22116 371
22117 67
22118 261
22119 315
22120 333
22121 356
22122 331
22123 239
22124 239
22125 227
22126 257
22127 301
22128 301
22129 389
22130 417
22131 417
22132 331
22133 331
22134 196
22135 196
22136 196
22137 196
22138 7
22139 7
22140 7
22141 194
22142 194
22143 101
22144 101
22145 167
22146 167
22147 167
22148 167
22149 167
22150 402
22151 402
22152 48
22153 48
22154 48
22155 48
22156 22
22157 22
22158 22
22159 79
22160 421
22161 421
22162 208
22163 231
22164 209
22165 134
22166 389
22167 389
22168 389
22169 143
22170 23
22171 17
22172 77
22173 17
22174 267
22175 267
22176 288
22177 199
22178 199
22179 419
22180 419
22181 82
22182 102
22183 102
22184 102
22185 121
22186 121
22187 122
22188 293
22189 277
22190 106
22191 277
22192 293
22193 318
22194 318
22195 179
22196 179
22197 107
22198 251
22199 148
22200 67
22201 180
22202 113
22203 180
22204 149
22205 74
22206 119
22207 121
22208 340
22209 382
22210 102
22211 102
22212 102
22213 102
22214 47
22215 47
22216 2
22217 309
22218 309
22219 309
22220 309
22221 300
22222 272
22223 249
22224 126
22225 370
22226 370
22227 370
22228 412
22229 182
22230 41
22231 41
22232 385
22233 385
22234 277
22235 277
22236 277
22237 90
22238 65
22239 65
22240 400
22241 38
22242 40
22243 346
22244 346
22245 326
22246 239
22247 326
22248 326
22249 292
22250 292
22251 242
22252 232
22253 91
22254 91
22255 87
22256 87
22257 87
22258 87
22259 244
22260 179
22261 81
22262 87
22263 156
22264 156
22265 156
22266 316
22267 316
22268 133
22269 200
22270 195
22271 195
22272 120
22273 37
22274 141
22275 99
22276 3
22277 424
22278 424
22279 321
22280 321
22281 321
22282 321
22283 232
22284 235
22285 235
22286 325
22287 325
22288 325
22289 396
22290 396
22291 369
22292 369
22293 363
22294 244
22295 37
22296 37
22297 37
22298 200
22299 200
22300 264
22301 264
22302 264
22303 406
22304 406
22305 406
22306 406
22307 388
22308 388
22309 388
22310 167
22311 233
22312 233
22313 5
22314 5
22315 5
22316 142
22317 142
22318 142
22319 242
22320 392
22321 242
22322 242
22323 224
22324 242
22325 392
22326 184
22327 185
22328 184
22329 191
22330 210
22331 210
22332 167
22333 167
22334 387
22335 76
22336 76
22337 76
22338 31
22339 39
22340 42
22341 208
22342 381
22343 381
22344 176
22345 169
22346 176
22347 169
22348 91
22349 40
22350 401
22351 97
22352 401
22353 267
22354 401
22355 315
22356 315
22357 422
22358 215
22359 215
22360 215
22361 215
22362 47
22363 42
22364 407
22365 407
22366 23
22367 298
22368 298
22369 280
22370 337
22371 337
22372 120
22373 337
22374 48
22375 48
22376 407
22377 390
22378 407
22379 425
22380 273
22381 247
22382 249
22383 249
22384 249
22385 262
22386 249
22387 197
22388 275
22389 310
22390 43
22391 43
22392 274
22393 359
22394 359
22395 311
22396 294
22397 392
22398 392
22399 392
22400 392
22401 392
22402 290
22403 290
22404 290
22405 5
22406 80
22407 140
22408 421
22409 421
22410 421
22411 421
22412 421
22413 386
22414 386
22415 386
22416 386
22417 303
22418 303
22419 303
22420 60
22421 60
22422 21
22423 21
22424 21
22425 21
22426 300
22427 267
22428 267
22429 267
22430 267
22431 267
22432 407
22433 407
22434 409
22435 407
22436 407
22437 272
22438 272
22439 307
22440 412
22441 291
22442 291
22443 291
22444 224
22445 187
22446 28
22447 72
22448 21
22449 21
22450 265
22451 265
22452 291
22453 291
22454 291
22455 415
22456 260
22457 415
22458 415
22459 415
22460 415
22461 103
22462 103
22463 103
22464 410
22465 346
22466 346
22467 276
22468 7
22469 7
22470 7
22471 187
22472 342
22473 379
22474 379
22475 379
22476 379
22477 379
22478 239
22479 239
22480 239
22481 239
22482 239
22483 323
22484 161
22485 112
22486 161
22487 268
22488 257
22489 192
22490 194
22491 194
22492 163
22493 171
22494 183
22495 195
22496 52
22497 52
22498 67
22499 67
22500 269
22501 35
22502 102
22503 102
22504 102
22505 132
22506 405
22507 132
22508 84
22509 289
22510 289
22511 61
22512 61
22513 295
22514 295
22515 295
22516 358
22517 358
22518 358
22519 236
22520 80
22521 133
22522 133
22523 133
22524 282
22525 330
22526 79
22527 79
22528 79
22529 90
22530 90
22531 99
22532 99
22533 134
22534 134
22535 134
22536 134
22537 72
22538 244
22539 244
22540 244
22541 244
22542 244
22543 188
22544 188
22545 188
22546 18
22547 291
22548 291
22549 200
22550 130
22551 140
22552 140
22553 140
22554 170
22555 140
22556 33
22557 35
22558 33
22559 25
22560 386
22561 386
22562 103
22563 103
22564 103
22565 103
22566 362
22567 362
22568 239
22569 203
22570 203
22571 148
22572 178
22573 148
22574 287
22575 287
22576 287
22577 287
22578 287
22579 375
22580 302
22581 28
22582 28
22583 28
22584 351
22585 351
22586 351
22587 351
22588 423
22589 423
22590 248
22591 242
22592 256
22593 237
22594 248
22595 317
22596 377
22597 377
22598 289
22599 289
22600 289
22601 289
22602 289
22603 289
22604 420
22605 420
22606 420
22607 420
22608 420
22609 49
22610 49
22611 49
22612 185
22613 185
22614 279
22615 279
22616 279
22617 138
22618 138
22619 133
22620 237
22621 237
22622 237
22623 272
22624 272
22625 7
22626 7
22627 285
22628 285
22629 285
22630 237
22631 237
22632 102
22633 400
22634 400
22635 400
22636 57
22637 333
22638 333
22639 143
22640 128
22641 73
22642 41
22643 41
22644 41
22645 134
22646 64
22647 78
22648 391
22649 391
22650 391
22651 263
22652 263
22653 240
22654 381
22655 407
22656 407
22657 280
22658 263
22659 263
22660 293
22661 293
22662 42
22663 42
22664 42
22665 255
22666 240
22667 255
22668 142
22669 142
22670 142
22671 64
22672 64
22673 64
22674 64
22675 120
22676 309
22677 85
22678 85
22679 27
22680 331
22681 331
22682 345
22683 24
22684 42
22685 42
22686 42
22687 42
22688 334
22689 61
22690 61
22691 131
22692 131
22693 264
22694 264
22695 264
22696 264
22697 187
22698 185
22699 396
22700 396
22701 133
22702 366
22703 366
22704 366
22705 421
22706 421
22707 421
22708 261
22709 261
22710 17
22711 227
22712 17
22713 227
22714 269
22715 300
22716 300
22717 300
22718 13
22719 13
22720 122
22721 125
22722 125
22723 282
22724 182
22725 171
22726 182
22727 24
22728 376
22729 376
22730 422
22731 422
22732 145
22733 145
22734 148
22735 370
22736 240
22737 157
22738 240
22739 240
22740 334
22741 158
22742 158
22743 158
22744 28
22745 28
22746 28
22747 16
22748 16
22749 16
22750 235
22751 235
22752 183
22753 183
22754 141
22755 141
22756 208
22757 208
22758 170
22759 180
22760 236
22761 221
22762 236
22763 336
22764 183
22765 183
22766 227
22767 227
22768 227
22769 227
22770 227
22771 42
22772 42
22773 348
22774 348
22775 348
22776 348
22777 381
22778 338
22779 338
22780 426
22781 426
22782 426
22783 3
22784 175
22785 175
22786 175
22787 9
22788 9
22789 180
22790 403
22791 174
22792 174
22793 298
22794 298
22795 298
22796 298
22797 298
22798 298
22799 71
22800 176
22801 176
22802 181
22803 127
22804 132
22805 144
22806 41
22807 41
22808 41
22809 334
22810 99
22811 389
22812 230
22813 230
22814 55
22815 55
22816 233
22817 209
22818 233
22819 295
22820 364
22821 15
22822 15
22823 364
22824 350
22825 21
22826 356
22827 23
22828 304
22829 332
22830 278
22831 93
22832 93
22833 96
22834 96
22835 96
22836 354
22837 399
22838 399
22839 399
22840 399
22841 17
22842 277
22843 277
22844 277
22845 134
22846 264
22847 264
22848 177
22849 177
22850 389
22851 133
22852 133
22853 38
22854 4
22855 4
22856 4
22857 31
22858 196
22859 196
22860 196
22861 240
22862 240
22863 100
22864 176
22865 176
22866 124
22867 330
22868 119
22869 155
22870 108
22871 47
22872 47
22873 47
22874 47
22875 41
22876 41
22877 93
22878 93
22879 93
22880 93
22881 295
22882 180
22883 180
22884 110
22885 110
22886 368
22887 110
22888 237
22889 237
22890 237
22891 346
22892 346
22893 196
22894 196
22895 191
22896 397
22897 224
22898 356
22899 254
22900 254
22901 254
22902 4
22903 158
22904 20
22905 399
22906 399
22907 399
22908 209
22909 209
22910 209
22911 209
22912 326
22913 326
22914 285
22915 285
22916 252
22917 285
22918 198
22919 168
22920 180
22921 198
22922 198
22923 14
22924 14
22925 53
22926 390
22927 390
22928 131
22929 201
22930 413
22931 413
22932 261
22933 257
22934 350
22935 32
22936 120
22937 120
22938 378
22939 378
22940 378
22941 378
22942 378
22943 276
22944 276
22945 343
22946 257
22947 257
22948 257
22949 257
22950 331
22951 331
22952 331
22953 175
22954 186
22955 186
22956 186
22957 94
22958 4
22959 50
22960 50
22961 344
22962 344
22963 101
22964 38
22965 172
22966 172
22967 172
22968 172
22969 117
22970 98
22971 98
22972 96
22973 96
22974 96
22975 185
22976 185
22977 165
22978 185
22979 185
22980 107
22981 107
22982 152
22983 152
22984 139
22985 138
22986 373
22987 296
22988 296
22989 373
22990 91
22991 207
22992 207
22993 207
22994 153
22995 161
22996 208
22997 185
22998 229
22999 229
23000 229
23001 229
23002 243
23003 133
23004 243
23005 125
23006 152
23007 166
23008 275
23009 275
23010 82
23011 77
23012 276
23013 346
23014 276
23015 62
23016 62
23017 426
23018 426
23019 427
23020 427
23021 426
23022 355
23023 355
23024 390
23025 77
23026 77
23027 77
23028 245
23029 23
23030 245
23031 245
23032 16
23033 16
23034 16
23035 127
23036 127
23037 207
23038 13
23039 13
23040 325
23041 267
23042 267
23043 412
23044 22
23045 22
23046 22
23047 252
23048 203
23049 97
23050 154
23051 305
23052 276
23053 225
23054 115
23055 159
23056 225
23057 37
23058 37
23059 188
23060 7
23061 7
23062 7
23063 302
23064 302
23065 302
23066 179
23067 296
23068 246
23069 124
23070 124
23071 124
23072 114
23073 124
23074 148
23075 66
23076 66
23077 66
23078 66
23079 128
23080 174
23081 414
23082 414
23083 414
23084 277
23085 414
23086 414
23087 132
23088 26
23089 300
23090 191
23091 354
23092 359
23093 354
23094 359
23095 348
23096 362
23097 147
23098 284
23099 362
23100 287
23101 304
23102 118
23103 343
23104 343
23105 343
23106 343
23107 324
23108 324
23109 140
23110 140
23111 392
23112 392
23113 392
23114 359
23115 359
23116 359
23117 20
23118 20
23119 247
23120 152
23121 247
23122 247
23123 35
23124 35
23125 407
23126 407
23127 360
23128 360
23129 352
23130 188
23131 188
23132 333
23133 221
23134 333
23135 134
23136 80
23137 71
23138 71
23139 74
23140 313
23141 313
23142 313
23143 59
23144 59
23145 339
23146 339
23147 339
23148 339
23149 339
23150 129
23151 129
23152 381
23153 35
23154 35
23155 208
23156 208
23157 4
23158 4
23159 213
23160 88
23161 88
23162 88
23163 182
23164 182
23165 272
23166 143
23167 143
23168 124
23169 124
23170 124
23171 124
23172 99
23173 249
23174 249
23175 201
23176 284
23177 284
23178 284
23179 333
23180 364
23181 386
23182 386
23183 43
23184 43
23185 43
23186 336
23187 336
23188 184
23189 218
23190 218
23191 218
23192 146
23193 69
23194 69
23195 69
23196 69
23197 147
23198 114
23199 3
23200 83
23201 83
23202 83
23203 169
23204 169
23205 228
23206 100
23207 228
23208 228
23209 177
23210 137
23211 23
23212 60
23213 299
23214 60
23215 362
23216 367
23217 367
23218 367
23219 407
23220 407
23221 374
23222 249
23223 102
23224 102
23225 294
23226 315
23227 170
23228 170
23229 66
23230 66
23231 230
23232 353
23233 353
23234 202
23235 202
23236 202
23237 67
23238 363
23239 402
23240 67
23241 67
23242 338
23243 338
23244 246
23245 307
23246 240
23247 240
23248 372
23249 172
23250 114
23251 133
23252 281
23253 147
23254 147
23255 3
23256 354
23257 312
23258 312
23259 312
23260 211
23261 211
23262 211
23263 211
23264 211
23265 263
23266 118
23267 118
23268 118
23269 358
23270 9
23271 9
23272 9
23273 9
23274 9
23275 9
23276 88
23277 88
23278 134
23279 101
23280 235
23281 334
23282 334
23283 404
23284 404
23285 54
23286 6
23287 54
23288 311
23289 311
23290 311
23291 311
23292 311
23293 311
23294 270
23295 270
23296 270
23297 327
23298 327
23299 327
23300 67
23301 67
23302 27
23303 27
23304 316
23305 262
23306 262
23307 143
23308 143
23309 143
23310 230
23311 230
23312 230
23313 132
23314 420
23315 420
23316 420
23317 420
23318 102
23319 272
23320 272
23321 272
23322 280
23323 116
23324 117
23325 116
23326 262
23327 74
23328 292
23329 292
23330 168
23331 180
23332 349
23333 349
23334 206
23335 114
23336 206
23337 206
23338 37
23339 11
23340 11
23341 11
23342 11
23343 256
23344 293
23345 244
23346 274
23347 319
23348 356
23349 423
23350 333
23351 81
23352 81
23353 81
23354 81
23355 238
23356 238
23357 172
23358 110
23359 147
23360 234
23361 157
23362 157
23363 420
23364 253
23365 371
23366 374
23367 371
23368 304
23369 371
23370 179
23371 185
23372 80
23373 93
23374 357
23375 136
23376 38
23377 24
23378 38
23379 250
23380 231
23381 231
23382 231
23383 96
23384 96
23385 271
23386 271
23387 271
23388 271
23389 255
23390 381
23391 381
23392 381
23393 236
23394 239
23395 236
23396 333
23397 191
23398 87
23399 318
23400 318
23401 304
23402 304
23403 172
23404 172
23405 371
23406 82
23407 82
23408 82
23409 96
23410 96
23411 174
23412 400
23413 400
23414 354
23415 213
23416 354
23417 134
23418 4
23419 4
23420 254
23421 239
23422 254
23423 120
23424 120
23425 120
23426 81
23427 81
23428 81
23429 181
23430 181
23431 15
23432 103
23433 103
23434 103
23435 101
23436 286
23437 101
23438 96
23439 341
23440 341
23441 101
23442 40
23443 255
23444 256
23445 364
23446 68
23447 68
23448 61
23449 61
23450 49
23451 49
23452 142
23453 142
23454 304
23455 78
23456 78
23457 104
23458 104
23459 104
23460 403
23461 172
23462 179
23463 168
23464 175
23465 300
23466 300
23467 300
23468 300
23469 300
23470 256
23471 184
23472 168
23473 352
23474 390
23475 403
23476 403
23477 399
23478 403
23479 373
23480 308
23481 403
23482 296
23483 107
23484 107
23485 39
23486 289
23487 289
23488 289
23489 402
23490 289
23491 296
23492 78
23493 78
23494 78
23495 78
23496 250
23497 202
23498 202
23499 368
23500 310
23501 100
23502 195
23503 195
23504 106
23505 106
23506 106
23507 106
23508 71
23509 419
23510 419
23511 227
23512 157
23513 157
23514 157
23515 342
23516 342
23517 342
23518 342
23519 342
23520 225
23521 225
23522 117
23523 117
23524 124
23525 122
23526 122
23527 376
23528 141
23529 199
23530 175
23531 199
23532 199
23533 175
23534 256
23535 199
23536 70
23537 70
23538 70
23539 60
23540 60
23541 60
23542 386
23543 386
23544 6
23545 423
23546 423
23547 423
23548 423
23549 117
23550 118
23551 93
23552 93
23553 62
23554 62
23555 104
23556 104
23557 104
23558 7
23559 7
23560 234
23561 234
23562 18
23563 298
23564 17
23565 17
23566 76
23567 76
23568 134
23569 227
23570 227
23571 254
23572 254
23573 254
23574 174
23575 113
23576 245
23577 223
23578 288
23579 231
23580 288
23581 44
23582 190
23583 44
23584 67
23585 67
23586 147
23587 383
23588 339
23589 339
23590 339
23591 366
23592 366
23593 366
23594 281
23595 159
23596 159
23597 71
23598 71
23599 424
23600 424
23601 339
23602 339
23603 339
23604 359
23605 419
23606 419
23607 292
23608 133
23609 87
23610 80
23611 368
23612 368
23613 368
23614 368
23615 238
23616 370
23617 370
23618 251
23619 329
23620 329
23621 41
23622 41
23623 41
23624 41
23625 41
23626 41
23627 355
23628 355
23629 355
23630 355
23631 221
23632 355
23633 368
23634 291
23635 80
23636 291
23637 291
23638 427
23639 338
23640 338
23641 338
23642 331
23643 331
23644 331
23645 290
23646 200
23647 200
23648 250
23649 250
23650 250
23651 250
23652 256
23653 87
23654 220
23655 58
23656 58
23657 89
23658 89
23659 96
23660 96
23661 54
23662 54
23663 95
23664 95
23665 101
23666 101
23667 342
23668 342
23669 295
23670 295
23671 265
23672 265
23673 245
23674 245
23675 245
23676 245
23677 252
23678 252
23679 297
23680 297
23681 297
23682 200
23683 35
23684 35
23685 35
23686 57
23687 222
23688 222
23689 222
23690 222
23691 357
23692 74
23693 72
23694 74
23695 18
23696 335
23697 335
23698 335
23699 233
23700 154
23701 233
23702 337
23703 74
23704 255
23705 326
23706 140
23707 140
23708 326
23709 89
23710 274
23711 178
23712 144
23713 79
23714 79
23715 79
23716 79
23717 230
23718 230
23719 265
23720 265
23721 265
23722 145
23723 145
23724 263
23725 148
23726 159
23727 21
23728 123
23729 123
23730 371
23731 376
23732 240
23733 242
23734 240
23735 240
23736 418
23737 418
23738 197
23739 197
23740 197
23741 236
23742 127
23743 112
23744 101
23745 101
23746 259
23747 53
23748 282
23749 282
23750 282
23751 282
23752 280
23753 280
23754 80
23755 34
23756 34
23757 34
23758 126
23759 126
23760 306
23761 306
23762 306
23763 254
23764 3
23765 254
23766 254
23767 178
23768 19
23769 384
23770 19
23771 293
23772 191
23773 201
23774 133
23775 206
23776 206
23777 206
23778 257
23779 257
23780 257
23781 257
23782 240
23783 99
23784 99
23785 317
23786 317
23787 317
23788 317
23789 370
23790 178
23791 92
23792 92
23793 53
23794 175
23795 175
23796 365
23797 365
23798 365
23799 125
23800 389
23801 389
23802 159
23803 389
23804 296
23805 296
23806 42
23807 42
23808 42
23809 42
23810 42
23811 42
23812 42
23813 42
23814 42
23815 343
23816 343
23817 384
23818 142
23819 142
23820 147
23821 148
23822 200
23823 322
23824 322
23825 322
23826 322
23827 322
23828 337
23829 304
23830 304
23831 132
23832 263
23833 221
23834 263
23835 311
23836 263
23837 48
23838 48
23839 48
23840 94
23841 114
23842 94
23843 367
23844 424
23845 302
23846 302
23847 302
23848 302
23849 286
23850 286
23851 428
23852 332
23853 332
23854 417
23855 417
23856 417
23857 417
23858 417
23859 411
23860 102
23861 103
23862 103
23863 9
23864 9
23865 9
23866 9
23867 9
23868 171
23869 171
23870 171
23871 171
23872 265
23873 265
23874 265
23875 40
23876 283
23877 283
23878 283
23879 283
23880 283
23881 287
23882 287
23883 287
23884 287
23885 287
23886 233
23887 303
23888 23
23889 372
23890 372
23891 372
23892 372
23893 157
23894 157
23895 60
23896 60
23897 60
23898 60
23899 298
23900 419
23901 419
23902 419
23903 395
23904 236
23905 236
23906 236
23907 236
23908 236
23909 236
23910 226
23911 226
23912 226
23913 22
23914 37
23915 37
23916 117
23917 117
23918 117
23919 117
23920 184
23921 184
23922 144
23923 173
23924 100
23925 30
23926 53
23927 125
23928 125
23929 152
23930 125
23931 214
23932 214
23933 214
23934 118
23935 427
23936 412
23937 412
23938 412
23939 222
23940 244
23941 412
23942 363
23943 363
23944 279
23945 277
23946 94
23947 283
23948 283
23949 283
23950 283
23951 283
23952 283
23953 283
23954 120
23955 148
23956 92
23957 92
23958 377
23959 418
23960 167
23961 167
23962 291
23963 291
23964 247
23965 18
23966 247
23967 247
23968 41
23969 193
23970 193
23971 193
23972 195
23973 195
23974 195
23975 164
23976 195
23977 85
23978 148
23979 293
23980 74
23981 3
23982 74
23983 91
23984 91
23985 374
23986 101
23987 350
23988 350
23989 334
23990 334
23991 166
23992 166
23993 166
23994 416
23995 349
23996 349
23997 419
23998 419
23999 419
24000 419
24001 32
24002 32
24003 29
24004 32
24005 249
24006 383
24007 383
24008 85
24009 85
24010 422
24011 422
24012 422
24013 129
24014 114
24015 129
24016 129
24017 236
24018 231
24019 231
24020 231
24021 361
24022 361
24023 214
24024 214
24025 215
24026 215
24027 199
24028 299
24029 327
24030 86
24031 86
24032 86
24033 86
24034 188
24035 287
24036 287
24037 287
24038 287
24039 298
24040 298
24041 195
24042 138
24043 138
24044 186
24045 374
24046 375
24047 201
24048 114
24049 186
24050 365
24051 365
24052 365
24053 383
24054 118
24055 383
24056 113
24057 209
24058 210
24059 210
24060 349
24061 329
24062 10
24063 10
24064 400
24065 400
24066 172
24067 172
24068 263
24069 263
24070 375
24071 155
24072 155
24073 135
24074 94
24075 326
24076 326
24077 326
24078 118
24079 228
24080 358
24081 21
24082 21
24083 256
24084 256
24085 292
24086 292
24087 292
24088 292
24089 26
24090 26
24091 26
24092 186
24093 186
24094 46
24095 46
24096 394
24097 63
24098 74
24099 63
24100 63
24101 63
24102 199
24103 199
24104 293
24105 286
24106 148
24107 399
24108 399
24109 36
24110 266
24111 36
24112 36
24113 36
24114 195
24115 195
24116 195
24117 39
24118 39
24119 17
24120 17
24121 89
24122 249
24123 261
24124 295
24125 263
24126 43
24127 200
24128 167
24129 169
24130 169
24131 169
24132 169
24133 405
24134 405
24135 405
24136 405
24137 405
24138 405
24139 385
24140 385
24141 385
24142 386
24143 386
24144 161
24145 66
24146 66
24147 132
24148 351
24149 351
24150 207
24151 207
24152 94
24153 269
24154 269
24155 269
24156 269
24157 30
24158 412
24159 412
24160 410
24161 410
24162 410
24163 410
24164 410
24165 410
24166 410
24167 158
24168 158
24169 39
24170 230
24171 230
24172 60
24173 200
24174 200
24175 270
24176 270
24177 270
24178 270
24179 270
24180 243
24181 243
24182 87
24183 183
24184 183
24185 183
24186 183
24187 315
24188 306
24189 229
24190 214
24191 214
24192 402
24193 402
24194 232
24195 232
24196 191
24197 159
24198 145
24199 352
24200 352
24201 13
24202 352
24203 427
24204 427
24205 427
24206 427
24207 403
24208 144
24209 139
24210 139
24211 373
24212 302
24213 302
24214 302
24215 302
24216 302
24217 302
24218 302
24219 286
24220 286
24221 286
24222 286
24223 286
24224 278
24225 195
24226 290
24227 320
24228 251
24229 79
24230 240
24231 240
24232 18
24233 172
24234 172
24235 178
24236 125
24237 384
24238 23
24239 325
24240 325
24241 325
24242 203
24243 203
24244 203
24245 127
24246 329
24247 329
24248 329
24249 329
24250 240
24251 240
24252 104
24253 15
24254 183
24255 183
24256 40
24257 204
24258 204
24259 282
24260 238
24261 375
24262 308
24263 308
24264 99
24265 91
24266 91
24267 91
24268 88
24269 88
24270 19
24271 311
24272 311
24273 75
24274 75
24275 75
24276 97
24277 97
24278 97
24279 97
24280 97
24281 52
24282 417
24283 58
24284 57
24285 58
24286 58
24287 306
24288 218
24289 58
24290 58
24291 58
24292 58
24293 58
24294 152
24295 152
24296 152
24297 130
24298 228
24299 362
24300 327
24301 362
24302 219
24303 423
24304 67
24305 426
24306 426
24307 426
24308 426
24309 426
24310 270
24311 192
24312 67
24313 67
24314 67
24315 67
24316 67
24317 400
24318 45
24319 400
24320 270
24321 270
24322 314
24323 314
24324 314
24325 314
24326 201
24327 201
24328 118
24329 118
24330 118
24331 186
24332 173
24333 173
24334 181
24335 386
24336 386
24337 386
24338 380
24339 18
24340 400
24341 392
24342 254
24343 254
24344 254
24345 136
24346 138
24347 241
24348 241
24349 258
24350 258
24351 336
24352 336
24353 120
24354 61
24355 61
24356 427
24357 427
24358 147
24359 138
24360 138
24361 138
24362 80
24363 26
24364 204
24365 18
24366 47
24367 47
24368 316
24369 75
24370 167
24371 280
24372 411
24373 411
24374 143
24375 143
24376 257
24377 257
24378 257
24379 257
24380 257
24381 348
24382 155
24383 141
24384 179
24385 240
24386 240
24387 240
24388 367
24389 367
24390 367
24391 367
24392 380
24393 416
24394 378
24395 416
24396 416
24397 222
24398 348
24399 348
24400 170
24401 170
24402 170
24403 197
24404 197
24405 70
24406 70
24407 278
24408 277
24409 278
24410 278
24411 360
24412 360
24413 153
24414 95
24415 95
24416 338
24417 338
24418 412
24419 412
24420 64
24421 64
24422 88
24423 88
24424 22
24425 22
24426 22
24427 229
24428 101
24429 13
24430 13
24431 13
24432 161
24433 420
24434 420
24435 167
24436 167
24437 167
24438 418
24439 405
24440 405
24441 56
24442 56
24443 56
24444 422
24445 152
24446 134
24447 152
24448 152
24449 152
24450 152
24451 328
24452 347
24453 347
24454 347
24455 378
24456 378
24457 104
24458 104
24459 104
24460 184
24461 170
24462 170
24463 264
24464 264
24465 264
24466 125
24467 119
24468 242
24469 276
24470 276
24471 338
24472 338
24473 337
24474 293
24475 293
24476 299
24477 83
24478 77
24479 304
24480 304
24481 304
24482 244
24483 252
24484 244
24485 149
24486 225
24487 200
24488 94
24489 94
24490 45
24491 145
24492 145
24493 145
24494 122
24495 19
24496 352
24497 352
24498 352
24499 191
24500 120
24501 181
24502 208
24503 208
24504 208
24505 313
24506 313
24507 313
24508 179
24509 124
24510 383
24511 227
24512 227
24513 383
24514 304
24515 304
24516 304
24517 299
24518 419
24519 419
24520 49
24521 49
24522 289
24523 289
24524 365
24525 353
24526 66
24527 66
24528 113
24529 113
24530 113
24531 253
24532 253
24533 95
24534 246
24535 197
24536 10
24537 10
24538 10
24539 4
24540 336
24541 197
24542 197
24543 210
24544 110
24545 110
24546 210
24547 373
24548 373
24549 373
24550 266
24551 266
24552 47
24553 295
24554 295
24555 362
24556 288
24557 295
24558 327
24559 327
24560 25
24561 25
24562 25
24563 38
24564 38
24565 207
24566 207
24567 239
24568 239
24569 128
24570 128
24571 203
24572 203
24573 52
24574 53
24575 48
24576 53
24577 53
24578 325
24579 340
24580 356
24581 182
24582 129
24583 168
24584 71
24585 71
24586 301
24587 362
24588 362
24589 17
24590 17
24591 50
24592 50
24593 17
24594 17
24595 50
24596 363
24597 105
24598 105
24599 239
24600 239
24601 57
24602 239
24603 239
24604 421
24605 147
24606 329
24607 329
24608 161
24609 161
24610 153
24611 153
24612 152
24613 179
24614 179
24615 179
24616 75
24617 75
24618 75
24619 75
24620 75
24621 143
24622 143
24623 143
24624 388
24625 388
24626 158
24627 385
24628 283
24629 283
24630 283
24631 283
24632 67
24633 3
24634 361
24635 67
24636 5
24637 231
24638 231
24639 231
24640 350
24641 350
24642 397
24643 397
24644 205
24645 205
24646 13
24647 5
24648 265
24649 6
24650 375
24651 375
24652 399
24653 399
24654 383
24655 226
24656 311
24657 84
24658 84
24659 84
24660 386
24661 386
24662 29
24663 362
24664 236
24665 272
24666 272
24667 386
24668 386
24669 23
24670 23
24671 116
24672 21
24673 21
24674 80
24675 154
24676 415
24677 415
24678 415
24679 303
24680 187
24681 91
24682 289
24683 243
24684 242
24685 224
24686 2
24687 2
24688 64
24689 192
24690 144
24691 144
24692 367
24693 367
24694 367
24695 356
24696 345
24697 345
24698 345
24699 181
24700 175
24701 354
24702 354
24703 52
24704 413
24705 413
24706 116
24707 116
24708 116
24709 116
24710 116
24711 116
24712 345
24713 25
24714 191
24715 191
24716 368
24717 284
24718 284
24719 284
24720 284
24721 64
24722 64
24723 64
24724 64
24725 295
24726 64
24727 112
24728 112
24729 159
24730 159
24731 159
24732 283
24733 283
24734 74
24735 398
24736 398
24737 398
24738 398
24739 45
24740 45
24741 375
24742 375
24743 381
24744 381
24745 381
24746 17
24747 17
24748 17
24749 17
24750 17
24751 313
24752 282
24753 305
24754 305
24755 305
24756 274
24757 275
24758 264
24759 264
24760 205
24761 214
24762 72
24763 22
24764 115
24765 115
24766 7
24767 7
24768 412
24769 412
24770 237
24771 237
24772 237
24773 273
24774 273
24775 273
24776 273
24777 278
24778 278
24779 182
24780 182
24781 114
24782 188
24783 256
24784 222
24785 256
24786 256
24787 67
24788 67
24789 86
24790 192
24791 192
24792 192
24793 245
24794 4
24795 245
24796 373
24797 373
24798 237
24799 386
24800 386
24801 386
24802 128
24803 128
24804 128
24805 137
24806 51
24807 51
24808 85
24809 390
24810 218
24811 218
24812 218
24813 218
24814 218
24815 217
24816 29
24817 29
24818 34
24819 34
24820 45
24821 45
24822 45
24823 45
24824 45
24825 372
24826 372
24827 372
24828 87
24829 348
24830 390
24831 260
24832 329
24833 329
24834 329
24835 329
24836 329
24837 130
24838 176
24839 176
24840 142
24841 222
24842 277
24843 277
24844 277
24845 61
24846 61
24847 305
24848 305
24849 305
24850 305
24851 53
24852 53
24853 53
24854 53
24855 287
24856 287
24857 287
24858 364
24859 364
24860 361
24861 167
24862 167
24863 363
24864 363
24865 106
24866 106
24867 125
24868 16
24869 322
24870 322
24871 322
24872 322
24873 322
24874 322
24875 228
24876 388
24877 184
24878 108
24879 294
24880 370
24881 157
24882 157
24883 157
24884 181
24885 181
24886 240
24887 240
24888 240
24889 116
24890 32
24891 259
24892 259
24893 318
24894 318
24895 318
24896 24
24897 24
24898 12
24899 12
24900 377
24901 377
24902 377
24903 237
24904 136
24905 136
24906 136
24907 253
24908 253
24909 402
24910 402
24911 337
24912 337
24913 106
24914 79
24915 79
24916 193
24917 237
24918 237
24919 81
24920 81
24921 81
24922 60
24923 60
24924 390
24925 390
24926 390
24927 390
24928 379
24929 125
24930 134
24931 379
24932 90
24933 90
24934 202
24935 126
24936 41
24937 314
24938 314
24939 314
24940 367
24941 334
24942 334
24943 424
24944 334
24945 261
24946 280
24947 24
24948 24
24949 245
24950 245
24951 103
24952 103
24953 102
24954 103
24955 248
24956 248
24957 248
24958 53
24959 368
24960 368
24961 97
24962 97
24963 97
24964 97
24965 293
24966 293
24967 233
24968 233
24969 222
24970 334
24971 334
24972 317
24973 379
24974 384
24975 403
24976 403
24977 52
24978 197
24979 197
24980 197
24981 115
24982 115
24983 159
24984 364
24985 197
24986 197
24987 125
24988 125
24989 125
24990 125
24991 29
24992 207
24993 323
24994 124
24995 124
24996 366
24997 366
24998 366
24999 320
25000 67
25001 67
25002 67
25003 330
25004 317
25005 221
25006 368
25007 403
25008 403
25009 133
25010 134
25011 268
25012 268
25013 268
25014 268
25015 28
25016 28
25017 267
25018 267
25019 267
25020 80
25021 187
25022 297
25023 297
25024 297
25025 323
25026 129
25027 129
25028 32
25029 32
25030 117
25031 117
25032 306
25033 306
25034 306
25035 406
25036 406
25037 406
25038 9
25039 9
25040 9
25041 229
25042 229
25043 286
25044 286
25045 286
25046 61
25047 61
25048 145
25049 145
25050 58
25051 55
25052 58
25053 105
25054 105
25055 228
25056 251
25057 251
25058 251
25059 251
25060 251
25061 251
25062 72
25063 72
25064 267
25065 267
25066 64
25067 64
25068 64
25069 64
25070 64
25071 152
25072 152
25073 152
25074 152
25075 257
25076 257
25077 257
25078 257
25079 257
25080 399
25081 340
25082 340
25083 340
25084 340
25085 340
25086 122
25087 122
25088 122
25089 92
25090 62
25091 254
25092 241
25093 153
25094 328
25095 328
25096 328
25097 262
25098 332
25099 332
25100 273
25101 273
25102 273
25103 298
25104 298
25105 298
25106 298
25107 298
25108 298
25109 298
25110 320
25111 320
25112 344
25113 344
25114 344
25115 362
25116 255
25117 137
25118 184
25119 210
25120 357
25121 357
25122 357
25123 102
25124 102
25125 95
25126 95
25127 51
25128 51
25129 51
25130 315
25131 5
25132 305
25133 305
25134 305
25135 203
25136 203
25137 177
25138 177
25139 92
25140 160
25141 154
25142 229
25143 229
25144 229
25145 281
25146 383
25147 383
25148 214
25149 141
25150 114
25151 141
25152 128
25153 46
25154 46
25155 184
25156 100
25157 406
25158 406
25159 69
25160 72
25161 72
25162 72
25163 72
25164 72
25165 72
25166 425
25167 425
25168 425
25169 88
25170 88
25171 197
25172 197
25173 197
25174 254
25175 254
25176 254
25177 77
25178 23
25179 77
25180 7
25181 7
25182 362
25183 362
25184 406
25185 406
25186 406
25187 406
25188 386
25189 386
25190 268
25191 268
25192 225
25193 135
25194 256
25195 259
25196 259
25197 49
25198 127
25199 120
25200 302
25201 302
25202 302
25203 17
25204 17
25205 124
25206 164
25207 124
25208 124
25209 124
25210 275
25211 275
25212 275
25213 222
25214 402
25215 402
25216 264
25217 272
25218 33
25219 271
25220 271
25221 271
25222 404
25223 40
25224 404
25225 415
25226 23
25227 23
25228 23
25229 130
25230 121
25231 51
25232 428
25233 428
25234 428
25235 428
25236 428
25237 350
25238 350
25239 350
25240 77
25241 77
25242 200
25243 235
25244 178
25245 207
25246 47
25247 47
25248 47
25249 116
25250 116
25251 116
25252 116
25253 116
25254 116
25255 226
25256 220
25257 15
25258 15
25259 15
25260 15
25261 350
25262 132
25263 132
25264 132
25265 281
25266 281
25267 281
25268 148
25269 417
25270 417
25271 417
25272 90
25273 405
25274 405
25275 405
25276 405
25277 10
25278 10
25279 10
25280 265
25281 34
25282 34
25283 168
25284 418
25285 280
25286 149
25287 87
25288 87
25289 87
25290 18
25291 18
25292 282
25293 281
25294 281
25295 195
25296 131
25297 160
25298 160
25299 364
25300 364
25301 133
25302 258
25303 142
25304 75
25305 75
25306 75
25307 393
25308 406
25309 406
25310 393
25311 393
25312 188
25313 4
25314 4
25315 4
25316 187
25317 187
25318 349
25319 143
25320 143
25321 143
25322 143
25323 143
25324 410
25325 410
25326 146
25327 146
25328 386
25329 386
25330 386
25331 43
25332 177
25333 83
25334 83
25335 83
25336 83
25337 83
25338 352
25339 83
25340 69
25341 69
25342 69
25343 52
25344 201
25345 201
25346 369
25347 48
25348 48
25349 48
25350 48
25351 294
25352 294
25353 46
25354 46
25355 46
25356 46
25357 46
25358 316
25359 316
25360 316
25361 85
25362 85
25363 85
25364 316
25365 316
25366 316
25367 50
25368 50
25369 50
25370 50
25371 119
25372 334
25373 334
25374 247
25375 247
25376 396
25377 139
25378 139
25379 412
25380 242
25381 316
25382 77
25383 77
25384 77
25385 181
25386 75
25387 75
25388 239
25389 159
25390 287
25391 159
25392 185
25393 261
25394 261
25395 292
25396 344
25397 296
25398 416
25399 416
25400 355
25401 331
25402 331
25403 389
25404 389
25405 389
25406 120
25407 121
25408 31
25409 90
25410 81
25411 137
25412 137
25413 137
25414 137
25415 242
25416 106
25417 353
25418 353
25419 353
25420 197
25421 197
25422 189
25423 189
25424 160
25425 160
25426 301
25427 43
25428 43
25429 284
25430 284
25431 284
25432 409
25433 337
25434 16
25435 16
25436 141
25437 173
25438 173
25439 173
25440 40
25441 331
25442 331
25443 213
25444 213
25445 290
25446 326
25447 326
25448 12
25449 2
25450 7
25451 7
25452 366
25453 366
25454 366
25455 362
25456 370
25457 265
25458 206
25459 206
25460 90
25461 90
25462 85
25463 415
25464 280
25465 280
25466 206
25467 206
25468 206
25469 206
25470 206
25471 38
25472 39
25473 38
25474 38
25475 359
25476 359
25477 269
25478 192
25479 69
25480 51
25481 51
25482 51
25483 277
25484 277
25485 277
25486 277
25487 101
25488 347
25489 347
25490 66
25491 66
25492 186
25493 213
25494 333
25495 333
25496 21
25497 21
25498 287
25499 287
25500 89
25501 89
25502 89
25503 358
25504 358
25505 343
25506 343
25507 343
25508 62
25509 62
25510 62
25511 19
25512 424
25513 424
25514 336
25515 336
25516 95
25517 97
25518 95
25519 241
25520 278
25521 219
25522 278
25523 219
25524 278
25525 375
25526 107
25527 261
25528 123
25529 123
25530 123
25531 123
25532 259
25533 259
25534 129
25535 129
25536 402
25537 402
25538 387
25539 387
25540 12
25541 12
25542 121
25543 320
25544 320
25545 320
25546 320
25547 408
25548 154
25549 225
25550 190
25551 377
25552 377
25553 377
25554 263
25555 33
25556 343
25557 98
25558 98
25559 98
25560 98
25561 42
25562 44
25563 42
25564 42
25565 42
25566 304
25567 304
25568 149
25569 149
25570 149
25571 149
25572 149
25573 149
25574 254
25575 254
25576 137
25577 147
25578 147
25579 161
25580 183
25581 296
25582 296
25583 42
25584 42
25585 42
25586 148
25587 291
25588 291
25589 354
25590 121
25591 19
25592 2
25593 2
25594 301
25595 307
25596 301
25597 65
25598 65
25599 14
25600 14
25601 14
25602 126
25603 226
25604 226
25605 354
25606 354
25607 369
25608 354
25609 201
25610 228
25611 228
25612 229
25613 230
25614 371
25615 371
25616 371
25617 371
25618 233
25619 353
25620 403
25621 403
25622 134
25623 241
25624 230
25625 395
25626 395
25627 354
25628 354
25629 161
25630 161
25631 161
25632 88
25633 88
25634 91
25635 91
25636 91
25637 91
25638 164
25639 411
25640 274
25641 274
25642 274
25643 274
25644 289
25645 289
25646 384
25647 384
25648 390
25649 52
25650 52
25651 52
25652 52
25653 381
25654 381
25655 381
25656 381
25657 381
25658 215
25659 141
25660 230
25661 219
25662 230
25663 21
25664 21
25665 122
25666 214
25667 214
25668 58
25669 58
25670 57
25671 58
25672 82
25673 82
25674 82
25675 314
25676 226
25677 80
25678 392
25679 221
25680 379
25681 394
25682 379
25683 138
25684 12
25685 12
25686 12
25687 12
25688 12
25689 299
25690 299
25691 425
25692 425
25693 272
25694 272
25695 25
25696 25
25697 350
25698 305
25699 266
25700 305
25701 125
25702 125
25703 282
25704 282
25705 138
25706 138
25707 423
25708 423
25709 423
25710 423
25711 423
25712 55
25713 55
25714 55
25715 55
25716 55
25717 180
25718 180
25719 180
25720 278
25721 278
25722 278
25723 278
25724 43
25725 43
25726 43
25727 43
25728 16
25729 265
25730 88
25731 88
25732 148
25733 148
25734 156
25735 156
25736 156
25737 67
25738 179
25739 113
25740 267
25741 367
25742 20
25743 93
25744 93
25745 93
25746 93
25747 124
25748 278
25749 387
25750 11
25751 11
25752 11
25753 11
25754 134
25755 426
25756 146
25757 126
25758 196
25759 363
25760 352
25761 33
25762 276
25763 284
25764 355
25765 284
25766 284
25767 360
25768 360
25769 360
25770 360
25771 360
25772 360
25773 264
25774 264
25775 97
25776 97
25777 97
25778 97
25779 317
25780 317
25781 317
25782 209
25783 364
25784 364
25785 334
25786 334
25787 334
25788 255
25789 411
25790 411
25791 411
25792 100
25793 3
25794 100
25795 135
25796 83
25797 83
25798 83
25799 83
25800 83
25801 83
25802 105
25803 105
25804 119
25805 44
25806 129
25807 129
25808 26
25809 26
25810 26
25811 222
25812 286
25813 46
25814 104
25815 104
25816 104
25817 294
25818 294
25819 287
25820 31
25821 40
25822 263
25823 263
25824 263
25825 338
25826 338
25827 338
25828 338
25829 338
25830 145
25831 145
25832 145
25833 145
25834 343
25835 343
25836 343
25837 343
25838 279
25839 279
25840 279
25841 343
25842 343
25843 278
25844 278
25845 353
25846 107
25847 101
25848 78
25849 275
25850 368
25851 368
25852 368
25853 175
25854 127
25855 282
25856 16
25857 16
25858 376
25859 376
25860 177
25861 177
25862 177
25863 10
25864 10
25865 10
25866 10
25867 10
25868 290
25869 226
25870 226
25871 280
25872 226
25873 226
25874 384
25875 104
25876 104
25877 104
25878 364
25879 100
25880 230
25881 230
25882 123
25883 123
25884 37
25885 124
25886 97
25887 97
25888 266
25889 123
25890 238
25891 238
25892 176
25893 176
25894 215
25895 27
25896 27
25897 27
25898 124
25899 191
25900 112
25901 124
25902 306
25903 148
25904 46
25905 46
25906 69
25907 69
25908 69
25909 250
25910 250
25911 250
25912 92
25913 58
25914 58
25915 58
25916 58
25917 181
25918 183
25919 181
25920 181
25921 181
25922 181
25923 28
25924 193
25925 188
25926 101
25927 101
25928 28
25929 28
25930 25
25931 25
25932 25
25933 304
25934 304
25935 304
25936 102
25937 102
25938 147
25939 242
25940 200
25941 74
25942 74
25943 343
25944 372
25945 120
25946 124
25947 265
25948 224
25949 224
25950 391
25951 391
25952 349
25953 349
25954 77
25955 349
25956 327
25957 349
25958 206
25959 206
25960 51
25961 51
25962 51
25963 51
25964 42
25965 42
25966 424
25967 105
25968 105
25969 88
25970 88
25971 88
25972 198
25973 145
25974 343
25975 145
25976 385
25977 276
25978 381
25979 419
25980 419
25981 340
25982 340
25983 343
25984 268
25985 268
25986 286
25987 286
25988 286
25989 286
25990 286
25991 414
25992 414
25993 394
25994 394
25995 65
25996 65
25997 65
25998 187
25999 193
26000 168
26001 168
26002 295
26003 295
26004 90
26005 104
26006 104
26007 104
26008 104
26009 104
26010 161
26011 424
26012 60
26013 355
26014 221
26015 227
26016 227
26017 227
26018 102
26019 102
26020 154
26021 154
26022 154
26023 154
26024 219
26025 52
26026 214
26027 16
26028 195
26029 195
26030 298
26031 183
26032 183
26033 183
26034 383
26035 206
26036 206
26037 145
26038 146
26039 146
26040 266
26041 266
26042 265
26043 266
26044 266
26045 225
26046 225
26047 225
26048 271
26049 271
26050 271
26051 271
26052 271
26053 271
26054 183
26055 229
26056 424
26057 424
26058 92
26059 170
26060 170
26061 180
26062 262
26063 262
26064 31
26065 274
26066 349
26067 349
26068 349
26069 349
26070 126
26071 83
26072 83
26073 271
26074 271
26075 271
26076 271
26077 2
26078 190
26079 190
26080 276
26081 228
26082 228
26083 186
26084 186
26085 365
26086 365
26087 365
26088 285
26089 285
26090 285
26091 303
26092 303
26093 285
26094 427
26095 427
26096 427
26097 311
26098 311
26099 311
26100 311
26101 311
26102 17
26103 43
26104 43
26105 43
26106 253
26107 253
26108 66
26109 66
26110 66
26111 66
26112 66
26113 42
26114 44
26115 42
26116 105
26117 18
26118 105
26119 366
26120 366
26121 366
26122 60
26123 265
26124 384
26125 265
26126 37
26127 37
26128 37
26129 37
26130 211
26131 211
26132 144
26133 396
26134 396
26135 396
26136 50
26137 50
26138 50
26139 50
26140 12
26141 122
26142 122
26143 416
26144 50
26145 50
26146 26
26147 172
26148 173
26149 173
26150 173
26151 154
26152 154
26153 12
26154 257
26155 257
26156 135
26157 135
26158 135
26159 135
26160 135
26161 189
26162 44
26163 44
26164 35
26165 35
26166 205
26167 306
26168 40
26169 153
26170 365
26171 365
26172 365
26173 344
26174 344
26175 344
26176 344
26177 95
26178 95
26179 59
26180 59
26181 134
26182 42
26183 42
26184 42
26185 42
26186 42
26187 42
26188 42
26189 113
26190 103
26191 103
26192 220
26193 142
26194 63
26195 63
26196 63
26197 63
26198 361
26199 338
26200 346
26201 263
26202 407
26203 407
26204 407
26205 407
26206 407
26207 145
26208 86
26209 271
26210 271
26211 271
26212 295
26213 383
26214 388
26215 267
26216 397
26217 397
26218 70
26219 70
26220 76
26221 76
26222 175
26223 175
26224 175
26225 158
26226 158
26227 195
26228 195
26229 195
26230 317
26231 371
26232 371
26233 371
26234 160
26235 160
26236 166
26237 246
26238 246
26239 35
26240 35
26241 35
26242 52
26243 52
26244 52
26245 191
26246 191
26247 140
26248 140
26249 140
26250 140
26251 360
26252 360
26253 360
26254 280
26255 312
26256 312
26257 312
26258 288
26259 92
26260 92
26261 297
26262 297
26263 340
26264 330
26265 90
26266 113
26267 113
26268 408
26269 111
26270 282
26271 282
26272 419
26273 419
26274 369
26275 280
26276 263
26277 414
26278 414
26279 406
26280 406
26281 406
26282 406
26283 402
26284 282
26285 404
26286 404
26287 380
26288 278
26289 387
26290 44
26291 43
26292 44
26293 44
26294 2
26295 2
26296 2
26297 2
26298 2
26299 124
26300 296
26301 296
26302 144
26303 121
26304 71
26305 71
26306 71
26307 312
26308 312
26309 312
26310 312
26311 231
26312 231
26313 106
26314 416
26315 416
26316 125
26317 39
26318 39
26319 37
26320 37
26321 52
26322 52
26323 315
26324 315
26325 248
26326 250
26327 249
26328 248
26329 248
26330 249
26331 249
26332 249
26333 353
26334 249
26335 250
26336 248
26337 279
26338 279
26339 91
26340 91
26341 91
26342 196
26343 196
26344 196
26345 4
26346 134
26347 382
26348 382
26349 102
26350 102
26351 199
26352 70
26353 70
26354 70
26355 70
26356 267
26357 267
26358 139
26359 139
26360 296
26361 296
26362 296
26363 278
26364 161
26365 343
26366 343
26367 426
26368 144
26369 408
26370 373
26371 373
26372 373
26373 373
26374 421
26375 421
26376 421
26377 421
26378 373
26379 373
26380 373
26381 298
26382 298
26383 298
26384 298
26385 206
26386 206
26387 377
26388 206
26389 105
26390 87
26391 87
26392 87
26393 30
26394 38
26395 166
26396 166
26397 408
26398 333
26399 333
26400 306
26401 189
26402 213
26403 324
26404 340
26405 284
26406 284
26407 238
26408 142
26409 142
26410 142
26411 346
26412 276
26413 276
26414 244
26415 244
26416 244
26417 262
26418 262
26419 26
26420 200
26421 209
26422 78
26423 78
26424 66
26425 66
26426 66
26427 82
26428 82
26429 82
26430 82
26431 82
26432 227
26433 375
26434 191
26435 191
26436 43
26437 43
26438 43
26439 43
26440 89
26441 89
26442 89
26443 89
26444 27
26445 27
26446 256
26447 39
26448 39
26449 3
26450 268
26451 268
26452 268
26453 191
26454 191
26455 194
26456 254
26457 123
26458 123
26459 123
26460 123
26461 123
26462 105
26463 105
26464 105
26465 105
26466 226
26467 226
26468 226
26469 193
26470 185
26471 185
26472 232
26473 408
26474 275
26475 408
26476 408
26477 374
26478 93
26479 404
26480 404
26481 404
26482 414
26483 223
26484 294
26485 47
26486 43
26487 47
26488 27
26489 27
26490 27
26491 27
26492 243
26493 243
26494 221
26495 411
26496 411
26497 175
26498 182
26499 182
26500 332
26501 36
26502 36
26503 36
26504 36
26505 36
26506 345
26507 345
26508 275
26509 395
26510 395
26511 395
26512 395
26513 394
26514 273
26515 324
26516 48
26517 48
26518 35
26519 17
26520 35
26521 390
26522 390
26523 390
26524 102
26525 102
26526 63
26527 63
26528 63
26529 63
26530 273
26531 322
26532 273
26533 322
26534 87
26535 223
26536 374
26537 374
26538 294
26539 143
26540 47
26541 310
26542 173
26543 73
26544 68
26545 73
26546 22
26547 22
26548 136
26549 210
26550 210
26551 210
26552 210
26553 19
26554 390
26555 390
26556 297
26557 297
26558 255
26559 53
26560 103
26561 154
26562 154
26563 154
26564 154
26565 86
26566 132
26567 254
26568 254
26569 254
26570 203
26571 203
26572 203
26573 120
26574 144
26575 411
26576 144
26577 401
26578 401
26579 143
26580 328
26581 305
26582 305
26583 399
26584 399
26585 72
26586 22
26587 22
26588 383
26589 115
26590 115
26591 115
26592 115
26593 87
26594 247
26595 61
26596 61
26597 137
26598 135
26599 42
26600 137
26601 135
26602 404
26603 404
26604 325
26605 325
26606 325
26607 325
26608 325
26609 101
26610 222
26611 222
26612 222
26613 222
26614 159
26615 63
26616 63
26617 63
26618 69
26619 69
26620 269
26621 269
26622 370
26623 370
26624 341
26625 258
26626 277
26627 130
26628 191
26629 201
26630 201
26631 191
26632 207
26633 364
26634 117
26635 117
26636 203
26637 203
26638 131
26639 78
26640 249
26641 249
26642 36
26643 39
26644 36
26645 23
26646 39
26647 88
26648 88
26649 115
26650 115
26651 115
26652 12
26653 12
26654 377
26655 154
26656 377
26657 220
26658 377
26659 228
26660 395
26661 307
26662 386
26663 386
26664 334
26665 50
26666 50
26667 50
26668 50
26669 50
26670 417
26671 107
26672 107
26673 338
26674 107
26675 107
26676 279
26677 60
26678 60
26679 221
26680 60
26681 294
26682 294
26683 351
26684 351
26685 351
26686 351
26687 351
26688 351
26689 365
26690 365
26691 210
26692 210
26693 128
26694 38
26695 39
26696 38
26697 38
26698 38
26699 241
26700 241
26701 241
26702 245
26703 245
26704 43
26705 43
26706 230
26707 230
26708 121
26709 319
26710 319
26711 319
26712 353
26713 353
26714 353
26715 231
26716 321
26717 262
26718 259
26719 101
26720 70
26721 70
26722 70
26723 57
26724 57
26725 62
26726 62
26727 235
26728 235
26729 101
26730 76
26731 76
26732 76
26733 230
26734 230
26735 290
26736 290
26737 290
26738 233
26739 366
26740 366
26741 366
26742 213
26743 87
26744 213
26745 235
26746 227
26747 382
26748 382
26749 361
26750 361
26751 69
26752 69
26753 150
26754 150
26755 158
26756 158
26757 158
26758 147
26759 194
26760 194
26761 194
26762 194
26763 314
26764 314
26765 314
26766 314
26767 364
26768 149
26769 149
26770 149
26771 71
26772 71
26773 233
26774 71
26775 132
26776 132
26777 132
26778 234
26779 401
26780 322
26781 322
26782 322
26783 74
26784 74
26785 92
26786 94
26787 21
26788 21
26789 21
26790 21
26791 21
26792 404
26793 404
26794 383
26795 404
26796 404
26797 180
26798 180
26799 317
26800 269
26801 269
26802 269
26803 269
26804 325
26805 23
26806 166
26807 166
26808 166
26809 343
26810 32
26811 135
26812 135
26813 356
26814 269
26815 263
26816 263
26817 263
26818 343
26819 102
26820 102
26821 274
26822 274
26823 354
26824 398
26825 398
26826 387
26827 275
26828 275
26829 275
26830 28
26831 28
26832 244
26833 244
26834 244
26835 124
26836 308
26837 308
26838 120
26839 137
26840 50
26841 137
26842 352
26843 352
26844 352
26845 352
26846 51
26847 51
26848 51
26849 384
26850 221
26851 63
26852 63
26853 63
26854 63
26855 228
26856 271
26857 271
26858 27
26859 25
26860 208
26861 275
26862 275
26863 275
26864 254
26865 141
26866 141
26867 361
26868 388
26869 241
26870 343
26871 343
26872 285
26873 285
26874 285
26875 285
26876 46
26877 136
26878 136
26879 136
26880 131
26881 171
26882 131
26883 131
26884 304
26885 304
26886 135
26887 135
26888 135
26889 135
26890 120
26891 120
26892 318
26893 318
26894 176
26895 176
26896 176
26897 19
26898 19
26899 19
26900 19
26901 325
26902 294
26903 294
26904 119
26905 24
26906 24
26907 24
26908 331
26909 364
26910 331
26911 50
26912 50
26913 45
26914 412
26915 412
26916 181
26917 160
26918 65
26919 305
26920 65
26921 65
26922 319
26923 319
26924 319
26925 319
26926 67
26927 276
26928 161
26929 129
26930 129
26931 391
26932 391
26933 398
26934 391
26935 97
26936 97
26937 277
26938 277
26939 82
26940 82
26941 134
26942 103
26943 103
26944 179
26945 179
26946 371
26947 371
26948 371
26949 7
26950 7
26951 146
26952 153
26953 146
26954 207
26955 207
26956 344
26957 275
26958 275
26959 42
26960 42
26961 42
26962 42
26963 380
26964 380
26965 380
26966 268
26967 268
26968 21
26969 268
26970 278
26971 278
26972 206
26973 206
26974 197
26975 197
26976 136
26977 136
26978 136
26979 136
26980 136
26981 278
26982 278
26983 6
26984 184
26985 184
26986 418
26987 403
26988 418
26989 201
26990 195
26991 274
26992 344
26993 344
26994 339
26995 409
26996 248
26997 248
26998 329
26999 329
27000 282
27001 282
27002 139
27003 139
27004 139
27005 135
27006 135
27007 135
27008 32
27009 32
27010 32
27011 228
27012 228
27013 310
27014 310
27015 177
27016 177
27017 177
27018 177
27019 175
27020 67
27021 411
27022 190
27023 190
27024 155
27025 155
27026 330
27027 310
27028 161
27029 310
27030 83
27031 98
27032 154
27033 154
27034 67
27035 148
27036 47
27037 329
27038 329
27039 375
27040 270
27041 270
27042 270
27043 270
27044 166
27045 166
27046 166
27047 264
27048 264
27049 264
27050 47
27051 346
27052 346
27053 38
27054 38
27055 65
27056 337
27057 337
27058 296
27059 296
27060 296
27061 251
27062 251
27063 251
27064 193
27065 193
27066 52
27067 404
27068 404
27069 28
27070 28
27071 28
27072 309
27073 309
27074 309
27075 309
27076 309
27077 309
27078 309
27079 340
27080 340
27081 340
27082 340
27083 340
27084 340
27085 340
27086 340
27087 213
27088 182
27089 79
27090 79
27091 79
27092 89
27093 89
27094 89
27095 136
27096 136
27097 396
27098 340
27099 340
27100 339
27101 166
27102 166
27103 166
27104 186
27105 147
27106 179
27107 94
27108 414
27109 371
27110 107
27111 368
27112 368
27113 368
27114 7
27115 340
27116 340
27117 340
27118 269
27119 66
27120 66
27121 66
27122 293
27123 32
27124 99
27125 99
27126 196
27127 196
27128 116
27129 116
27130 188
27131 188
27132 188
27133 92
27134 277
27135 277
27136 277
27137 277
27138 277
27139 349
27140 258
27141 258
27142 258
27143 261
27144 261
27145 22
27146 22
27147 61
27148 61
27149 47
27150 364
27151 246
27152 246
27153 364
27154 246
27155 175
27156 175
27157 197
27158 197
27159 164
27160 122
27161 122
27162 274
27163 274
27164 98
27165 98
27166 78
27167 205
27168 127
27169 127
27170 43
27171 43
27172 141
27173 67
27174 263
27175 326
27176 226
27177 340
27178 340
27179 404
27180 85
27181 85
27182 406
27183 406
27184 406
27185 406
27186 406
27187 178
27188 178
27189 178
27190 275
27191 275
27192 280
27193 245
27194 245
27195 245
27196 245
27197 245
27198 245
27199 245
27200 333
27201 2
27202 155
27203 220
27204 129
27205 129
27206 129
27207 315
27208 51
27209 294
27210 392
27211 392
27212 392
27213 392
27214 392
27215 392
27216 424
27217 121
27218 386
27219 386
27220 386
27221 386
27222 244
27223 244
27224 244
27225 249
27226 244
27227 244
27228 12
27229 97
27230 293
27231 293
27232 366
27233 34
27234 34
27235 321
27236 403
27237 296
27238 403
27239 403
27240 296
27241 80
27242 297
27243 297
27244 297
27245 280
27246 113
27247 338
27248 338
27249 338
27250 400
27251 338
27252 334
27253 366
27254 366
27255 99
27256 138
27257 138
27258 139
27259 179
27260 78
27261 80
27262 247
27263 247
27264 381
27265 381
27266 381
27267 207
27268 211
27269 207
27270 48
27271 48
27272 48
27273 20
27274 97
27275 42
27276 42
27277 42
27278 142
27279 142
27280 269
27281 53
27282 53
27283 32
27284 395
27285 334
27286 91
27287 85
27288 257
27289 257
27290 257
27291 74
27292 74
27293 131
27294 131
27295 343
27296 77
27297 70
27298 288
27299 149
27300 149
27301 149
27302 149
27303 80
27304 225
27305 266
27306 254
27307 254
27308 254
27309 175
27310 322
27311 184
27312 184
27313 106
27314 84
27315 84
27316 363
27317 363
27318 304
27319 304
27320 304
27321 304
27322 59
27323 59
27324 59
27325 59
27326 414
27327 414
27328 414
27329 15
27330 15
27331 44
27332 214
27333 214
27334 135
27335 135
27336 135
27337 186
27338 186
27339 186
27340 385
27341 385
27342 385
27343 66
27344 66
27345 92
27346 92
27347 398
27348 398
27349 398
27350 392
27351 392
27352 392
27353 73
27354 73
27355 73
27356 44
27357 44
27358 44
27359 44
27360 60
27361 199
27362 199
27363 340
27364 340
27365 340
27366 340
27367 367
27368 367
27369 367
27370 367
27371 278
27372 278
27373 278
27374 281
27375 281
27376 281
27377 281
27378 153
27379 180
27380 172
27381 180
27382 180
27383 75
27384 75
27385 75
27386 259
27387 222
27388 78
27389 78
27390 78
27391 294
27392 251
27393 251
27394 71
27395 71
27396 71
27397 379
27398 76
27399 76
27400 40
27401 168
27402 40
27403 409
27404 409
27405 139
27406 139
27407 139
27408 44
27409 130
27410 130
27411 130
27412 358
27413 289
27414 220
27415 358
27416 5
27417 5
27418 5
27419 378
27420 378
27421 384
27422 378
27423 183
27424 183
27425 183
27426 178
27427 336
27428 336
27429 336
27430 225
27431 225
27432 193
27433 325
27434 179
27435 262
27436 263
27437 262
27438 83
27439 83
27440 83
27441 83
27442 223
27443 424
27444 424
27445 424
27446 316
27447 138
27448 426
27449 317
27450 317
27451 250
27452 171
27453 250
27454 344
27455 121
27456 121
27457 123
27458 123
27459 123
27460 123
27461 381
27462 381
27463 381
27464 117
27465 114
27466 15
27467 15
27468 250
27469 250
27470 271
27471 271
27472 271
27473 271
27474 296
27475 296
27476 310
27477 271
27478 271
27479 290
27480 24
27481 24
27482 328
27483 328
27484 167
27485 51
27486 336
27487 78
27488 329
27489 78
27490 78
27491 137
27492 78
27493 78
27494 121
27495 397
27496 262
27497 59
27498 59
27499 312
27500 312
27501 312
27502 95
27503 95
27504 95
27505 352
27506 352
27507 352
27508 153
27509 153
27510 153
27511 153
27512 137
27513 137
27514 137
27515 28
27516 28
27517 28
27518 271
27519 271
27520 271
27521 16
27522 140
27523 131
27524 131
27525 131
27526 131
27527 116
27528 116
27529 116
27530 64
27531 39
27532 39
27533 39
27534 308
27535 414
27536 414
27537 414
27538 422
27539 422
27540 29
27541 29
27542 206
27543 206
27544 206
27545 206
27546 72
27547 72
27548 405
27549 405
27550 405
27551 264
27552 151
27553 151
27554 151
27555 151
27556 151
27557 202
27558 59
27559 59
27560 59
27561 59
27562 237
27563 10
27564 10
27565 11
27566 24
27567 383
27568 383
27569 63
27570 63
27571 66
27572 63
27573 89
27574 89
27575 113
27576 238
27577 238
27578 238
27579 370
27580 6
27581 255
27582 178
27583 178
27584 135
27585 135
27586 380
27587 190
27588 190
27589 190
27590 190
27591 190
27592 295
27593 160
27594 314
27595 314
27596 314
27597 314
27598 314
27599 331
27600 331
27601 331
27602 331
27603 68
27604 68
27605 68
27606 218
27607 402
27608 402
27609 402
27610 412
27611 412
27612 34
27613 34
27614 34
27615 287
27616 330
27617 287
27618 239
27619 411
27620 239
27621 6
27622 181
27623 373
27624 175
27625 181
27626 102
27627 102
27628 38
27629 38
27630 143
27631 143
27632 32
27633 27
27634 412
27635 125
27636 227
27637 46
27638 46
27639 46
27640 67
27641 147
27642 192
27643 192
27644 211
27645 211
27646 211
27647 258
27648 258
27649 221
27650 79
27651 102
27652 102
27653 102
27654 410
27655 64
27656 300
27657 64
27658 393
27659 362
27660 158
27661 158
27662 322
27663 24
27664 150
27665 150
27666 153
27667 153
27668 278
27669 278
27670 145
27671 328
27672 145
27673 328
27674 3
27675 178
27676 4
27677 4
27678 235
27679 136
27680 136
27681 138
27682 363
27683 256
27684 18
27685 45
27686 45
27687 45
27688 45
27689 322
27690 97
27691 97
27692 146
27693 101
27694 72
27695 36
27696 339
27697 339
27698 339
27699 339
27700 339
27701 100
27702 100
27703 100
27704 100
27705 175
27706 90
27707 90
27708 304
27709 304
27710 304
27711 304
27712 136
27713 245
27714 91
27715 91
27716 289
27717 289
27718 389
27719 389
27720 389
27721 98
27722 10
27723 10
27724 10
27725 300
27726 300
27727 20
27728 71
27729 20
27730 20
27731 20
27732 87
27733 180
27734 180
27735 180
27736 180
27737 169
27738 180
27739 275
27740 35
27741 129
27742 3
27743 3
27744 349
27745 349
27746 349
27747 349
27748 294
27749 31
27750 31
27751 31
27752 31
27753 240
27754 320
27755 80
27756 131
27757 131
27758 119
27759 171
27760 348
27761 348
27762 126
27763 126
27764 202
27765 202
27766 290
27767 290
27768 20
27769 20
27770 340
27771 340
27772 340
27773 340
27774 340
27775 340
27776 340
27777 187
27778 187
27779 187
27780 187
27781 201
27782 194
27783 194
27784 194
27785 194
27786 137
27787 148
27788 106
27789 106
27790 254
27791 8
27792 8
27793 8
27794 406
27795 406
27796 126
27797 231
27798 231
27799 126
27800 239
27801 239
27802 285
27803 206
27804 422
27805 315
27806 315
27807 315
27808 397
27809 397
27810 71
27811 71
27812 352
27813 393
27814 393
27815 393
27816 334
27817 165
27818 165
27819 172
27820 165
27821 199
27822 288
27823 160
27824 160
27825 202
27826 321
27827 366
27828 321
27829 223
27830 223
27831 223
27832 325
27833 325
27834 325
27835 325
27836 115
27837 115
27838 115
27839 150
27840 150
27841 150
27842 44
27843 44
27844 44
27845 257
27846 257
27847 257
27848 63
27849 73
27850 99
27851 99
27852 263
27853 19
27854 19
27855 378
27856 378
27857 241
27858 241
27859 40
27860 45
27861 61
27862 347
27863 185
27864 327
27865 327
27866 158
27867 158
27868 158
27869 199
27870 424
27871 372
27872 372
27873 50
27874 50
27875 260
27876 260
27877 210
27878 292
27879 292
27880 292
27881 5
27882 5
27883 5
27884 418
27885 195
27886 394
27887 122
27888 122
27889 282
27890 282
27891 61
27892 61
27893 43
27894 308
27895 308
27896 300
27897 134
27898 35
27899 35
27900 35
27901 35
27902 35
27903 166
27904 166
27905 210
27906 30
27907 349
27908 349
27909 378
27910 378
27911 378
27912 195
27913 195
27914 44
27915 44
27916 44
27917 266
27918 266
27919 266
27920 350
27921 350
27922 350
27923 350
27924 350
27925 80
27926 137
27927 136
27928 137
27929 331
27930 53
27931 303
27932 241
27933 228
27934 228
27935 378
27936 378
27937 378
27938 83
27939 17
27940 389
27941 389
27942 140
27943 259
27944 259
27945 45
27946 45
27947 45
27948 45
27949 292
27950 170
27951 167
27952 339
27953 339
27954 177
27955 177
27956 177
27957 415
27958 415
27959 309
27960 309
27961 194
27962 194
27963 7
27964 398
27965 398
27966 398
27967 309
27968 309
27969 309
27970 411
27971 411
27972 73
27973 190
27974 190
27975 190
27976 190
27977 190
27978 280
27979 236
27980 280
27981 57
27982 20
27983 20
27984 330
27985 337
27986 330
27987 41
27988 41
27989 86
27990 86
27991 86
27992 290
27993 290
27994 407
27995 407
27996 407
27997 407
27998 134
27999 330
28000 224
28001 330
28002 424
28003 385
28004 385
28005 283
28006 283
28007 309
28008 309
28009 309
28010 93
28011 254
28012 263
28013 426
28014 252
28015 254
28016 254
28017 116
28018 116
28019 236
28020 78
28021 78
28022 78
28023 78
28024 78
28025 78
28026 237
28027 237
28028 237
28029 142
28030 142
28031 69
28032 69
28033 69
28034 366
28035 366
28036 366
28037 384
28038 20
28039 270
28040 270
28041 61
28042 61
28043 45
28044 45
28045 147
28046 249
28047 269
28048 74
28049 320
28050 320
28051 376
28052 284
28053 284
28054 284
28055 284
28056 350
28057 301
28058 301
28059 301
28060 322
28061 372
28062 302
28063 302
28064 53
28065 53
28066 213
28067 77
28068 365
28069 365
28070 365
28071 417
28072 401
28073 60
28074 265
28075 265
28076 254
28077 254
28078 254
28079 98
28080 160
28081 160
28082 160
28083 160
28084 212
28085 212
28086 268
28087 268
28088 90
28089 90
28090 90
28091 48
28092 48
28093 14
28094 163
28095 14
28096 14
28097 14
28098 354
28099 142
28100 142
28101 142
28102 3
28103 85
28104 373
28105 364
28106 188
28107 59
28108 59
28109 59
28110 59
28111 37
28112 249
28113 412
28114 343
28115 343
28116 343
28117 402
28118 402
28119 169
28120 169
28121 169
28122 389
28123 389
28124 389
28125 151
28126 151
28127 151
28128 74
28129 407
28130 407
28131 407
28132 407
28133 72
28134 72
28135 15
28136 15
28137 15
28138 15
28139 15
28140 18
28141 408
28142 354
28143 354
28144 246
28145 290
28146 290
28147 290
28148 110
28149 136
28150 136
28151 136
28152 136
28153 424
28154 424
28155 53
28156 53
28157 289
28158 354
28159 176
28160 176
28161 336
28162 336
28163 387
28164 387
28165 381
28166 143
28167 175
28168 143
28169 276
28170 346
28171 346
28172 346
28173 71
28174 71
28175 348
28176 256
28177 288
28178 290
28179 288
28180 288
28181 207
28182 213
28183 318
28184 318
28185 318
28186 334
28187 37
28188 37
28189 37
28190 33
28191 33
28192 133
28193 140
28194 130
28195 130
28196 382
28197 273
28198 415
28199 415
28200 415
28201 415
28202 403
28203 275
28204 411
28205 287
28206 411
28207 319
28208 319
28209 319
28210 397
28211 397
28212 397
28213 290
28214 290
28215 26
28216 184
28217 184
28218 206
28219 206
28220 206
28221 336
28222 413
28223 336
28224 336
28225 128
28226 251
28227 251
28228 233
28229 251
28230 314
28231 221
28232 185
28233 220
28234 269
28235 391
28236 394
28237 394
28238 394
28239 394
28240 342
28241 414
28242 414
28243 414
28244 171
28245 199
28246 199
28247 393
28248 393
28249 393
28250 393
28251 9
28252 9
28253 76
28254 76
28255 412
28256 412
28257 412
28258 196
28259 196
28260 196
28261 84
28262 168
28263 257
28264 257
28265 257
28266 257
28267 389
28268 150
28269 150
28270 74
28271 136
28272 136
28273 136
28274 136
28275 136
28276 136
28277 396
28278 394
28279 396
28280 343
28281 239
28282 141
28283 232
28284 241
28285 65
28286 65
28287 197
28288 33
28289 133
28290 6
28291 226
28292 247
28293 226
28294 226
28295 226
28296 236
28297 236
28298 236
28299 236
28300 236
28301 73
28302 127
28303 127
28304 127
28305 127
28306 127
28307 229
28308 64
28309 64
28310 64
28311 64
28312 64
28313 113
28314 81
28315 81
28316 81
28317 81
28318 81
28319 6
28320 29
28321 6
28322 113
28323 89
28324 89
28325 148
28326 383
28327 383
28328 383
28329 383
28330 399
28331 399
28332 399
28333 402
28334 400
28335 402
28336 402
28337 402
28338 427
28339 427
28340 427
28341 427
28342 171
28343 126
28344 126
28345 144
28346 9
28347 9
28348 9
28349 9
28350 381
28351 381
28352 381
28353 381
28354 57
28355 57
28356 57
28357 153
28358 153
28359 283
28360 283
28361 333
28362 93
28363 266
28364 266
28365 136
28366 78
28367 78
28368 78
28369 169
28370 169
28371 169
28372 169
28373 169
28374 373
28375 373
28376 75
28377 4
28378 97
28379 174
28380 174
28381 174
28382 174
28383 282
28384 225
28385 225
28386 206
28387 206
28388 206
28389 206
28390 206
28391 206
28392 77
28393 19
28394 19
28395 98
28396 98
28397 98
28398 225
28399 125
28400 32
28401 37
28402 35
28403 202
28404 112
28405 48
28406 126
28407 126
28408 94
28409 368
28410 368
28411 32
28412 32
28413 32
28414 85
28415 85
28416 85
28417 85
28418 193
28419 197
28420 197
28421 197
28422 211
28423 211
28424 400
28425 400
28426 400
28427 400
28428 290
28429 273
28430 301
28431 301
28432 200
28433 49
28434 49
28435 220
28436 284
28437 276
28438 274
28439 35
28440 35
28441 35
28442 399
28443 399
28444 37
28445 37
28446 37
28447 314
28448 314
28449 346
28450 78
28451 78
28452 138
28453 138
28454 157
28455 157
28456 384
28457 384
28458 384
28459 384
28460 120
28461 120
28462 120
28463 32
28464 212
28465 212
28466 212
28467 174
28468 168
28469 174
28470 174
28471 109
28472 175
28473 188
28474 146
28475 146
28476 333
28477 379
28478 379
28479 379
28480 345
28481 345
28482 117
28483 117
28484 117
28485 333
28486 333
28487 410
28488 410
28489 410
28490 410
28491 313
28492 313
28493 313
28494 313
28495 313
28496 174
28497 174
28498 174
28499 29
28500 29
28501 29
28502 29
28503 363
28504 389
28505 178
28506 178
28507 369
28508 369
28509 159
28510 159
28511 234
28512 234
28513 117
28514 117
28515 337
28516 337
28517 337
28518 337
28519 337
28520 152
28521 49
28522 411
28523 411
28524 411
28525 401
28526 401
28527 26
28528 26
28529 280
28530 280
28531 354
28532 354
28533 299
28534 299
28535 299
28536 299
28537 299
28538 213
28539 82
28540 371
28541 371
28542 371
28543 371
28544 371
28545 20
28546 20
28547 256
28548 76
28549 76
28550 76
28551 309
28552 309
28553 76
28554 76
28555 261
28556 235
28557 186
28558 186
28559 189
28560 101
28561 101
28562 245
28563 95
28564 95
28565 91
28566 83
28567 91
28568 325
28569 325
28570 325
28571 413
28572 413
28573 312
28574 312
28575 312
28576 264
28577 264
28578 306
28579 275
28580 275
28581 275
28582 30
28583 358
28584 413
28585 413
28586 413
28587 287
28588 81
28589 81
28590 81
28591 133
28592 113
28593 295
28594 295
28595 295
28596 190
28597 190
28598 403
28599 403
28600 403
28601 349
28602 142
28603 26
28604 92
28605 278
28606 278
28607 186
28608 186
28609 424
28610 424
28611 67
28612 67
28613 319
28614 393
28615 393
28616 393
28617 393
28618 317
28619 317
28620 317
28621 194
28622 194
28623 194
28624 122
28625 200
28626 122
28627 27
28628 416
28629 416
28630 43
28631 43
28632 43
28633 104
28634 41
28635 41
28636 403
28637 232
28638 321
28639 403
28640 226
28641 226
28642 110
28643 110
28644 204
28645 132
28646 186
28647 101
28648 101
28649 420
28650 420
28651 308
28652 124
28653 124
28654 412
28655 412
28656 412
28657 412
28658 412
28659 39
28660 39
28661 131
28662 330
28663 141
28664 154
28665 154
28666 154
28667 318
28668 318
28669 91
28670 350
28671 283
28672 350
28673 359
28674 359
28675 265
28676 265
28677 121
28678 138
28679 244
28680 244
28681 244
28682 244
28683 80
28684 382
28685 23
28686 23
28687 23
28688 23
28689 240
28690 240
28691 240
28692 56
28693 100
28694 100
28695 208
28696 186
28697 208
28698 208
28699 148
28700 363
28701 208
28702 208
28703 259
28704 259
28705 259
28706 345
28707 318
28708 318
28709 337
28710 337
28711 344
28712 168
28713 250
28714 250
28715 18
28716 227
28717 91
28718 91
28719 91
28720 101
28721 190
28722 190
28723 363
28724 363
28725 363
28726 251
28727 131
28728 157
28729 157
28730 78
28731 80
28732 400
28733 400
28734 400
28735 400
28736 209
28737 208
28738 267
28739 196
28740 306
28741 306
28742 227
28743 88
28744 88
28745 88
28746 20
28747 20
28748 20
28749 414
28750 414
28751 197
28752 194
28753 194
28754 148
28755 55
28756 55
28757 55
28758 151
28759 173
28760 132
28761 132
28762 245
28763 418
28764 418
28765 418
28766 418
28767 361
28768 361
28769 422
28770 422
28771 294
28772 188
28773 296
28774 309
28775 136
28776 136
28777 136
28778 136
28779 383
28780 423
28781 423
28782 310
28783 178
28784 177
28785 177
28786 234
28787 234
28788 234
28789 140
28790 415
28791 230
28792 230
28793 230
28794 230
28795 44
28796 44
28797 44
28798 367
28799 367
28800 367
28801 60
28802 60
28803 60
28804 60
28805 246
28806 390
28807 85
28808 383
28809 101
28810 352
28811 352
28812 393
28813 393
28814 13
28815 241
28816 241
28817 200
28818 200
28819 172
28820 172
28821 172
28822 230
28823 230
28824 230
28825 230
28826 184
28827 173
28828 184
28829 290
28830 36
28831 388
28832 388
28833 116
28834 220
28835 220
28836 274
28837 320
28838 293
28839 125
28840 36
28841 36
28842 36
28843 5
28844 5
28845 181
28846 414
28847 411
28848 317
28849 100
28850 344
28851 330
28852 341
28853 341
28854 341
28855 341
28856 387
28857 387
28858 161
28859 409
28860 161
28861 161
28862 161
28863 161
28864 409
28865 167
28866 263
28867 263
28868 263
28869 382
28870 371
28871 320
28872 320
28873 332
28874 332
28875 332
28876 332
28877 299
28878 299
28879 67
28880 372
28881 372
28882 372
28883 60
28884 105
28885 267
28886 424
28887 424
28888 424
28889 424
28890 19
28891 118
28892 19
28893 392
28894 392
28895 392
28896 392
28897 392
28898 160
28899 337
28900 263
28901 263
28902 60
28903 60
28904 73
28905 67
28906 233
28907 233
28908 74
28909 148
28910 329
28911 343
28912 244
28913 78
28914 30
28915 70
28916 231
28917 231
28918 231
28919 231
28920 398
28921 398
28922 20
28923 20
28924 20
28925 207
28926 207
28927 358
28928 358
28929 358
28930 358
28931 125
28932 302
28933 302
28934 229
28935 256
28936 256
28937 11
28938 11
28939 339
28940 339
28941 339
28942 339
28943 373
28944 419
28945 222
28946 261
28947 419
28948 57
28949 225
28950 57
28951 338
28952 338
28953 338
28954 249
28955 185
28956 185
28957 97
28958 97
28959 97
28960 91
28961 91
28962 318
28963 318
28964 318
28965 297
28966 297
28967 53
28968 130
28969 130
28970 130
28971 130
28972 63
28973 63
28974 389
28975 242
28976 389
28977 242
28978 412
28979 412
28980 284
28981 284
28982 284
28983 284
28984 284
28985 31
28986 31
28987 31
28988 68
28989 68
28990 246
28991 33
28992 33
28993 33
28994 75
28995 75
28996 75
28997 10
28998 10
28999 2
29000 203
29001 203
29002 203
29003 412
29004 203
29005 203
29006 203
29007 228
29008 312
29009 249
29010 249
29011 249
29012 200
29013 205
29014 6
29015 6
29016 20
29017 93
29018 156
29019 156
29020 156
29021 367
29022 367
29023 20
29024 20
29025 20
29026 20
29027 142
29028 142
29029 321
29030 75
29031 75
29032 277
29033 277
29034 8
29035 8
29036 8
29037 379
29038 286
29039 392
29040 392
29041 80
29042 420
29043 420
29044 420
29045 420
29046 233
29047 233
29048 233
29049 233
29050 140
29051 364
29052 290
29053 174
29054 230
29055 230
29056 264
29057 264
29058 264
29059 7
29060 7
29061 142
29062 142
29063 142
29064 27
29065 27
29066 27
29067 27
29068 328
29069 230
29070 172
29071 172
29072 172
29073 172
29074 85
29075 2
29076 209
29077 326
29078 326
29079 39
29080 398
29081 396
29082 396
29083 334
29084 311
29085 281
29086 281
29087 281
29088 142
29089 107
29090 131
29091 112
29092 251
29093 188
29094 333
29095 341
29096 333
29097 133
29098 133
29099 151
29100 259
29101 320
29102 320
29103 296
29104 314
29105 6
29106 279
29107 254
29108 256
29109 101
29110 92
29111 92
29112 92
29113 291
29114 291
29115 197
29116 197
29117 198
29118 198
29119 198
29120 198
29121 198
29122 56
29123 198
29124 403
29125 310
29126 402
29127 402
29128 133
29129 134
29130 133
29131 134
29132 82
29133 40
29134 40
29135 40
29136 312
29137 67
29138 232
29139 231
29140 232
29141 231
29142 192
29143 194
29144 192
29145 192
29146 391
29147 391
29148 391
29149 210
29150 210
29151 9
29152 29
29153 348
29154 348
29155 348
29156 348
29157 276
29158 147
29159 52
29160 52
29161 386
29162 386
29163 386
29164 421
29165 387
29166 387
29167 387
29168 132
29169 88
29170 88
29171 67
29172 67
29173 67
29174 103
29175 103
29176 34
29177 34
29178 34
29179 249
29180 205
29181 205
29182 205
29183 319
29184 319
29185 319
29186 319
29187 319
29188 13
29189 13
29190 13
29191 80
29192 288
29193 288
29194 288
29195 15
29196 15
29197 160
29198 160
29199 227
29200 227
29201 227
29202 227
29203 410
29204 410
29205 410
29206 410
29207 410
29208 410
29209 410
29210 139
29211 349
29212 130
29213 130
29214 94
29215 94
29216 94
29217 36
29218 35
29219 35
29220 86
29221 86
29222 86
29223 86
29224 384
29225 384
29226 285
29227 334
29228 286
29229 285
29230 285
29231 285
29232 329
29233 378
29234 378
29235 378
29236 52
29237 52
29238 26
29239 26
29240 50
29241 50
29242 50
29243 50
29244 27
29245 370
29246 370
29247 370
29248 370
29249 198
29250 198
29251 10
29252 358
29253 358
29254 317
29255 74
29256 83
29257 83
29258 83
29259 83
29260 130
29261 130
29262 54
29263 54
29264 54
29265 54
29266 54
29267 140
29268 375
29269 377
29270 377
29271 195
29272 195
29273 195
29274 160
29275 260
29276 260
29277 260
29278 260
29279 89
29280 121
29281 187
29282 187
29283 245
29284 280
29285 376
29286 260
29287 410
29288 410
29289 182
29290 194
29291 194
29292 129
29293 194
29294 210
29295 210
29296 89
29297 89
29298 89
29299 239
29300 239
29301 145
29302 152
29303 183
29304 183
29305 183
29306 183
29307 183
29308 56
29309 56
29310 303
29311 267
29312 15
29313 15
29314 15
29315 248
29316 137
29317 380
29318 380
29319 353
29320 353
29321 353
29322 82
29323 82
29324 82
29325 371
29326 206
29327 206
29328 134
29329 182
29330 149
29331 259
29332 259
29333 292
29334 38
29335 38
29336 163
29337 414
29338 414
29339 107
29340 107
29341 107
29342 15
29343 15
29344 379
29345 379
29346 379
29347 282
29348 315
29349 315
29350 167
29351 167
29352 182
29353 167
29354 167
29355 138
29356 138
29357 138
29358 138
29359 363
29360 363
29361 415
29362 418
29363 117
29364 117
29365 117
29366 368
29367 368
29368 8
29369 8
29370 8
29371 8
29372 8
29373 52
29374 52
29375 52
29376 52
29377 34
29378 34
29379 158
29380 158
29381 158
29382 158
29383 139
29384 139
29385 139
29386 274
29387 240
29388 240
29389 348
29390 166
29391 269
29392 269
29393 104
29394 260
29395 346
29396 346
29397 346
29398 367
29399 367
29400 367
29401 367
29402 121
29403 195
29404 235
29405 85
29406 85
29407 274
29408 274
29409 101
29410 366
29411 334
29412 366
29413 238
29414 107
29415 279
29416 293
29417 293
29418 382
29419 234
29420 18
29421 94
29422 335
29423 242
29424 100
29425 100
29426 369
29427 369
29428 369
29429 340
29430 340
29431 78
29432 232
29433 78
29434 78
29435 406
29436 406
29437 406
29438 406
29439 406
29440 426
29441 426
29442 426
29443 82
29444 82
29445 424
29446 424
29447 424
29448 4
29449 365
29450 365
29451 365
29452 202
29453 267
29454 267
29455 267
29456 68
29457 68
29458 330
29459 330
29460 390
29461 390
29462 390
29463 266
29464 266
29465 266
29466 266
29467 266
29468 18
29469 310
29470 258
29471 258
29472 258
29473 192
29474 38
29475 312
29476 132
29477 351
29478 132
29479 132
29480 132
29481 62
29482 62
29483 62
29484 62
29485 323
29486 207
29487 207
29488 414
29489 414
29490 414
29491 414
29492 304
29493 304
29494 374
29495 374
29496 374
29497 46
29498 46
29499 46
29500 46
29501 56
29502 141
29503 360
29504 127
29505 7
29506 7
29507 7
29508 7
29509 7
29510 7
29511 275
29512 274
29513 377
29514 298
29515 298
29516 113
29517 113
29518 266
29519 81
29520 81
29521 81
29522 81
29523 81
29524 317
29525 317
29526 231
29527 103
29528 103
29529 141
29530 241
29531 241
29532 28
29533 28
29534 28
29535 242
29536 179
29537 407
29538 271
29539 271
29540 271
29541 271
29542 271
29543 271
29544 363
29545 363
29546 18
29547 18
29548 129
29549 129
29550 410
29551 410
29552 346
29553 346
29554 61
29555 61
29556 179
29557 313
29558 299
29559 341
29560 151
29561 151
29562 151
29563 151
29564 151
29565 24
29566 24
29567 24
29568 24
29569 283
29570 206
29571 133
29572 56
29573 376
29574 376
29575 376
29576 229
29577 395
29578 103
29579 100
29580 100
29581 100
29582 310
29583 144
29584 170
29585 134
29586 144
29587 144
29588 147
29589 147
29590 23
29591 99
29592 403
29593 403
29594 270
29595 270
29596 279
29597 270
29598 270
29599 22
29600 22
29601 22
29602 359
29603 24
29604 88
29605 88
29606 88
29607 194
29608 194
29609 322
29610 322
29611 322
29612 54
29613 54
29614 54
29615 54
29616 193
29617 90
29618 370
29619 20
29620 139
29621 421
29622 421
29623 380
29624 380
29625 380
29626 31
29627 31
29628 124
29629 287
29630 335
29631 335
29632 347
29633 335
29634 134
29635 187
29636 33
29637 253
29638 253
29639 253
29640 138
29641 138
29642 188
29643 246
29644 223
29645 223
29646 219
29647 223
29648 145
29649 310
29650 310
29651 164
29652 164
29653 126
29654 255
29655 255
29656 90
29657 90
29658 90
29659 63
29660 63
29661 63
29662 63
29663 63
29664 280
29665 280
29666 280
29667 280
29668 280
29669 76
29670 179
29671 259
29672 198
29673 198
29674 198
29675 198
29676 5
29677 372
29678 372
29679 327
29680 324
29681 360
29682 156
29683 156
29684 288
29685 288
29686 56
29687 56
29688 185
29689 56
29690 387
29691 165
29692 353
29693 353
29694 27
29695 27
29696 286
29697 286
29698 286
29699 212
29700 212
29701 212
29702 212
29703 212
29704 316
29705 316
29706 303
29707 323
29708 359
29709 13
29710 346
29711 347
29712 347
29713 161
29714 334
29715 165
29716 334
29717 73
29718 286
29719 62
29720 62
29721 343
29722 220
29723 178
29724 178
29725 178
29726 101
29727 101
29728 51
29729 49
29730 49
29731 49
29732 151
29733 151
29734 306
29735 306
29736 199
29737 361
29738 16
29739 319
29740 14
29741 251
29742 251
29743 251
29744 106
29745 106
29746 381
29747 48
29748 48
29749 9
29750 9
29751 9
29752 9
29753 9
29754 9
29755 9
29756 259
29757 259
29758 227
29759 259
29760 90
29761 226
29762 73
29763 73
29764 419
29765 419
29766 424
29767 281
29768 188
29769 192
29770 98
29771 98
29772 171
29773 171
29774 171
29775 171
29776 86
29777 86
29778 86
29779 206
29780 206
29781 287
29782 287
29783 287
29784 287
29785 382
29786 382
29787 184
29788 203
29789 203
29790 251
29791 226
29792 251
29793 251
29794 251
29795 106
29796 106
29797 106
29798 102
29799 102
29800 268
29801 268
29802 118
29803 314
29804 314
29805 314
29806 314
29807 314
29808 147
29809 326
29810 326
29811 47
29812 269
29813 176
29814 176
29815 418
29816 246
29817 336
29818 336
29819 32
29820 319
29821 319
29822 423
29823 127
29824 127
29825 146
29826 211
29827 211
29828 282
29829 50
29830 70
29831 117
29832 70
29833 70
29834 70
29835 23
29836 23
29837 373
29838 370
29839 278
29840 278
29841 147
29842 288
29843 182
29844 427
29845 427
29846 427
29847 427
29848 427
29849 427
29850 390
29851 236
29852 383
29853 398
29854 249
29855 249
29856 249
29857 249
29858 395
29859 395
29860 395
29861 395
29862 132
29863 112
29864 420
29865 420
29866 420
29867 420
29868 420
29869 420
29870 309
29871 309
29872 389
29873 256
29874 3
29875 240
29876 299
29877 299
29878 299
29879 197
29880 197
29881 388
29882 388
29883 388
29884 388
29885 220
29886 220
29887 220
29888 220
29889 312
29890 312
29891 312
29892 183
29893 15
29894 15
29895 276
29896 196
29897 196
29898 94
29899 249
29900 94
29901 352
29902 352
29903 352
29904 352
29905 352
29906 125
29907 125
29908 416
29909 363
29910 119
29911 119
29912 347
29913 358
29914 347
29915 358
29916 268
29917 268
29918 350
29919 273
29920 273
29921 273
29922 273
29923 273
29924 101
29925 183
29926 183
29927 74
29928 290
29929 213
29930 377
29931 377
29932 198
29933 198
29934 92
29935 92
29936 92
29937 92
29938 92
29939 87
29940 188
29941 183
29942 183
29943 143
29944 143
29945 143
29946 213
29947 290
29948 94
29949 173
29950 173
29951 132
29952 403
29953 32
29954 275
29955 399
29956 399
29957 399
29958 18
29959 203
29960 203
29961 199
29962 308
29963 126
29964 154
29965 20
29966 279
29967 279
29968 294
29969 294
29970 178
29971 178
29972 142
29973 117
29974 223
29975 223
29976 223
29977 225
29978 117
29979 93
29980 93
29981 139
29982 25
29983 178
29984 289
29985 390
29986 301
29987 301
29988 28
29989 28
29990 28
29991 28
29992 28
29993 28
29994 263
29995 214
29996 214
29997 214
29998 61
29999 61
