5000 105
5001 181
5002 82
5003 30
5004 2
5005 162
5006 5
5007 112
5008 118
5009 21
5010 59
5011 190
5012 165
5013 127
5014 191
5015 155
5016 118
5017 111
5018 158
5019 138
5020 15
5021 163
5022 122
5023 116
5024 41
5025 57
5026 83
5027 18
5028 13
5029 21
5030 170
5031 190
5032 169
5033 188
5034 21
5035 98
5036 116
5037 143
5038 66
5039 179
5040 103
5041 149
5042 147
5043 89
5044 145
5045 187
5046 98
5047 188
5048 119
5049 192
5050 192
5051 7
5052 60
5053 136
5054 89
5055 3
5056 97
5057 61
5058 87
5059 149
5060 201
5061 146
5062 192
5063 61
5064 131
5065 139
5066 100
5067 72
5068 111
5069 169
5070 13
5071 185
5072 190
5073 35
5074 83
5075 198
5076 48
5077 74
5078 24
5079 19
5080 36
5081 148
5082 57
5083 84
5084 190
5085 145
5086 160
5087 108
5088 131
5089 6
5090 157
5091 149
5092 99
5093 25
5094 157
5095 44
5096 150
5097 37
5098 91
5099 145
5100 116
5101 171
5102 7
5103 167
5104 71
5105 144
5106 190
5107 198
5108 178
5109 113
5110 97
5111 31
5112 21
5113 23
5114 107
5115 127
5116 99
5117 60
5118 81
5119 199
5120 177
5121 184
5122 197
5123 85
5124 88
5125 87
5126 41
5127 116
5128 37
5129 28
5130 3
5131 176
5132 0
5133 0
5134 187
5135 181
5136 180
5137 96
5138 165
5139 172
5140 196
5141 148
5142 131
5143 151
5144 40
5145 108
5146 84
5147 77
5148 99
5149 37
5150 140
5151 99
5152 162
5153 55
5154 110
5155 20
5156 109
5157 159
5158 77
5159 185
5160 137
5161 176
5162 17
5163 182
5164 73
5165 64
5166 115
5167 23
5168 37
5169 122
5170 66
5171 14
5172 28
5173 112
5174 30
5175 99
5176 41
5177 0
5178 93
5179 20
5180 200
5181 102
5182 10
5183 103
5184 109
5185 58
5186 172
5187 195
5188 7
5189 80
5190 144
5191 184
5192 181
5193 155
5194 136
5195 88
5196 147
5197 40
5198 131
5199 81
5200 153
5201 54
5202 107
5203 117
5204 120
5205 55
5206 108
5207 180
5208 69
5209 33
5210 156
5211 67
5212 114
5213 141
5214 199
5215 32
5216 37
5217 34
5218 183
5219 29
5220 36
5221 52
5222 27
5223 150
5224 189
5225 9
5226 79
5227 54
5228 54
5229 155
5230 124
5231 75
5232 120
5233 148
5234 58
5235 122
5236 77
5237 98
5238 82
5239 38
5240 16
5241 86
5242 150
5243 119
5244 186
5245 148
5246 165
5247 45
5248 74
5249 4
5250 178
5251 46
5252 43
5253 8
5254 159
5255 13
5256 50
5257 140
5258 195
5259 11
5260 39
5261 132
5262 126
5263 54
5264 194
5265 60
5266 183
5267 65
5268 8
5269 152
5270 154
5271 89
5272 17
5273 12
5274 39
5275 160
5276 111
5277 187
5278 14
5279 138
5280 77
5281 95
5282 81
5283 95
5284 76
5285 80
5286 51
5287 74
5288 73
5289 84
5290 177
5291 42
5292 118
5293 193
5294 61
5295 197
5296 191
5297 156
5298 150
5299 199
5300 58
5301 2
5302 33
5303 102
5304 0
5305 46
5306 61
5307 122
5308 99
5309 8
5310 77
5311 14
5312 47
5313 80
5314 107
5315 112
5316 79
5317 112
5318 158
5319 132
5320 59
5321 137
5322 21
5323 157
5324 42
5325 63
5326 16
5327 133
5328 47
5329 42
5330 35
5331 94
5332 76
5333 96
5334 30
5335 164
5336 148
5337 97
5338 155
5339 42
5340 184
5341 73
5342 82
5343 6
5344 132
5345 122
5346 63
5347 106
5348 198
5349 57
5350 73
5351 90
5352 192
5353 79
5354 200
5355 73
5356 106
5357 86
5358 21
5359 187
5360 44
5361 148
5362 88
5363 56
5364 121
5365 153
5366 143
5367 7
5368 146
5369 79
5370 24
5371 83
5372 32
5373 153
5374 135
5375 134
5376 74
5377 147
5378 58
5379 179
5380 7
5381 41
5382 85
5383 178
5384 16
5385 140
5386 118
5387 58
5388 17
5389 2
5390 107
5391 15
5392 85
5393 75
5394 90
5395 123
5396 146
5397 139
5398 170
5399 122
5400 24
5401 21
5402 32
5403 196
5404 168
5405 146
5406 9
5407 155
5408 93
5409 160
5410 28
5411 141
5412 28
5413 157
5414 67
5415 1
5416 80
5417 188
5418 132
5419 169
5420 146
5421 121
5422 96
5423 137
5424 10
5425 22
5426 39
5427 171
5428 153
5429 45
5430 198
5431 187
5432 17
5433 109
5434 1
5435 55
5436 179
5437 192
5438 173
5439 116
5440 45
5441 24
5442 155
5443 181
5444 146
5445 12
5446 111
5447 30
5448 48
5449 43
5450 117
5451 137
5452 120
5453 34
5454 41
5455 185
5456 164
5457 78
5458 72
5459 147
5460 156
5461 168
5462 107
5463 103
5464 36
5465 40
5466 60
5467 81
5468 126
5469 96
5470 43
5471 90
5472 46
5473 185
5474 86
5475 11
5476 166
5477 53
5478 169
5479 192
5480 36
5481 166
5482 64
5483 28
5484 28
5485 154
5486 95
5487 103
5488 178
5489 138
5490 46
5491 10
5492 172
5493 73
5494 160
5495 51
5496 176
5497 193
5498 155
5499 201
5500 139
5501 182
5502 2
5503 140
5504 164
5505 22
5506 179
5507 200
5508 195
5509 190
5510 187
5511 81
5512 65
5513 136
5514 76
5515 132
5516 115
5517 166
5518 145
5519 7
5520 18
5521 145
5522 94
5523 100
5524 29
5525 191
5526 136
5527 172
5528 88
5529 195
5530 26
5531 23
5532 182
5533 122
5534 119
5535 30
5536 135
5537 43
5538 7
5539 83
5540 178
5541 33
5542 28
5543 25
5544 46
5545 156
5546 119
5547 32
5548 138
5549 58
5550 12
5551 178
5552 120
5553 135
5554 150
5555 71
5556 114
5557 170
5558 138
5559 11
5560 155
5561 153
5562 199
5563 158
5564 180
5565 6
5566 157
5567 1
5568 24
5569 160
5570 198
5571 133
5572 188
5573 165
5574 0
5575 28
5576 146
5577 170
5578 113
5579 72
5580 16
5581 37
5582 22
5583 139
5584 161
5585 72
5586 68
5587 178
5588 31
5589 9
5590 180
5591 190
5592 124
5593 50
5594 22
5595 133
5596 39
5597 77
5598 63
5599 199
5600 2
5601 178
5602 57
5603 198
5604 103
5605 13
5606 10
5607 42
5608 186
5609 169
5610 104
5611 10
5612 177
5613 85
5614 177
5615 9
5616 161
5617 71
5618 90
5619 48
5620 58
5621 194
5622 20
5623 58
5624 65
5625 113
5626 94
5627 73
5628 92
5629 90
5630 3
5631 102
5632 45
5633 24
5634 91
5635 103
5636 67
5637 66
5638 14
5639 189
5640 92
5641 25
5642 20
5643 193
5644 95
5645 162
5646 52
5647 134
5648 164
5649 45
5650 154
5651 63
5652 26
5653 48
5654 35
5655 3
5656 16
5657 67
5658 64
5659 52
5660 27
5661 186
5662 47
5663 122
5664 158
5665 81
5666 90
5667 70
5668 72
5669 3
5670 92
5671 60
5672 91
5673 123
5674 119
5675 109
5676 6
5677 118
5678 113
5679 168
5680 169
5681 201
5682 175
5683 110
5684 138
5685 119
5686 191
5687 62
5688 132
5689 35
5690 139
5691 73
5692 54
5693 133
5694 156
5695 65
5696 150
5697 152
5698 115
5699 148
5700 92
5701 175
5702 182
5703 101
5704 168
5705 121
5706 5
5707 87
5708 139
5709 97
5710 179
5711 92
5712 29
5713 25
5714 150
5715 145
5716 119
5717 110
5718 130
5719 27
5720 104
5721 16
5722 166
5723 199
5724 127
5725 69
5726 156
5727 124
5728 145
5729 155
5730 72
5731 124
5732 113
5733 147
5734 110
5735 117
5736 191
5737 119
5738 80
5739 201
5740 73
5741 139
5742 201
5743 176
5744 8
5745 93
5746 3
5747 167
5748 42
5749 158
5750 51
5751 0
5752 155
5753 40
5754 192
5755 159
5756 75
5757 140
5758 147
5759 158
5760 5
5761 141
5762 105
5763 195
5764 19
5765 1
5766 110
5767 175
5768 34
5769 136
5770 11
5771 138
5772 194
5773 83
5774 134
5775 51
5776 33
5777 0
5778 37
5779 132
5780 29
5781 160
5782 60
5783 16
5784 138
5785 135
5786 33
5787 84
5788 187
5789 169
5790 45
5791 145
5792 104
5793 186
5794 35
5795 187
5796 71
5797 119
5798 109
5799 74
5800 189
5801 190
5802 166
5803 81
5804 32
5805 31
5806 80
5807 158
5808 14
5809 179
5810 111
5811 146
5812 100
5813 89
5814 159
5815 113
5816 104
5817 146
5818 40
5819 8
5820 32
5821 12
5822 186
5823 115
5824 53
5825 54
5826 146
5827 31
5828 194
5829 23
5830 110
5831 58
5832 27
5833 90
5834 158
5835 75
5836 35
5837 28
5838 84
5839 178
5840 34
5841 156
5842 43
5843 18
5844 154
5845 129
5846 62
5847 143
5848 199
5849 51
5850 8
5851 134
5852 28
5853 42
5854 77
5855 17
5856 130
5857 100
5858 139
5859 161
5860 85
5861 60
5862 182
5863 40
5864 161
5865 44
5866 107
5867 104
5868 117
5869 146
5870 31
5871 30
5872 49
5873 155
5874 118
5875 30
5876 60
5877 52
5878 138
5879 138
5880 172
5881 22
5882 53
5883 63
5884 81
5885 113
5886 21
5887 195
5888 59
5889 51
5890 14
5891 8
5892 26
5893 133
5894 123
5895 127
5896 132
5897 58
5898 29
5899 21
5900 40
5901 185
5902 138
5903 99
5904 77
5905 79
5906 97
5907 93
5908 71
5909 42
5910 192
5911 171
5912 126
5913 44
5914 17
5915 165
5916 82
5917 7
5918 72
5919 42
5920 200
5921 100
5922 23
5923 198
5924 14
5925 120
5926 95
5927 48
5928 51
5929 89
5930 149
5931 193
5932 17
5933 185
5934 142
5935 121
5936 10
5937 15
5938 140
5939 98
5940 143
5941 69
5942 39
5943 104
5944 111
5945 10
5946 100
5947 161
5948 105
5949 13
5950 125
5951 201
5952 179
5953 86
5954 179
5955 2
5956 147
5957 84
5958 153
5959 110
5960 81
5961 129
5962 166
5963 179
5964 79
5965 16
5966 176
5967 73
5968 6
5969 184
5970 10
5971 55
5972 42
5973 155
5974 157
5975 18
5976 60
5977 162
5978 9
5979 14
5980 153
5981 66
5982 28
5983 29
5984 43
5985 142
5986 88
5987 34
5988 90
5989 93
5990 177
5991 90
5992 68
5993 20
5994 164
5995 38
5996 200
5997 144
5998 84
5999 194
6000 54
6001 188
6002 155
6003 68
6004 140
6005 166
6006 62
6007 66
6008 37
6009 84
6010 156
6011 157
6012 52
6013 20
6014 62
6015 185
6016 54
6017 171
6018 200
6019 6
6020 162
6021 15
6022 8
6023 63
6024 140
6025 21
6026 174
6027 88
6028 161
6029 107
6030 35
6031 97
6032 171
6033 156
6034 188
6035 42
6036 18
6037 192
6038 170
6039 107
6040 35
6041 110
6042 195
6043 30
6044 75
6045 155
6046 72
6047 48
6048 60
6049 60
6050 79
6051 111
6052 96
6053 20
6054 69
6055 28
6056 72
6057 124
6058 100
6059 35
6060 112
6061 53
6062 55
6063 64
6064 114
6065 61
6066 33
6067 186
6068 11
6069 23
6070 123
6071 145
6072 128
6073 182
6074 179
6075 188
6076 92
6077 86
6078 169
6079 201
6080 191
6081 197
6082 85
6083 61
6084 29
6085 73
6086 57
6087 36
6088 137
6089 107
6090 188
6091 62
6092 96
6093 12
6094 46
6095 78
6096 150
6097 75
6098 72
6099 90
6100 189
6101 144
6102 111
6103 148
6104 87
6105 181
6106 52
6107 175
6108 167
6109 0
6110 159
6111 126
6112 201
6113 68
6114 55
6115 26
6116 33
6117 24
6118 113
6119 15
6120 40
6121 21
6122 182
6123 33
6124 32
6125 32
6126 192
6127 162
6128 146
6129 2
6130 126
6131 147
6132 17
6133 85
6134 15
6135 109
6136 193
6137 103
6138 166
6139 82
6140 156
6141 63
6142 52
6143 96
6144 143
6145 162
6146 85
6147 169
6148 6
6149 165
6150 142
6151 97
6152 29
6153 134
6154 80
6155 28
6156 106
6157 101
6158 52
6159 8
6160 13
6161 192
6162 187
6163 39
6164 126
6165 155
6166 102
6167 49
6168 44
6169 181
6170 128
6171 154
6172 150
6173 195
6174 6
6175 54
6176 73
6177 3
6178 178
6179 90
6180 109
6181 96
6182 120
6183 6
6184 56
6185 61
6186 129
6187 62
6188 79
6189 34
6190 61
6191 155
6192 48
6193 191
6194 89
6195 107
6196 132
6197 46
6198 168
6199 42
6200 144
6201 125
6202 171
6203 132
6204 7
6205 61
6206 117
6207 8
6208 184
6209 145
6210 145
6211 98
6212 104
6213 177
6214 56
6215 185
6216 191
6217 180
6218 182
6219 117
6220 79
6221 28
6222 57
6223 74
6224 136
6225 61
6226 119
6227 191
6228 192
6229 9
6230 159
6231 97
6232 123
6233 111
6234 172
6235 174
6236 24
6237 73
6238 185
6239 26
6240 58
6241 104
6242 86
6243 183
6244 79
6245 137
6246 101
6247 146
6248 200
6249 98
6250 20
6251 124
6252 88
6253 192
6254 1
6255 84
6256 168
6257 7
6258 60
6259 134
6260 10
6261 49
6262 114
6263 177
6264 47
6265 84
6266 86
6267 184
6268 148
6269 151
6270 91
6271 154
6272 22
6273 150
6274 199
6275 81
6276 36
6277 157
6278 65
6279 166
6280 22
6281 135
6282 29
6283 62
6284 152
6285 63
6286 157
6287 105
6288 193
6289 49
6290 132
6291 39
6292 131
6293 196
6294 106
6295 31
6296 68
6297 47
6298 169
6299 148
6300 11
6301 63
6302 142
6303 2
6304 56
6305 137
6306 186
6307 39
6308 99
6309 122
6310 147
6311 4
6312 57
6313 11
6314 179
6315 83
6316 87
6317 125
6318 104
6319 66
6320 172
6321 74
6322 195
6323 153
6324 137
6325 11
6326 63
6327 191
6328 42
6329 98
6330 74
6331 86
6332 1
6333 66
6334 119
6335 61
6336 17
6337 110
6338 9
6339 127
6340 96
6341 64
6342 97
6343 8
6344 1
6345 179
6346 155
6347 53
6348 80
6349 197
6350 53
6351 31
6352 136
6353 170
6354 144
6355 95
6356 10
6357 9
6358 137
6359 187
6360 33
6361 161
6362 66
6363 168
6364 198
6365 7
6366 68
6367 10
6368 27
6369 169
6370 112
6371 27
6372 189
6373 1
6374 112
6375 22
6376 70
6377 167
6378 117
6379 45
6380 3
6381 77
6382 142
6383 197
6384 21
6385 24
6386 104
6387 194
6388 182
6389 66
6390 12
6391 41
6392 58
6393 127
6394 162
6395 166
6396 40
6397 90
6398 7
6399 53
6400 156
6401 51
6402 5
6403 195
6404 5
6405 33
6406 47
6407 113
6408 92
6409 121
6410 182
6411 197
6412 126
6413 124
6414 119
6415 46
6416 190
6417 40
6418 107
6419 126
6420 70
6421 157
6422 83
6423 152
6424 41
6425 59
6426 103
6427 19
6428 55
6429 0
6430 56
6431 42
6432 128
6433 172
6434 89
6435 111
6436 181
6437 98
6438 159
6439 0
6440 34
6441 173
6442 57
6443 62
6444 8
6445 190
6446 89
6447 183
6448 17
6449 42
6450 177
6451 185
6452 72
6453 129
6454 181
6455 69
6456 91
6457 17
6458 186
6459 17
6460 59
6461 85
6462 169
6463 90
6464 159
6465 91
6466 98
6467 66
6468 154
6469 28
6470 183
6471 191
6472 99
6473 128
6474 44
6475 182
6476 109
6477 72
6478 126
6479 1
6480 194
6481 128
6482 138
6483 185
6484 7
6485 88
6486 101
6487 105
6488 104
6489 140
6490 196
6491 151
6492 178
6493 201
6494 106
6495 112
6496 60
6497 148
6498 106
6499 21
6500 101
6501 157
6502 11
6503 182
6504 99
6505 162
6506 10
6507 58
6508 97
6509 27
6510 45
6511 61
6512 62
6513 179
6514 164
6515 40
6516 26
6517 162
6518 105
6519 171
6520 141
6521 130
6522 102
6523 38
6524 175
6525 189
6526 9
6527 89
6528 93
6529 105
6530 10
6531 44
6532 132
6533 0
6534 160
6535 68
6536 123
6537 186
6538 158
6539 25
6540 8
6541 83
6542 152
6543 75
6544 122
6545 28
6546 108
6547 197
6548 91
6549 126
6550 92
6551 18
6552 200
6553 176
6554 194
6555 152
6556 123
6557 108
6558 82
6559 119
6560 80
6561 179
6562 129
6563 59
6564 75
6565 50
6566 130
6567 108
6568 115
6569 41
6570 200
6571 22
6572 27
6573 24
6574 139
6575 194
6576 181
6577 180
6578 189
6579 168
6580 199
6581 89
6582 111
6583 31
6584 42
6585 136
6586 76
6587 122
6588 165
6589 33
6590 145
6591 180
6592 112
6593 38
6594 182
6595 13
6596 11
6597 70
6598 106
6599 131
6600 40
6601 163
6602 134
6603 96
6604 72
6605 128
6606 194
6607 14
6608 189
6609 59
6610 138
6611 163
6612 182
6613 79
6614 45
6615 199
6616 26
6617 113
6618 178
6619 172
6620 111
6621 172
6622 112
6623 175
6624 40
6625 5
6626 193
6627 160
6628 96
6629 83
6630 129
6631 60
6632 150
6633 99
6634 45
6635 15
6636 198
6637 152
6638 25
6639 47
6640 3
6641 197
6642 158
6643 52
6644 173
6645 140
6646 110
6647 121
6648 136
6649 201
6650 20
6651 104
6652 92
6653 187
6654 190
6655 113
6656 39
6657 44
6658 192
6659 90
6660 26
6661 39
6662 154
6663 24
6664 150
6665 163
6666 90
6667 73
6668 72
6669 90
6670 118
6671 44
6672 124
6673 169
6674 96
6675 187
6676 197
6677 117
6678 62
6679 188
6680 22
6681 73
6682 181
6683 19
6684 120
6685 150
6686 77
6687 151
6688 107
6689 164
6690 86
6691 143
6692 188
6693 181
6694 195
6695 84
6696 196
6697 54
6698 79
6699 67
6700 59
6701 172
6702 87
6703 71
6704 62
6705 189
6706 87
6707 70
6708 191
6709 127
6710 133
6711 98
6712 87
6713 139
6714 159
6715 125
6716 29
6717 24
6718 93
6719 50
6720 168
6721 69
6722 148
6723 15
6724 157
6725 36
6726 46
6727 162
6728 37
6729 164
6730 144
6731 49
6732 174
6733 57
6734 35
6735 62
6736 108
6737 21
6738 17
6739 0
6740 6
6741 201
6742 89
6743 64
6744 167
6745 129
6746 134
6747 69
6748 14
6749 131
6750 198
6751 135
6752 149
6753 53
6754 177
6755 31
6756 10
6757 106
6758 174
6759 11
6760 11
6761 186
6762 47
6763 34
6764 58
6765 31
6766 86
6767 170
6768 50
6769 122
6770 31
6771 11
6772 47
6773 33
6774 30
6775 75
6776 78
6777 144
6778 155
6779 185
6780 68
6781 131
6782 109
6783 48
6784 161
6785 108
6786 16
6787 97
6788 4
6789 8
6790 42
6791 44
6792 171
6793 123
6794 198
6795 101
6796 85
6797 15
6798 167
6799 109
6800 162
6801 122
6802 166
6803 82
6804 110
6805 188
6806 73
6807 66
6808 101
6809 123
6810 2
6811 188
6812 101
6813 68
6814 89
6815 15
6816 2
6817 19
6818 157
6819 193
6820 194
6821 162
6822 123
6823 144
6824 121
6825 172
6826 155
6827 0
6828 186
6829 115
6830 176
6831 98
6832 108
6833 111
6834 169
6835 85
6836 110
6837 51
6838 0
6839 179
6840 8
6841 8
6842 55
6843 152
6844 118
6845 35
6846 21
6847 192
6848 137
6849 144
6850 130
6851 165
6852 59
6853 62
6854 45
6855 40
6856 18
6857 1
6858 134
6859 10
6860 184
6861 190
6862 61
6863 144
6864 188
6865 105
6866 55
6867 160
6868 58
6869 53
6870 53
6871 37
6872 26
6873 166
6874 48
6875 91
6876 122
6877 185
6878 164
6879 185
6880 58
6881 131
6882 76
6883 88
6884 92
6885 79
6886 134
6887 135
6888 0
6889 174
6890 139
6891 169
6892 197
6893 110
6894 96
6895 110
6896 175
6897 75
6898 3
6899 46
6900 170
6901 39
6902 31
6903 167
6904 21
6905 157
6906 159
6907 172
6908 64
6909 113
6910 158
6911 104
6912 33
6913 130
6914 82
6915 66
6916 82
6917 184
6918 141
6919 160
6920 80
6921 156
6922 83
6923 29
6924 125
6925 126
6926 164
6927 98
6928 36
6929 130
6930 15
6931 36
6932 186
6933 108
6934 187
6935 56
6936 13
6937 66
6938 24
6939 155
6940 103
6941 15
6942 62
6943 10
6944 183
6945 166
6946 167
6947 59
6948 13
6949 158
6950 75
6951 115
6952 83
6953 193
6954 84
6955 59
6956 89
6957 22
6958 22
6959 150
6960 104
6961 182
6962 32
6963 193
6964 127
6965 35
6966 135
6967 176
6968 86
6969 151
6970 162
6971 175
6972 129
6973 46
6974 192
6975 91
6976 189
6977 27
6978 106
6979 76
6980 87
6981 2
6982 117
6983 167
6984 183
6985 137
6986 108
6987 163
6988 146
6989 58
6990 62
6991 180
6992 131
6993 142
6994 27
6995 3
6996 63
6997 190
6998 67
6999 89
7000 42
7001 97
7002 28
7003 69
7004 195
7005 34
7006 56
7007 74
7008 160
7009 109
7010 95
7011 180
7012 22
7013 29
7014 47
7015 60
7016 161
7017 158
7018 144
7019 175
7020 192
7021 37
7022 172
7023 172
7024 197
7025 100
7026 63
7027 77
7028 159
7029 90
7030 51
7031 170
7032 33
7033 78
7034 33
7035 18
7036 136
7037 185
7038 67
7039 103
7040 159
7041 47
7042 0
7043 180
7044 61
7045 170
7046 68
7047 14
7048 135
7049 135
7050 72
7051 25
7052 160
7053 40
7054 74
7055 137
7056 4
7057 141
7058 140
7059 197
7060 61
7061 97
7062 55
7063 162
7064 91
7065 4
7066 101
7067 199
7068 150
7069 66
7070 136
7071 167
7072 55
7073 127
7074 9
7075 78
7076 17
7077 153
7078 99
7079 169
7080 195
7081 70
7082 134
7083 81
7084 157
7085 116
7086 170
7087 128
7088 185
7089 60
7090 12
7091 161
7092 11
7093 171
7094 19
7095 154
7096 104
7097 164
7098 79
7099 175
7100 1
7101 35
7102 30
7103 105
7104 160
7105 80
7106 54
7107 62
7108 69
7109 50
7110 40
7111 99
7112 130
7113 82
7114 136
7115 74
7116 136
7117 2
7118 185
7119 48
7120 112
7121 44
7122 95
7123 121
7124 124
7125 59
7126 58
7127 135
7128 56
7129 126
7130 95
7131 167
7132 67
7133 17
7134 199
7135 50
7136 30
7137 121
7138 177
7139 149
7140 56
7141 66
7142 7
7143 145
7144 8
7145 169
7146 187
7147 11
7148 179
7149 164
7150 149
7151 144
7152 66
7153 164
7154 156
7155 199
7156 173
7157 128
7158 178
7159 155
7160 177
7161 115
7162 164
7163 89
7164 108
7165 116
7166 141
7167 79
7168 142
7169 81
7170 19
7171 81
7172 55
7173 128
7174 126
7175 125
7176 11
7177 32
7178 23
7179 13
7180 29
7181 88
7182 175
7183 166
7184 153
7185 22
7186 36
7187 39
7188 115
7189 19
7190 193
7191 16
7192 156
7193 171
7194 28
7195 78
7196 163
7197 10
7198 17
7199 116
7200 198
7201 145
7202 85
7203 158
7204 23
7205 190
7206 149
7207 65
7208 64
7209 67
7210 67
7211 97
7212 181
7213 1
7214 29
7215 152
7216 66
7217 27
7218 74
7219 175
7220 105
7221 60
7222 125
7223 166
7224 6
7225 123
7226 9
7227 94
7228 35
7229 144
7230 32
7231 148
7232 127
7233 63
7234 97
7235 154
7236 157
7237 62
7238 38
7239 160
7240 37
7241 105
7242 97
7243 193
7244 75
7245 20
7246 80
7247 143
7248 138
7249 129
7250 181
7251 185
7252 59
7253 155
7254 80
7255 109
7256 138
7257 36
7258 23
7259 54
7260 31
7261 165
7262 64
7263 96
7264 167
7265 187
7266 3
7267 16
7268 186
7269 122
7270 174
7271 135
7272 121
7273 201
7274 195
7275 16
7276 191
7277 10
7278 155
7279 43
7280 10
7281 123
7282 83
7283 179
7284 1
7285 66
7286 91
7287 187
7288 17
7289 101
7290 89
7291 128
7292 109
7293 166
7294 21
7295 44
7296 24
7297 194
7298 118
7299 129
7300 85
7301 71
7302 201
7303 67
7304 22
7305 163
7306 108
7307 195
7308 67
7309 86
7310 137
7311 171
7312 47
7313 176
7314 93
7315 15
7316 101
7317 133
7318 34
7319 85
7320 112
7321 96
7322 193
7323 99
7324 143
7325 3
7326 110
7327 121
7328 141
7329 59
7330 103
7331 156
7332 40
7333 28
7334 22
7335 100
7336 5
7337 158
7338 66
7339 181
7340 93
7341 184
7342 142
7343 50
7344 22
7345 145
7346 125
7347 39
7348 155
7349 187
7350 188
7351 35
7352 4
7353 19
7354 136
7355 80
7356 97
7357 10
7358 35
7359 85
7360 73
7361 128
7362 185
7363 146
7364 120
7365 125
7366 11
7367 106
7368 4
7369 38
7370 104
7371 77
7372 32
7373 178
7374 92
7375 181
7376 128
7377 120
7378 98
7379 175
7380 31
7381 130
7382 172
7383 119
7384 91
7385 108
7386 8
7387 179
7388 144
7389 3
7390 155
7391 22
7392 106
7393 138
7394 62
7395 156
7396 28
7397 79
7398 143
7399 118
7400 38
7401 14
7402 33
7403 118
7404 13
7405 57
7406 163
7407 123
7408 71
7409 2
7410 197
7411 166
7412 54
7413 6
7414 52
7415 79
7416 128
7417 194
7418 56
7419 111
7420 5
7421 72
7422 140
7423 184
7424 91
7425 21
7426 155
7427 73
7428 53
7429 19
7430 26
7431 150
7432 68
7433 78
7434 2
7435 65
7436 34
7437 31
7438 87
7439 34
7440 128
7441 132
7442 65
7443 107
7444 42
7445 192
7446 108
7447 95
7448 134
7449 5
7450 196
7451 59
7452 139
7453 90
7454 172
7455 176
7456 82
7457 65
7458 188
7459 113
7460 26
7461 117
7462 169
7463 55
7464 132
7465 198
7466 38
7467 136
7468 125
7469 103
7470 148
7471 29
7472 137
7473 95
7474 129
7475 43
7476 78
7477 170
7478 118
7479 68
7480 165
7481 122
7482 72
7483 158
7484 154
7485 148
7486 36
7487 52
7488 40
7489 106
7490 74
7491 49
7492 23
7493 46
7494 14
7495 15
7496 77
7497 37
7498 4
7499 75
7500 127
7501 127
7502 90
7503 81
7504 177
7505 148
7506 149
7507 52
7508 104
7509 23
7510 34
7511 4
7512 143
7513 34
7514 146
7515 117
7516 8
7517 6
7518 4
7519 44
7520 168
7521 128
7522 34
7523 41
7524 160
7525 61
7526 195
7527 142
7528 55
7529 5
7530 199
7531 180
7532 188
7533 195
7534 137
7535 166
7536 49
7537 174
7538 55
7539 22
7540 153
7541 24
7542 183
7543 8
7544 100
7545 165
7546 185
7547 41
7548 103
7549 29
7550 150
7551 16
7552 103
7553 200
7554 117
7555 184
7556 162
7557 118
7558 117
7559 92
7560 88
7561 112
7562 102
7563 165
7564 89
7565 180
7566 200
7567 69
7568 12
7569 182
7570 93
7571 133
7572 45
7573 82
7574 112
7575 11
7576 111
7577 2
7578 22
7579 29
7580 144
7581 187
7582 119
7583 57
7584 15
7585 46
7586 28
7587 101
7588 114
7589 17
7590 24
7591 76
7592 172
7593 83
7594 146
7595 120
7596 42
7597 62
7598 95
7599 98
7600 109
7601 93
7602 37
7603 83
7604 92
7605 182
7606 148
7607 119
7608 136
7609 191
7610 179
7611 0
7612 132
7613 199
7614 149
7615 1
7616 145
7617 96
7618 26
7619 87
7620 6
7621 129
7622 168
7623 0
7624 111
7625 161
7626 56
7627 116
7628 122
7629 5
7630 2
7631 201
7632 120
7633 182
7634 26
7635 70
7636 56
7637 105
7638 135
7639 179
7640 88
7641 132
7642 98
7643 167
7644 167
7645 18
7646 177
7647 167
7648 141
7649 22
7650 110
7651 60
7652 133
7653 72
7654 95
7655 86
7656 194
7657 46
7658 74
7659 168
7660 17
7661 153
7662 137
7663 193
7664 130
7665 175
7666 136
7667 108
7668 35
7669 141
7670 42
7671 85
7672 136
7673 1
7674 144
7675 152
7676 156
7677 40
7678 137
7679 125
7680 13
7681 0
7682 28
7683 105
7684 163
7685 131
7686 174
7687 182
7688 116
7689 60
7690 174
7691 176
7692 102
7693 124
7694 91
7695 1
7696 45
7697 100
7698 57
7699 126
7700 190
7701 89
7702 171
7703 4
7704 91
7705 2
7706 20
7707 145
7708 122
7709 152
7710 143
7711 182
7712 149
7713 69
7714 179
7715 196
7716 184
7717 85
7718 56
7719 17
7720 142
7721 53
7722 117
7723 42
7724 171
7725 8
7726 135
7727 83
7728 64
7729 90
7730 105
7731 16
7732 167
7733 54
7734 21
7735 172
7736 170
7737 142
7738 111
7739 201
7740 181
7741 45
7742 10
7743 45
7744 90
7745 12
7746 130
7747 178
7748 84
7749 155
7750 79
7751 162
7752 200
7753 67
7754 121
7755 12
7756 144
7757 181
7758 65
7759 58
7760 45
7761 172
7762 115
7763 20
7764 149
7765 178
7766 137
7767 0
7768 116
7769 84
7770 168
7771 196
7772 67
7773 40
7774 21
7775 146
7776 182
7777 78
7778 10
7779 1
7780 31
7781 57
7782 88
7783 152
7784 109
7785 129
7786 148
7787 172
7788 0
7789 197
7790 46
7791 142
7792 181
7793 81
7794 136
7795 14
7796 178
7797 79
7798 150
7799 86
7800 185
7801 66
7802 43
7803 140
7804 12
7805 179
7806 176
7807 176
7808 108
7809 174
7810 98
7811 6
7812 117
7813 48
7814 49
7815 137
7816 169
7817 148
7818 179
7819 58
7820 109
7821 171
7822 124
7823 68
7824 135
7825 87
7826 142
7827 185
7828 78
7829 178
7830 171
7831 78
7832 92
7833 91
7834 201
7835 198
7836 155
7837 119
7838 152
7839 92
7840 200
7841 26
7842 80
7843 111
7844 132
7845 139
7846 14
7847 126
7848 198
7849 58
7850 171
7851 170
7852 112
7853 79
7854 77
7855 54
7856 82
7857 107
7858 131
7859 27
7860 27
7861 172
7862 155
7863 21
7864 189
7865 59
7866 184
7867 66
7868 182
7869 161
7870 78
7871 79
7872 33
7873 37
7874 40
7875 60
7876 108
7877 67
7878 18
7879 76
7880 145
7881 12
7882 177
7883 115
7884 119
7885 166
7886 86
7887 51
7888 109
7889 133
7890 66
7891 33
7892 48
7893 176
7894 140
7895 6
7896 174
7897 56
7898 138
7899 69
7900 114
7901 147
7902 152
7903 51
7904 23
7905 5
7906 156
7907 88
7908 106
7909 98
7910 155
7911 27
7912 82
7913 172
7914 32
7915 7
7916 57
7917 56
7918 20
7919 39
7920 84
7921 24
7922 129
7923 100
7924 172
7925 1
7926 47
7927 59
7928 36
7929 124
7930 70
7931 189
7932 199
7933 117
7934 141
7935 113
7936 39
7937 147
7938 3
7939 151
7940 174
7941 24
7942 19
7943 152
7944 11
7945 166
7946 55
7947 61
7948 133
7949 156
7950 69
7951 21
7952 112
7953 155
7954 56
7955 46
7956 124
7957 98
7958 139
7959 158
7960 166
7961 77
7962 119
7963 144
7964 197
7965 16
7966 100
7967 58
7968 194
7969 46
7970 163
7971 5
7972 86
7973 52
7974 172
7975 57
7976 45
7977 4
7978 66
7979 184
7980 192
7981 84
7982 34
7983 129
7984 152
7985 169
7986 124
7987 143
7988 92
7989 169
7990 51
7991 61
7992 99
7993 165
7994 143
7995 127
7996 157
7997 152
7998 193
7999 103
8000 187
8001 25
8002 62
8003 66
8004 40
8005 122
8006 10
8007 145
8008 94
8009 124
8010 97
8011 92
8012 50
8013 110
8014 122
8015 150
8016 102
8017 171
8018 20
8019 87
8020 144
8021 89
8022 141
8023 57
8024 76
8025 11
8026 112
8027 187
8028 77
8029 58
8030 170
8031 71
8032 69
8033 101
8034 114
8035 61
8036 76
8037 102
8038 117
8039 140
8040 79
8041 197
8042 20
8043 177
8044 49
8045 118
8046 9
8047 162
8048 24
8049 145
8050 78
8051 54
8052 163
8053 109
8054 74
8055 75
8056 65
8057 122
8058 12
8059 116
8060 10
8061 98
8062 136
8063 190
8064 131
8065 156
8066 166
8067 20
8068 67
8069 117
8070 67
8071 51
8072 138
8073 193
8074 89
8075 155
8076 105
8077 74
8078 24
8079 136
8080 75
8081 18
8082 3
8083 3
8084 1
8085 10
8086 147
8087 129
8088 57
8089 2
8090 189
8091 38
8092 57
8093 201
8094 9
8095 95
8096 199
8097 116
8098 27
8099 88
8100 96
8101 18
8102 89
8103 52
8104 178
8105 117
8106 4
8107 167
8108 63
8109 119
8110 2
8111 102
8112 160
8113 190
8114 56
8115 119
8116 54
8117 35
8118 59
8119 68
8120 44
8121 149
8122 58
8123 199
8124 75
8125 83
8126 40
8127 182
8128 64
8129 152
8130 14
8131 52
8132 23
8133 127
8134 164
8135 126
8136 67
8137 77
8138 85
8139 149
8140 67
8141 116
8142 19
8143 38
8144 94
8145 162
8146 177
8147 82
8148 117
8149 162
8150 138
8151 70
8152 105
8153 179
8154 66
8155 193
8156 87
8157 7
8158 49
8159 168
8160 68
8161 98
8162 81
8163 110
8164 26
8165 140
8166 79
8167 91
8168 150
8169 100
8170 0
8171 46
8172 172
8173 59
8174 108
8175 199
8176 156
8177 52
8178 72
8179 127
8180 120
8181 87
8182 82
8183 89
8184 138
8185 177
8186 71
8187 66
8188 149
8189 179
8190 110
8191 137
8192 43
8193 158
8194 38
8195 90
8196 153
8197 175
8198 113
8199 93
8200 162
8201 131
8202 178
8203 0
8204 7
8205 70
8206 39
8207 113
8208 163
8209 121
8210 128
8211 63
8212 144
8213 95
8214 196
8215 190
8216 175
8217 183
8218 5
8219 187
8220 94
8221 174
8222 168
8223 102
8224 73
8225 123
8226 15
8227 199
8228 127
8229 90
8230 18
8231 160
8232 112
8233 79
8234 94
8235 190
8236 173
8237 109
8238 57
8239 144
8240 159
8241 199
8242 47
8243 32
8244 153
8245 138
8246 62
8247 19
8248 147
8249 9
8250 167
8251 149
8252 78
8253 120
8254 108
8255 196
8256 170
8257 127
8258 135
8259 142
8260 101
8261 104
8262 104
8263 76
8264 98
8265 126
8266 194
8267 47
8268 41
8269 24
8270 136
8271 150
8272 87
8273 115
8274 81
8275 96
8276 106
8277 151
8278 113
8279 148
8280 62
8281 150
8282 15
8283 20
8284 23
8285 145
8286 140
8287 42
8288 32
8289 162
8290 83
8291 83
8292 200
8293 30
8294 15
8295 104
8296 0
8297 165
8298 99
8299 108
8300 173
8301 161
8302 94
8303 67
8304 40
8305 83
8306 175
8307 141
8308 139
8309 173
8310 152
8311 83
8312 133
8313 181
8314 200
8315 191
8316 94
8317 173
8318 73
8319 198
8320 84
8321 17
8322 122
8323 121
8324 78
8325 73
8326 33
8327 187
8328 117
8329 69
8330 114
8331 61
8332 102
8333 177
8334 44
8335 130
8336 47
8337 41
8338 136
8339 108
8340 84
8341 160
8342 25
8343 122
8344 46
8345 195
8346 88
8347 121
8348 81
8349 45
8350 74
8351 27
8352 118
8353 52
8354 93
8355 71
8356 77
8357 107
8358 121
8359 33
8360 136
8361 191
8362 198
8363 111
8364 58
8365 10
8366 147
8367 49
8368 115
8369 90
8370 151
8371 136
8372 91
8373 158
8374 114
8375 78
8376 94
8377 139
8378 142
8379 180
8380 131
8381 111
8382 74
8383 46
8384 158
8385 66
8386 13
8387 104
8388 27
8389 73
8390 57
8391 12
8392 86
8393 133
8394 151
8395 15
8396 159
8397 30
8398 60
8399 135
8400 101
8401 67
8402 95
8403 90
8404 85
8405 132
8406 130
8407 116
8408 110
8409 145
8410 23
8411 67
8412 139
8413 155
8414 138
8415 23
8416 59
8417 199
8418 120
8419 53
8420 17
8421 168
8422 138
8423 142
8424 183
8425 20
8426 112
8427 170
8428 55
8429 41
8430 69
8431 3
8432 82
8433 113
8434 73
8435 65
8436 173
8437 128
8438 78
8439 181
8440 193
8441 69
8442 137
8443 101
8444 79
8445 23
8446 111
8447 187
8448 58
8449 42
8450 12
8451 62
8452 133
8453 96
8454 78
8455 139
8456 84
8457 113
8458 171
8459 129
8460 73
8461 63
8462 118
8463 78
8464 172
8465 75
8466 109
8467 41
8468 43
8469 7
8470 90
8471 155
8472 114
8473 131
8474 98
8475 69
8476 135
8477 62
8478 30
8479 25
8480 169
8481 61
8482 3
8483 113
8484 164
8485 72
8486 56
8487 147
8488 167
8489 25
8490 21
8491 22
8492 28
8493 42
8494 142
8495 25
8496 151
8497 67
8498 150
8499 173
8500 52
8501 131
8502 131
8503 53
8504 40
8505 82
8506 27
8507 1
8508 80
8509 64
8510 130
8511 83
8512 63
8513 51
8514 51
8515 58
8516 48
8517 122
8518 135
8519 160
8520 106
8521 43
8522 187
8523 160
8524 174
8525 91
8526 117
8527 115
8528 38
8529 131
8530 75
8531 86
8532 133
8533 84
8534 80
8535 51
8536 183
8537 104
8538 141
8539 171
8540 23
8541 195
8542 166
8543 12
8544 31
8545 137
8546 199
8547 51
8548 83
8549 83
8550 57
8551 111
8552 159
8553 23
8554 95
8555 11
8556 71
8557 33
8558 152
8559 66
8560 4
8561 125
8562 49
8563 109
8564 30
8565 58
8566 74
8567 17
8568 181
8569 114
8570 70
8571 78
8572 153
8573 140
8574 115
8575 26
8576 148
8577 86
8578 42
8579 63
8580 79
8581 87
8582 113
8583 172
8584 6
8585 111
8586 64
8587 64
8588 144
8589 74
8590 38
8591 2
8592 162
8593 82
8594 154
8595 127
8596 65
8597 156
8598 150
8599 109
8600 127
8601 77
8602 176
8603 127
8604 51
8605 119
8606 139
8607 49
8608 21
8609 14
8610 27
8611 83
8612 151
8613 122
8614 28
8615 178
8616 120
8617 25
8618 101
8619 77
8620 0
8621 101
8622 46
8623 43
8624 58
8625 38
8626 37
8627 196
8628 182
8629 139
8630 106
8631 153
8632 178
8633 62
8634 44
8635 91
8636 143
8637 104
8638 193
8639 12
8640 36
8641 86
8642 38
8643 147
8644 59
8645 109
8646 199
8647 3
8648 92
8649 80
8650 32
8651 15
8652 190
8653 48
8654 25
8655 36
8656 71
8657 201
8658 56
8659 178
8660 0
8661 141
8662 94
8663 45
8664 190
8665 117
8666 113
8667 114
8668 89
8669 193
8670 4
8671 14
8672 198
8673 42
8674 137
8675 158
8676 21
8677 82
8678 11
8679 196
8680 18
8681 54
8682 6
8683 36
8684 5
8685 42
8686 52
8687 38
8688 126
8689 144
8690 201
8691 2
8692 136
8693 8
8694 69
8695 15
8696 43
8697 153
8698 113
8699 88
8700 82
8701 173
8702 79
8703 172
8704 15
8705 62
8706 95
8707 7
8708 62
8709 6
8710 132
8711 110
8712 136
8713 28
8714 81
8715 190
8716 92
8717 45
8718 142
8719 5
8720 16
8721 132
8722 70
8723 93
8724 133
8725 193
8726 149
8727 135
8728 41
8729 124
8730 54
8731 52
8732 31
8733 24
8734 181
8735 97
8736 164
8737 13
8738 120
8739 141
8740 131
8741 159
8742 149
8743 7
8744 149
8745 41
8746 109
8747 197
8748 195
8749 78
8750 147
8751 156
8752 89
8753 35
8754 68
8755 68
8756 168
8757 40
8758 88
8759 150
8760 112
8761 55
8762 24
8763 198
8764 135
8765 130
8766 183
8767 37
8768 87
8769 58
8770 1
8771 198
8772 161
8773 26
8774 65
8775 48
8776 198
8777 193
8778 62
8779 132
8780 72
8781 114
8782 10
8783 44
8784 199
8785 107
8786 67
8787 178
8788 5
8789 111
8790 10
8791 78
8792 117
8793 62
8794 164
8795 75
8796 18
8797 48
8798 77
8799 48
8800 51
8801 24
8802 52
8803 143
8804 95
8805 101
8806 131
8807 99
8808 49
8809 25
8810 100
8811 115
8812 115
8813 169
8814 156
8815 99
8816 160
8817 154
8818 82
8819 107
8820 7
8821 84
8822 162
8823 109
8824 134
8825 68
8826 160
8827 142
8828 119
8829 57
8830 180
8831 93
8832 132
8833 76
8834 34
8835 20
8836 171
8837 92
8838 140
8839 26
8840 31
8841 180
8842 20
8843 49
8844 2
8845 38
8846 131
8847 112
8848 112
8849 43
8850 190
8851 148
8852 136
8853 76
8854 196
8855 12
8856 200
8857 69
8858 18
8859 153
8860 124
8861 156
8862 188
8863 43
8864 27
8865 43
8866 0
8867 15
8868 101
8869 162
8870 201
8871 158
8872 121
8873 26
8874 136
8875 65
8876 94
8877 163
8878 37
8879 192
8880 38
8881 81
8882 160
8883 34
8884 96
8885 176
8886 82
8887 154
8888 143
8889 84
8890 120
8891 190
8892 2
8893 5
8894 179
8895 21
8896 89
8897 180
8898 11
8899 44
8900 201
8901 105
8902 178
8903 149
8904 127
8905 171
8906 121
8907 54
8908 43
8909 120
8910 125
8911 55
8912 184
8913 8
8914 40
8915 132
8916 193
8917 127
8918 133
8919 32
8920 20
8921 4
8922 8
8923 158
8924 189
8925 119
8926 186
8927 133
8928 4
8929 1
8930 99
8931 10
8932 189
8933 198
8934 131
8935 35
8936 186
8937 176
8938 101
8939 76
8940 97
8941 108
8942 126
8943 29
8944 63
8945 151
8946 27
8947 73
8948 187
8949 71
8950 110
8951 66
8952 18
8953 152
8954 130
8955 59
8956 14
8957 175
8958 136
8959 3
8960 87
8961 74
8962 34
8963 47
8964 126
8965 17
8966 46
8967 13
8968 136
8969 191
8970 123
8971 201
8972 72
8973 165
8974 182
8975 131
8976 67
8977 80
8978 188
8979 125
8980 45
8981 99
8982 118
8983 189
8984 132
8985 63
8986 66
8987 50
8988 8
8989 68
8990 140
8991 140
8992 103
8993 119
8994 119
8995 28
8996 117
8997 39
8998 48
8999 85
9000 60
9001 135
9002 2
9003 100
9004 23
9005 137
9006 151
9007 158
9008 129
9009 97
9010 13
9011 80
9012 146
9013 86
9014 63
9015 62
9016 8
9017 38
9018 196
9019 104
9020 81
9021 135
9022 140
9023 118
9024 97
9025 198
9026 19
9027 50
9028 197
9029 129
9030 17
9031 187
9032 60
9033 40
9034 190
9035 151
9036 190
9037 59
9038 88
9039 31
9040 66
9041 77
9042 35
9043 24
9044 144
9045 153
9046 184
9047 113
9048 161
9049 139
9050 71
9051 148
9052 84
9053 89
9054 104
9055 128
9056 96
9057 27
9058 115
9059 152
9060 45
9061 84
9062 118
9063 74
9064 185
9065 183
9066 20
9067 13
9068 59
9069 91
9070 120
9071 126
9072 16
9073 120
9074 147
9075 19
9076 193
9077 162
9078 52
9079 144
9080 0
9081 74
9082 89
9083 105
9084 142
9085 60
9086 54
9087 127
9088 18
9089 41
9090 110
9091 137
9092 59
9093 7
9094 178
9095 95
9096 11
9097 138
9098 193
9099 94
9100 62
9101 22
9102 65
9103 107
9104 59
9105 96
9106 80
9107 155
9108 125
9109 170
9110 197
9111 116
9112 22
9113 22
9114 176
9115 188
9116 22
9117 154
9118 69
9119 193
9120 169
9121 12
9122 28
9123 6
9124 68
9125 30
9126 52
9127 63
9128 166
9129 37
9130 62
9131 55
9132 8
9133 159
9134 40
9135 5
9136 57
9137 47
9138 56
9139 141
9140 47
9141 104
9142 89
9143 174
9144 71
9145 87
9146 30
9147 167
9148 87
9149 4
9150 77
9151 91
9152 175
9153 150
9154 26
9155 113
9156 140
9157 138
9158 16
9159 45
9160 192
9161 56
9162 123
9163 99
9164 125
9165 4
9166 103
9167 69
9168 15
9169 50
9170 32
9171 53
9172 57
9173 114
9174 17
9175 45
9176 79
9177 200
9178 28
9179 31
9180 160
9181 115
9182 171
9183 77
9184 95
9185 89
9186 166
9187 171
9188 126
9189 150
9190 169
9191 140
9192 67
9193 168
9194 183
9195 66
9196 1
9197 0
9198 41
9199 67
9200 51
9201 135
9202 47
9203 167
9204 73
9205 19
9206 118
9207 83
9208 66
9209 175
9210 163
9211 131
9212 75
9213 141
9214 68
9215 34
9216 4
9217 161
9218 181
9219 85
9220 18
9221 139
9222 51
9223 115
9224 42
9225 83
9226 134
9227 60
9228 185
9229 0
9230 8
9231 52
9232 181
9233 104
9234 10
9235 88
9236 114
9237 43
9238 132
9239 36
9240 27
9241 149
9242 51
9243 157
9244 127
9245 24
9246 125
9247 158
9248 97
9249 105
9250 70
9251 128
9252 110
9253 198
9254 145
9255 98
9256 105
9257 58
9258 162
9259 170
9260 106
9261 166
9262 177
9263 81
9264 15
9265 192
9266 25
9267 109
9268 88
9269 160
9270 97
9271 24
9272 183
9273 3
9274 174
9275 174
9276 6
9277 128
9278 117
9279 112
9280 145
9281 56
9282 47
9283 180
9284 31
9285 54
9286 157
9287 153
9288 31
9289 158
9290 75
9291 140
9292 20
9293 177
9294 54
9295 129
9296 30
9297 32
9298 136
9299 22
9300 113
9301 89
9302 49
9303 75
9304 154
9305 180
9306 153
9307 163
9308 163
9309 139
9310 154
9311 42
9312 25
9313 11
9314 38
9315 100
9316 38
9317 55
9318 129
9319 175
9320 146
9321 146
9322 94
9323 106
9324 191
9325 7
9326 127
9327 185
9328 142
9329 163
9330 19
9331 96
9332 179
9333 37
9334 81
9335 34
9336 23
9337 80
9338 107
9339 55
9340 70
9341 154
9342 191
9343 21
9344 36
9345 198
9346 145
9347 63
9348 133
9349 33
9350 106
9351 188
9352 95
9353 134
9354 150
9355 57
9356 123
9357 48
9358 117
9359 143
9360 163
9361 88
9362 170
9363 28
9364 200
9365 106
9366 103
9367 191
9368 138
9369 28
9370 133
9371 114
9372 90
9373 45
9374 84
9375 27
9376 60
9377 163
9378 43
9379 201
9380 74
9381 187
9382 177
9383 140
9384 143
9385 4
9386 77
9387 126
9388 123
9389 53
9390 150
9391 119
9392 156
9393 125
9394 88
9395 195
9396 187
9397 133
9398 43
9399 59
9400 114
9401 152
9402 125
9403 86
9404 193
9405 155
9406 13
9407 30
9408 116
9409 137
9410 110
9411 145
9412 160
9413 105
9414 73
9415 148
9416 182
9417 67
9418 9
9419 143
9420 110
9421 170
9422 196
9423 43
9424 160
9425 136
9426 39
9427 16
9428 159
9429 128
9430 161
9431 1
9432 22
9433 153
9434 21
9435 68
9436 5
9437 51
9438 66
9439 148
9440 124
9441 193
9442 110
9443 173
9444 80
9445 34
9446 44
9447 156
9448 84
9449 6
9450 198
9451 201
9452 60
9453 30
9454 93
9455 106
9456 183
9457 71
9458 0
9459 46
9460 199
9461 149
9462 103
9463 63
9464 26
9465 141
9466 87
9467 37
9468 191
9469 132
9470 96
9471 11
9472 191
9473 18
9474 92
9475 94
9476 30
9477 29
9478 171
9479 61
9480 137
9481 29
9482 156
9483 118
9484 95
9485 101
9486 63
9487 190
9488 158
9489 174
9490 160
9491 40
9492 89
9493 195
9494 5
9495 41
9496 14
9497 164
9498 36
9499 34
9500 128
9501 99
9502 168
9503 127
9504 48
9505 106
9506 47
9507 182
9508 39
9509 135
9510 97
9511 181
9512 107
9513 56
9514 31
9515 98
9516 134
9517 104
9518 135
9519 189
9520 140
9521 161
9522 176
9523 51
9524 87
9525 181
9526 178
9527 140
9528 184
9529 194
9530 146
9531 68
9532 119
9533 71
9534 61
9535 140
9536 20
9537 94
9538 102
9539 165
9540 72
9541 130
9542 64
9543 143
9544 68
9545 131
9546 35
9547 107
9548 58
9549 125
9550 151
9551 46
9552 154
9553 6
9554 46
9555 24
9556 36
9557 103
9558 54
9559 171
9560 59
9561 152
9562 72
9563 52
9564 41
9565 156
9566 188
9567 14
9568 13
9569 24
9570 150
9571 156
9572 150
9573 35
9574 172
9575 186
9576 179
9577 163
9578 25
9579 149
9580 33
9581 163
9582 191
9583 144
9584 83
9585 17
9586 193
9587 191
9588 83
9589 79
9590 19
9591 165
9592 196
9593 172
9594 154
9595 166
9596 89
9597 107
9598 114
9599 120
9600 149
9601 101
9602 155
9603 12
9604 76
9605 119
9606 21
9607 163
9608 103
9609 53
9610 146
9611 115
9612 19
9613 138
9614 109
9615 81
9616 130
9617 185
9618 184
9619 37
9620 44
9621 89
9622 200
9623 48
9624 161
9625 14
9626 22
9627 120
9628 186
9629 113
9630 51
9631 55
9632 166
9633 141
9634 27
9635 167
9636 151
9637 26
9638 142
9639 149
9640 102
9641 35
9642 179
9643 93
9644 102
9645 159
9646 0
9647 141
9648 155
9649 56
9650 173
9651 100
9652 179
9653 102
9654 61
9655 163
9656 111
9657 135
9658 77
9659 183
9660 141
9661 76
9662 64
9663 11
9664 165
9665 101
9666 106
9667 25
9668 155
9669 161
9670 132
9671 101
9672 165
9673 95
9674 121
9675 85
9676 135
9677 193
9678 174
9679 162
9680 76
9681 88
9682 112
9683 68
9684 86
9685 13
9686 8
9687 127
9688 151
9689 120
9690 159
9691 130
9692 201
9693 92
9694 189
9695 115
9696 110
9697 184
9698 63
9699 146
9700 77
9701 68
9702 184
9703 70
9704 180
9705 91
9706 70
9707 104
9708 185
9709 94
9710 15
9711 56
9712 11
9713 125
9714 1
9715 70
9716 20
9717 34
9718 197
9719 117
9720 89
9721 41
9722 0
9723 179
9724 142
9725 9
9726 80
9727 70
9728 51
9729 12
9730 5
9731 39
9732 129
9733 50
9734 73
9735 173
9736 63
9737 62
9738 199
9739 37
9740 51
9741 185
9742 171
9743 33
9744 57
9745 163
9746 89
9747 116
9748 9
9749 124
9750 177
9751 107
9752 69
9753 69
9754 72
9755 190
9756 25
9757 125
9758 118
9759 72
9760 95
9761 67
9762 5
9763 86
9764 109
9765 5
9766 174
9767 176
9768 32
9769 184
9770 123
9771 182
9772 113
9773 25
9774 171
9775 109
9776 55
9777 190
9778 5
9779 4
9780 5
9781 197
9782 37
9783 51
9784 122
9785 73
9786 22
9787 97
9788 144
9789 39
9790 159
9791 143
9792 10
9793 6
9794 2
9795 163
9796 144
9797 70
9798 124
9799 155
9800 41
9801 199
9802 144
9803 18
9804 30
9805 33
9806 64
9807 83
9808 123
9809 14
9810 196
9811 54
9812 106
9813 33
9814 72
9815 43
9816 6
9817 154
9818 59
9819 175
9820 8
9821 81
9822 164
9823 190
9824 124
9825 5
9826 170
9827 48
9828 0
9829 175
9830 74
9831 153
9832 31
9833 134
9834 28
9835 149
9836 165
9837 68
9838 71
9839 64
9840 125
9841 37
9842 40
9843 121
9844 158
9845 165
9846 132
9847 40
9848 83
9849 171
9850 140
9851 141
9852 87
9853 171
9854 36
9855 60
9856 41
9857 164
9858 173
9859 107
9860 115
9861 17
9862 154
9863 8
9864 185
9865 95
9866 90
9867 189
9868 0
9869 10
9870 88
9871 186
9872 126
9873 184
9874 35
9875 112
9876 67
9877 88
9878 167
9879 83
9880 134
9881 47
9882 14
9883 98
9884 47
9885 4
9886 105
9887 184
9888 79
9889 1
9890 196
9891 188
9892 127
9893 192
9894 155
9895 196
9896 65
9897 46
9898 193
9899 11
9900 139
9901 183
9902 133
9903 89
9904 46
9905 174
9906 143
9907 27
9908 153
9909 140
9910 151
9911 45
9912 141
9913 113
9914 166
9915 42
9916 163
9917 16
9918 192
9919 153
9920 84
9921 169
9922 25
9923 144
9924 54
9925 42
9926 65
9927 10
9928 6
9929 101
9930 5
9931 180
9932 167
9933 125
9934 158
9935 70
9936 200
9937 164
9938 179
9939 32
9940 140
9941 123
9942 64
9943 160
9944 162
9945 13
9946 89
9947 171
9948 122
9949 67
9950 185
9951 113
9952 25
9953 61
9954 176
9955 183
9956 120
9957 192
9958 31
9959 190
9960 4
9961 55
9962 94
9963 46
9964 92
9965 134
9966 108
9967 102
9968 12
9969 160
9970 62
9971 116
9972 50
9973 90
9974 13
9975 59
9976 134
9977 35
9978 55
9979 118
9980 158
9981 61
9982 121
9983 141
9984 178
9985 189
9986 116
9987 200
9988 198
9989 70
9990 161
9991 27
9992 199
9993 138
9994 65
9995 37
9996 79
9997 192
9998 108
9999 200
