20000 786
20001 657
20002 365
20003 365
20004 390
20005 833
20006 833
20007 833
20008 833
20009 833
20010 611
20011 611
20012 338
20013 325
20014 337
20015 83
20016 83
20017 83
20018 591
20019 591
20020 591
20021 591
20022 591
20023 193
20024 193
20025 193
20026 193
20027 193
20028 193
20029 561
20030 561
20031 561
20032 561
20033 561
20034 333
20035 333
20036 838
20037 228
20038 117
20039 117
20040 117
20041 359
20042 711
20043 711
20044 527
20045 527
20046 527
20047 492
20048 489
20049 792
20050 237
20051 237
20052 237
20053 83
20054 93
20055 103
20056 264
20057 135
20058 136
20059 389
20060 389
20061 194
20062 194
20063 594
20064 135
20065 758
20066 636
20067 636
20068 636
20069 636
20070 366
20071 366
20072 366
20073 366
20074 340
20075 271
20076 271
20077 714
20078 85
20079 656
20080 672
20081 505
20082 505
20083 531
20084 531
20085 274
20086 531
20087 705
20088 714
20089 823
20090 823
20091 55
20092 332
20093 332
20094 332
20095 374
20096 332
20097 698
20098 698
20099 698
20100 710
20101 284
20102 497
20103 284
20104 284
20105 259
20106 259
20107 489
20108 271
20109 271
20110 705
20111 355
20112 132
20113 132
20114 132
20115 132
20116 132
20117 132
20118 64
20119 411
20120 406
20121 406
20122 406
20123 438
20124 768
20125 456
20126 852
20127 562
20128 562
20129 480
20130 480
20131 480
20132 666
20133 666
20134 666
20135 38
20136 442
20137 456
20138 8
20139 24
20140 143
20141 329
20142 284
20143 284
20144 284
20145 89
20146 41
20147 68
20148 68
20149 527
20150 608
20151 608
20152 838
20153 838
20154 228
20155 831
20156 831
20157 831
20158 358
20159 137
20160 551
20161 551
20162 237
20163 108
20164 114
20165 397
20166 397
20167 847
20168 847
20169 847
20170 60
20171 260
20172 260
20173 612
20174 612
20175 436
20176 436
20177 450
20178 621
20179 601
20180 601
20181 852
20182 852
20183 852
20184 852
20185 852
20186 40
20187 250
20188 250
20189 667
20190 505
20191 505
20192 505
20193 505
20194 387
20195 285
20196 287
20197 285
20198 285
20199 281
20200 446
20201 711
20202 82
20203 113
20204 113
20205 113
20206 755
20207 704
20208 585
20209 585
20210 414
20211 414
20212 252
20213 562
20214 562
20215 562
20216 561
20217 561
20218 561
20219 710
20220 69
20221 69
20222 69
20223 832
20224 832
20225 832
20226 567
20227 567
20228 756
20229 768
20230 285
20231 285
20232 285
20233 438
20234 525
20235 525
20236 525
20237 584
20238 584
20239 586
20240 407
20241 48
20242 192
20243 192
20244 535
20245 540
20246 349
20247 160
20248 30
20249 33
20250 613
20251 307
20252 27
20253 268
20254 570
20255 570
20256 692
20257 692
20258 692
20259 692
20260 435
20261 763
20262 456
20263 583
20264 583
20265 620
20266 583
20267 482
20268 482
20269 482
20270 192
20271 192
20272 192
20273 192
20274 27
20275 27
20276 28
20277 197
20278 197
20279 478
20280 65
20281 71
20282 196
20283 196
20284 43
20285 44
20286 664
20287 664
20288 665
20289 664
20290 264
20291 264
20292 420
20293 33
20294 33
20295 96
20296 96
20297 96
20298 96
20299 658
20300 672
20301 658
20302 658
20303 672
20304 697
20305 188
20306 188
20307 188
20308 605
20309 605
20310 164
20311 164
20312 144
20313 459
20314 472
20315 585
20316 587
20317 585
20318 197
20319 197
20320 197
20321 288
20322 389
20323 783
20324 167
20325 783
20326 581
20327 764
20328 764
20329 764
20330 764
20331 24
20332 378
20333 845
20334 845
20335 845
20336 845
20337 523
20338 523
20339 584
20340 584
20341 584
20342 584
20343 821
20344 104
20345 104
20346 230
20347 292
20348 292
20349 292
20350 354
20351 783
20352 783
20353 796
20354 783
20355 783
20356 774
20357 774
20358 774
20359 775
20360 775
20361 349
20362 349
20363 349
20364 710
20365 690
20366 690
20367 331
20368 57
20369 308
20370 308
20371 308
20372 177
20373 177
20374 716
20375 832
20376 832
20377 832
20378 380
20379 105
20380 165
20381 804
20382 266
20383 527
20384 370
20385 527
20386 527
20387 340
20388 852
20389 852
20390 852
20391 852
20392 614
20393 814
20394 814
20395 229
20396 229
20397 665
20398 665
20399 621
20400 621
20401 621
20402 621
20403 637
20404 637
20405 637
20406 637
20407 303
20408 303
20409 406
20410 406
20411 406
20412 406
20413 406
20414 346
20415 346
20416 346
20417 112
20418 112
20419 56
20420 638
20421 638
20422 638
20423 638
20424 638
20425 615
20426 615
20427 615
20428 615
20429 488
20430 794
20431 794
20432 794
20433 771
20434 331
20435 331
20436 745
20437 745
20438 738
20439 738
20440 738
20441 652
20442 102
20443 193
20444 193
20445 772
20446 772
20447 775
20448 775
20449 775
20450 775
20451 775
20452 13
20453 835
20454 835
20455 835
20456 97
20457 542
20458 553
20459 763
20460 763
20461 499
20462 450
20463 450
20464 707
20465 682
20466 682
20467 682
20468 683
20469 676
20470 289
20471 289
20472 289
20473 289
20474 289
20475 689
20476 689
20477 689
20478 395
20479 395
20480 302
20481 395
20482 361
20483 361
20484 723
20485 89
20486 89
20487 107
20488 108
20489 52
20490 52
20491 52
20492 358
20493 435
20494 849
20495 740
20496 849
20497 598
20498 617
20499 612
20500 607
20501 599
20502 675
20503 11
20504 750
20505 750
20506 750
20507 750
20508 750
20509 305
20510 305
20511 305
20512 305
20513 750
20514 750
20515 750
20516 750
20517 750
20518 460
20519 120
20520 120
20521 582
20522 582
20523 582
20524 582
20525 709
20526 812
20527 232
20528 232
20529 669
20530 669
20531 740
20532 135
20533 638
20534 638
20535 353
20536 732
20537 137
20538 137
20539 137
20540 217
20541 217
20542 83
20543 460
20544 171
20545 144
20546 197
20547 144
20548 678
20549 549
20550 163
20551 163
20552 252
20553 284
20554 252
20555 437
20556 244
20557 244
20558 244
20559 305
20560 305
20561 305
20562 387
20563 583
20564 583
20565 578
20566 583
20567 556
20568 323
20569 19
20570 305
20571 305
20572 122
20573 123
20574 122
20575 123
20576 440
20577 246
20578 246
20579 329
20580 382
20581 136
20582 331
20583 861
20584 861
20585 542
20586 542
20587 542
20588 810
20589 810
20590 743
20591 743
20592 743
20593 300
20594 524
20595 524
20596 524
20597 524
20598 524
20599 524
20600 406
20601 406
20602 259
20603 259
20604 456
20605 730
20606 611
20607 264
20608 264
20609 264
20610 264
20611 264
20612 328
20613 770
20614 784
20615 784
20616 683
20617 735
20618 343
20619 683
20620 683
20621 9
20622 24
20623 375
20624 375
20625 375
20626 361
20627 361
20628 361
20629 705
20630 84
20631 84
20632 84
20633 712
20634 728
20635 354
20636 681
20637 681
20638 681
20639 681
20640 688
20641 688
20642 131
20643 709
20644 72
20645 810
20646 810
20647 811
20648 811
20649 815
20650 810
20651 810
20652 9
20653 17
20654 554
20655 584
20656 584
20657 846
20658 584
20659 584
20660 543
20661 34
20662 35
20663 35
20664 34
20665 787
20666 787
20667 787
20668 787
20669 243
20670 246
20671 569
20672 569
20673 59
20674 575
20675 541
20676 651
20677 441
20678 441
20679 816
20680 606
20681 606
20682 604
20683 604
20684 217
20685 259
20686 217
20687 61
20688 825
20689 513
20690 526
20691 393
20692 393
20693 137
20694 690
20695 690
20696 690
20697 806
20698 806
20699 806
20700 221
20701 221
20702 752
20703 655
20704 752
20705 387
20706 361
20707 2
20708 2
20709 11
20710 2
20711 287
20712 287
20713 8
20714 24
20715 8
20716 244
20717 249
20718 681
20719 681
20720 104
20721 49
20722 104
20723 104
20724 104
20725 520
20726 520
20727 521
20728 429
20729 429
20730 429
20731 36
20732 36
20733 36
20734 711
20735 711
20736 292
20737 439
20738 716
20739 447
20740 447
20741 551
20742 551
20743 797
20744 349
20745 349
20746 372
20747 372
20748 372
20749 462
20750 460
20751 503
20752 503
20753 503
20754 503
20755 503
20756 509
20757 503
20758 611
20759 611
20760 238
20761 238
20762 238
20763 783
20764 783
20765 783
20766 430
20767 390
20768 430
20769 305
20770 305
20771 305
20772 306
20773 305
20774 52
20775 52
20776 52
20777 514
20778 434
20779 594
20780 594
20781 729
20782 729
20783 729
20784 630
20785 630
20786 742
20787 742
20788 742
20789 248
20790 351
20791 248
20792 351
20793 639
20794 639
20795 269
20796 269
20797 0
20798 24
20799 85
20800 432
20801 181
20802 181
20803 181
20804 181
20805 181
20806 354
20807 354
20808 446
20809 446
20810 447
20811 446
20812 446
20813 682
20814 682
20815 682
20816 682
20817 682
20818 327
20819 408
20820 328
20821 352
20822 352
20823 731
20824 748
20825 645
20826 731
20827 217
20828 637
20829 637
20830 244
20831 153
20832 262
20833 12
20834 12
20835 238
20836 238
20837 820
20838 168
20839 48
20840 549
20841 549
20842 549
20843 90
20844 94
20845 82
20846 824
20847 824
20848 162
20849 17
20850 286
20851 184
20852 184
20853 184
20854 258
20855 258
20856 497
20857 497
20858 334
20859 497
20860 753
20861 753
20862 753
20863 275
20864 275
20865 275
20866 275
20867 275
20868 275
20869 760
20870 760
20871 760
20872 760
20873 760
20874 760
20875 362
20876 716
20877 60
20878 60
20879 60
20880 349
20881 349
20882 556
20883 69
20884 69
20885 139
20886 139
20887 241
20888 13
20889 218
20890 548
20891 548
20892 407
20893 429
20894 407
20895 118
20896 118
20897 540
20898 205
20899 205
20900 205
20901 205
20902 205
20903 205
20904 665
20905 665
20906 665
20907 689
20908 665
20909 635
20910 635
20911 635
20912 616
20913 616
20914 616
20915 616
20916 563
20917 563
20918 563
20919 817
20920 247
20921 691
20922 691
20923 521
20924 810
20925 810
20926 810
20927 181
20928 181
20929 181
20930 181
20931 83
20932 356
20933 478
20934 356
20935 194
20936 194
20937 520
20938 520
20939 517
20940 660
20941 660
20942 281
20943 763
20944 763
20945 764
20946 764
20947 763
20948 569
20949 323
20950 359
20951 475
20952 462
20953 475
20954 677
20955 659
20956 807
20957 677
20958 688
20959 171
20960 7
20961 585
20962 585
20963 585
20964 585
20965 585
20966 425
20967 425
20968 812
20969 812
20970 662
20971 493
20972 493
20973 783
20974 783
20975 777
20976 124
20977 124
20978 239
20979 239
20980 239
20981 357
20982 199
20983 199
20984 199
20985 199
20986 437
20987 456
20988 812
20989 109
20990 688
20991 752
20992 752
20993 752
20994 126
20995 126
20996 728
20997 323
20998 221
20999 221
21000 826
21001 826
21002 92
21003 92
21004 299
21005 299
21006 299
21007 56
21008 143
21009 143
21010 145
21011 167
21012 167
21013 48
21014 48
21015 48
21016 48
21017 662
21018 663
21019 663
21020 663
21021 662
21022 456
21023 293
21024 569
21025 258
21026 258
21027 392
21028 392
21029 144
21030 144
21031 144
21032 144
21033 744
21034 744
21035 744
21036 548
21037 547
21038 548
21039 548
21040 548
21041 548
21042 254
21043 254
21044 254
21045 765
21046 407
21047 407
21048 407
21049 407
21050 774
21051 774
21052 774
21053 803
21054 803
21055 803
21056 809
21057 498
21058 243
21059 243
21060 549
21061 549
21062 230
21063 282
21064 497
21065 754
21066 497
21067 497
21068 439
21069 456
21070 592
21071 592
21072 592
21073 653
21074 659
21075 672
21076 177
21077 177
21078 177
21079 177
21080 444
21081 444
21082 136
21083 291
21084 291
21085 81
21086 343
21087 103
21088 103
21089 290
21090 703
21091 82
21092 82
21093 661
21094 549
21095 549
21096 767
21097 127
21098 127
21099 127
21100 127
21101 127
21102 178
21103 127
21104 189
21105 154
21106 296
21107 296
21108 683
21109 683
21110 859
21111 859
21112 281
21113 281
21114 101
21115 101
21116 101
21117 81
21118 541
21119 541
21120 588
21121 533
21122 579
21123 550
21124 550
21125 550
21126 550
21127 751
21128 751
21129 190
21130 190
21131 190
21132 190
21133 190
21134 190
21135 629
21136 672
21137 629
21138 631
21139 568
21140 568
21141 811
21142 811
21143 751
21144 811
21145 491
21146 491
21147 503
21148 492
21149 331
21150 461
21151 472
21152 461
21153 229
21154 238
21155 609
21156 609
21157 162
21158 503
21159 480
21160 503
21161 481
21162 480
21163 93
21164 137
21165 600
21166 70
21167 70
21168 759
21169 768
21170 759
21171 347
21172 736
21173 738
21174 852
21175 852
21176 852
21177 852
21178 414
21179 414
21180 414
21181 244
21182 246
21183 246
21184 550
21185 550
21186 586
21187 520
21188 793
21189 521
21190 522
21191 520
21192 520
21193 306
21194 306
21195 306
21196 306
21197 697
21198 162
21199 73
21200 839
21201 839
21202 839
21203 839
21204 839
21205 656
21206 41
21207 692
21208 498
21209 491
21210 498
21211 483
21212 483
21213 483
21214 483
21215 463
21216 484
21217 465
21218 491
21219 412
21220 412
21221 660
21222 139
21223 139
21224 160
21225 152
21226 139
21227 556
21228 556
21229 270
21230 783
21231 413
21232 783
21233 177
21234 177
21235 513
21236 514
21237 526
21238 843
21239 843
21240 843
21241 562
21242 562
21243 562
21244 562
21245 562
21246 810
21247 811
21248 660
21249 89
21250 89
21251 756
21252 779
21253 853
21254 494
21255 618
21256 618
21257 494
21258 196
21259 443
21260 343
21261 343
21262 54
21263 606
21264 109
21265 121
21266 119
21267 11
21268 506
21269 506
21270 506
21271 506
21272 575
21273 71
21274 506
21275 527
21276 506
21277 119
21278 53
21279 53
21280 474
21281 475
21282 858
21283 858
21284 858
21285 659
21286 238
21287 238
21288 238
21289 238
21290 32
21291 82
21292 598
21293 598
21294 607
21295 406
21296 406
21297 97
21298 97
21299 97
21300 0
21301 11
21302 331
21303 331
21304 697
21305 407
21306 407
21307 407
21308 407
21309 407
21310 407
21311 812
21312 812
21313 812
21314 812
21315 732
21316 732
21317 844
21318 844
21319 394
21320 394
21321 221
21322 239
21323 289
21324 221
21325 811
21326 811
21327 334
21328 343
21329 334
21330 56
21331 636
21332 636
21333 636
21334 260
21335 260
21336 260
21337 748
21338 748
21339 13
21340 150
21341 150
21342 565
21343 565
21344 565
21345 291
21346 291
21347 387
21348 698
21349 698
21350 569
21351 393
21352 395
21353 138
21354 138
21355 514
21356 313
21357 401
21358 401
21359 401
21360 797
21361 797
21362 797
21363 797
21364 797
21365 797
21366 337
21367 709
21368 143
21369 639
21370 639
21371 37
21372 89
21373 271
21374 271
21375 36
21376 36
21377 433
21378 810
21379 456
21380 810
21381 456
21382 682
21383 682
21384 731
21385 731
21386 412
21387 459
21388 247
21389 259
21390 259
21391 259
21392 623
21393 623
21394 325
21395 337
21396 407
21397 407
21398 407
21399 41
21400 41
21401 41
21402 41
21403 41
21404 41
21405 41
21406 120
21407 737
21408 348
21409 348
21410 348
21411 436
21412 166
21413 35
21414 529
21415 529
21416 529
21417 714
21418 207
21419 67
21420 395
21421 395
21422 196
21423 196
21424 196
21425 273
21426 274
21427 489
21428 702
21429 714
21430 276
21431 151
21432 151
21433 151
21434 170
21435 143
21436 68
21437 241
21438 241
21439 241
21440 343
21441 343
21442 343
21443 412
21444 145
21445 97
21446 249
21447 121
21448 685
21449 685
21450 761
21451 718
21452 251
21453 372
21454 372
21455 372
21456 372
21457 340
21458 289
21459 602
21460 602
21461 602
21462 602
21463 602
21464 233
21465 233
21466 127
21467 127
21468 120
21469 127
21470 798
21471 798
21472 798
21473 799
21474 855
21475 855
21476 855
21477 855
21478 367
21479 367
21480 292
21481 292
21482 736
21483 736
21484 219
21485 853
21486 853
21487 853
21488 305
21489 305
21490 305
21491 305
21492 305
21493 304
21494 304
21495 117
21496 117
21497 117
21498 238
21499 238
21500 3
21501 24
21502 382
21503 382
21504 197
21505 197
21506 197
21507 197
21508 466
21509 466
21510 466
21511 323
21512 220
21513 220
21514 722
21515 56
21516 56
21517 583
21518 583
21519 583
21520 323
21521 682
21522 89
21523 660
21524 660
21525 102
21526 102
21527 102
21528 474
21529 474
21530 600
21531 600
21532 776
21533 776
21534 489
21535 511
21536 569
21537 569
21538 569
21539 709
21540 309
21541 309
21542 309
21543 138
21544 797
21545 236
21546 236
21547 236
21548 248
21549 248
21550 594
21551 34
21552 35
21553 35
21554 110
21555 365
21556 259
21557 598
21558 598
21559 600
21560 61
21561 655
21562 655
21563 655
21564 655
21565 672
21566 494
21567 494
21568 508
21569 460
21570 808
21571 808
21572 710
21573 155
21574 155
21575 155
21576 89
21577 89
21578 89
21579 89
21580 225
21581 225
21582 275
21583 275
21584 275
21585 275
21586 275
21587 328
21588 703
21589 154
21590 625
21591 626
21592 625
21593 410
21594 410
21595 410
21596 550
21597 550
21598 28
21599 257
21600 257
21601 780
21602 782
21603 412
21604 412
21605 325
21606 652
21607 672
21608 752
21609 660
21610 600
21611 600
21612 567
21613 684
21614 679
21615 0
21616 22
21617 24
21618 857
21619 857
21620 69
21621 69
21622 247
21623 247
21624 247
21625 68
21626 381
21627 381
21628 391
21629 391
21630 373
21631 832
21632 832
21633 832
21634 87
21635 87
21636 24
21637 691
21638 724
21639 117
21640 643
21641 643
21642 643
21643 545
21644 553
21645 545
21646 41
21647 41
21648 41
21649 105
21650 683
21651 683
21652 131
21653 441
21654 101
21655 101
21656 180
21657 180
21658 180
21659 180
21660 49
21661 49
21662 468
21663 569
21664 569
21665 723
21666 588
21667 588
21668 588
21669 588
21670 747
21671 356
21672 285
21673 356
21674 356
21675 356
21676 770
21677 776
21678 735
21679 735
21680 802
21681 802
21682 802
21683 497
21684 497
21685 702
21686 714
21687 194
21688 194
21689 232
21690 264
21691 232
21692 82
21693 388
21694 388
21695 623
21696 623
21697 422
21698 422
21699 491
21700 499
21701 499
21702 499
21703 511
21704 771
21705 590
21706 590
21707 340
21708 594
21709 696
21710 408
21711 408
21712 798
21713 799
21714 798
21715 57
21716 154
21717 675
21718 675
21719 688
21720 688
21721 795
21722 795
21723 360
21724 505
21725 506
21726 255
21727 505
21728 481
21729 505
21730 505
21731 303
21732 303
21733 303
21734 543
21735 218
21736 222
21737 240
21738 732
21739 732
21740 520
21741 520
21742 3
21743 63
21744 391
21745 116
21746 391
21747 391
21748 391
21749 194
21750 235
21751 235
21752 235
21753 689
21754 611
21755 611
21756 611
21757 611
21758 611
21759 611
21760 157
21761 157
21762 596
21763 596
21764 596
21765 607
21766 4
21767 223
21768 594
21769 497
21770 497
21771 497
21772 497
21773 243
21774 65
21775 65
21776 172
21777 66
21778 731
21779 731
21780 450
21781 450
21782 750
21783 450
21784 330
21785 337
21786 330
21787 59
21788 59
21789 684
21790 684
21791 684
21792 684
21793 684
21794 140
21795 140
21796 618
21797 717
21798 717
21799 130
21800 267
21801 267
21802 267
21803 267
21804 408
21805 408
21806 408
21807 238
21808 238
21809 238
21810 584
21811 584
21812 584
21813 584
21814 42
21815 42
21816 42
21817 42
21818 42
21819 42
21820 822
21821 661
21822 62
21823 143
21824 143
21825 112
21826 112
21827 112
21828 142
21829 142
21830 102
21831 102
21832 102
21833 102
21834 694
21835 694
21836 710
21837 768
21838 768
21839 252
21840 768
21841 677
21842 423
21843 688
21844 51
21845 51
21846 51
21847 697
21848 697
21849 697
21850 774
21851 200
21852 200
21853 200
21854 514
21855 660
21856 660
21857 702
21858 598
21859 216
21860 216
21861 216
21862 645
21863 645
21864 410
21865 410
21866 410
21867 410
21868 825
21869 825
21870 857
21871 857
21872 130
21873 130
21874 70
21875 71
21876 598
21877 360
21878 360
21879 360
21880 524
21881 524
21882 24
21883 333
21884 256
21885 256
21886 383
21887 256
21888 88
21889 88
21890 385
21891 385
21892 277
21893 277
21894 490
21895 362
21896 300
21897 300
21898 300
21899 216
21900 550
21901 550
21902 550
21903 550
21904 550
21905 778
21906 778
21907 289
21908 814
21909 163
21910 162
21911 163
21912 163
21913 263
21914 263
21915 399
21916 732
21917 732
21918 125
21919 521
21920 695
21921 521
21922 521
21923 358
21924 436
21925 456
21926 456
21927 356
21928 356
21929 356
21930 356
21931 738
21932 738
21933 807
21934 738
21935 113
21936 113
21937 113
21938 517
21939 595
21940 517
21941 813
21942 824
21943 27
21944 27
21945 28
21946 51
21947 35
21948 36
21949 695
21950 695
21951 695
21952 695
21953 342
21954 342
21955 343
21956 514
21957 42
21958 42
21959 42
21960 73
21961 73
21962 162
21963 73
21964 442
21965 197
21966 197
21967 328
21968 716
21969 38
21970 38
21971 38
21972 856
21973 676
21974 596
21975 596
21976 596
21977 265
21978 628
21979 628
21980 567
21981 568
21982 567
21983 219
21984 219
21985 505
21986 505
21987 505
21988 177
21989 177
21990 716
21991 81
21992 81
21993 153
21994 565
21995 565
21996 263
21997 263
21998 263
21999 622
22000 622
22001 198
22002 198
22003 198
22004 198
22005 598
22006 598
22007 149
22008 772
22009 588
22010 588
22011 660
22012 672
22013 41
22014 41
22015 41
22016 595
22017 595
22018 595
22019 616
22020 595
22021 251
22022 251
22023 262
22024 251
22025 251
22026 251
22027 426
22028 426
22029 426
22030 81
22031 81
22032 384
22033 384
22034 736
22035 736
22036 275
22037 275
22038 595
22039 603
22040 595
22041 595
22042 595
22043 595
22044 0
22045 8
22046 25
22047 498
22048 356
22049 356
22050 356
22051 356
22052 356
22053 98
22054 654
22055 790
22056 790
22057 85
22058 224
22059 149
22060 460
22061 854
22062 127
22063 143
22064 143
22065 384
22066 384
22067 384
22068 592
22069 842
22070 842
22071 842
22072 815
22073 815
22074 815
22075 749
22076 749
22077 251
22078 251
22079 433
22080 456
22081 327
22082 599
22083 599
22084 599
22085 599
22086 223
22087 229
22088 361
22089 361
22090 366
22091 104
22092 104
22093 104
22094 104
22095 104
22096 289
22097 597
22098 597
22099 622
22100 622
22101 409
22102 409
22103 492
22104 492
22105 588
22106 95
22107 591
22108 556
22109 556
22110 90
22111 90
22112 801
22113 801
22114 801
22115 801
22116 801
22117 440
22118 412
22119 799
22120 412
22121 718
22122 718
22123 446
22124 446
22125 446
22126 605
22127 167
22128 167
22129 712
22130 408
22131 408
22132 677
22133 677
22134 306
22135 306
22136 306
22137 306
22138 306
22139 306
22140 306
22141 568
22142 568
22143 14
22144 14
22145 39
22146 39
22147 44
22148 39
22149 39
22150 515
22151 526
22152 595
22153 595
22154 607
22155 595
22156 832
22157 832
22158 832
22159 38
22160 695
22161 695
22162 155
22163 155
22164 136
22165 253
22166 846
22167 846
22168 846
22169 4
22170 136
22171 738
22172 738
22173 738
22174 63
22175 63
22176 745
22177 410
22178 410
22179 175
22180 175
22181 254
22182 470
22183 470
22184 470
22185 74
22186 74
22187 74
22188 718
22189 718
22190 705
22191 718
22192 718
22193 687
22194 687
22195 37
22196 43
22197 434
22198 438
22199 59
22200 763
22201 14
22202 14
22203 14
22204 511
22205 266
22206 150
22207 150
22208 710
22209 489
22210 589
22211 589
22212 589
22213 589
22214 226
22215 226
22216 227
22217 453
22218 344
22219 453
22220 453
22221 575
22222 360
22223 363
22224 625
22225 760
22226 774
22227 774
22228 661
22229 5
22230 631
22231 631
22232 742
22233 742
22234 549
22235 549
22236 549
22237 109
22238 524
22239 524
22240 648
22241 737
22242 816
22243 353
22244 353
22245 350
22246 291
22247 342
22248 342
22249 396
22250 396
22251 437
22252 477
22253 571
22254 571
22255 117
22256 117
22257 117
22258 117
22259 253
22260 251
22261 117
22262 117
22263 248
22264 248
22265 248
22266 561
22267 561
22268 410
22269 98
22270 41
22271 41
22272 67
22273 258
22274 815
22275 685
22276 375
22277 48
22278 48
22279 738
22280 738
22281 738
22282 738
22283 663
22284 604
22285 604
22286 763
22287 763
22288 764
22289 804
22290 804
22291 601
22292 601
22293 705
22294 704
22295 232
22296 232
22297 232
22298 16
22299 87
22300 291
22301 291
22302 291
22303 732
22304 732
22305 732
22306 732
22307 399
22308 399
22309 399
22310 38
22311 466
22312 466
22313 334
22314 373
22315 334
22316 40
22317 40
22318 40
22319 735
22320 735
22321 735
22322 735
22323 659
22324 735
22325 735
22326 65
22327 65
22328 65
22329 104
22330 196
22331 196
22332 54
22333 55
22334 688
22335 574
22336 574
22337 574
22338 463
22339 220
22340 542
22341 54
22342 692
22343 692
22344 175
22345 175
22346 175
22347 175
22348 137
22349 233
22350 221
22351 221
22352 221
22353 221
22354 221
22355 567
22356 567
22357 810
22358 167
22359 167
22360 167
22361 167
22362 543
22363 542
22364 784
22365 784
22366 352
22367 567
22368 567
22369 472
22370 68
22371 68
22372 71
22373 69
22374 631
22375 631
22376 730
22377 730
22378 192
22379 803
22380 441
22381 783
22382 623
22383 304
22384 623
22385 445
22386 623
22387 29
22388 442
22389 325
22390 615
22391 615
22392 572
22393 702
22394 714
22395 271
22396 649
22397 176
22398 176
22399 176
22400 176
22401 176
22402 595
22403 595
22404 595
22405 516
22406 596
22407 82
22408 815
22409 815
22410 815
22411 815
22412 815
22413 623
22414 623
22415 623
22416 623
22417 692
22418 692
22419 589
22420 812
22421 812
22422 274
22423 274
22424 274
22425 274
22426 274
22427 123
22428 123
22429 123
22430 123
22431 116
22432 811
22433 811
22434 811
22435 811
22436 811
22437 569
22438 569
22439 660
22440 660
22441 519
22442 526
22443 519
22444 519
22445 150
22446 159
22447 150
22448 735
22449 735
22450 622
22451 622
22452 817
22453 817
22454 817
22455 648
22456 684
22457 672
22458 672
22459 672
22460 661
22461 302
22462 302
22463 302
22464 373
22465 311
22466 311
22467 442
22468 699
22469 699
22470 699
22471 13
22472 444
22473 805
22474 805
22475 805
22476 805
22477 805
22478 128
22479 128
22480 128
22481 128
22482 128
22483 128
22484 153
22485 153
22486 153
22487 645
22488 645
22489 43
22490 50
22491 42
22492 31
22493 42
22494 42
22495 173
22496 171
22497 171
22498 13
22499 361
22500 834
22501 4
22502 737
22503 737
22504 737
22505 466
22506 785
22507 466
22508 111
22509 735
22510 735
22511 599
22512 599
22513 717
22514 717
22515 716
22516 431
22517 431
22518 431
22519 706
22520 365
22521 855
22522 855
22523 855
22524 544
22525 749
22526 163
22527 163
22528 163
22529 109
22530 114
22531 622
22532 622
22533 286
22534 286
22535 286
22536 286
22537 225
22538 284
22539 284
22540 284
22541 284
22542 284
22543 11
22544 31
22545 11
22546 220
22547 556
22548 556
22549 70
22550 160
22551 31
22552 31
22553 31
22554 41
22555 31
22556 247
22557 247
22558 247
22559 516
22560 548
22561 548
22562 788
22563 788
22564 788
22565 788
22566 178
22567 178
22568 517
22569 855
22570 855
22571 76
22572 38
22573 76
22574 812
22575 812
22576 812
22577 812
22578 813
22579 820
22580 728
22581 599
22582 599
22583 599
22584 588
22585 588
22586 588
22587 588
22588 855
22589 855
22590 435
22591 450
22592 474
22593 445
22594 383
22595 475
22596 575
22597 575
22598 679
22599 695
22600 681
22601 681
22602 679
22603 679
22604 602
22605 602
22606 602
22607 602
22608 602
22609 693
22610 693
22611 693
22612 123
22613 123
22614 694
22615 694
22616 694
22617 65
22618 65
22619 340
22620 831
22621 831
22622 831
22623 569
22624 569
22625 631
22626 631
22627 856
22628 856
22629 856
22630 764
22631 764
22632 293
22633 117
22634 117
22635 117
22636 271
22637 420
22638 420
22639 51
22640 51
22641 300
22642 194
22643 194
22644 194
22645 8
22646 341
22647 350
22648 616
22649 616
22650 616
22651 800
22652 800
22653 810
22654 832
22655 735
22656 735
22657 817
22658 708
22659 714
22660 696
22661 696
22662 203
22663 203
22664 203
22665 352
22666 352
22667 352
22668 60
22669 60
22670 60
22671 127
22672 127
22673 127
22674 127
22675 293
22676 293
22677 112
22678 117
22679 216
22680 570
22681 570
22682 445
22683 734
22684 573
22685 573
22686 573
22687 573
22688 421
22689 840
22690 840
22691 137
22692 137
22693 356
22694 356
22695 356
22696 356
22697 36
22698 36
22699 464
22700 464
22701 84
22702 410
22703 410
22704 410
22705 648
22706 672
22707 672
22708 362
22709 362
22710 517
22711 618
22712 518
22713 517
22714 683
22715 162
22716 162
22717 162
22718 796
22719 796
22720 63
22721 7
22722 14
22723 665
22724 41
22725 50
22726 101
22727 733
22728 743
22729 743
22730 815
22731 815
22732 191
22733 191
22734 699
22735 530
22736 775
22737 782
22738 775
22739 775
22740 705
22741 291
22742 291
22743 291
22744 241
22745 241
22746 241
22747 848
22748 848
22749 848
22750 395
22751 395
22752 579
22753 579
22754 346
22755 346
22756 42
22757 49
22758 42
22759 29
22760 823
22761 823
22762 823
22763 823
22764 273
22765 273
22766 470
22767 470
22768 470
22769 470
22770 470
22771 369
22772 369
22773 285
22774 285
22775 285
22776 410
22777 339
22778 392
22779 392
22780 502
22781 502
22782 502
22783 193
22784 40
22785 40
22786 40
22787 788
22788 788
22789 15
22790 549
22791 247
22792 247
22793 467
22794 467
22795 467
22796 467
22797 484
22798 467
22799 263
22800 58
22801 58
22802 18
22803 36
22804 334
22805 334
22806 198
22807 198
22808 198
22809 420
22810 703
22811 238
22812 608
22813 608
22814 545
22815 545
22816 427
22817 427
22818 427
22819 758
22820 650
22821 469
22822 469
22823 705
22824 664
22825 10
22826 710
22827 739
22828 709
22829 709
22830 486
22831 119
22832 119
22833 260
22834 260
22835 260
22836 809
22837 543
22838 543
22839 543
22840 553
22841 624
22842 201
22843 201
22844 201
22845 55
22846 856
22847 856
22848 17
22849 17
22850 238
22851 7
22852 24
22853 74
22854 286
22855 286
22856 286
22857 227
22858 43
22859 43
22860 43
22861 731
22862 731
22863 110
22864 88
22865 88
22866 143
22867 143
22868 143
22869 64
22870 141
22871 558
22872 558
22873 558
22874 186
22875 545
22876 545
22877 306
22878 306
22879 306
22880 306
22881 768
22882 55
22883 60
22884 790
22885 791
22886 790
22887 790
22888 184
22889 184
22890 184
22891 381
22892 381
22893 95
22894 95
22895 245
22896 727
22897 620
22898 427
22899 544
22900 544
22901 544
22902 276
22903 276
22904 231
22905 302
22906 302
22907 302
22908 305
22909 305
22910 305
22911 243
22912 657
22913 657
22914 125
22915 125
22916 125
22917 125
22918 33
22919 33
22920 33
22921 33
22922 33
22923 216
22924 222
22925 594
22926 694
22927 694
22928 141
22929 157
22930 842
22931 842
22932 359
22933 309
22934 387
22935 115
22936 105
22937 105
22938 409
22939 409
22940 409
22941 409
22942 409
22943 545
22944 545
22945 27
22946 805
22947 805
22948 805
22949 805
22950 815
22951 815
22952 815
22953 223
22954 205
22955 205
22956 205
22957 541
22958 541
22959 234
22960 234
22961 859
22962 859
22963 460
22964 540
22965 30
22966 30
22967 30
22968 30
22969 98
22970 389
22971 389
22972 599
22973 599
22974 616
22975 30
22976 30
22977 32
22978 30
22979 30
22980 61
22981 405
22982 85
22983 204
22984 4
22985 6
22986 681
22987 681
22988 681
22989 805
22990 75
22991 27
22992 33
22993 28
22994 349
22995 427
22996 330
22997 343
22998 742
22999 742
23000 742
23001 742
23002 432
23003 445
23004 456
23005 415
23006 172
23007 61
23008 722
23009 722
23010 117
23011 31
23012 730
23013 730
23014 730
23015 301
23016 301
23017 677
23018 677
23019 312
23020 720
23021 677
23022 391
23023 391
23024 391
23025 547
23026 547
23027 547
23028 437
23029 444
23030 323
23031 277
23032 259
23033 259
23034 259
23035 351
23036 351
23037 267
23038 553
23039 591
23040 811
23041 691
23042 692
23043 691
23044 805
23045 805
23046 805
23047 434
23048 17
23049 546
23050 38
23051 45
23052 468
23053 503
23054 388
23055 705
23056 713
23057 240
23058 240
23059 12
23060 791
23061 791
23062 791
23063 470
23064 470
23065 470
23066 27
23067 716
23068 432
23069 116
23070 116
23071 116
23072 116
23073 116
23074 89
23075 573
23076 573
23077 573
23078 301
23079 81
23080 99
23081 656
23082 656
23083 672
23084 656
23085 672
23086 467
23087 333
23088 630
23089 634
23090 286
23091 657
23092 657
23093 794
23094 657
23095 277
23096 410
23097 410
23098 427
23099 410
23100 193
23101 193
23102 193
23103 595
23104 595
23105 595
23106 595
23107 849
23108 849
23109 14
23110 14
23111 200
23112 200
23113 200
23114 470
23115 470
23116 470
23117 472
23118 472
23119 211
23120 211
23121 211
23122 211
23123 315
23124 315
23125 286
23126 286
23127 417
23128 417
23129 417
23130 7
23131 350
23132 682
23133 682
23134 682
23135 59
23136 230
23137 661
23138 720
23139 679
23140 529
23141 529
23142 529
23143 581
23144 582
23145 313
23146 313
23147 313
23148 313
23149 313
23150 363
23151 363
23152 339
23153 739
23154 739
23155 351
23156 351
23157 292
23158 292
23159 39
23160 113
23161 113
23162 113
23163 4
23164 24
23165 342
23166 95
23167 95
23168 213
23169 213
23170 213
23171 213
23172 244
23173 821
23174 829
23175 96
23176 859
23177 859
23178 859
23179 696
23180 709
23181 791
23182 791
23183 322
23184 322
23185 322
23186 393
23187 393
23188 136
23189 856
23190 856
23191 856
23192 35
23193 788
23194 788
23195 788
23196 788
23197 143
23198 143
23199 283
23200 127
23201 127
23202 127
23203 570
23204 570
23205 679
23206 233
23207 680
23208 679
23209 168
23210 169
23211 248
23212 777
23213 777
23214 777
23215 188
23216 308
23217 308
23218 308
23219 50
23220 50
23221 50
23222 433
23223 792
23224 792
23225 696
23226 684
23227 17
23228 17
23229 389
23230 389
23231 834
23232 709
23233 709
23234 438
23235 456
23236 456
23237 783
23238 347
23239 347
23240 542
23241 543
23242 841
23243 841
23244 720
23245 798
23246 499
23247 717
23248 57
23249 57
23250 75
23251 57
23252 427
23253 72
23254 88
23255 217
23256 385
23257 212
23258 307
23259 212
23260 767
23261 767
23262 767
23263 767
23264 767
23265 702
23266 385
23267 394
23268 385
23269 114
23270 788
23271 788
23272 788
23273 788
23274 788
23275 788
23276 599
23277 599
23278 55
23279 445
23280 745
23281 517
23282 517
23283 737
23284 386
23285 789
23286 789
23287 789
23288 646
23289 646
23290 645
23291 646
23292 646
23293 646
23294 467
23295 467
23296 467
23297 849
23298 849
23299 849
23300 541
23301 541
23302 194
23303 194
23304 652
23305 124
23306 124
23307 355
23308 355
23309 355
23310 730
23311 730
23312 730
23313 330
23314 623
23315 623
23316 623
23317 623
23318 568
23319 400
23320 400
23321 400
23322 499
23323 351
23324 351
23325 351
23326 354
23327 254
23328 575
23329 575
23330 34
23331 7
23332 610
23333 610
23334 240
23335 65
23336 240
23337 240
23338 240
23339 570
23340 570
23341 773
23342 570
23343 474
23344 696
23345 432
23346 456
23347 516
23348 516
23349 661
23350 661
23351 825
23352 825
23353 825
23354 826
23355 721
23356 721
23357 162
23358 165
23359 256
23360 757
23361 757
23362 757
23363 162
23364 108
23365 692
23366 692
23367 692
23368 695
23369 692
23370 83
23371 104
23372 20
23373 727
23374 313
23375 313
23376 730
23377 103
23378 850
23379 125
23380 632
23381 632
23382 632
23383 790
23384 790
23385 250
23386 250
23387 250
23388 250
23389 481
23390 384
23391 384
23392 384
23393 415
23394 415
23395 415
23396 665
23397 63
23398 63
23399 813
23400 813
23401 313
23402 313
23403 177
23404 177
23405 839
23406 227
23407 227
23408 227
23409 803
23410 803
23411 37
23412 746
23413 348
23414 459
23415 408
23416 460
23417 66
23418 814
23419 814
23420 277
23421 277
23422 284
23423 146
23424 146
23425 146
23426 117
23427 117
23428 117
23429 90
23430 90
23431 247
23432 611
23433 611
23434 611
23435 444
23436 527
23437 456
23438 761
23439 790
23440 790
23441 83
23442 62
23443 465
23444 472
23445 382
23446 308
23447 308
23448 575
23449 575
23450 319
23451 319
23452 330
23453 337
23454 425
23455 175
23456 175
23457 240
23458 240
23459 240
23460 745
23461 35
23462 79
23463 79
23464 236
23465 781
23466 476
23467 781
23468 781
23469 781
23470 763
23471 217
23472 39
23473 577
23474 698
23475 624
23476 624
23477 180
23478 624
23479 624
23480 624
23481 624
23482 842
23483 613
23484 613
23485 518
23486 791
23487 791
23488 791
23489 624
23490 791
23491 858
23492 291
23493 291
23494 291
23495 286
23496 632
23497 133
23498 133
23499 492
23500 460
23501 456
23502 64
23503 64
23504 573
23505 573
23506 573
23507 573
23508 250
23509 463
23510 465
23511 465
23512 222
23513 222
23514 222
23515 415
23516 415
23517 415
23518 415
23519 415
23520 584
23521 584
23522 355
23523 355
23524 67
23525 407
23526 407
23527 444
23528 0
23529 4
23530 4
23531 24
23532 24
23533 164
23534 24
23535 13
23536 503
23537 503
23538 503
23539 32
23540 565
23541 32
23542 724
23543 724
23544 577
23545 624
23546 624
23547 624
23548 624
23549 407
23550 259
23551 108
23552 114
23553 194
23554 194
23555 281
23556 281
23557 281
23558 475
23559 475
23560 436
23561 456
23562 570
23563 540
23564 650
23565 672
23566 571
23567 571
23568 4
23569 393
23570 393
23571 765
23572 765
23573 765
23574 81
23575 84
23576 395
23577 751
23578 810
23579 810
23580 811
23581 414
23582 414
23583 414
23584 540
23585 541
23586 103
23587 360
23588 252
23589 252
23590 252
23591 570
23592 570
23593 570
23594 703
23595 352
23596 352
23597 250
23598 250
23599 49
23600 49
23601 399
23602 399
23603 399
23604 461
23605 595
23606 595
23607 857
23608 17
23609 17
23610 203
23611 210
23612 210
23613 210
23614 210
23615 210
23616 774
23617 774
23618 823
23619 395
23620 395
23621 848
23622 848
23623 848
23624 848
23625 848
23626 848
23627 386
23628 386
23629 386
23630 386
23631 386
23632 390
23633 574
23634 636
23635 635
23636 636
23637 636
23638 636
23639 733
23640 733
23641 734
23642 706
23643 714
23644 714
23645 708
23646 351
23647 351
23648 395
23649 395
23650 395
23651 395
23652 497
23653 114
23654 456
23655 624
23656 624
23657 548
23658 548
23659 588
23660 588
23661 848
23662 848
23663 848
23664 848
23665 40
23666 40
23667 814
23668 815
23669 765
23670 765
23671 848
23672 848
23673 277
23674 277
23675 277
23676 277
23677 289
23678 289
23679 320
23680 320
23681 320
23682 101
23683 624
23684 624
23685 624
23686 516
23687 792
23688 792
23689 792
23690 792
23691 809
23692 81
23693 98
23694 84
23695 582
23696 274
23697 274
23698 274
23699 408
23700 408
23701 408
23702 338
23703 233
23704 487
23705 756
23706 331
23707 331
23708 331
23709 331
23710 816
23711 89
23712 24
23713 415
23714 415
23715 415
23716 415
23717 498
23718 498
23719 597
23720 597
23721 597
23722 4
23723 24
23724 465
23725 275
23726 334
23727 421
23728 318
23729 318
23730 807
23731 807
23732 848
23733 848
23734 848
23735 848
23736 569
23737 569
23738 354
23739 352
23740 352
23741 690
23742 61
23743 67
23744 62
23745 30
23746 332
23747 251
23748 577
23749 577
23750 577
23751 577
23752 817
23753 817
23754 343
23755 343
23756 343
23757 343
23758 654
23759 672
23760 624
23761 624
23762 624
23763 665
23764 578
23765 665
23766 449
23767 8
23768 654
23769 625
23770 672
23771 101
23772 11
23773 11
23774 87
23775 383
23776 383
23777 383
23778 530
23779 530
23780 530
23781 530
23782 365
23783 184
23784 187
23785 494
23786 456
23787 494
23788 264
23789 774
23790 10
23791 270
23792 273
23793 259
23794 44
23795 44
23796 789
23797 789
23798 789
23799 137
23800 437
23801 323
23802 479
23803 456
23804 841
23805 841
23806 518
23807 518
23808 518
23809 518
23810 518
23811 518
23812 518
23813 518
23814 518
23815 76
23816 76
23817 76
23818 625
23819 625
23820 85
23821 106
23822 85
23823 630
23824 642
23825 630
23826 630
23827 630
23828 62
23829 710
23830 710
23831 5
23832 465
23833 446
23834 465
23835 508
23836 465
23837 514
23838 514
23839 514
23840 148
23841 148
23842 148
23843 718
23844 583
23845 599
23846 599
23847 599
23848 607
23849 744
23850 744
23851 809
23852 557
23853 732
23854 843
23855 631
23856 843
23857 843
23858 843
23859 843
23860 115
23861 765
23862 766
23863 776
23864 776
23865 776
23866 776
23867 780
23868 43
23869 43
23870 43
23871 43
23872 232
23873 232
23874 232
23875 227
23876 630
23877 630
23878 630
23879 630
23880 630
23881 631
23882 631
23883 631
23884 631
23885 631
23886 750
23887 751
23888 575
23889 844
23890 844
23891 844
23892 844
23893 341
23894 341
23895 275
23896 275
23897 275
23898 275
23899 721
23900 626
23901 626
23902 626
23903 329
23904 311
23905 311
23906 799
23907 311
23908 311
23909 311
23910 465
23911 465
23912 484
23913 330
23914 516
23915 222
23916 144
23917 144
23918 144
23919 140
23920 106
23921 106
23922 409
23923 106
23924 427
23925 602
23926 622
23927 274
23928 274
23929 274
23930 274
23931 54
23932 90
23933 90
23934 511
23935 606
23936 436
23937 456
23938 456
23939 680
23940 511
23941 456
23942 708
23943 714
23944 334
23945 334
23946 108
23947 568
23948 568
23949 568
23950 568
23951 568
23952 568
23953 568
23954 62
23955 66
23956 176
23957 176
23958 601
23959 826
23960 12
23961 24
23962 353
23963 353
23964 327
23965 229
23966 337
23967 337
23968 810
23969 99
23970 99
23971 99
23972 183
23973 183
23974 183
23975 185
23976 183
23977 405
23978 85
23979 703
23980 332
23981 703
23982 116
23983 604
23984 604
23985 721
23986 721
23987 704
23988 416
23989 665
23990 665
23991 213
23992 213
23993 213
23994 716
23995 836
23996 719
23997 815
23998 815
23999 815
24000 815
24001 680
24002 734
24003 680
24004 688
24005 439
24006 694
24007 694
24008 137
24009 137
24010 804
24011 804
24012 804
24013 204
24014 204
24015 204
24016 204
24017 734
24018 394
24019 400
24020 394
24021 727
24022 727
24023 32
24024 32
24025 357
24026 357
24027 29
24028 33
24029 384
24030 206
24031 206
24032 206
24033 206
24034 138
24035 419
24036 419
24037 419
24038 420
24039 144
24040 144
24041 194
24042 22
24043 99
24044 36
24045 276
24046 456
24047 97
24048 97
24049 97
24050 571
24051 571
24052 571
24053 360
24054 360
24055 360
24056 360
24057 360
24058 760
24059 140
24060 409
24061 409
24062 770
24063 774
24064 394
24065 394
24066 3
24067 25
24068 275
24069 275
24070 515
24071 353
24072 353
24073 368
24074 110
24075 357
24076 357
24077 357
24078 357
24079 661
24080 718
24081 147
24082 147
24083 541
24084 541
24085 393
24086 393
24087 395
24088 393
24089 386
24090 386
24091 386
24092 30
24093 30
24094 379
24095 283
24096 284
24097 312
24098 312
24099 312
24100 312
24101 312
24102 21
24103 21
24104 3
24105 602
24106 357
24107 656
24108 672
24109 250
24110 456
24111 250
24112 250
24113 250
24114 51
24115 51
24116 51
24117 541
24118 541
24119 621
24120 621
24121 516
24122 758
24123 20
24124 639
24125 329
24126 540
24127 136
24128 183
24129 366
24130 366
24131 369
24132 366
24133 792
24134 792
24135 792
24136 792
24137 792
24138 792
24139 406
24140 406
24141 406
24142 850
24143 850
24144 97
24145 751
24146 751
24147 7
24148 140
24149 140
24150 136
24151 357
24152 761
24153 434
24154 456
24155 456
24156 456
24157 227
24158 650
24159 672
24160 846
24161 846
24162 846
24163 846
24164 846
24165 846
24166 846
24167 289
24168 289
24169 759
24170 692
24171 692
24172 755
24173 59
24174 50
24175 598
24176 600
24177 599
24178 598
24179 598
24180 59
24181 59
24182 110
24183 205
24184 205
24185 205
24186 205
24187 492
24188 492
24189 731
24190 84
24191 84
24192 676
24193 676
24194 676
24195 676
24196 69
24197 363
24198 409
24199 677
24200 677
24201 630
24202 342
24203 274
24204 277
24205 276
24206 274
24207 679
24208 6
24209 64
24210 64
24211 58
24212 307
24213 353
24214 307
24215 307
24216 307
24217 307
24218 307
24219 287
24220 287
24221 287
24222 782
24223 287
24224 678
24225 73
24226 488
24227 529
24228 708
24229 149
24230 744
24231 744
24232 709
24233 179
24234 179
24235 12
24236 226
24237 437
24238 595
24239 183
24240 183
24241 183
24242 417
24243 417
24244 417
24245 365
24246 127
24247 127
24248 127
24249 127
24250 576
24251 576
24252 681
24253 672
24254 174
24255 174
24256 225
24257 318
24258 318
24259 330
24260 330
24261 352
24262 655
24263 673
24264 724
24265 110
24266 114
24267 110
24268 302
24269 302
24270 484
24271 576
24272 576
24273 581
24274 581
24275 582
24276 842
24277 842
24278 841
24279 842
24280 842
24281 227
24282 330
24283 792
24284 792
24285 792
24286 794
24287 603
24288 716
24289 545
24290 545
24291 545
24292 545
24293 545
24294 417
24295 417
24296 417
24297 63
24298 679
24299 517
24300 551
24301 517
24302 550
24303 517
24304 679
24305 722
24306 722
24307 722
24308 722
24309 722
24310 25
24311 46
24312 301
24313 301
24314 301
24315 301
24316 301
24317 797
24318 803
24319 797
24320 598
24321 599
24322 788
24323 788
24324 806
24325 788
24326 384
24327 384
24328 386
24329 115
24330 115
24331 119
24332 142
24333 145
24334 249
24335 589
24336 589
24337 589
24338 745
24339 745
24340 637
24341 638
24342 342
24343 342
24344 342
24345 522
24346 522
24347 746
24348 746
24349 147
24350 147
24351 826
24352 826
24353 55
24354 498
24355 498
24356 850
24357 850
24358 67
24359 147
24360 361
24361 147
24362 721
24363 650
24364 412
24365 650
24366 558
24367 558
24368 439
24369 690
24370 166
24371 575
24372 430
24373 430
24374 10
24375 128
24376 356
24377 356
24378 356
24379 356
24380 356
24381 359
24382 436
24383 114
24384 1
24385 680
24386 686
24387 680
24388 626
24389 426
24390 626
24391 626
24392 630
24393 651
24394 752
24395 692
24396 692
24397 470
24398 448
24399 448
24400 153
24401 153
24402 153
24403 599
24404 599
24405 767
24406 767
24407 631
24408 687
24409 631
24410 631
24411 413
24412 413
24413 163
24414 573
24415 573
24416 378
24417 379
24418 825
24419 825
24420 220
24421 220
24422 605
24423 605
24424 66
24425 66
24426 67
24427 428
24428 413
24429 292
24430 292
24431 292
24432 478
24433 205
24434 205
24435 5
24436 25
24437 26
24438 511
24439 623
24440 623
24441 270
24442 270
24443 270
24444 530
24445 172
24446 172
24447 172
24448 172
24449 172
24450 172
24451 702
24452 815
24453 815
24454 815
24455 678
24456 678
24457 634
24458 634
24459 634
24460 57
24461 168
24462 168
24463 447
24464 447
24465 530
24466 144
24467 144
24468 187
24469 572
24470 572
24471 764
24472 764
24473 382
24474 678
24475 678
24476 678
24477 530
24478 140
24479 59
24480 59
24481 59
24482 125
24483 131
24484 125
24485 839
24486 839
24487 0
24488 112
24489 112
24490 542
24491 251
24492 251
24493 250
24494 144
24495 239
24496 275
24497 275
24498 275
24499 587
24500 66
24501 66
24502 184
24503 184
24504 184
24505 789
24506 789
24507 789
24508 136
24509 136
24510 443
24511 443
24512 443
24513 445
24514 591
24515 591
24516 591
24517 591
24518 584
24519 584
24520 167
24521 167
24522 738
24523 738
24524 746
24525 415
24526 356
24527 356
24528 143
24529 145
24530 143
24531 336
24532 336
24533 34
24534 704
24535 74
24536 777
24537 777
24538 777
24539 387
24540 389
24541 57
24542 60
24543 335
24544 335
24545 335
24546 335
24547 571
24548 571
24549 571
24550 568
24551 568
24552 138
24553 706
24554 714
24555 411
24556 714
24557 728
24558 849
24559 849
24560 579
24561 579
24562 579
24563 220
24564 220
24565 17
24566 17
24567 352
24568 371
24569 819
24570 819
24571 357
24572 357
24573 357
24574 513
24575 525
24576 514
24577 532
24578 724
24579 724
24580 724
24581 8
24582 87
24583 87
24584 720
24585 720
24586 751
24587 178
24588 178
24589 505
24590 449
24591 266
24592 780
24593 505
24594 505
24595 505
24596 733
24597 518
24598 518
24599 573
24600 573
24601 573
24602 573
24603 573
24604 167
24605 154
24606 702
24607 714
24608 174
24609 174
24610 197
24611 197
24612 197
24613 43
24614 43
24615 43
24616 614
24617 571
24618 614
24619 614
24620 614
24621 59
24622 59
24623 59
24624 808
24625 808
24626 411
24627 515
24628 630
24629 630
24630 642
24631 630
24632 433
24633 334
24634 444
24635 456
24636 229
24637 794
24638 794
24639 794
24640 813
24641 818
24642 798
24643 798
24644 360
24645 360
24646 773
24647 814
24648 719
24649 331
24650 721
24651 721
24652 644
24653 644
24654 645
24655 476
24656 476
24657 169
24658 169
24659 169
24660 370
24661 370
24662 541
24663 388
24664 409
24665 858
24666 858
24667 543
24668 543
24669 535
24670 535
24671 749
24672 732
24673 732
24674 716
24675 39
24676 447
24677 740
24678 447
24679 815
24680 130
24681 494
24682 815
24683 435
24684 841
24685 545
24686 370
24687 370
24688 164
24689 164
24690 160
24691 160
24692 506
24693 506
24694 506
24695 408
24696 448
24697 448
24698 448
24699 11
24700 46
24701 746
24702 746
24703 1
24704 447
24705 447
24706 632
24707 632
24708 632
24709 633
24710 633
24711 632
24712 682
24713 683
24714 206
24715 206
24716 409
24717 761
24718 761
24719 768
24720 761
24721 450
24722 273
24723 452
24724 450
24725 450
24726 450
24727 90
24728 90
24729 176
24730 176
24731 176
24732 642
24733 642
24734 2
24735 411
24736 411
24737 411
24738 411
24739 384
24740 384
24741 352
24742 352
24743 822
24744 822
24745 822
24746 449
24747 449
24748 449
24749 449
24750 449
24751 412
24752 545
24753 163
24754 18
24755 18
24756 446
24757 446
24758 726
24759 726
24760 326
24761 352
24762 64
24763 260
24764 204
24765 204
24766 626
24767 626
24768 159
24769 159
24770 685
24771 685
24772 685
24773 584
24774 584
24775 584
24776 584
24777 360
24778 360
24779 0
24780 86
24781 13
24782 10
24783 467
24784 467
24785 467
24786 484
24787 786
24788 467
24789 677
24790 244
24791 266
24792 246
24793 435
24794 545
24795 456
24796 464
24797 464
24798 475
24799 579
24800 579
24801 579
24802 145
24803 145
24804 145
24805 35
24806 225
24807 225
24808 675
24809 449
24810 691
24811 691
24812 691
24813 691
24814 691
24815 691
24816 278
24817 278
24818 221
24819 221
24820 168
24821 168
24822 168
24823 168
24824 168
24825 302
24826 302
24827 302
24828 230
24829 437
24830 475
24831 626
24832 395
24833 395
24834 395
24835 395
24836 395
24837 324
24838 32
24839 32
24840 706
24841 709
24842 732
24843 732
24844 732
24845 807
24846 807
24847 825
24848 825
24849 825
24850 826
24851 254
24852 263
24853 254
24854 254
24855 746
24856 337
24857 746
24858 351
24859 367
24860 601
24861 44
24862 44
24863 76
24864 76
24865 518
24866 518
24867 8
24868 219
24869 524
24870 524
24871 524
24872 533
24873 524
24874 524
24875 515
24876 85
24877 94
24878 91
24879 661
24880 694
24881 414
24882 414
24883 414
24884 751
24885 751
24886 363
24887 363
24888 363
24889 324
24890 363
24891 623
24892 623
24893 695
24894 695
24895 695
24896 230
24897 230
24898 411
24899 411
24900 363
24901 363
24902 363
24903 490
24904 486
24905 173
24906 511
24907 628
24908 631
24909 610
24910 610
24911 843
24912 843
24913 63
24914 139
24915 206
24916 164
24917 844
24918 844
24919 205
24920 205
24921 205
24922 293
24923 293
24924 730
24925 730
24926 730
24927 730
24928 246
24929 262
24930 246
24931 246
24932 208
24933 208
24934 40
24935 40
24936 542
24937 785
24938 785
24939 785
24940 443
24941 167
24942 757
24943 167
24944 167
24945 705
24946 532
24947 136
24948 136
24949 422
24950 422
24951 204
24952 204
24953 204
24954 204
24955 283
24956 283
24957 283
24958 602
24959 794
24960 794
24961 841
24962 841
24963 841
24964 841
24965 230
24966 231
24967 649
24968 672
24969 661
24970 535
24971 535
24972 463
24973 246
24974 601
24975 805
24976 805
24977 805
24978 194
24979 194
24980 194
24981 94
24982 94
24983 158
24984 748
24985 57
24986 60
24987 129
24988 129
24989 129
24990 129
24991 680
24992 14
24993 128
24994 461
24995 462
24996 733
24997 733
24998 734
24999 548
25000 541
25001 541
25002 541
25003 677
25004 677
25005 778
25006 574
25007 176
25008 176
25009 75
25010 75
25011 518
25012 518
25013 518
25014 519
25015 547
25016 547
25017 537
25018 537
25019 537
25020 332
25021 83
25022 584
25023 584
25024 584
25025 653
25026 200
25027 200
25028 217
25029 222
25030 141
25031 141
25032 645
25033 645
25034 645
25035 125
25036 125
25037 125
25038 764
25039 764
25040 764
25041 712
25042 712
25043 388
25044 388
25045 388
25046 570
25047 570
25048 254
25049 255
25050 826
25051 826
25052 826
25053 787
25054 787
25055 707
25056 291
25057 291
25058 291
25059 291
25060 291
25061 291
25062 261
25063 261
25064 594
25065 408
25066 307
25067 307
25068 307
25069 307
25070 307
25071 245
25072 245
25073 245
25074 245
25075 465
25076 465
25077 465
25078 484
25079 472
25080 227
25081 685
25082 122
25083 685
25084 685
25085 685
25086 313
25087 313
25088 313
25089 792
25090 426
25091 762
25092 762
25093 326
25094 721
25095 721
25096 721
25097 337
25098 595
25099 595
25100 467
25101 467
25102 467
25103 732
25104 732
25105 732
25106 731
25107 731
25108 732
25109 732
25110 791
25111 791
25112 663
25113 390
25114 663
25115 651
25116 758
25117 178
25118 178
25119 554
25120 721
25121 457
25122 721
25123 570
25124 570
25125 307
25126 307
25127 516
25128 516
25129 516
25130 313
25131 313
25132 852
25133 852
25134 852
25135 90
25136 90
25137 408
25138 408
25139 564
25140 703
25141 703
25142 546
25143 546
25144 546
25145 511
25146 328
25147 337
25148 126
25149 96
25150 105
25151 96
25152 102
25153 424
25154 424
25155 89
25156 100
25157 543
25158 543
25159 223
25160 261
25161 261
25162 261
25163 261
25164 261
25165 261
25166 785
25167 785
25168 785
25169 508
25170 508
25171 363
25172 363
25173 363
25174 501
25175 339
25176 501
25177 548
25178 548
25179 548
25180 369
25181 369
25182 762
25183 762
25184 799
25185 799
25186 799
25187 799
25188 258
25189 258
25190 394
25191 394
25192 711
25193 711
25194 711
25195 460
25196 484
25197 632
25198 433
25199 66
25200 572
25201 572
25202 572
25203 60
25204 60
25205 44
25206 44
25207 44
25208 44
25209 44
25210 545
25211 545
25212 545
25213 545
25214 541
25215 541
25216 563
25217 766
25218 186
25219 603
25220 603
25221 603
25222 827
25223 827
25224 827
25225 827
25226 312
25227 312
25228 312
25229 324
25230 311
25231 252
25232 469
25233 469
25234 469
25235 469
25236 469
25237 361
25238 361
25239 361
25240 547
25241 547
25242 27
25243 166
25244 27
25245 82
25246 644
25247 644
25248 644
25249 255
25250 255
25251 257
25252 255
25253 255
25254 255
25255 675
25256 685
25257 311
25258 311
25259 311
25260 311
25261 104
25262 363
25263 363
25264 363
25265 518
25266 517
25267 518
25268 75
25269 631
25270 631
25271 631
25272 83
25273 852
25274 852
25275 852
25276 852
25277 773
25278 773
25279 773
25280 235
25281 854
25282 854
25283 40
25284 567
25285 574
25286 364
25287 110
25288 110
25289 110
25290 225
25291 240
25292 440
25293 786
25294 786
25295 116
25296 359
25297 450
25298 450
25299 333
25300 333
25301 333
25302 519
25303 60
25304 571
25305 571
25306 572
25307 793
25308 793
25309 796
25310 793
25311 793
25312 140
25313 174
25314 174
25315 174
25316 7
25317 19
25318 687
25319 70
25320 70
25321 248
25322 70
25323 71
25324 346
25325 346
25326 59
25327 59
25328 74
25329 74
25330 74
25331 172
25332 493
25333 112
25334 112
25335 112
25336 112
25337 112
25338 112
25339 112
25340 506
25341 506
25342 506
25343 339
25344 140
25345 140
25346 516
25347 579
25348 579
25349 579
25350 579
25351 660
25352 672
25353 384
25354 384
25355 384
25356 384
25357 384
25358 654
25359 634
25360 673
25361 118
25362 118
25363 118
25364 827
25365 827
25366 827
25367 98
25368 98
25369 98
25370 98
25371 157
25372 471
25373 471
25374 389
25375 389
25376 759
25377 81
25378 84
25379 438
25380 660
25381 660
25382 575
25383 575
25384 575
25385 31
25386 172
25387 172
25388 500
25389 204
25390 193
25391 204
25392 343
25393 659
25394 673
25395 521
25396 654
25397 859
25398 785
25399 785
25400 476
25401 557
25402 557
25403 846
25404 846
25405 847
25406 70
25407 70
25408 95
25409 208
25410 208
25411 205
25412 205
25413 205
25414 205
25415 352
25416 732
25417 362
25418 362
25419 363
25420 423
25421 423
25422 115
25423 311
25424 105
25425 105
25426 587
25427 602
25428 602
25429 334
25430 334
25431 334
25432 334
25433 661
25434 128
25435 128
25436 275
25437 11
25438 25
25439 25
25440 250
25441 650
25442 673
25443 42
25444 42
25445 650
25446 393
25447 393
25448 771
25449 465
25450 363
25451 363
25452 739
25453 739
25454 739
25455 650
25456 673
25457 280
25458 65
25459 66
25460 459
25461 505
25462 468
25463 465
25464 475
25465 475
25466 366
25467 366
25468 366
25469 367
25470 366
25471 234
25472 240
25473 234
25474 234
25475 600
25476 600
25477 435
25478 228
25479 229
25480 679
25481 699
25482 679
25483 840
25484 840
25485 840
25486 840
25487 487
25488 91
25489 91
25490 586
25491 586
25492 261
25493 261
25494 338
25495 376
25496 626
25497 626
25498 385
25499 388
25500 251
25501 251
25502 251
25503 767
25504 767
25505 595
25506 607
25507 607
25508 823
25509 823
25510 823
25511 239
25512 744
25513 744
25514 766
25515 766
25516 230
25517 586
25518 231
25519 495
25520 459
25521 588
25522 484
25523 472
25524 472
25525 442
25526 434
25527 704
25528 397
25529 397
25530 397
25531 397
25532 293
25533 293
25534 60
25535 60
25536 226
25537 229
25538 796
25539 796
25540 773
25541 776
25542 366
25543 509
25544 509
25545 509
25546 509
25547 113
25548 704
25549 522
25550 163
25551 147
25552 147
25553 147
25554 147
25555 247
25556 446
25557 557
25558 562
25559 557
25560 562
25561 572
25562 572
25563 572
25564 572
25565 572
25566 491
25567 491
25568 172
25569 172
25570 172
25571 172
25572 172
25573 172
25574 651
25575 673
25576 655
25577 488
25578 511
25579 335
25580 34
25581 602
25582 602
25583 364
25584 364
25585 364
25586 490
25587 132
25588 132
25589 328
25590 414
25591 65
25592 633
25593 633
25594 822
25595 822
25596 822
25597 575
25598 575
25599 314
25600 314
25601 314
25602 78
25603 599
25604 598
25605 780
25606 780
25607 782
25608 780
25609 19
25610 739
25611 739
25612 739
25613 460
25614 786
25615 786
25616 786
25617 786
25618 794
25619 794
25620 745
25621 745
25622 98
25623 650
25624 659
25625 721
25626 721
25627 141
25628 141
25629 140
25630 140
25631 140
25632 854
25633 854
25634 232
25635 232
25636 232
25637 232
25638 185
25639 592
25640 442
25641 456
25642 456
25643 452
25644 679
25645 680
25646 759
25647 769
25648 449
25649 514
25650 514
25651 514
25652 526
25653 822
25654 822
25655 822
25656 822
25657 822
25658 187
25659 64
25660 729
25661 729
25662 730
25663 854
25664 854
25665 92
25666 142
25667 142
25668 557
25669 557
25670 590
25671 557
25672 746
25673 746
25674 746
25675 500
25676 456
25677 397
25678 729
25679 729
25680 842
25681 394
25682 842
25683 82
25684 804
25685 804
25686 804
25687 804
25688 804
25689 284
25690 284
25691 756
25692 756
25693 756
25694 756
25695 697
25696 698
25697 697
25698 696
25699 696
25700 696
25701 138
25702 138
25703 749
25704 749
25705 654
25706 673
25707 844
25708 845
25709 844
25710 844
25711 844
25712 681
25713 681
25714 681
25715 681
25716 681
25717 76
25718 76
25719 76
25720 453
25721 453
25722 453
25723 453
25724 599
25725 599
25726 607
25727 600
25728 607
25729 712
25730 119
25731 119
25732 537
25733 537
25734 147
25735 147
25736 147
25737 163
25738 10
25739 10
25740 522
25741 694
25742 708
25743 56
25744 60
25745 60
25746 60
25747 143
25748 694
25749 441
25750 767
25751 767
25752 767
25753 767
25754 83
25755 312
25756 61
25757 334
25758 115
25759 746
25760 585
25761 381
25762 10
25763 676
25764 698
25765 688
25766 688
25767 392
25768 403
25769 395
25770 392
25771 392
25772 403
25773 200
25774 200
25775 571
25776 571
25777 571
25778 571
25779 462
25780 511
25781 498
25782 248
25783 734
25784 410
25785 853
25786 853
25787 853
25788 326
25789 575
25790 575
25791 693
25792 423
25793 419
25794 423
25795 10
25796 132
25797 132
25798 132
25799 132
25800 132
25801 132
25802 575
25803 575
25804 152
25805 171
25806 171
25807 171
25808 612
25809 612
25810 615
25811 456
25812 338
25813 379
25814 634
25815 634
25816 635
25817 316
25818 316
25819 688
25820 227
25821 229
25822 460
25823 472
25824 359
25825 313
25826 313
25827 313
25828 313
25829 313
25830 765
25831 765
25832 766
25833 765
25834 424
25835 424
25836 417
25837 424
25838 449
25839 449
25840 449
25841 858
25842 400
25843 364
25844 364
25845 354
25846 148
25847 223
25848 243
25849 441
25850 140
25851 140
25852 140
25853 140
25854 37
25855 490
25856 219
25857 222
25858 255
25859 255
25860 7
25861 25
25862 25
25863 557
25864 557
25865 557
25866 557
25867 776
25868 440
25869 648
25870 673
25871 661
25872 655
25873 655
25874 843
25875 69
25876 71
25877 69
25878 787
25879 230
25880 480
25881 480
25882 822
25883 822
25884 232
25885 258
25886 276
25887 276
25888 324
25889 843
25890 330
25891 337
25892 73
25893 73
25894 392
25895 231
25896 231
25897 233
25898 143
25899 145
25900 79
25901 145
25902 778
25903 567
25904 794
25905 794
25906 229
25907 229
25908 229
25909 749
25910 749
25911 749
25912 676
25913 624
25914 624
25915 624
25916 624
25917 21
25918 101
25919 21
25920 21
25921 53
25922 21
25923 714
25924 79
25925 2
25926 207
25927 207
25928 576
25929 576
25930 669
25931 669
25932 669
25933 786
25934 786
25935 786
25936 572
25937 572
25938 704
25939 666
25940 9
25941 52
25942 52
25943 714
25944 577
25945 154
25946 105
25947 337
25948 354
25949 354
25950 490
25951 511
25952 334
25953 334
25954 288
25955 334
25956 355
25957 334
25958 177
25959 177
25960 544
25961 546
25962 546
25963 546
25964 542
25965 543
25966 599
25967 306
25968 306
25969 119
25970 119
25971 119
25972 64
25973 335
25974 424
25975 335
25976 742
25977 668
25978 628
25979 562
25980 562
25981 157
25982 428
25983 514
25984 610
25985 610
25986 792
25987 792
25988 792
25989 793
25990 792
25991 712
25992 712
25993 786
25994 786
25995 273
25996 294
25997 273
25998 15
25999 92
26000 15
26001 15
26002 777
26003 778
26004 777
26005 579
26006 579
26007 579
26008 579
26009 579
26010 421
26011 767
26012 327
26013 651
26014 651
26015 225
26016 225
26017 228
26018 678
26019 678
26020 17
26021 17
26022 17
26023 17
26024 765
26025 85
26026 142
26027 85
26028 160
26029 160
26030 697
26031 366
26032 366
26033 366
26034 688
26035 42
26036 42
26037 57
26038 155
26039 155
26040 324
26041 324
26042 324
26043 325
26044 337
26045 415
26046 415
26047 415
26048 642
26049 642
26050 642
26051 642
26052 642
26053 642
26054 34
26055 325
26056 421
26057 421
26058 541
26059 173
26060 173
26061 17
26062 599
26063 608
26064 217
26065 442
26066 741
26067 741
26068 741
26069 370
26070 39
26071 314
26072 314
26073 579
26074 579
26075 579
26076 580
26077 546
26078 371
26079 371
26080 517
26081 741
26082 741
26083 97
26084 97
26085 577
26086 577
26087 577
26088 794
26089 794
26090 794
26091 794
26092 790
26093 794
26094 411
26095 411
26096 411
26097 207
26098 207
26099 207
26100 207
26101 207
26102 407
26103 420
26104 420
26105 420
26106 417
26107 417
26108 510
26109 510
26110 510
26111 510
26112 510
26113 518
26114 518
26115 518
26116 2
26117 25
26118 25
26119 685
26120 685
26121 685
26122 813
26123 835
26124 835
26125 151
26126 232
26127 231
26128 232
26129 231
26130 39
26131 39
26132 143
26133 680
26134 680
26135 680
26136 436
26137 219
26138 219
26139 222
26140 770
26141 252
26142 253
26143 662
26144 272
26145 272
26146 88
26147 18
26148 166
26149 166
26150 186
26151 703
26152 714
26153 770
26154 318
26155 318
26156 205
26157 205
26158 205
26159 205
26160 205
26161 132
26162 578
26163 350
26164 300
26165 300
26166 736
26167 695
26168 5
26169 530
26170 853
26171 853
26172 853
26173 386
26174 386
26175 388
26176 386
26177 315
26178 315
26179 626
26180 626
26181 124
26182 175
26183 175
26184 175
26185 175
26186 175
26187 175
26188 175
26189 140
26190 740
26191 740
26192 740
26193 488
26194 852
26195 565
26196 852
26197 852
26198 690
26199 690
26200 698
26201 73
26202 148
26203 148
26204 148
26205 148
26206 148
26207 489
26208 816
26209 795
26210 795
26211 795
26212 777
26213 734
26214 241
26215 479
26216 686
26217 686
26218 236
26219 236
26220 626
26221 626
26222 29
26223 44
26224 47
26225 409
26226 409
26227 45
26228 45
26229 45
26230 243
26231 756
26232 685
26233 685
26234 409
26235 411
26236 199
26237 705
26238 714
26239 216
26240 222
26241 222
26242 249
26243 249
26244 249
26245 145
26246 145
26247 31
26248 31
26249 33
26250 33
26251 798
26252 798
26253 800
26254 395
26255 631
26256 631
26257 631
26258 621
26259 729
26260 742
26261 795
26262 795
26263 137
26264 749
26265 766
26266 135
26267 148
26268 333
26269 212
26270 507
26271 507
26272 445
26273 445
26274 840
26275 757
26276 115
26277 626
26278 626
26279 853
26280 853
26281 853
26282 853
26283 739
26284 703
26285 841
26286 841
26287 393
26288 393
26289 578
26290 853
26291 853
26292 853
26293 853
26294 748
26295 748
26296 748
26297 748
26298 748
26299 145
26300 844
26301 844
26302 409
26303 65
26304 251
26305 251
26306 251
26307 559
26308 559
26309 559
26310 559
26311 316
26312 316
26313 154
26314 754
26315 754
26316 129
26317 222
26318 222
26319 300
26320 300
26321 315
26322 315
26323 170
26324 170
26325 127
26326 127
26327 127
26328 127
26329 127
26330 127
26331 127
26332 127
26333 127
26334 127
26335 127
26336 134
26337 578
26338 578
26339 120
26340 120
26341 120
26342 105
26343 47
26344 105
26345 743
26346 58
26347 633
26348 633
26349 419
26350 419
26351 216
26352 585
26353 585
26354 585
26355 585
26356 680
26357 491
26358 9
26359 74
26360 746
26361 746
26362 746
26363 746
26364 97
26365 822
26366 822
26367 678
26368 489
26369 556
26370 681
26371 681
26372 688
26373 681
26374 209
26375 209
26376 209
26377 209
26378 793
26379 793
26380 793
26381 614
26382 614
26383 614
26384 614
26385 842
26386 842
26387 842
26388 842
26389 688
26390 127
26391 127
26392 127
26393 380
26394 218
26395 35
26396 53
26397 405
26398 396
26399 396
26400 551
26401 385
26402 385
26403 388
26404 385
26405 817
26406 817
26407 444
26408 151
26409 151
26410 151
26411 376
26412 9
26413 25
26414 367
26415 367
26416 367
26417 350
26418 350
26419 18
26420 135
26421 154
26422 519
26423 519
26424 554
26425 554
26426 555
26427 315
26428 315
26429 315
26430 315
26431 315
26432 707
26433 443
26434 594
26435 286
26436 613
26437 613
26438 613
26439 612
26440 557
26441 557
26442 557
26443 557
26444 236
26445 236
26446 471
26447 95
26448 95
26449 95
26450 782
26451 782
26452 782
26453 38
26454 53
26455 38
26456 649
26457 583
26458 583
26459 583
26460 583
26461 583
26462 804
26463 804
26464 804
26465 804
26466 845
26467 845
26468 845
26469 39
26470 52
26471 52
26472 645
26473 845
26474 845
26475 845
26476 845
26477 446
26478 468
26479 383
26480 383
26481 383
26482 330
26483 330
26484 69
26485 558
26486 543
26487 553
26488 254
26489 254
26490 254
26491 254
26492 456
26493 456
26494 456
26495 467
26496 466
26497 46
26498 11
26499 11
26500 732
26501 739
26502 739
26503 739
26504 739
26505 739
26506 21
26507 21
26508 325
26509 388
26510 388
26511 388
26512 388
26513 784
26514 436
26515 705
26516 200
26517 200
26518 608
26519 608
26520 608
26521 723
26522 723
26523 724
26524 610
26525 610
26526 522
26527 522
26528 522
26529 522
26530 756
26531 782
26532 756
26533 756
26534 756
26535 116
26536 276
26537 276
26538 653
26539 90
26540 226
26541 438
26542 12
26543 234
26544 241
26545 234
26546 260
26547 260
26548 722
26549 417
26550 417
26551 417
26552 417
26553 145
26554 475
26555 475
26556 627
26557 627
26558 494
26559 380
26560 456
26561 174
26562 174
26563 174
26564 174
26565 117
26566 65
26567 650
26568 661
26569 807
26570 173
26571 173
26572 173
26573 69
26574 633
26575 633
26576 633
26577 341
26578 341
26579 12
26580 137
26581 163
26582 163
26583 505
26584 505
26585 217
26586 642
26587 642
26588 437
26589 147
26590 147
26591 147
26592 147
26593 108
26594 126
26595 172
26596 172
26597 6
26598 6
26599 25
26600 25
26601 6
26602 854
26603 854
26604 19
26605 19
26606 19
26607 19
26608 19
26609 58
26610 508
26611 508
26612 508
26613 665
26614 65
26615 339
26616 339
26617 339
26618 313
26619 313
26620 654
26621 654
26622 368
26623 368
26624 387
26625 368
26626 246
26627 324
26628 176
26629 176
26630 176
26631 176
26632 66
26633 410
26634 328
26635 350
26636 708
26637 728
26638 659
26639 438
26640 461
26641 472
26642 221
26643 220
26644 221
26645 221
26646 221
26647 121
26648 121
26649 280
26650 280
26651 280
26652 773
26653 773
26654 666
26655 666
26656 666
26657 483
26658 666
26659 719
26660 682
26661 682
26662 692
26663 692
26664 440
26665 266
26666 266
26667 266
26668 266
26669 266
26670 693
26671 795
26672 795
26673 795
26674 795
26675 795
26676 256
26677 279
26678 279
26679 279
26680 279
26681 656
26682 673
26683 853
26684 853
26685 853
26686 853
26687 853
26688 337
26689 789
26690 789
26691 587
26692 587
26693 146
26694 255
26695 255
26696 255
26697 255
26698 255
26699 613
26700 613
26701 613
26702 443
26703 456
26704 596
26705 596
26706 635
26707 635
26708 154
26709 820
26710 820
26711 820
26712 803
26713 803
26714 803
26715 411
26716 463
26717 392
26718 682
26719 442
26720 251
26721 251
26722 251
26723 537
26724 537
26725 557
26726 557
26727 166
26728 166
26729 270
26730 279
26731 279
26732 279
26733 318
26734 318
26735 802
26736 802
26737 802
26738 690
26739 789
26740 789
26741 789
26742 2
26743 110
26744 25
26745 387
26746 417
26747 843
26748 843
26749 690
26750 690
26751 854
26752 854
26753 789
26754 789
26755 179
26756 179
26757 179
26758 54
26759 167
26760 167
26761 167
26762 167
26763 733
26764 733
26765 736
26766 733
26767 703
26768 680
26769 680
26770 680
26771 470
26772 470
26773 470
26774 470
26775 128
26776 185
26777 128
26778 754
26779 719
26780 492
26781 579
26782 511
26783 98
26784 98
26785 109
26786 577
26787 183
26788 183
26789 183
26790 183
26791 183
26792 681
26793 521
26794 658
26795 681
26796 681
26797 52
26798 52
26799 662
26800 471
26801 471
26802 471
26803 682
26804 107
26805 228
26806 71
26807 71
26808 71
26809 595
26810 544
26811 586
26812 586
26813 702
26814 594
26815 528
26816 484
26817 528
26818 758
26819 523
26820 523
26821 452
26822 452
26823 141
26824 471
26825 471
26826 471
26827 442
26828 442
26829 442
26830 319
26831 319
26832 489
26833 499
26834 499
26835 500
26836 854
26837 854
26838 55
26839 525
26840 525
26841 525
26842 739
26843 739
26844 739
26845 739
26846 606
26847 606
26848 606
26849 521
26850 521
26851 235
26852 235
26853 235
26854 235
26855 709
26856 513
26857 514
26858 221
26859 526
26860 149
26861 554
26862 554
26863 554
26864 635
26865 424
26866 424
26867 778
26868 778
26869 783
26870 375
26871 375
26872 823
26873 823
26874 344
26875 823
26876 270
26877 93
26878 93
26879 93
26880 157
26881 156
26882 157
26883 157
26884 631
26885 631
26886 669
26887 669
26888 669
26889 669
26890 66
26891 153
26892 799
26893 799
26894 175
26895 175
26896 175
26897 133
26898 133
26899 133
26900 133
26901 857
26902 787
26903 787
26904 129
26905 723
26906 724
26907 723
26908 422
26909 422
26910 422
26911 501
26912 501
26913 596
26914 669
26915 669
26916 3
26917 49
26918 798
26919 798
26920 798
26921 800
26922 584
26923 584
26924 584
26925 584
26926 68
26927 97
26928 71
26929 422
26930 422
26931 788
26932 788
26933 521
26934 788
26935 228
26936 287
26937 757
26938 769
26939 588
26940 588
26941 12
26942 393
26943 393
26944 64
26945 64
26946 730
26947 730
26948 740
26949 303
26950 303
26951 375
26952 375
26953 375
26954 43
26955 43
26956 43
26957 588
26958 588
26959 288
26960 288
26961 288
26962 288
26963 369
26964 376
26965 369
26966 639
26967 639
26968 639
26969 639
26970 829
26971 829
26972 412
26973 412
26974 34
26975 53
26976 250
26977 250
26978 250
26979 250
26980 250
26981 676
26982 676
26983 611
26984 92
26985 92
26986 534
26987 492
26988 534
26989 64
26990 64
26991 816
26992 350
26993 350
26994 350
26995 838
26996 654
26997 673
26998 740
26999 740
27000 576
27001 576
27002 134
27003 134
27004 134
27005 51
27006 51
27007 51
27008 234
27009 234
27010 234
27011 203
27012 203
27013 719
27014 719
27015 36
27016 36
27017 53
27018 53
27019 32
27020 463
27021 333
27022 81
27023 84
27024 103
27025 103
27026 649
27027 253
27028 253
27029 253
27030 111
27031 287
27032 146
27033 146
27034 227
27035 354
27036 352
27037 699
27038 699
27039 456
27040 795
27041 795
27042 795
27043 795
27044 43
27045 43
27046 43
27047 424
27048 424
27049 424
27050 332
27051 466
27052 466
27053 850
27054 850
27055 492
27056 657
27057 673
27058 166
27059 166
27060 166
27061 372
27062 372
27063 372
27064 29
27065 53
27066 13
27067 586
27068 586
27069 314
27070 314
27071 314
27072 764
27073 764
27074 764
27075 764
27076 764
27077 764
27078 764
27079 278
27080 278
27081 278
27082 278
27083 278
27084 278
27085 278
27086 278
27087 183
27088 183
27089 381
27090 381
27091 381
27092 471
27093 471
27094 471
27095 802
27096 802
27097 328
27098 415
27099 415
27100 415
27101 34
27102 53
27103 53
27104 49
27105 9
27106 92
27107 494
27108 656
27109 660
27110 384
27111 854
27112 854
27113 854
27114 626
27115 785
27116 785
27117 785
27118 661
27119 587
27120 587
27121 587
27122 230
27123 145
27124 754
27125 754
27126 266
27127 266
27128 370
27129 370
27130 0
27131 13
27132 13
27133 109
27134 800
27135 800
27136 800
27137 800
27138 800
27139 653
27140 648
27141 673
27142 673
27143 711
27144 849
27145 225
27146 225
27147 853
27148 853
27149 152
27150 434
27151 507
27152 507
27153 782
27154 509
27155 46
27156 46
27157 10
27158 170
27159 9
27160 144
27161 144
27162 441
27163 456
27164 590
27165 590
27166 248
27167 258
27168 142
27169 151
27170 148
27171 148
27172 653
27173 540
27174 631
27175 507
27176 653
27177 472
27178 472
27179 746
27180 130
27181 130
27182 475
27183 475
27184 476
27185 475
27186 475
27187 39
27188 53
27189 50
27190 545
27191 546
27192 757
27193 507
27194 507
27195 508
27196 507
27197 508
27198 507
27199 511
27200 707
27201 357
27202 354
27203 128
27204 32
27205 53
27206 53
27207 667
27208 250
27209 705
27210 793
27211 793
27212 793
27213 793
27214 793
27215 793
27216 661
27217 137
27218 507
27219 507
27220 507
27221 507
27222 498
27223 511
27224 446
27225 717
27226 446
27227 511
27228 772
27229 58
27230 385
27231 421
27232 631
27233 558
27234 558
27235 388
27236 543
27237 608
27238 543
27239 553
27240 543
27241 635
27242 467
27243 467
27244 467
27245 467
27246 84
27247 416
27248 416
27249 416
27250 416
27251 416
27252 828
27253 628
27254 628
27255 724
27256 11
27257 25
27258 408
27259 27
27260 243
27261 243
27262 517
27263 449
27264 559
27265 559
27266 559
27267 27
27268 27
27269 28
27270 514
27271 514
27272 514
27273 546
27274 546
27275 621
27276 621
27277 621
27278 92
27279 92
27280 253
27281 544
27282 546
27283 261
27284 703
27285 493
27286 112
27287 112
27288 248
27289 248
27290 248
27291 359
27292 359
27293 543
27294 543
27295 417
27296 45
27297 585
27298 47
27299 207
27300 207
27301 207
27302 207
27303 235
27304 610
27305 611
27306 449
27307 449
27308 449
27309 172
27310 626
27311 138
27312 148
27313 376
27314 113
27315 113
27316 73
27317 80
27318 861
27319 861
27320 861
27321 861
27322 305
27323 305
27324 305
27325 305
27326 695
27327 695
27328 695
27329 562
27330 562
27331 562
27332 190
27333 190
27334 368
27335 368
27336 368
27337 165
27338 168
27339 165
27340 862
27341 862
27342 862
27343 490
27344 511
27345 420
27346 420
27347 373
27348 373
27349 373
27350 348
27351 348
27352 348
27353 235
27354 235
27355 235
27356 390
27357 390
27358 390
27359 390
27360 556
27361 408
27362 408
27363 822
27364 822
27365 822
27366 822
27367 738
27368 738
27369 738
27370 738
27371 279
27372 279
27373 279
27374 149
27375 152
27376 152
27377 159
27378 267
27379 79
27380 100
27381 79
27382 79
27383 503
27384 503
27385 503
27386 679
27387 390
27388 286
27389 286
27390 286
27391 799
27392 747
27393 677
27394 226
27395 229
27396 226
27397 41
27398 850
27399 850
27400 17
27401 182
27402 180
27403 848
27404 848
27405 56
27406 60
27407 400
27408 379
27409 100
27410 100
27411 100
27412 840
27413 840
27414 491
27415 840
27416 823
27417 823
27418 823
27419 690
27420 690
27421 690
27422 690
27423 642
27424 642
27425 642
27426 19
27427 861
27428 861
27429 861
27430 468
27431 468
27432 39
27433 129
27434 35
27435 487
27436 487
27437 511
27438 119
27439 119
27440 119
27441 119
27442 602
27443 720
27444 720
27445 737
27446 236
27447 19
27448 677
27449 677
27450 677
27451 125
27452 36
27453 123
27454 431
27455 184
27456 184
27457 800
27458 800
27459 800
27460 800
27461 421
27462 421
27463 421
27464 72
27465 124
27466 739
27467 739
27468 125
27469 125
27470 638
27471 638
27472 644
27473 638
27474 842
27475 842
27476 460
27477 632
27478 632
27479 527
27480 230
27481 152
27482 428
27483 428
27484 38
27485 244
27486 243
27487 243
27488 395
27489 246
27490 269
27491 246
27492 269
27493 246
27494 141
27495 826
27496 766
27497 581
27498 581
27499 558
27500 558
27501 558
27502 525
27503 525
27504 525
27505 522
27506 522
27507 522
27508 283
27509 283
27510 289
27511 283
27512 173
27513 173
27514 173
27515 563
27516 563
27517 563
27518 98
27519 98
27520 98
27521 378
27522 135
27523 105
27524 105
27525 105
27526 105
27527 159
27528 159
27529 159
27530 811
27531 678
27532 678
27533 678
27534 786
27535 678
27536 678
27537 678
27538 821
27539 821
27540 263
27541 263
27542 582
27543 582
27544 582
27545 582
27546 232
27547 232
27548 799
27549 799
27550 799
27551 548
27552 59
27553 59
27554 159
27555 159
27556 59
27557 360
27558 637
27559 637
27560 637
27561 637
27562 321
27563 770
27564 771
27565 770
27566 726
27567 650
27568 709
27569 586
27570 586
27571 586
27572 586
27573 590
27574 590
27575 60
27576 394
27577 394
27578 394
27579 462
27580 740
27581 648
27582 93
27583 93
27584 823
27585 823
27586 159
27587 373
27588 373
27589 373
27590 373
27591 373
27592 719
27593 462
27594 699
27595 699
27596 699
27597 699
27598 699
27599 613
27600 613
27601 613
27602 613
27603 719
27604 719
27605 719
27606 719
27607 847
27608 847
27609 847
27610 505
27611 505
27612 305
27613 305
27614 305
27615 436
27616 456
27617 457
27618 762
27619 762
27620 762
27621 526
27622 16
27623 16
27624 103
27625 16
27626 785
27627 785
27628 255
27629 276
27630 71
27631 71
27632 216
27633 279
27634 445
27635 831
27636 826
27637 379
27638 379
27639 379
27640 334
27641 66
27642 115
27643 115
27644 861
27645 861
27646 861
27647 234
27648 234
27649 434
27650 402
27651 639
27652 639
27653 639
27654 712
27655 540
27656 540
27657 553
27658 279
27659 762
27660 276
27661 276
27662 597
27663 57
27664 548
27665 548
27666 375
27667 375
27668 290
27669 290
27670 753
27671 664
27672 753
27673 664
27674 753
27675 35
27676 451
27677 451
27678 648
27679 418
27680 418
27681 149
27682 384
27683 143
27684 229
27685 562
27686 562
27687 562
27688 562
27689 863
27690 841
27691 841
27692 139
27693 443
27694 261
27695 232
27696 800
27697 800
27698 800
27699 800
27700 800
27701 4
27702 25
27703 25
27704 25
27705 12
27706 121
27707 121
27708 827
27709 827
27710 827
27711 827
27712 624
27713 432
27714 451
27715 451
27716 746
27717 744
27718 638
27719 638
27720 638
27721 575
27722 220
27723 220
27724 220
27725 469
27726 469
27727 268
27728 268
27729 268
27730 268
27731 268
27732 110
27733 175
27734 175
27735 175
27736 175
27737 175
27738 175
27739 441
27740 608
27741 602
27742 570
27743 570
27744 799
27745 799
27746 799
27747 799
27748 711
27749 748
27750 604
27751 748
27752 748
27753 748
27754 476
27755 774
27756 36
27757 53
27758 103
27759 373
27760 350
27761 350
27762 58
27763 58
27764 19
27765 19
27766 800
27767 800
27768 408
27769 408
27770 530
27771 530
27772 530
27773 530
27774 530
27775 530
27776 530
27777 22
27778 22
27779 22
27780 22
27781 21
27782 747
27783 747
27784 747
27785 747
27786 368
27787 66
27788 791
27789 791
27790 333
27791 231
27792 231
27793 233
27794 360
27795 360
27796 86
27797 473
27798 473
27799 86
27800 712
27801 712
27802 712
27803 63
27804 63
27805 207
27806 207
27807 207
27808 416
27809 416
27810 165
27811 165
27812 468
27813 800
27814 800
27815 800
27816 652
27817 156
27818 156
27819 156
27820 156
27821 5
27822 706
27823 746
27824 743
27825 8
27826 435
27827 444
27828 457
27829 312
27830 312
27831 312
27832 134
27833 134
27834 134
27835 134
27836 388
27837 388
27838 388
27839 491
27840 511
27841 511
27842 312
27843 312
27844 312
27845 184
27846 184
27847 184
27848 709
27849 239
27850 623
27851 623
27852 346
27853 231
27854 233
27855 316
27856 316
27857 450
27858 450
27859 525
27860 525
27861 222
27862 6
27863 19
27864 463
27865 484
27866 324
27867 337
27868 337
27869 115
27870 3
27871 286
27872 286
27873 709
27874 825
27875 788
27876 788
27877 31
27878 762
27879 762
27880 762
27881 339
27882 339
27883 339
27884 177
27885 6
27886 460
27887 94
27888 94
27889 751
27890 751
27891 558
27892 558
27893 172
27894 635
27895 635
27896 635
27897 55
27898 537
27899 537
27900 537
27901 537
27902 537
27903 214
27904 214
27905 444
27906 380
27907 94
27908 94
27909 133
27910 133
27911 133
27912 29
27913 30
27914 414
27915 414
27916 414
27917 847
27918 847
27919 847
27920 333
27921 333
27922 333
27923 334
27924 333
27925 490
27926 183
27927 178
27928 183
27929 615
27930 237
27931 649
27932 459
27933 341
27934 341
27935 861
27936 861
27937 861
27938 127
27939 255
27940 506
27941 506
27942 381
27943 489
27944 511
27945 540
27946 553
27947 553
27948 553
27949 597
27950 10
27951 97
27952 856
27953 856
27954 143
27955 145
27956 145
27957 807
27958 807
27959 764
27960 764
27961 246
27962 246
27963 174
27964 610
27965 611
27966 610
27967 490
27968 529
27969 529
27970 272
27971 272
27972 860
27973 518
27974 518
27975 518
27976 518
27977 518
27978 393
27979 352
27980 393
27981 271
27982 719
27983 64
27984 720
27985 724
27986 720
27987 559
27988 559
27989 113
27990 113
27991 113
27992 529
27993 529
27994 576
27995 576
27996 576
27997 576
27998 100
27999 160
28000 139
28001 160
28002 128
28003 523
28004 523
28005 736
28006 736
28007 439
28008 457
28009 457
28010 394
28011 849
28012 849
28013 849
28014 849
28015 849
28016 849
28017 273
28018 273
28019 737
28020 344
28021 344
28022 344
28023 344
28024 175
28025 175
28026 633
28027 633
28028 633
28029 343
28030 342
28031 645
28032 645
28033 645
28034 805
28035 805
28036 805
28037 651
28038 261
28039 747
28040 747
28041 588
28042 588
28043 612
28044 612
28045 68
28046 486
28047 366
28048 144
28049 63
28050 63
28051 751
28052 576
28053 576
28054 576
28055 576
28056 787
28057 487
28058 492
28059 491
28060 765
28061 765
28062 792
28063 792
28064 445
28065 457
28066 765
28067 555
28068 471
28069 471
28070 471
28071 719
28072 719
28073 729
28074 858
28075 858
28076 699
28077 699
28078 661
28079 588
28080 424
28081 424
28082 424
28083 424
28084 702
28085 714
28086 519
28087 519
28088 108
28089 114
28090 121
28091 577
28092 577
28093 184
28094 184
28095 184
28096 184
28097 184
28098 275
28099 76
28100 76
28101 76
28102 76
28103 109
28104 719
28105 679
28106 62
28107 235
28108 235
28109 235
28110 235
28111 235
28112 435
28113 491
28114 858
28115 858
28116 854
28117 277
28118 277
28119 564
28120 564
28121 564
28122 515
28123 515
28124 515
28125 856
28126 856
28127 855
28128 2
28129 161
28130 161
28131 161
28132 161
28133 260
28134 260
28135 753
28136 753
28137 753
28138 753
28139 753
28140 798
28141 93
28142 133
28143 133
28144 196
28145 570
28146 570
28147 570
28148 91
28149 178
28150 178
28151 178
28152 178
28153 356
28154 356
28155 532
28156 532
28157 123
28158 645
28159 404
28160 404
28161 861
28162 861
28163 854
28164 854
28165 854
28166 6
28167 43
28168 25
28169 751
28170 691
28171 691
28172 691
28173 223
28174 229
28175 59
28176 62
28177 793
28178 793
28179 793
28180 793
28181 14
28182 20
28183 748
28184 588
28185 748
28186 385
28187 235
28188 235
28189 235
28190 471
28191 471
28192 143
28193 184
28194 411
28195 411
28196 465
28197 441
28198 470
28199 470
28200 470
28201 484
28202 492
28203 551
28204 636
28205 636
28206 636
28207 133
28208 133
28209 133
28210 600
28211 600
28212 600
28213 491
28214 511
28215 269
28216 81
28217 84
28218 22
28219 22
28220 22
28221 790
28222 790
28223 791
28224 790
28225 328
28226 182
28227 182
28228 182
28229 182
28230 445
28231 445
28232 123
28233 330
28234 346
28235 330
28236 559
28237 559
28238 559
28239 533
28240 706
28241 173
28242 173
28243 173
28244 173
28245 40
28246 40
28247 531
28248 531
28249 531
28250 531
28251 264
28252 264
28253 206
28254 206
28255 794
28256 794
28257 794
28258 164
28259 164
28260 164
28261 188
28262 144
28263 613
28264 613
28265 613
28266 613
28267 742
28268 592
28269 592
28270 148
28271 802
28272 802
28273 802
28274 802
28275 802
28276 802
28277 761
28278 761
28279 761
28280 662
28281 365
28282 516
28283 544
28284 553
28285 486
28286 511
28287 170
28288 40
28289 72
28290 718
28291 508
28292 508
28293 508
28294 508
28295 508
28296 757
28297 757
28298 769
28299 769
28300 803
28301 585
28302 470
28303 470
28304 470
28305 484
28306 470
28307 324
28308 265
28309 265
28310 265
28311 265
28312 265
28313 59
28314 744
28315 746
28316 744
28317 744
28318 744
28319 661
28320 734
28321 501
28322 418
28323 548
28324 308
28325 369
28326 751
28327 752
28328 751
28329 751
28330 800
28331 800
28332 800
28333 615
28334 615
28335 616
28336 615
28337 615
28338 683
28339 683
28340 553
28341 683
28342 173
28343 29
28344 30
28345 3
28346 780
28347 780
28348 780
28349 780
28350 436
28351 457
28352 457
28353 457
28354 699
28355 699
28356 699
28357 66
28358 66
28359 694
28360 694
28361 694
28362 727
28363 649
28364 673
28365 10
28366 224
28367 175
28368 175
28369 192
28370 192
28371 192
28372 192
28373 192
28374 805
28375 805
28376 521
28377 174
28378 452
28379 208
28380 208
28381 208
28382 208
28383 444
28384 327
28385 337
28386 368
28387 368
28388 368
28389 368
28390 368
28391 368
28392 714
28393 519
28394 519
28395 562
28396 562
28397 562
28398 726
28399 819
28400 25
28401 216
28402 242
28403 159
28404 158
28405 318
28406 68
28407 77
28408 544
28409 639
28410 639
28411 805
28412 805
28413 805
28414 120
28415 120
28416 120
28417 120
28418 1
28419 21
28420 21
28421 21
28422 315
28423 315
28424 559
28425 559
28426 559
28427 559
28428 708
28429 714
28430 815
28431 815
28432 51
28433 570
28434 570
28435 783
28436 782
28437 556
28438 590
28439 247
28440 247
28441 247
28442 743
28443 743
28444 257
28445 257
28446 258
28447 552
28448 552
28449 532
28450 243
28451 269
28452 708
28453 715
28454 332
28455 332
28456 361
28457 361
28458 361
28459 361
28460 282
28461 282
28462 62
28463 276
28464 860
28465 860
28466 860
28467 15
28468 15
28469 15
28470 15
28471 15
28472 15
28473 3
28474 65
28475 147
28476 725
28477 639
28478 639
28479 639
28480 517
28481 517
28482 175
28483 175
28484 175
28485 384
28486 384
28487 468
28488 468
28489 484
28490 766
28491 699
28492 700
28493 699
28494 699
28495 699
28496 46
28497 46
28498 46
28499 276
28500 276
28501 280
28502 276
28503 702
28504 732
28505 27
28506 28
28507 825
28508 825
28509 7
28510 25
28511 717
28512 717
28513 317
28514 317
28515 847
28516 847
28517 847
28518 390
28519 847
28520 227
28521 600
28522 372
28523 372
28524 372
28525 116
28526 116
28527 340
28528 341
28529 433
28530 457
28531 809
28532 809
28533 854
28534 854
28535 854
28536 854
28537 854
28538 5
28539 531
28540 383
28541 383
28542 112
28543 383
28544 383
28545 718
28546 719
28547 51
28548 182
28549 182
28550 182
28551 444
28552 457
28553 280
28554 280
28555 470
28556 439
28557 168
28558 168
28559 311
28560 72
28561 72
28562 359
28563 285
28564 285
28565 112
28566 113
28567 112
28568 535
28569 536
28570 536
28571 352
28572 352
28573 600
28574 600
28575 600
28576 567
28577 567
28578 25
28579 789
28580 789
28581 789
28582 380
28583 583
28584 539
28585 539
28586 539
28587 64
28588 118
28589 118
28590 118
28591 130
28592 130
28593 829
28594 829
28595 381
28596 63
28597 63
28598 71
28599 71
28600 71
28601 447
28602 65
28603 704
28604 655
28605 652
28606 673
28607 49
28608 49
28609 676
28610 357
28611 615
28612 615
28613 487
28614 521
28615 521
28616 521
28617 521
28618 463
28619 472
28620 463
28621 159
28622 159
28623 159
28624 12
28625 51
28626 25
28627 661
28628 472
28629 472
28630 180
28631 180
28632 180
28633 261
28634 540
28635 553
28636 676
28637 576
28638 785
28639 688
28640 841
28641 841
28642 148
28643 148
28644 123
28645 61
28646 55
28647 733
28648 733
28649 813
28650 813
28651 562
28652 353
28653 353
28654 638
28655 638
28656 638
28657 638
28658 638
28659 48
28660 48
28661 134
28662 731
28663 83
28664 406
28665 406
28666 406
28667 154
28668 154
28669 457
28670 649
28671 658
28672 673
28673 820
28674 820
28675 177
28676 177
28677 504
28678 657
28679 446
28680 447
28681 446
28682 446
28683 217
28684 716
28685 753
28686 753
28687 753
28688 753
28689 652
28690 673
28691 673
28692 496
28693 233
28694 233
28695 39
28696 36
28697 39
28698 39
28699 713
28700 713
28701 330
28702 337
28703 737
28704 737
28705 737
28706 710
28707 467
28708 467
28709 390
28710 390
28711 353
28712 247
28713 391
28714 389
28715 225
28716 489
28717 112
28718 112
28719 112
28720 55
28721 240
28722 240
28723 741
28724 741
28725 741
28726 544
28727 19
28728 308
28729 308
28730 384
28731 390
28732 564
28733 564
28734 564
28735 564
28736 70
28737 86
28738 515
28739 95
28740 414
28741 414
28742 707
28743 158
28744 158
28745 158
28746 283
28747 288
28748 283
28749 227
28750 227
28751 168
28752 239
28753 239
28754 734
28755 290
28756 290
28757 290
28758 106
28759 159
28760 92
28761 92
28762 56
28763 847
28764 847
28765 847
28766 847
28767 696
28768 697
28769 530
28770 530
28771 702
28772 2
28773 723
28774 738
28775 180
28776 180
28777 180
28778 180
28779 709
28780 719
28781 719
28782 498
28783 15
28784 94
28785 94
28786 343
28787 343
28788 343
28789 63
28790 345
28791 516
28792 538
28793 539
28794 516
28795 400
28796 400
28797 400
28798 572
28799 572
28800 187
28801 586
28802 586
28803 586
28804 586
28805 437
28806 715
28807 137
28808 816
28809 343
28810 258
28811 258
28812 207
28813 207
28814 594
28815 285
28816 285
28817 34
28818 47
28819 367
28820 367
28821 367
28822 133
28823 133
28824 133
28825 133
28826 12
28827 12
28828 25
28829 785
28830 523
28831 414
28832 414
28833 61
28834 783
28835 786
28836 441
28837 791
28838 13
28839 224
28840 218
28841 218
28842 222
28843 761
28844 761
28845 57
28846 519
28847 519
28848 519
28849 338
28850 402
28851 515
28852 208
28853 197
28854 208
28855 208
28856 516
28857 516
28858 177
28859 814
28860 177
28861 177
28862 178
28863 177
28864 816
28865 38
28866 476
28867 476
28868 114
28869 114
28870 685
28871 722
28872 722
28873 579
28874 579
28875 579
28876 670
28877 526
28878 323
28879 68
28880 765
28881 765
28882 765
28883 480
28884 473
28885 436
28886 457
28887 681
28888 681
28889 688
28890 184
28891 184
28892 184
28893 638
28894 638
28895 638
28896 638
28897 638
28898 130
28899 130
28900 380
28901 380
28902 315
28903 315
28904 236
28905 236
28906 486
28907 511
28908 224
28909 13
28910 127
28911 707
28912 747
28913 651
28914 228
28915 228
28916 400
28917 400
28918 400
28919 400
28920 637
28921 637
28922 145
28923 145
28924 145
28925 602
28926 602
28927 422
28928 422
28929 422
28930 422
28931 425
28932 471
28933 471
28934 471
28935 64
28936 64
28937 773
28938 779
28939 179
28940 179
28941 179
28942 179
28943 536
28944 633
28945 658
28946 241
28947 633
28948 530
28949 530
28950 530
28951 577
28952 577
28953 577
28954 463
28955 82
28956 84
28957 767
28958 767
28959 767
28960 112
28961 112
28962 809
28963 809
28964 809
28965 589
28966 589
28967 415
28968 91
28969 91
28970 91
28971 91
28972 565
28973 565
28974 653
28975 653
28976 673
28977 653
28978 411
28979 411
28980 795
28981 795
28982 795
28983 795
28984 795
28985 238
28986 238
28987 238
28988 251
28989 269
28990 650
28991 234
28992 234
28993 234
28994 577
28995 577
28996 577
28997 220
28998 220
28999 220
29000 342
29001 344
29002 344
29003 348
29004 344
29005 342
29006 342
29007 394
29008 398
29009 718
29010 718
29011 717
29012 1
29013 22
29014 402
29015 402
29016 261
29017 224
29018 198
29019 198
29020 198
29021 780
29022 780
29023 262
29024 262
29025 262
29026 262
29027 64
29028 64
29029 466
29030 639
29031 639
29032 653
29033 673
29034 73
29035 73
29036 80
29037 551
29038 110
29039 200
29040 200
29041 774
29042 398
29043 398
29044 398
29045 398
29046 682
29047 683
29048 799
29049 682
29050 98
29051 233
29052 490
29053 19
29054 742
29055 742
29056 720
29057 720
29058 720
29059 316
29060 316
29061 368
29062 368
29063 368
29064 236
29065 236
29066 236
29067 236
29068 711
29069 658
29070 29
29071 30
29072 29
29073 30
29074 388
29075 385
29076 665
29077 569
29078 569
29079 217
29080 804
29081 386
29082 322
29083 733
29084 734
29085 370
29086 370
29087 370
29088 432
29089 147
29090 147
29091 147
29092 704
29093 92
29094 388
29095 388
29096 388
29097 93
29098 93
29099 93
29100 64
29101 834
29102 834
29103 834
29104 834
29105 748
29106 758
29107 385
29108 404
29109 439
29110 722
29111 722
29112 722
29113 520
29114 522
29115 758
29116 759
29117 160
29118 160
29119 160
29120 160
29121 160
29122 160
29123 160
29124 405
29125 136
29126 704
29127 715
29128 135
29129 135
29130 136
29131 139
29132 557
29133 19
29134 19
29135 20
29136 307
29137 690
29138 676
29139 676
29140 688
29141 676
29142 198
29143 202
29144 198
29145 198
29146 847
29147 847
29148 847
29149 158
29150 158
29151 776
29152 559
29153 854
29154 854
29155 854
29156 854
29157 829
29158 385
29159 554
29160 560
29161 795
29162 795
29163 795
29164 695
29165 796
29166 760
29167 796
29168 65
29169 267
29170 267
29171 564
29172 564
29173 564
29174 402
29175 402
29176 504
29177 504
29178 504
29179 356
29180 49
29181 49
29182 49
29183 513
29184 526
29185 526
29186 513
29187 513
29188 812
29189 812
29190 812
29191 751
29192 602
29193 602
29194 602
29195 228
29196 228
29197 136
29198 136
29199 564
29200 734
29201 564
29202 564
29203 369
29204 369
29205 369
29206 369
29207 369
29208 371
29209 369
29210 56
29211 742
29212 847
29213 847
29214 19
29215 19
29216 19
29217 240
29218 278
29219 278
29220 113
29221 113
29222 113
29223 113
29224 78
29225 78
29226 747
29227 747
29228 747
29229 747
29230 747
29231 749
29232 519
29233 731
29234 731
29235 732
29236 397
29237 397
29238 854
29239 854
29240 238
29241 238
29242 238
29243 238
29244 218
29245 847
29246 847
29247 847
29248 847
29249 185
29250 185
29251 771
29252 654
29253 673
29254 780
29255 132
29256 109
29257 114
29258 114
29259 114
29260 208
29261 208
29262 793
29263 793
29264 793
29265 793
29266 793
29267 359
29268 445
29269 419
29270 419
29271 130
29272 130
29273 130
29274 324
29275 316
29276 316
29277 316
29278 309
29279 531
29280 137
29281 820
29282 820
29283 450
29284 779
29285 357
29286 491
29287 459
29288 472
29289 774
29290 180
29291 180
29292 180
29293 180
29294 351
29295 353
29296 792
29297 792
29298 792
29299 128
29300 128
29301 482
29302 482
29303 183
29304 183
29305 183
29306 183
29307 183
29308 270
29309 270
29310 757
29311 120
29312 206
29313 206
29314 206
29315 383
29316 95
29317 466
29318 466
29319 827
29320 827
29321 827
29322 195
29323 195
29324 195
29325 705
29326 58
29327 58
29328 54
29329 183
29330 183
29331 682
29332 738
29333 61
29334 154
29335 154
29336 77
29337 659
29338 673
29339 148
29340 148
29341 148
29342 311
29343 311
29344 645
29345 645
29346 645
29347 494
29348 684
29349 684
29350 44
29351 44
29352 44
29353 44
29354 44
29355 99
29356 99
29357 99
29358 99
29359 492
29360 511
29361 716
29362 717
29363 156
29364 156
29365 156
29366 489
29367 861
29368 855
29369 855
29370 855
29371 855
29372 855
29373 805
29374 805
29375 805
29376 805
29377 308
29378 308
29379 133
29380 133
29381 133
29382 133
29383 402
29384 402
29385 402
29386 442
29387 404
29388 404
29389 378
29390 54
29391 461
29392 472
29393 493
29394 233
29395 683
29396 683
29397 683
29398 426
29399 426
29400 669
29401 669
29402 59
29403 45
29404 337
29405 109
29406 114
29407 712
29408 712
29409 59
29410 444
29411 856
29412 457
29413 444
29414 758
29415 703
29416 706
29417 715
29418 328
29419 328
29420 480
29421 677
29422 688
29423 841
29424 230
29425 233
29426 627
29427 627
29428 627
29429 425
29430 425
29431 702
29432 386
29433 715
29434 715
29435 577
29436 577
29437 577
29438 577
29439 577
29440 811
29441 811
29442 811
29443 375
29444 375
29445 357
29446 357
29447 357
29448 31
29449 577
29450 577
29451 577
29452 226
29453 613
29454 613
29455 613
29456 583
29457 583
29458 685
29459 849
29460 847
29461 847
29462 847
29463 154
29464 154
29465 457
29466 154
29467 154
29468 660
29469 329
29470 447
29471 447
29472 447
29473 2
29474 25
29475 45
29476 403
29477 403
29478 403
29479 403
29480 403
29481 255
29482 255
29483 269
29484 255
29485 736
29486 471
29487 471
29488 828
29489 828
29490 828
29491 828
29492 491
29493 511
29494 796
29495 796
29496 796
29497 845
29498 845
29499 845
29500 845
29501 32
29502 20
29503 676
29504 107
29505 199
29506 199
29507 199
29508 199
29509 199
29510 199
29511 441
29512 441
29513 602
29514 815
29515 830
29516 273
29517 273
29518 745
29519 120
29520 120
29521 120
29522 120
29523 120
29524 498
29525 498
29526 334
29527 472
29528 472
29529 174
29530 352
29531 352
29532 229
29533 229
29534 229
29535 707
29536 328
29537 724
29538 576
29539 576
29540 576
29541 576
29542 576
29543 576
29544 683
29545 682
29546 193
29547 193
29548 340
29549 341
29550 371
29551 371
29552 855
29553 855
29554 820
29555 820
29556 1
29557 827
29558 827
29559 729
29560 178
29561 178
29562 178
29563 178
29564 178
29565 152
29566 152
29567 152
29568 152
29569 642
29570 5
29571 59
29572 59
29573 388
29574 388
29575 388
29576 345
29577 388
29578 420
29579 91
29580 91
29581 91
29582 253
29583 9
29584 181
29585 91
29586 25
29587 25
29588 197
29589 197
29590 477
29591 244
29592 551
29593 551
29594 486
29595 511
29596 617
29597 511
29598 511
29599 525
29600 525
29601 525
29602 757
29603 327
29604 855
29605 855
29606 855
29607 167
29608 167
29609 782
29610 782
29611 782
29612 644
29613 644
29614 644
29615 644
29616 138
29617 108
29618 530
29619 571
29620 340
29621 726
29622 726
29623 845
29624 845
29625 845
29626 257
29627 257
29628 139
29629 140
29630 658
29631 673
29632 658
29633 673
29634 253
29635 42
29636 42
29637 489
29638 489
29639 511
29640 99
29641 99
29642 88
29643 650
29644 697
29645 697
29646 145
29647 697
29648 13
29649 469
29650 469
29651 166
29652 166
29653 32
29654 490
29655 511
29656 226
29657 226
29658 111
29659 830
29660 830
29661 830
29662 830
29663 830
29664 781
29665 781
29666 781
29667 73
29668 73
29669 669
29670 45
29671 489
29672 725
29673 337
29674 725
29675 725
29676 85
29677 303
29678 303
29679 731
29680 721
29681 330
29682 858
29683 858
29684 493
29685 511
29686 18
29687 18
29688 18
29689 19
29690 337
29691 269
29692 762
29693 762
29694 158
29695 158
29696 723
29697 723
29698 723
29699 761
29700 761
29701 769
29702 761
29703 761
29704 407
29705 419
29706 820
29707 820
29708 385
29709 326
29710 466
29711 400
29712 400
29713 535
29714 7
29715 7
29716 25
29717 609
29718 519
29719 321
29720 321
29721 472
29722 472
29723 367
29724 367
29725 367
29726 317
29727 317
29728 719
29729 316
29730 316
29731 316
29732 855
29733 855
29734 504
29735 504
29736 29
29737 464
29738 378
29739 513
29740 216
29741 316
29742 316
29743 316
29744 493
29745 496
29746 851
29747 514
29748 526
29749 779
29750 779
29751 779
29752 779
29753 779
29754 779
29755 779
29756 650
29757 670
29758 670
29759 670
29760 108
29761 655
29762 265
29763 265
29764 700
29765 700
29766 700
29767 368
29768 163
29769 722
29770 294
29771 294
29772 195
29773 195
29774 195
29775 195
29776 120
29777 120
29778 120
29779 177
29780 177
29781 741
29782 741
29783 741
29784 741
29785 598
29786 607
29787 171
29788 1
29789 25
29790 640
29791 640
29792 640
29793 640
29794 640
29795 535
29796 535
29797 535
29798 303
29799 303
29800 531
29801 531
29802 85
29803 618
29804 618
29805 618
29806 618
29807 618
29808 62
29809 155
29810 155
29811 794
29812 442
29813 699
29814 699
29815 704
29816 676
29817 56
29818 80
29819 2
29820 848
29821 848
29822 848
29823 142
29824 142
29825 59
29826 203
29827 203
29828 677
29829 720
29830 276
29831 281
29832 276
29833 276
29834 403
29835 234
29836 234
29837 571
29838 571
29839 649
29840 661
29841 407
29842 705
29843 372
29844 361
29845 361
29846 361
29847 361
29848 361
29849 361
29850 730
29851 470
29852 445
29853 427
29854 698
29855 698
29856 698
29857 698
29858 836
29859 836
29860 836
29861 836
29862 56
29863 56
29864 317
29865 317
29866 317
29867 317
29868 317
29869 317
29870 529
29871 529
29872 440
29873 476
29874 476
29875 526
29876 637
29877 637
29878 637
29879 91
29880 91
29881 317
29882 317
29883 317
29884 317
29885 807
29886 807
29887 807
29888 807
29889 413
29890 413
29891 413
29892 35
29893 323
29894 323
29895 328
29896 79
29897 79
29898 108
29899 114
29900 114
29901 210
29902 210
29903 210
29904 210
29905 210
29906 19
29907 20
29908 445
29909 651
29910 157
29911 157
29912 423
29913 423
29914 423
29915 423
29916 557
29917 557
29918 668
29919 580
29920 580
29921 580
29922 580
29923 580
29924 651
29925 842
29926 842
29927 62
29928 661
29929 36
29930 430
29931 430
29932 9
29933 25
29934 564
29935 564
29936 564
29937 564
29938 564
29939 438
29940 14
29941 307
29942 307
29943 71
29944 71
29945 25
29946 178
29947 676
29948 392
29949 73
29950 73
29951 71
29952 649
29953 704
29954 435
29955 723
29956 723
29957 723
29958 541
29959 849
29960 849
29961 12
29962 783
29963 328
29964 346
29965 40
29966 78
29967 78
29968 698
29969 698
29970 377
29971 377
29972 67
29973 69
29974 748
29975 748
29976 748
29977 508
29978 144
29979 734
29980 734
29981 6
29982 231
29983 27
29984 373
29985 373
29986 796
29987 796
29988 836
29989 836
29990 836
29991 836
29992 836
29993 836
29994 115
29995 54
29996 80
29997 80
29998 313
29999 313
