0 37
1 17
2 37
3 29
4 17
5 39
6 37
7 35
8 252
9 2
10 64
11 56
12 461
13 76
14 64
15 520
16 61
17 124
18 61
19 109
20 488
21 56
22 474
23 215
24 64
25 216
26 216
27 90
28 216
29 242
30 217
31 244
32 216
33 443
34 690
35 216
36 218
37 710
38 522
39 597
40 522
41 523
42 522
43 522
44 522
45 489
46 489
47 37
48 34
49 4
50 37
51 37
52 651
53 34
54 438
55 440
56 377
57 438
58 825
59 693
60 437
61 440
62 436
63 436
64 438
65 451
66 334
67 174
68 334
69 668
70 334
71 334
72 706
73 854
74 854
75 319
76 854
77 854
78 704
79 233
80 829
81 829
82 856
83 689
84 109
85 433
86 108
87 479
88 784
89 784
90 705
91 784
92 464
93 464
94 464
95 532
96 467
97 678
98 567
99 568
100 464
101 464
102 830
103 830
104 830
105 830
106 495
107 397
108 397
109 397
110 363
111 397
112 782
113 759
114 421
115 815
116 58
117 782
118 387
119 758
120 108
121 108
122 66
123 108
124 108
125 108
126 110
127 72
128 68
129 72
130 72
131 72
132 74
133 72
134 74
135 247
136 437
137 68
138 28
139 28
140 28
141 28
142 53
143 77
144 28
145 28
146 52
147 64
148 41
149 5
150 52
151 5
152 382
153 231
154 231
155 386
156 231
157 707
158 231
159 656
160 663
161 462
162 653
163 575
164 653
165 636
166 636
167 636
168 636
169 613
170 645
171 636
172 636
173 733
174 733
175 602
176 733
177 734
178 710
179 733
180 335
181 679
182 324
183 335
184 335
185 325
186 706
187 348
188 335
189 327
190 335
191 10
192 83
193 10
194 10
195 10
196 7
197 409
198 442
199 409
200 409
201 708
202 409
203 384
204 816
205 816
206 689
207 657
208 0
209 298
210 298
211 227
212 219
213 227
214 227
215 227
216 599
217 782
218 782
219 782
220 626
221 739
222 729
223 739
224 662
225 702
226 708
227 820
228 739
229 126
230 488
231 653
232 808
233 662
234 739
235 708
236 513
237 736
238 729
239 306
240 108
241 138
242 83
243 81
244 83
245 89
246 16
247 86
248 83
249 83
250 124
251 787
252 787
253 787
254 787
255 787
256 787
257 787
258 785
259 785
260 785
261 785
262 547
263 706
264 706
265 706
266 703
267 652
268 706
269 706
270 384
271 384
272 384
273 389
274 379
275 758
276 762
277 764
278 758
279 217
280 762
281 34
282 726
283 34
284 34
285 438
286 460
287 731
288 393
289 437
290 460
291 726
292 11
293 11
294 48
295 85
296 82
297 11
298 11
299 87
300 0
301 760
302 760
303 760
304 767
305 768
306 610
307 760
308 432
309 441
310 760
311 760
312 777
313 768
314 768
315 496
316 496
317 501
318 496
319 707
320 496
321 462
322 496
323 496
324 410
325 410
326 410
327 411
328 410
329 405
330 410
331 490
332 490
333 487
334 490
335 436
336 487
337 490
338 538
339 490
340 510
341 771
342 773
343 771
344 771
345 771
346 771
347 770
348 57
349 57
350 146
351 360
352 324
353 57
354 135
355 462
356 57
357 324
358 57
359 57
360 57
361 57
362 108
363 524
364 474
365 662
366 662
367 122
368 662
369 662
370 677
371 122
372 122
373 662
374 124
375 651
376 436
377 437
378 662
379 249
380 662
381 662
382 122
383 662
384 1
385 1
386 1
387 1
388 1
389 65
390 21
391 1
392 219
393 218
394 216
395 219
396 718
397 218
398 2
399 2
400 204
401 62
402 62
403 244
404 327
405 2
406 35
407 792
408 792
409 792
410 792
411 792
412 209
413 95
414 209
415 88
416 136
417 729
418 729
419 729
420 366
421 730
422 255
423 255
424 255
425 263
426 243
427 255
428 378
429 378
430 440
431 378
432 477
433 477
434 441
435 647
436 477
437 477
438 441
439 477
440 175
441 124
442 175
443 175
444 124
445 553
446 553
447 491
448 555
449 553
450 751
451 853
452 739
453 751
454 733
455 751
456 443
457 435
458 443
459 532
460 53
461 443
462 482
463 104
464 443
465 443
466 443
467 435
468 45
469 35
470 42
471 104
472 65
473 35
474 355
475 355
476 355
477 355
478 152
479 355
480 222
481 222
482 373
483 222
484 222
485 789
486 789
487 789
488 543
489 677
490 543
491 755
492 536
493 342
494 789
495 113
496 113
497 852
498 852
499 852
500 852
501 852
502 173
503 173
504 173
505 12
506 462
507 462
508 465
509 468
510 18
511 462
512 460
513 388
514 470
515 421
516 421
517 602
518 421
519 422
520 421
521 680
522 21
523 1
524 86
525 29
526 487
527 504
528 498
529 487
530 494
531 489
532 487
533 494
534 489
535 247
536 247
537 247
538 247
539 247
540 556
541 247
542 148
543 148
544 64
545 411
546 340
547 148
548 157
549 736
550 736
551 259
552 401
553 406
554 404
555 378
556 382
557 401
558 401
559 650
560 437
561 433
562 493
563 465
564 437
565 465
566 491
567 433
568 731
569 731
570 594
571 594
572 570
573 594
574 724
575 724
576 724
577 505
578 737
579 707
580 516
581 541
582 503
583 724
584 724
585 113
586 113
587 162
588 570
589 162
590 150
591 149
592 150
593 150
594 649
595 596
596 649
597 726
598 516
599 649
600 726
601 164
602 164
603 164
604 187
605 164
606 164
607 358
608 358
609 358
610 286
611 361
612 358
613 137
614 137
615 137
616 105
617 137
618 55
619 762
620 762
621 757
622 463
623 710
624 463
625 448
626 757
627 152
628 768
629 710
630 768
631 762
632 84
633 760
634 760
635 760
636 760
637 760
638 760
639 756
640 760
641 70
642 70
643 90
644 140
645 70
646 70
647 71
648 67
649 70
650 98
651 92
652 70
653 166
654 166
655 52
656 166
657 52
658 166
659 326
660 326
661 326
662 326
663 579
664 579
665 579
666 409
667 409
668 352
669 66
670 66
671 67
672 66
673 31
674 36
675 5
676 515
677 515
678 218
679 493
680 493
681 218
682 515
683 377
684 377
685 371
686 377
687 354
688 441
689 441
690 452
691 446
692 441
693 441
694 453
695 79
696 131
697 3
698 79
699 58
700 553
701 553
702 553
703 329
704 260
705 245
706 260
707 260
708 292
709 260
710 247
711 245
712 842
713 842
714 842
715 842
716 842
717 122
718 122
719 143
720 161
721 443
722 443
723 443
724 443
725 543
726 543
727 437
728 542
729 839
730 812
731 839
732 839
733 391
734 391
735 391
736 391
737 391
738 391
739 656
740 754
741 656
742 746
743 656
744 675
745 676
746 675
747 675
748 675
749 687
750 653
751 675
752 675
753 686
754 255
755 705
756 255
757 255
758 254
759 255
760 121
761 121
762 826
763 607
764 824
765 163
766 163
767 163
768 163
769 163
770 502
771 502
772 518
773 635
774 503
775 492
776 502
777 502
778 123
779 123
780 123
781 149
782 123
783 123
784 123
785 123
786 387
787 691
788 435
789 123
790 123
791 123
792 123
793 123
794 123
795 763
796 763
797 763
798 763
799 486
800 538
801 486
802 434
803 489
804 486
805 697
806 494
807 449
808 711
809 598
810 598
811 609
812 570
813 463
814 598
815 598
816 302
817 302
818 302
819 302
820 223
821 768
822 829
823 411
824 411
825 411
826 328
827 400
828 834
829 411
830 325
831 411
832 397
833 397
834 380
835 248
836 230
837 248
838 248
839 58
840 327
841 734
842 487
843 343
844 649
845 501
846 487
847 482
848 327
849 649
850 501
851 734
852 703
853 342
854 58
855 75
856 750
857 750
858 750
859 750
860 750
861 408
862 408
863 412
864 108
865 408
866 462
867 462
868 461
869 471
870 513
871 461
872 589
873 467
874 521
875 462
876 513
877 122
878 86
879 85
880 12
881 83
882 40
883 86
884 97
885 513
886 513
887 513
888 521
889 519
890 329
891 329
892 332
893 331
894 9
895 329
896 330
897 252
898 329
899 149
900 482
901 432
902 482
903 482
904 652
905 72
906 72
907 68
908 32
909 265
910 265
911 265
912 265
913 420
914 420
915 420
916 329
917 420
918 154
919 171
920 115
921 154
922 154
923 154
924 154
925 230
926 137
927 137
928 135
929 137
930 137
931 135
932 69
933 137
934 146
935 137
936 419
937 727
938 419
939 419
940 420
941 727
942 47
943 30
944 47
945 47
946 543
947 543
948 66
949 65
950 62
951 259
952 40
953 224
954 224
955 224
956 239
957 239
958 82
959 82
960 83
961 524
962 524
963 524
964 785
965 453
966 382
967 514
968 382
969 297
970 297
971 297
972 68
973 683
974 711
975 545
976 545
977 545
978 545
979 222
980 222
981 223
982 223
983 223
984 325
985 460
986 417
987 342
988 350
989 38
990 38
991 39
992 29
993 573
994 573
995 573
996 838
997 840
998 838
999 838
1000 837
1001 837
1002 837
1003 840
1004 837
1005 813
1006 653
1007 2
1008 128
1009 837
1010 501
1011 501
1012 347
1013 501
1014 479
1015 501
1016 501
1017 501
1018 0
1019 0
1020 101
1021 12
1022 0
1023 0
1024 23
1025 90
1026 81
1027 524
1028 733
1029 237
1030 237
1031 237
1032 237
1033 238
1034 237
1035 488
1036 704
1037 464
1038 488
1039 464
1040 488
1041 297
1042 297
1043 297
1044 297
1045 297
1046 297
1047 233
1048 81
1049 132
1050 355
1051 35
1052 436
1053 326
1054 56
1055 81
1056 437
1057 81
1058 517
1059 349
1060 702
1061 702
1062 702
1063 702
1064 702
1065 667
1066 702
1067 379
1068 609
1069 378
1070 366
1071 379
1072 734
1073 127
1074 734
1075 718
1076 693
1077 127
1078 750
1079 750
1080 324
1081 813
1082 750
1083 324
1084 514
1085 514
1086 460
1087 81
1088 460
1089 514
1090 327
1091 524
1092 648
1093 648
1094 648
1095 659
1096 669
1097 648
1098 87
1099 70
1100 87
1101 5
1102 87
1103 362
1104 362
1105 432
1106 427
1107 362
1108 362
1109 353
1110 432
1111 779
1112 433
1113 414
1114 300
1115 300
1116 300
1117 541
1118 145
1119 143
1120 183
1121 145
1122 145
1123 85
1124 528
1125 143
1126 142
1127 635
1128 635
1129 635
1130 635
1131 635
1132 635
1133 536
1134 536
1135 536
1136 443
1137 29
1138 164
1139 29
1140 791
1141 791
1142 791
1143 791
1144 791
1145 791
1146 770
1147 349
1148 349
1149 339
1150 248
1151 153
1152 358
1153 540
1154 540
1155 540
1156 432
1157 358
1158 449
1159 851
1160 373
1161 432
1162 443
1163 400
1164 453
1165 677
1166 668
1167 696
1168 535
1169 716
1170 716
1171 716
1172 716
1173 716
1174 716
1175 716
1176 716
1177 330
1178 330
1179 330
1180 273
1181 330
1182 808
1183 808
1184 808
1185 808
1186 808
1187 37
1188 34
1189 396
1190 354
1191 637
1192 396
1193 222
1194 227
1195 222
1196 181
1197 181
1198 181
1199 181
1200 181
1201 63
1202 407
1203 407
1204 351
1205 407
1206 407
1207 407
1208 47
1209 70
1210 153
1211 29
1212 41
1213 47
1214 122
1215 122
1216 383
1217 650
1218 592
1219 122
1220 650
1221 68
1222 125
1223 383
1224 746
1225 487
1226 487
1227 487
1228 510
1229 487
1230 533
1231 565
1232 533
1233 533
1234 640
1235 640
1236 296
1237 296
1238 296
1239 296
1240 723
1241 428
1242 416
1243 663
1244 712
1245 723
1246 599
1247 321
1248 396
1249 468
1250 469
1251 479
1252 653
1253 468
1254 436
1255 656
1256 468
1257 692
1258 704
1259 692
1260 515
1261 696
1262 515
1263 507
1264 515
1265 523
1266 527
1267 519
1268 515
1269 124
1270 14
1271 248
1272 82
1273 31
1274 88
1275 332
1276 333
1277 332
1278 332
1279 342
1280 105
1281 105
1282 60
1283 89
1284 11
1285 791
1286 791
1287 162
1288 162
1289 162
1290 162
1291 162
1292 162
1293 162
1294 162
1295 163
1296 162
1297 162
1298 578
1299 465
1300 578
1301 234
1302 234
1303 234
1304 545
1305 548
1306 545
1307 545
1308 552
1309 545
1310 545
1311 546
1312 712
1313 637
1314 706
1315 712
1316 767
1317 524
1318 524
1319 814
1320 814
1321 756
1322 814
1323 93
1324 31
1325 141
1326 62
1327 93
1328 660
1329 660
1330 605
1331 539
1332 517
1333 685
1334 605
1335 800
1336 800
1337 4
1338 4
1339 3
1340 4
1341 4
1342 4
1343 3
1344 4
1345 5
1346 4
1347 798
1348 798
1349 798
1350 784
1351 561
1352 561
1353 446
1354 53
1355 54
1356 2
1357 778
1358 778
1359 702
1360 778
1361 722
1362 766
1363 766
1364 766
1365 766
1366 299
1367 299
1368 299
1369 299
1370 472
1371 472
1372 488
1373 294
1374 294
1375 294
1376 294
1377 671
1378 671
1379 829
1380 648
1381 520
1382 231
1383 515
1384 283
1385 520
1386 520
1387 231
1388 534
1389 652
1390 534
1391 682
1392 460
1393 534
1394 652
1395 534
1396 371
1397 371
1398 371
1399 325
1400 731
1401 731
1402 731
1403 731
1404 731
1405 73
1406 10
1407 355
1408 94
1409 73
1410 341
1411 340
1412 346
1413 155
1414 702
1415 341
1416 341
1417 702
1418 68
1419 340
1420 83
1421 9
1422 83
1423 791
1424 791
1425 791
1426 32
1427 34
1428 32
1429 55
1430 34
1431 32
1432 7
1433 23
1434 513
1435 255
1436 513
1437 607
1438 607
1439 607
1440 187
1441 187
1442 412
1443 755
1444 755
1445 755
1446 408
1447 414
1448 338
1449 408
1450 408
1451 765
1452 785
1453 765
1454 765
1455 460
1456 593
1457 593
1458 574
1459 202
1460 202
1461 477
1462 544
1463 461
1464 477
1465 477
1466 8
1467 31
1468 4
1469 6
1470 829
1471 829
1472 829
1473 829
1474 829
1475 829
1476 451
1477 243
1478 419
1479 493
1480 451
1481 493
1482 480
1483 730
1484 243
1485 440
1486 419
1487 243
1488 451
1489 451
1490 235
1491 235
1492 235
1493 235
1494 235
1495 235
1496 225
1497 759
1498 249
1499 682
1500 682
1501 614
1502 451
1503 376
1504 451
1505 204
1506 574
1507 451
1508 451
1509 341
1510 154
1511 341
1512 178
1513 326
1514 340
1515 341
1516 433
1517 433
1518 540
1519 433
1520 443
1521 433
1522 250
1523 702
1524 251
1525 702
1526 826
1527 826
1528 532
1529 826
1530 819
1531 826
1532 826
1533 826
1534 410
1535 410
1536 410
1537 410
1538 408
1539 9
1540 32
1541 9
1542 180
1543 32
1544 514
1545 514
1546 514
1547 445
1548 440
1549 433
1550 433
1551 445
1552 453
1553 1
1554 103
1555 248
1556 459
1557 358
1558 1
1559 23
1560 599
1561 500
1562 459
1563 358
1564 325
1565 1
1566 103
1567 739
1568 739
1569 739
1570 744
1571 177
1572 504
1573 667
1574 667
1575 654
1576 478
1577 667
1578 474
1579 682
1580 440
1581 474
1582 442
1583 682
1584 474
1585 474
1586 474
1587 604
1588 604
1589 613
1590 604
1591 604
1592 40
1593 27
1594 40
1595 48
1596 35
1597 27
1598 549
1599 549
1600 549
1601 464
1602 549
1603 171
1604 79
1605 72
1606 79
1607 713
1608 788
1609 31
1610 31
1611 31
1612 440
1613 453
1614 703
1615 327
1616 442
1617 55
1618 55
1619 105
1620 159
1621 2
1622 57
1623 2
1624 61
1625 469
1626 2
1627 325
1628 54
1629 346
1630 252
1631 62
1632 152
1633 328
1634 76
1635 327
1636 216
1637 259
1638 136
1639 691
1640 259
1641 216
1642 834
1643 834
1644 834
1645 560
1646 836
1647 394
1648 394
1649 394
1650 329
1651 329
1652 351
1653 95
1654 90
1655 329
1656 115
1657 115
1658 167
1659 32
1660 115
1661 609
1662 609
1663 609
1664 627
1665 609
1666 55
1667 63
1668 27
1669 55
1670 82
1671 252
1672 252
1673 253
1674 252
1675 252
1676 252
1677 252
1678 853
1679 853
1680 630
1681 853
1682 656
1683 655
1684 658
1685 655
1686 439
1687 695
1688 787
1689 459
1690 459
1691 270
1692 656
1693 656
1694 439
1695 656
1696 658
1697 656
1698 655
1699 396
1700 507
1701 396
1702 396
1703 396
1704 507
1705 348
1706 278
1707 278
1708 351
1709 278
1710 290
1711 278
1712 116
1713 351
1714 278
1715 676
1716 676
1717 676
1718 675
1719 800
1720 676
1721 653
1722 675
1723 652
1724 652
1725 652
1726 652
1727 653
1728 652
1729 652
1730 581
1731 583
1732 581
1733 581
1734 378
1735 378
1736 378
1737 611
1738 859
1739 481
1740 611
1741 611
1742 611
1743 676
1744 677
1745 658
1746 506
1747 676
1748 598
1749 658
1750 676
1751 683
1752 389
1753 389
1754 389
1755 421
1756 365
1757 389
1758 358
1759 327
1760 358
1761 358
1762 340
1763 150
1764 358
1765 344
1766 490
1767 519
1768 497
1769 490
1770 481
1771 490
1772 330
1773 510
1774 418
1775 140
1776 418
1777 418
1778 473
1779 144
1780 418
1781 392
1782 139
1783 139
1784 140
1785 139
1786 86
1787 140
1788 139
1789 139
1790 139
1791 230
1792 230
1793 230
1794 230
1795 827
1796 827
1797 827
1798 827
1799 634
1800 148
1801 634
1802 634
1803 140
1804 438
1805 556
1806 556
1807 452
1808 175
1809 558
1810 500
1811 500
1812 515
1813 500
1814 570
1815 842
1816 570
1817 516
1818 513
1819 537
1820 76
1821 57
1822 76
1823 69
1824 76
1825 4
1826 532
1827 489
1828 532
1829 540
1830 466
1831 502
1832 231
1833 502
1834 503
1835 502
1836 486
1837 139
1838 502
1839 502
1840 122
1841 231
1842 502
1843 502
1844 231
1845 242
1846 226
1847 242
1848 691
1849 540
1850 691
1851 327
1852 691
1853 822
1854 822
1855 822
1856 601
1857 382
1858 387
1859 224
1860 224
1861 247
1862 227
1863 224
1864 224
1865 487
1866 817
1867 817
1868 817
1869 817
1870 817
1871 819
1872 801
1873 801
1874 801
1875 119
1876 801
1877 294
1878 119
1879 294
1880 76
1881 85
1882 76
1883 76
1884 82
1885 76
1886 116
1887 264
1888 85
1889 76
1890 818
1891 818
1892 818
1893 718
1894 830
1895 830
1896 830
1897 278
1898 278
1899 473
1900 435
1901 366
1902 351
1903 135
1904 27
1905 27
1906 89
1907 27
1908 459
1909 347
1910 358
1911 459
1912 459
1913 459
1914 8
1915 45
1916 51
1917 8
1918 8
1919 9
1920 761
1921 761
1922 761
1923 761
1924 761
1925 767
1926 768
1927 768
1928 774
1929 774
1930 774
1931 774
1932 776
1933 374
1934 774
1935 352
1936 595
1937 249
1938 249
1939 249
1940 249
1941 355
1942 377
1943 355
1944 745
1945 745
1946 745
1947 712
1948 745
1949 712
1950 81
1951 81
1952 62
1953 82
1954 81
1955 720
1956 720
1957 705
1958 720
1959 478
1960 720
1961 705
1962 720
1963 275
1964 275
1965 425
1966 275
1967 274
1968 275
1969 136
1970 253
1971 135
1972 138
1973 248
1974 460
1975 155
1976 147
1977 800
1978 800
1979 797
1980 632
1981 151
1982 423
1983 151
1984 139
1985 151
1986 328
1987 437
1988 462
1989 151
1990 151
1991 700
1992 700
1993 166
1994 166
1995 166
1996 166
1997 166
1998 253
1999 253
2000 270
2001 267
2002 253
2003 291
2004 270
2005 247
2006 230
2007 232
2008 576
2009 576
2010 576
2011 146
2012 295
2013 146
2014 414
2015 340
2016 340
2017 340
2018 269
2019 346
2020 340
2021 338
2022 340
2023 89
2024 90
2025 19
2026 497
2027 497
2028 494
2029 430
2030 813
2031 579
2032 813
2033 813
2034 813
2035 500
2036 828
2037 841
2038 783
2039 500
2040 682
2041 599
2042 444
2043 599
2044 542
2045 542
2046 542
2047 542
2048 297
2049 297
2050 297
2051 297
2052 297
2053 293
2054 293
2055 492
2056 510
2057 501
2058 501
2059 504
2060 463
2061 501
2062 810
2063 463
2064 501
2065 690
2066 690
2067 690
2068 533
2069 270
2070 270
2071 270
2072 330
2073 361
2074 352
2075 330
2076 327
2077 327
2078 654
2079 358
2080 453
2081 424
2082 464
2083 483
2084 483
2085 465
2086 683
2087 683
2088 98
2089 7
2090 98
2091 75
2092 99
2093 107
2094 7
2095 547
2096 863
2097 706
2098 661
2099 661
2100 271
2101 549
2102 272
2103 272
2104 271
2105 271
2106 271
2107 271
2108 730
2109 730
2110 620
2111 620
2112 620
2113 620
2114 23
2115 23
2116 19
2117 4
2118 53
2119 4
2120 4
2121 23
2122 6
2123 42
2124 4
2125 63
2126 4
2127 544
2128 723
2129 723
2130 325
2131 515
2132 325
2133 257
2134 257
2135 257
2136 257
2137 258
2138 262
2139 257
2140 257
2141 257
2142 352
2143 352
2144 332
2145 352
2146 21
2147 13
2148 11
2149 21
2150 520
2151 313
2152 520
2153 521
2154 520
2155 18
2156 2
2157 8
2158 36
2159 18
2160 2
2161 718
2162 718
2163 748
2164 708
2165 123
2166 123
2167 193
2168 123
2169 784
2170 784
2171 466
2172 802
2173 784
2174 786
2175 466
2176 10
2177 5
2178 10
2179 6
2180 5
2181 10
2182 231
2183 231
2184 231
2185 702
2186 113
2187 270
2188 760
2189 120
2190 476
2191 476
2192 517
2193 476
2194 587
2195 587
2196 259
2197 420
2198 259
2199 263
2200 259
2201 272
2202 761
2203 807
2204 761
2205 762
2206 761
2207 86
2208 86
2209 68
2210 68
2211 817
2212 817
2213 861
2214 677
2215 817
2216 682
2217 431
2218 682
2219 682
2220 682
2221 257
2222 703
2223 248
2224 686
2225 528
2226 835
2227 675
2228 627
2229 675
2230 686
2231 1
2232 199
2233 194
2234 244
2235 244
2236 199
2237 199
2238 400
2239 388
2240 400
2241 404
2242 690
2243 321
2244 321
2245 665
2246 665
2247 665
2248 735
2249 677
2250 667
2251 666
2252 665
2253 587
2254 587
2255 737
2256 587
2257 680
2258 680
2259 552
2260 552
2261 552
2262 82
2263 53
2264 644
2265 702
2266 82
2267 108
2268 108
2269 124
2270 108
2271 108
2272 109
2273 108
2274 757
2275 112
2276 111
2277 10
2278 10
2279 144
2280 4
2281 9
2282 420
2283 420
2284 252
2285 772
2286 772
2287 772
2288 434
2289 592
2290 628
2291 120
2292 120
2293 120
2294 120
2295 437
2296 120
2297 524
2298 717
2299 2
2300 2
2301 23
2302 48
2303 3
2304 47
2305 23
2306 498
2307 2
2308 591
2309 592
2310 329
2311 591
2312 422
2313 55
2314 197
2315 54
2316 546
2317 546
2318 546
2319 621
2320 546
2321 621
2322 467
2323 467
2324 467
2325 163
2326 168
2327 163
2328 491
2329 491
2330 851
2331 510
2332 498
2333 491
2334 332
2335 510
2336 1
2337 11
2338 99
2339 8
2340 23
2341 27
2342 128
2343 11
2344 1
2345 468
2346 468
2347 466
2348 471
2349 468
2350 179
2351 287
2352 437
2353 437
2354 436
2355 783
2356 517
2357 437
2358 783
2359 436
2360 466
2361 639
2362 86
2363 86
2364 529
2365 529
2366 529
2367 622
2368 538
2369 530
2370 529
2371 529
2372 351
2373 433
2374 351
2375 353
2376 351
2377 338
2378 338
2379 339
2380 736
2381 169
2382 338
2383 234
2384 341
2385 736
2386 338
2387 496
2388 496
2389 799
2390 412
2391 496
2392 496
2393 494
2394 751
2395 292
2396 531
2397 434
2398 434
2399 483
2400 496
2401 253
2402 253
2403 329
2404 411
2405 330
2406 334
2407 49
2408 9
2409 46
2410 49
2411 81
2412 54
2413 91
2414 29
2415 93
2416 2
2417 2
2418 93
2419 91
2420 81
2421 81
2422 318
2423 318
2424 318
2425 318
2426 634
2427 548
2428 629
2429 634
2430 634
2431 595
2432 61
2433 61
2434 105
2435 36
2436 66
2437 85
2438 61
2439 7
2440 61
2441 63
2442 252
2443 66
2444 555
2445 555
2446 555
2447 555
2448 156
2449 139
2450 156
2451 156
2452 147
2453 156
2454 156
2455 156
2456 139
2457 297
2458 606
2459 297
2460 606
2461 297
2462 297
2463 651
2464 423
2465 651
2466 651
2467 695
2468 540
2469 541
2470 61
2471 66
2472 62
2473 58
2474 445
2475 603
2476 569
2477 569
2478 569
2479 569
2480 590
2481 590
2482 590
2483 52
2484 52
2485 17
2486 52
2487 244
2488 589
2489 589
2490 589
2491 802
2492 304
2493 808
2494 802
2495 410
2496 418
2497 627
2498 410
2499 364
2500 409
2501 305
2502 305
2503 69
2504 397
2505 535
2506 535
2507 529
2508 529
2509 529
2510 612
2511 529
2512 529
2513 540
2514 540
2515 540
2516 541
2517 568
2518 568
2519 568
2520 170
2521 170
2522 234
2523 171
2524 170
2525 170
2526 546
2527 544
2528 544
2529 544
2530 549
2531 305
2532 305
2533 300
2534 305
2535 305
2536 634
2537 634
2538 45
2539 45
2540 46
2541 5
2542 16
2543 45
2544 166
2545 14
2546 45
2547 158
2548 158
2549 158
2550 468
2551 468
2552 468
2553 468
2554 406
2555 406
2556 407
2557 73
2558 5
2559 78
2560 107
2561 73
2562 72
2563 73
2564 550
2565 550
2566 745
2567 468
2568 489
2569 489
2570 498
2571 488
2572 505
2573 495
2574 488
2575 609
2576 604
2577 489
2578 223
2579 223
2580 223
2581 860
2582 860
2583 860
2584 622
2585 622
2586 622
2587 493
2588 493
2589 493
2590 493
2591 480
2592 493
2593 493
2594 472
2595 493
2596 665
2597 557
2598 546
2599 557
2600 557
2601 557
2602 557
2603 493
2604 659
2605 659
2606 751
2607 708
2608 659
2609 760
2610 708
2611 435
2612 706
2613 660
2614 659
2615 659
2616 677
2617 703
2618 677
2619 654
2620 677
2621 680
2622 814
2623 479
2624 439
2625 814
2626 815
2627 814
2628 439
2629 814
2630 444
2631 479
2632 444
2633 58
2634 3
2635 58
2636 100
2637 100
2638 57
2639 100
2640 544
2641 544
2642 545
2643 590
2644 544
2645 801
2646 801
2647 517
2648 785
2649 14
2650 63
2651 801
2652 761
2653 96
2654 96
2655 96
2656 101
2657 96
2658 96
2659 96
2660 351
2661 351
2662 726
2663 203
2664 749
2665 726
2666 726
2667 726
2668 93
2669 92
2670 150
2671 93
2672 93
2673 105
2674 92
2675 515
2676 488
2677 515
2678 513
2679 612
2680 513
2681 513
2682 490
2683 513
2684 490
2685 612
2686 466
2687 459
2688 461
2689 466
2690 461
2691 466
2692 560
2693 560
2694 540
2695 560
2696 364
2697 330
2698 364
2699 230
2700 230
2701 230
2702 552
2703 541
2704 541
2705 438
2706 438
2707 435
2708 704
2709 437
2710 434
2711 437
2712 445
2713 445
2714 438
2715 605
2716 605
2717 532
2718 532
2719 423
2720 532
2721 813
2722 702
2723 376
2724 813
2725 339
2726 398
2727 404
2728 398
2729 398
2730 729
2731 128
2732 729
2733 729
2734 125
2735 729
2736 729
2737 741
2738 729
2739 251
2740 729
2741 730
2742 729
2743 574
2744 574
2745 63
2746 88
2747 441
2748 453
2749 759
2750 122
2751 442
2752 466
2753 492
2754 467
2755 195
2756 195
2757 195
2758 200
2759 463
2760 500
2761 531
2762 3
2763 500
2764 195
2765 195
2766 369
2767 369
2768 369
2769 146
2770 228
2771 146
2772 850
2773 850
2774 850
2775 111
2776 110
2777 113
2778 113
2779 109
2780 109
2781 355
2782 356
2783 361
2784 355
2785 341
2786 355
2787 277
2788 366
2789 356
2790 524
2791 355
2792 723
2793 705
2794 723
2795 378
2796 378
2797 378
2798 379
2799 378
2800 845
2801 845
2802 708
2803 665
2804 706
2805 703
2806 708
2807 836
2808 724
2809 708
2810 705
2811 665
2812 726
2813 712
2814 755
2815 374
2816 374
2817 255
2818 255
2819 679
2820 679
2821 677
2822 437
2823 679
2824 679
2825 796
2826 796
2827 796
2828 800
2829 63
2830 63
2831 63
2832 6
2833 838
2834 838
2835 838
2836 838
2837 838
2838 173
2839 173
2840 627
2841 680
2842 627
2843 627
2844 44
2845 44
2846 1
2847 29
2848 44
2849 44
2850 734
2851 331
2852 409
2853 459
2854 737
2855 405
2856 407
2857 405
2858 405
2859 92
2860 58
2861 8
2862 92
2863 92
2864 91
2865 12
2866 88
2867 58
2868 657
2869 657
2870 649
2871 669
2872 649
2873 657
2874 623
2875 623
2876 623
2877 351
2878 11
2879 104
2880 89
2881 5
2882 104
2883 104
2884 150
2885 33
2886 107
2887 278
2888 278
2889 278
2890 439
2891 488
2892 704
2893 325
2894 488
2895 324
2896 488
2897 462
2898 354
2899 475
2900 196
2901 196
2902 157
2903 479
2904 506
2905 506
2906 453
2907 1
2908 743
2909 174
2910 720
2911 705
2912 707
2913 649
2914 671
2915 285
2916 641
2917 641
2918 57
2919 78
2920 171
2921 73
2922 678
2923 847
2924 847
2925 846
2926 847
2927 804
2928 826
2929 826
2930 826
2931 71
2932 71
2933 712
2934 712
2935 748
2936 479
2937 504
2938 528
2939 504
2940 535
2941 804
2942 240
2943 504
2944 504
2945 56
2946 59
2947 56
2948 54
2949 65
2950 30
2951 277
2952 277
2953 627
2954 627
2955 627
2956 504
2957 504
2958 504
2959 4
2960 5
2961 6
2962 54
2963 29
2964 22
2965 54
2966 4
2967 382
2968 382
2969 382
2970 124
2971 127
2972 382
2973 331
2974 331
2975 335
2976 331
2977 487
2978 510
2979 486
2980 384
2981 486
2982 412
2983 412
2984 178
2985 412
2986 819
2987 821
2988 819
2989 391
2990 391
2991 704
2992 392
2993 270
2994 271
2995 556
2996 556
2997 61
2998 73
2999 1
3000 46
3001 61
3002 560
3003 560
3004 140
3005 233
3006 140
3007 55
3008 65
3009 57
3010 787
3011 817
3012 787
3013 811
3014 811
3015 811
3016 292
3017 517
3018 321
3019 322
3020 439
3021 517
3022 243
3023 439
3024 517
3025 126
3026 126
3027 126
3028 126
3029 126
3030 126
3031 126
3032 127
3033 126
3034 126
3035 126
3036 126
3037 126
3038 126
3039 126
3040 125
3041 126
3042 123
3043 123
3044 123
3045 123
3046 440
3047 440
3048 602
3049 473
3050 602
3051 440
3052 788
3053 788
3054 438
3055 788
3056 788
3057 640
3058 788
3059 758
3060 438
3061 244
3062 68
3063 68
3064 138
3065 153
3066 138
3067 138
3068 129
3069 129
3070 675
3071 675
3072 675
3073 237
3074 237
3075 775
3076 775
3077 775
3078 776
3079 775
3080 775
3081 190
3082 190
3083 190
3084 758
3085 190
3086 190
3087 190
3088 247
3089 375
3090 727
3091 705
3092 727
3093 727
3094 62
3095 156
3096 69
3097 62
3098 392
3099 705
3100 392
3101 344
3102 489
3103 816
3104 441
3105 20
3106 447
3107 784
3108 786
3109 786
3110 783
3111 786
3112 789
3113 17
3114 17
3115 17
3116 17
3117 17
3118 735
3119 735
3120 735
3121 735
3122 435
3123 435
3124 648
3125 453
3126 742
3127 430
3128 447
3129 648
3130 467
3131 435
3132 483
3133 435
3134 533
3135 462
3136 827
3137 533
3138 598
3139 467
3140 483
3141 483
3142 467
3143 467
3144 467
3145 689
3146 689
3147 654
3148 554
3149 689
3150 689
3151 782
3152 782
3153 782
3154 234
3155 234
3156 327
3157 365
3158 365
3159 365
3160 367
3161 365
3162 329
3163 327
3164 327
3165 333
3166 325
3167 397
3168 580
3169 580
3170 821
3171 821
3172 29
3173 38
3174 33
3175 29
3176 29
3177 29
3178 752
3179 752
3180 686
3181 415
3182 552
3183 752
3184 94
3185 420
3186 420
3187 94
3188 215
3189 420
3190 141
3191 141
3192 87
3193 285
3194 285
3195 831
3196 285
3197 159
3198 159
3199 159
3200 144
3201 144
3202 9
3203 270
3204 270
3205 270
3206 551
3207 441
3208 270
3209 270
3210 415
3211 415
3212 696
3213 415
3214 15
3215 15
3216 365
3217 294
3218 365
3219 365
3220 398
3221 670
3222 723
3223 365
3224 755
3225 755
3226 757
3227 757
3228 517
3229 805
3230 760
3231 164
3232 757
3233 683
3234 710
3235 683
3236 683
3237 231
3238 374
3239 370
3240 374
3241 374
3242 651
3243 653
3244 659
3245 679
3246 662
3247 679
3248 662
3249 651
3250 139
3251 139
3252 161
3253 124
3254 820
3255 133
3256 54
3257 126
3258 133
3259 133
3260 133
3261 554
3262 554
3263 555
3264 554
3265 554
3266 554
3267 62
3268 62
3269 104
3270 98
3271 62
3272 354
3273 354
3274 227
3275 155
3276 155
3277 155
3278 265
3279 164
3280 264
3281 265
3282 265
3283 163
3284 230
3285 164
3286 437
3287 365
3288 365
3289 365
3290 365
3291 224
3292 224
3293 734
3294 224
3295 453
3296 441
3297 768
3298 603
3299 441
3300 207
3301 677
3302 226
3303 81
3304 226
3305 479
3306 524
3307 470
3308 395
3309 732
3310 340
3311 732
3312 677
3313 677
3314 709
3315 709
3316 597
3317 612
3318 659
3319 597
3320 597
3321 490
3322 597
3323 698
3324 597
3325 597
3326 612
3327 234
3328 265
3329 226
3330 135
3331 234
3332 679
3333 679
3334 686
3335 679
3336 679
3337 55
3338 722
3339 469
3340 434
3341 704
3342 722
3343 722
3344 475
3345 256
3346 256
3347 256
3348 250
3349 89
3350 256
3351 405
3352 405
3353 405
3354 405
3355 408
3356 405
3357 829
3358 829
3359 833
3360 829
3361 27
3362 27
3363 27
3364 28
3365 27
3366 27
3367 27
3368 745
3369 857
3370 745
3371 745
3372 659
3373 601
3374 659
3375 707
3376 707
3377 370
3378 707
3379 59
3380 58
3381 91
3382 38
3383 59
3384 57
3385 29
3386 101
3387 843
3388 843
3389 314
3390 314
3391 359
3392 359
3393 87
3394 359
3395 359
3396 368
3397 365
3398 359
3399 828
3400 848
3401 828
3402 10
3403 36
3404 10
3405 722
3406 722
3407 722
3408 596
3409 116
3410 758
3411 251
3412 116
3413 116
3414 195
3415 270
3416 195
3417 192
3418 193
3419 270
3420 763
3421 763
3422 718
3423 748
3424 101
3425 101
3426 662
3427 662
3428 601
3429 601
3430 602
3431 601
3432 649
3433 381
3434 325
3435 649
3436 649
3437 713
3438 381
3439 250
3440 250
3441 250
3442 57
3443 57
3444 65
3445 89
3446 69
3447 441
3448 572
3449 62
3450 62
3451 64
3452 438
3453 62
3454 62
3455 67
3456 450
3457 450
3458 629
3459 434
3460 824
3461 579
3462 409
3463 210
3464 738
3465 738
3466 738
3467 738
3468 738
3469 109
3470 109
3471 109
3472 110
3473 63
3474 12
3475 79
3476 92
3477 77
3478 758
3479 758
3480 415
3481 768
3482 375
3483 758
3484 58
3485 58
3486 579
3487 579
3488 548
3489 548
3490 124
3491 133
3492 248
3493 411
3494 585
3495 586
3496 585
3497 585
3498 708
3499 59
3500 57
3501 57
3502 595
3503 595
3504 44
3505 137
3506 44
3507 441
3508 453
3509 173
3510 194
3511 173
3512 847
3513 847
3514 730
3515 748
3516 730
3517 730
3518 810
3519 730
3520 41
3521 41
3522 41
3523 41
3524 42
3525 41
3526 41
3527 681
3528 681
3529 797
3530 681
3531 477
3532 477
3533 477
3534 477
3535 477
3536 477
3537 477
3538 228
3539 224
3540 228
3541 228
3542 228
3543 228
3544 220
3545 224
3546 114
3547 228
3548 242
3549 684
3550 684
3551 684
3552 684
3553 684
3554 684
3555 684
3556 814
3557 814
3558 814
3559 29
3560 38
3561 29
3562 39
3563 586
3564 586
3565 586
3566 586
3567 571
3568 389
3569 74
3570 838
3571 357
3572 489
3573 824
3574 824
3575 824
3576 852
3577 852
3578 852
3579 737
3580 737
3581 737
3582 737
3583 846
3584 814
3585 815
3586 814
3587 745
3588 440
3589 57
3590 57
3591 858
3592 858
3593 394
3594 394
3595 287
3596 66
3597 731
3598 731
3599 731
3600 731
3601 731
3602 731
3603 152
3604 152
3605 142
3606 152
3607 598
3608 598
3609 598
3610 763
3611 764
3612 764
3613 285
3614 288
3615 841
3616 285
3617 287
3618 285
3619 332
3620 132
3621 132
3622 86
3623 142
3624 572
3625 572
3626 89
3627 362
3628 89
3629 230
3630 230
3631 230
3632 405
3633 405
3634 405
3635 478
3636 478
3637 478
3638 446
3639 446
3640 196
3641 322
3642 446
3643 304
3644 304
3645 124
3646 124
3647 687
3648 687
3649 687
3650 528
3651 229
3652 229
3653 229
3654 229
3655 738
3656 738
3657 757
3658 757
3659 500
3660 816
3661 768
3662 757
3663 162
3664 378
3665 378
3666 378
3667 73
3668 378
3669 378
3670 379
3671 131
3672 131
3673 131
3674 765
3675 774
3676 765
3677 765
3678 756
3679 765
3680 339
3681 416
3682 339
3683 339
3684 359
3685 339
3686 339
3687 167
3688 165
3689 167
3690 163
3691 167
3692 601
3693 527
3694 161
3695 601
3696 231
3697 161
3698 613
3699 471
3700 613
3701 613
3702 598
3703 605
3704 69
3705 703
3706 598
3707 583
3708 69
3709 414
3710 414
3711 421
3712 414
3713 414
3714 661
3715 692
3716 535
3717 430
3718 430
3719 459
3720 744
3721 430
3722 302
3723 228
3724 302
3725 302
3726 595
3727 595
3728 113
3729 113
3730 113
3731 113
3732 138
3733 493
3734 446
3735 446
3736 446
3737 446
3738 446
3739 670
3740 446
3741 625
3742 756
3743 446
3744 517
3745 446
3746 446
3747 350
3748 70
3749 362
3750 416
3751 362
3752 28
3753 27
3754 87
3755 67
3756 28
3757 27
3758 538
3759 538
3760 517
3761 115
3762 115
3763 784
3764 784
3765 784
3766 298
3767 298
3768 243
3769 229
3770 229
3771 229
3772 853
3773 853
3774 853
3775 47
3776 405
3777 135
3778 47
3779 47
3780 405
3781 758
3782 778
3783 745
3784 804
3785 804
3786 804
3787 625
3788 625
3789 88
3790 9
3791 88
3792 88
3793 9
3794 581
3795 581
3796 581
3797 584
3798 581
3799 581
3800 500
3801 505
3802 287
3803 164
3804 500
3805 500
3806 461
3807 739
3808 461
3809 498
3810 123
3811 505
3812 440
3813 570
3814 571
3815 628
3816 700
3817 628
3818 364
3819 824
3820 824
3821 824
3822 176
3823 826
3824 824
3825 401
3826 381
3827 394
3828 331
3829 401
3830 381
3831 97
3832 16
3833 97
3834 116
3835 97
3836 819
3837 338
3838 326
3839 392
3840 333
3841 500
3842 500
3843 85
3844 51
3845 107
3846 85
3847 64
3848 70
3849 89
3850 70
3851 70
3852 70
3853 70
3854 72
3855 70
3856 782
3857 782
3858 782
3859 284
3860 284
3861 287
3862 284
3863 56
3864 792
3865 792
3866 793
3867 792
3868 334
3869 326
3870 326
3871 334
3872 16
3873 32
3874 21
3875 16
3876 16
3877 437
3878 516
3879 487
3880 466
3881 437
3882 447
3883 510
3884 713
3885 468
3886 508
3887 203
3888 203
3889 203
3890 203
3891 636
3892 636
3893 636
3894 636
3895 636
3896 686
3897 686
3898 686
3899 686
3900 586
3901 686
3902 783
3903 783
3904 783
3905 473
3906 507
3907 473
3908 785
3909 783
3910 466
3911 387
3912 58
3913 635
3914 635
3915 635
3916 729
3917 635
3918 442
3919 453
3920 453
3921 250
3922 250
3923 250
3924 594
3925 594
3926 366
3927 594
3928 620
3929 777
3930 777
3931 28
3932 28
3933 237
3934 790
3935 28
3936 476
3937 476
3938 498
3939 476
3940 476
3941 640
3942 476
3943 603
3944 623
3945 381
3946 381
3947 386
3948 404
3949 424
3950 381
3951 379
3952 379
3953 531
3954 531
3955 531
3956 435
3957 696
3958 531
3959 248
3960 269
3961 243
3962 248
3963 248
3964 343
3965 343
3966 343
3967 300
3968 300
3969 437
3970 727
3971 434
3972 434
3973 437
3974 651
3975 651
3976 677
3977 344
3978 448
3979 470
3980 651
3981 677
3982 814
3983 814
3984 814
3985 561
3986 832
3987 587
3988 561
3989 561
3990 287
3991 561
3992 219
3993 219
3994 162
3995 756
3996 756
3997 756
3998 756
3999 768
4000 465
4001 343
4002 343
4003 343
4004 343
4005 4
4006 47
4007 4
4008 815
4009 815
4010 815
4011 815
4012 815
4013 513
4014 442
4015 483
4016 513
4017 638
4018 209
4019 528
4020 226
4021 513
4022 606
4023 805
4024 155
4025 155
4026 155
4027 380
4028 859
4029 859
4030 825
4031 436
4032 859
4033 436
4034 355
4035 478
4036 820
4037 478
4038 341
4039 478
4040 478
4041 840
4042 478
4043 228
4044 675
4045 675
4046 675
4047 676
4048 653
4049 653
4050 675
4051 70
4052 70
4053 70
4054 72
4055 189
4056 16
4057 72
4058 5
4059 13
4060 5
4061 19
4062 10
4063 4
4064 46
4065 46
4066 46
4067 774
4068 774
4069 774
4070 825
4071 774
4072 683
4073 521
4074 683
4075 60
4076 682
4077 667
4078 682
4079 683
4080 245
4081 245
4082 245
4083 732
4084 329
4085 728
4086 728
4087 378
4088 273
4089 273
4090 54
4091 135
4092 64
4093 54
4094 708
4095 708
4096 344
4097 344
4098 328
4099 344
4100 363
4101 722
4102 722
4103 74
4104 74
4105 74
4106 662
4107 662
4108 554
4109 554
4110 554
4111 531
4112 531
4113 531
4114 532
4115 73
4116 73
4117 387
4118 388
4119 419
4120 419
4121 341
4122 419
4123 419
4124 419
4125 557
4126 557
4127 560
4128 572
4129 386
4130 713
4131 387
4132 502
4133 813
4134 444
4135 474
4136 464
4137 474
4138 474
4139 663
4140 84
4141 69
4142 83
4143 84
4144 84
4145 91
4146 84
4147 84
4148 645
4149 645
4150 645
4151 728
4152 728
4153 445
4154 605
4155 306
4156 413
4157 264
4158 413
4159 413
4160 406
4161 345
4162 347
4163 330
4164 815
4165 345
4166 725
4167 345
4168 345
4169 363
4170 346
4171 346
4172 622
4173 630
4174 622
4175 630
4176 622
4177 622
4178 386
4179 622
4180 531
4181 483
4182 531
4183 386
4184 744
4185 137
4186 822
4187 280
4188 744
4189 745
4190 744
4191 744
4192 548
4193 548
4194 548
4195 467
4196 467
4197 548
4198 548
4199 227
4200 227
4201 346
4202 270
4203 227
4204 3
4205 3
4206 34
4207 18
4208 22
4209 3
4210 249
4211 249
4212 249
4213 329
4214 257
4215 329
4216 490
4217 257
4218 283
4219 283
4220 283
4221 290
4222 425
4223 421
4224 425
4225 425
4226 425
4227 652
4228 380
4229 652
4230 380
4231 652
4232 19
4233 19
4234 20
4235 92
4236 106
4237 106
4238 106
4239 106
4240 284
4241 284
4242 843
4243 843
4244 843
4245 333
4246 13
4247 28
4248 321
4249 321
4250 435
4251 435
4252 463
4253 707
4254 435
4255 435
4256 444
4257 434
4258 445
4259 718
4260 435
4261 445
4262 453
4263 453
4264 445
4265 453
4266 453
4267 453
4268 445
4269 463
4270 453
4271 425
4272 453
4273 343
4274 343
4275 762
4276 343
4277 343
4278 63
4279 67
4280 73
4281 65
4282 43
4283 70
4284 86
4285 179
4286 43
4287 468
4288 11
4289 10
4290 103
4291 18
4292 7
4293 98
4294 23
4295 37
4296 706
4297 713
4298 462
4299 490
4300 619
4301 470
4302 817
4303 817
4304 817
4305 817
4306 408
4307 713
4308 706
4309 433
4310 711
4311 218
4312 433
4313 713
4314 818
4315 818
4316 818
4317 422
4318 422
4319 422
4320 422
4321 219
4322 219
4323 237
4324 841
4325 841
4326 519
4327 519
4328 434
4329 736
4330 342
4331 312
4332 312
4333 312
4334 312
4335 312
4336 263
4337 263
4338 263
4339 5
4340 32
4341 5
4342 86
4343 629
4344 629
4345 629
4346 629
4347 520
4348 145
4349 629
4350 635
4351 629
4352 342
4353 342
4354 329
4355 377
4356 335
4357 365
4358 393
4359 838
4360 370
4361 437
4362 393
4363 365
4364 331
4365 331
4366 331
4367 331
4368 331
4369 184
4370 184
4371 184
4372 184
4373 488
4374 488
4375 625
4376 217
4377 348
4378 489
4379 486
4380 492
4381 488
4382 381
4383 555
4384 555
4385 555
4386 627
4387 625
4388 627
4389 627
4390 627
4391 397
4392 397
4393 557
4394 557
4395 225
4396 224
4397 225
4398 139
4399 139
4400 138
4401 831
4402 139
4403 545
4404 545
4405 550
4406 550
4407 492
4408 294
4409 762
4410 762
4411 551
4412 551
4413 112
4414 112
4415 121
4416 545
4417 112
4418 121
4419 727
4420 727
4421 727
4422 113
4423 113
4424 158
4425 113
4426 113
4427 86
4428 86
4429 139
4430 86
4431 372
4432 551
4433 551
4434 551
4435 244
4436 244
4437 244
4438 66
4439 574
4440 574
4441 480
4442 128
4443 574
4444 410
4445 410
4446 410
4447 369
4448 413
4449 517
4450 224
4451 221
4452 224
4453 224
4454 592
4455 338
4456 338
4457 478
4458 169
4459 169
4460 405
4461 405
4462 432
4463 432
4464 347
4465 432
4466 432
4467 432
4468 432
4469 432
4470 453
4471 481
4472 707
4473 726
4474 790
4475 707
4476 707
4477 706
4478 697
4479 505
4480 532
4481 505
4482 505
4483 797
4484 504
4485 494
4486 505
4487 505
4488 505
4489 532
4490 652
4491 652
4492 654
4493 654
4494 449
4495 449
4496 258
4497 359
4498 258
4499 258
4500 256
4501 258
4502 258
4503 258
4504 568
4505 359
4506 339
4507 339
4508 277
4509 86
4510 277
4511 844
4512 844
4513 844
4514 690
4515 690
4516 690
4517 692
4518 697
4519 690
4520 690
4521 370
4522 370
4523 370
4524 370
4525 38
4526 143
4527 43
4528 38
4529 233
4530 143
4531 38
4532 143
4533 718
4534 719
4535 718
4536 683
4537 833
4538 427
4539 833
4540 833
4541 707
4542 801
4543 434
4544 833
4545 14
4546 14
4547 14
4548 14
4549 54
4550 40
4551 54
4552 73
4553 100
4554 166
4555 702
4556 500
4557 713
4558 720
4559 448
4560 803
4561 702
4562 118
4563 197
4564 118
4565 118
4566 824
4567 659
4568 671
4569 463
4570 610
4571 776
4572 464
4573 130
4574 130
4575 72
4576 381
4577 132
4578 381
4579 381
4580 421
4581 381
4582 381
4583 381
4584 412
4585 370
4586 422
4587 422
4588 597
4589 597
4590 597
4591 12
4592 5
4593 12
4594 29
4595 60
4596 12
4597 12
4598 12
4599 705
4600 141
4601 28
4602 28
4603 31
4604 52
4605 94
4606 28
4607 31
4608 53
4609 28
4610 28
4611 596
4612 596
4613 596
4614 785
4615 783
4616 838
4617 785
4618 783
4619 440
4620 633
4621 641
4622 610
4623 535
4624 41
4625 41
4626 41
4627 0
4628 49
4629 626
4630 626
4631 787
4632 787
4633 787
4634 271
4635 271
4636 271
4637 387
4638 280
4639 631
4640 863
4641 863
4642 863
4643 88
4644 88
4645 93
4646 367
4647 367
4648 367
4649 423
4650 367
4651 367
4652 568
4653 568
4654 568
4655 763
4656 493
4657 691
4658 274
4659 579
4660 568
4661 697
4662 568
4663 568
4664 606
4665 606
4666 258
4667 146
4668 135
4669 142
4670 146
4671 146
4672 146
4673 239
4674 135
4675 270
4676 311
4677 247
4678 311
4679 311
4680 801
4681 801
4682 801
4683 159
4684 801
4685 83
4686 81
4687 69
4688 83
4689 461
4690 475
4691 461
4692 462
4693 461
4694 461
4695 439
4696 462
4697 461
4698 462
4699 792
4700 460
4701 792
4702 460
4703 372
4704 678
4705 335
4706 372
4707 135
4708 159
4709 333
4710 135
4711 774
4712 774
4713 297
4714 297
4715 297
4716 571
4717 571
4718 571
4719 597
4720 245
4721 605
4722 597
4723 614
4724 696
4725 696
4726 696
4727 842
4728 729
4729 605
4730 192
4731 192
4732 64
4733 174
4734 116
4735 116
4736 116
4737 791
4738 791
4739 791
4740 838
4741 838
4742 469
4743 426
4744 469
4745 469
4746 469
4747 619
4748 667
4749 732
4750 732
4751 667
4752 535
4753 667
4754 667
4755 667
4756 659
4757 659
4758 847
4759 79
4760 79
4761 768
4762 623
4763 795
4764 811
4765 811
4766 811
4767 675
4768 267
4769 267
4770 194
4771 267
4772 267
4773 116
4774 93
4775 116
4776 116
4777 149
4778 149
4779 149
4780 149
4781 154
4782 71
4783 89
4784 736
4785 627
4786 736
4787 736
4788 712
4789 682
4790 629
4791 629
4792 629
4793 631
4794 629
4795 629
4796 629
4797 333
4798 333
4799 333
4800 334
4801 333
4802 40
4803 18
4804 19
4805 18
4806 581
4807 581
4808 581
4809 626
4810 625
4811 625
4812 378
4813 378
4814 82
4815 67
4816 82
4817 810
4818 810
4819 810
4820 70
4821 137
4822 70
4823 138
4824 70
4825 407
4826 407
4827 407
4828 556
4829 556
4830 564
4831 556
4832 557
4833 556
4834 778
4835 778
4836 764
4837 778
4838 818
4839 778
4840 330
4841 335
4842 329
4843 168
4844 168
4845 168
4846 163
4847 168
4848 168
4849 407
4850 407
4851 407
4852 407
4853 417
4854 407
4855 325
4856 506
4857 506
4858 506
4859 66
4860 611
4861 611
4862 342
4863 143
4864 347
4865 143
4866 342
4867 342
4868 130
4869 130
4870 130
4871 788
4872 788
4873 804
4874 804
4875 804
4876 629
4877 631
4878 629
4879 629
4880 534
4881 629
4882 804
4883 804
4884 168
4885 168
4886 168
4887 196
4888 196
4889 196
4890 196
4891 196
4892 330
4893 336
4894 328
4895 338
4896 330
4897 329
4898 357
4899 328
4900 549
4901 541
4902 549
4903 554
4904 419
4905 549
4906 157
4907 157
4908 157
4909 649
4910 648
4911 671
4912 648
4913 498
4914 498
4915 510
4916 510
4917 147
4918 161
4919 156
4920 147
4921 142
4922 147
4923 462
4924 466
4925 170
4926 462
4927 472
4928 462
4929 656
4930 459
4931 468
4932 436
4933 465
4934 466
4935 623
4936 313
4937 247
4938 324
4939 247
4940 247
4941 486
4942 486
4943 486
4944 503
4945 492
4946 486
4947 486
4948 486
4949 486
4950 486
4951 814
4952 814
4953 391
4954 219
4955 391
4956 391
4957 219
4958 329
4959 401
4960 329
4961 359
4962 837
4963 837
4964 837
4965 837
4966 837
4967 506
4968 506
4969 506
4970 742
4971 742
4972 742
4973 641
4974 641
4975 641
4976 547
4977 547
4978 810
4979 810
4980 810
4981 191
4982 191
4983 191
4984 154
4985 705
4986 383
4987 713
4988 387
4989 383
4990 11
4991 11
4992 11
4993 822
4994 393
4995 394
4996 393
4997 393
4998 393
4999 135
5000 408
5001 153
5002 135
5003 171
5004 171
5005 171
5006 233
5007 233
5008 233
5009 326
5010 336
5011 468
5012 629
5013 468
5014 468
5015 486
5016 486
5017 461
5018 459
5019 486
5020 498
5021 472
5022 453
5023 750
5024 434
5025 750
5026 750
5027 760
5028 760
5029 768
5030 760
5031 222
5032 464
5033 459
5034 472
5035 472
5036 536
5037 725
5038 464
5039 783
5040 797
5041 709
5042 416
5043 709
5044 148
5045 148
5046 148
5047 138
5048 53
5049 94
5050 555
5051 555
5052 555
5053 555
5054 555
5055 696
5056 723
5057 679
5058 696
5059 516
5060 516
5061 324
5062 385
5063 324
5064 324
5065 721
5066 721
5067 721
5068 721
5069 721
5070 721
5071 721
5072 770
5073 770
5074 770
5075 828
5076 771
5077 770
5078 573
5079 573
5080 573
5081 573
5082 649
5083 649
5084 649
5085 649
5086 649
5087 48
5088 81
5089 85
5090 48
5091 437
5092 382
5093 761
5094 382
5095 651
5096 460
5097 453
5098 761
5099 382
5100 322
5101 347
5102 347
5103 617
5104 347
5105 347
5106 757
5107 757
5108 757
5109 768
5110 757
5111 757
5112 762
5113 762
5114 659
5115 704
5116 671
5117 495
5118 322
5119 495
5120 710
5121 495
5122 667
5123 759
5124 759
5125 389
5126 389
5127 389
5128 554
5129 389
5130 389
5131 391
5132 605
5133 471
5134 605
5135 601
5136 474
5137 598
5138 302
5139 302
5140 419
5141 1
5142 36
5143 8
5144 12
5145 8
5146 34
5147 30
5148 36
5149 149
5150 149
5151 155
5152 149
5153 342
5154 342
5155 326
5156 342
5157 60
5158 271
5159 386
5160 418
5161 418
5162 442
5163 298
5164 442
5165 365
5166 56
5167 192
5168 56
5169 159
5170 659
5171 775
5172 262
5173 775
5174 775
5175 693
5176 775
5177 775
5178 7
5179 95
5180 7
5181 7
5182 280
5183 280
5184 279
5185 280
5186 39
5187 8
5188 8
5189 28
5190 39
5191 53
5192 8
5193 284
5194 284
5195 284
5196 286
5197 284
5198 150
5199 150
5200 150
5201 150
5202 151
5203 82
5204 83
5205 84
5206 82
5207 82
5208 793
5209 270
5210 834
5211 834
5212 772
5213 834
5214 196
5215 196
5216 196
5217 523
5218 523
5219 713
5220 784
5221 520
5222 520
5223 713
5224 520
5225 541
5226 639
5227 777
5228 777
5229 777
5230 545
5231 545
5232 744
5233 744
5234 744
5235 744
5236 743
5237 744
5238 770
5239 770
5240 770
5241 773
5242 770
5243 404
5244 298
5245 404
5246 404
5247 654
5248 654
5249 654
5250 654
5251 658
5252 658
5253 20
5254 20
5255 650
5256 657
5257 654
5258 433
5259 445
5260 452
5261 435
5262 435
5263 454
5264 454
5265 249
5266 216
5267 651
5268 671
5269 654
5270 658
5271 228
5272 228
5273 235
5274 243
5275 243
5276 176
5277 554
5278 555
5279 554
5280 543
5281 753
5282 727
5283 753
5284 753
5285 753
5286 846
5287 846
5288 846
5289 846
5290 846
5291 574
5292 575
5293 574
5294 574
5295 574
5296 574
5297 574
5298 575
5299 299
5300 299
5301 299
5302 757
5303 842
5304 757
5305 504
5306 504
5307 491
5308 514
5309 491
5310 504
5311 504
5312 351
5313 351
5314 351
5315 351
5316 416
5317 59
5318 59
5319 729
5320 729
5321 148
5322 729
5323 258
5324 258
5325 251
5326 373
5327 373
5328 373
5329 445
5330 665
5331 445
5332 671
5333 471
5334 56
5335 60
5336 5
5337 724
5338 724
5339 724
5340 724
5341 463
5342 539
5343 578
5344 471
5345 479
5346 465
5347 28
5348 129
5349 152
5350 129
5351 848
5352 848
5353 856
5354 848
5355 433
5356 755
5357 652
5358 811
5359 534
5360 440
5361 826
5362 585
5363 534
5364 534
5365 534
5366 534
5367 535
5368 535
5369 304
5370 304
5371 304
5372 304
5373 304
5374 304
5375 460
5376 460
5377 592
5378 466
5379 460
5380 437
5381 110
5382 472
5383 460
5384 460
5385 472
5386 518
5387 518
5388 496
5389 474
5390 518
5391 27
5392 152
5393 384
5394 27
5395 27
5396 454
5397 245
5398 245
5399 517
5400 245
5401 245
5402 287
5403 496
5404 521
5405 496
5406 454
5407 382
5408 382
5409 546
5410 546
5411 546
5412 546
5413 142
5414 142
5415 144
5416 449
5417 449
5418 162
5419 162
5420 164
5421 800
5422 800
5423 57
5424 65
5425 94
5426 454
5427 174
5428 32
5429 5
5430 33
5431 142
5432 459
5433 498
5434 782
5435 53
5436 173
5437 609
5438 609
5439 609
5440 609
5441 609
5442 641
5443 641
5444 716
5445 641
5446 115
5447 115
5448 115
5449 378
5450 378
5451 810
5452 64
5453 278
5454 278
5455 59
5456 278
5457 278
5458 733
5459 733
5460 733
5461 733
5462 734
5463 217
5464 216
5465 217
5466 836
5467 216
5468 705
5469 705
5470 546
5471 546
5472 465
5473 352
5474 363
5475 352
5476 352
5477 52
5478 205
5479 34
5480 442
5481 464
5482 522
5483 854
5484 464
5485 442
5486 811
5487 742
5488 811
5489 811
5490 9
5491 9
5492 153
5493 244
5494 648
5495 523
5496 474
5497 812
5498 812
5499 495
5500 812
5501 486
5502 145
5503 373
5504 498
5505 486
5506 486
5507 486
5508 374
5509 848
5510 848
5511 221
5512 848
5513 608
5514 545
5515 759
5516 758
5517 739
5518 739
5519 740
5520 739
5521 369
5522 369
5523 783
5524 804
5525 507
5526 109
5527 249
5528 376
5529 677
5530 720
5531 680
5532 619
5533 619
5534 619
5535 577
5536 177
5537 831
5538 716
5539 726
5540 726
5541 726
5542 516
5543 793
5544 517
5545 756
5546 756
5547 756
5548 756
5549 247
5550 247
5551 247
5552 247
5553 236
5554 236
5555 236
5556 496
5557 618
5558 492
5559 496
5560 527
5561 122
5562 546
5563 546
5564 172
5565 36
5566 172
5567 64
5568 139
5569 139
5570 172
5571 139
5572 139
5573 410
5574 410
5575 657
5576 658
5577 657
5578 657
5579 439
5580 611
5581 507
5582 502
5583 479
5584 210
5585 192
5586 210
5587 210
5588 62
5589 210
5590 85
5591 85
5592 85
5593 87
5594 151
5595 5
5596 107
5597 85
5598 130
5599 130
5600 324
5601 324
5602 334
5603 282
5604 336
5605 324
5606 324
5607 56
5608 324
5609 109
5610 119
5611 119
5612 117
5613 117
5614 117
5615 117
5616 692
5617 433
5618 360
5619 111
5620 111
5621 816
5622 816
5623 756
5624 798
5625 756
5626 756
5627 409
5628 756
5629 101
5630 101
5631 101
5632 101
5633 812
5634 812
5635 812
5636 657
5637 657
5638 669
5639 658
5640 632
5641 658
5642 344
5643 344
5644 344
5645 31
5646 245
5647 187
5648 640
5649 273
5650 640
5651 640
5652 334
5653 416
5654 365
5655 353
5656 334
5657 353
5658 353
5659 741
5660 741
5661 741
5662 741
5663 392
5664 407
5665 407
5666 89
5667 89
5668 527
5669 527
5670 225
5671 257
5672 168
5673 257
5674 250
5675 250
5676 615
5677 250
5678 250
5679 297
5680 300
5681 297
5682 297
5683 297
5684 629
5685 529
5686 171
5687 171
5688 68
5689 72
5690 175
5691 171
5692 171
5693 171
5694 36
5695 38
5696 36
5697 36
5698 36
5699 36
5700 36
5701 518
5702 518
5703 518
5704 518
5705 110
5706 110
5707 110
5708 506
5709 492
5710 805
5711 506
5712 479
5713 515
5714 506
5715 797
5716 90
5717 90
5718 118
5719 118
5720 118
5721 118
5722 118
5723 421
5724 421
5725 843
5726 843
5727 631
5728 811
5729 135
5730 136
5731 135
5732 135
5733 136
5734 135
5735 136
5736 393
5737 393
5738 393
5739 393
5740 767
5741 767
5742 34
5743 34
5744 34
5745 34
5746 142
5747 35
5748 34
5749 34
5750 813
5751 813
5752 276
5753 364
5754 299
5755 364
5756 367
5757 364
5758 840
5759 840
5760 840
5761 840
5762 180
5763 182
5764 180
5765 180
5766 180
5767 180
5768 276
5769 276
5770 276
5771 276
5772 276
5773 276
5774 541
5775 541
5776 36
5777 7
5778 76
5779 36
5780 9
5781 256
5782 256
5783 256
5784 256
5785 259
5786 256
5787 256
5788 481
5789 481
5790 79
5791 396
5792 463
5793 433
5794 408
5795 439
5796 439
5797 379
5798 155
5799 90
5800 155
5801 8
5802 7
5803 7
5804 7
5805 10
5806 23
5807 70
5808 432
5809 474
5810 440
5811 454
5812 743
5813 66
5814 743
5815 454
5816 185
5817 601
5818 356
5819 273
5820 273
5821 248
5822 248
5823 248
5824 249
5825 354
5826 284
5827 324
5828 295
5829 228
5830 228
5831 228
5832 599
5833 228
5834 557
5835 859
5836 557
5837 149
5838 397
5839 151
5840 149
5841 149
5842 203
5843 203
5844 203
5845 168
5846 168
5847 97
5848 19
5849 19
5850 98
5851 225
5852 221
5853 515
5854 651
5855 440
5856 515
5857 515
5858 440
5859 515
5860 537
5861 440
5862 651
5863 400
5864 400
5865 400
5866 400
5867 728
5868 851
5869 728
5870 728
5871 401
5872 401
5873 401
5874 738
5875 738
5876 738
5877 676
5878 738
5879 803
5880 676
5881 738
5882 495
5883 56
5884 391
5885 55
5886 290
5887 290
5888 290
5889 773
5890 773
5891 773
5892 773
5893 773
5894 785
5895 686
5896 686
5897 703
5898 703
5899 518
5900 518
5901 635
5902 635
5903 635
5904 454
5905 432
5906 100
5907 100
5908 100
5909 100
5910 613
5911 613
5912 613
5913 599
5914 613
5915 32
5916 395
5917 31
5918 53
5919 32
5920 53
5921 481
5922 459
5923 481
5924 383
5925 383
5926 265
5927 264
5928 265
5929 265
5930 265
5931 265
5932 61
5933 61
5934 61
5935 413
5936 413
5937 413
5938 413
5939 478
5940 87
5941 87
5942 105
5943 356
5944 329
5945 356
5946 356
5947 376
5948 448
5949 329
5950 800
5951 800
5952 721
5953 800
5954 383
5955 383
5956 191
5957 191
5958 57
5959 191
5960 575
5961 575
5962 340
5963 341
5964 340
5965 662
5966 663
5967 662
5968 662
5969 668
5970 703
5971 681
5972 705
5973 668
5974 811
5975 339
5976 144
5977 10
5978 144
5979 148
5980 180
5981 180
5982 69
5983 165
5984 165
5985 165
5986 223
5987 223
5988 223
5989 223
5990 225
5991 223
5992 223
5993 228
5994 225
5995 223
5996 617
5997 600
5998 617
5999 491
6000 579
6001 521
6002 418
6003 659
6004 491
6005 521
6006 263
6007 263
6008 269
6009 263
6010 503
6011 503
6012 503
6013 684
6014 689
6015 689
6016 689
6017 649
6018 322
6019 347
6020 322
6021 660
6022 338
6023 347
6024 361
6025 361
6026 361
6027 519
6028 519
6029 816
6030 816
6031 816
6032 816
6033 816
6034 154
6035 256
6036 154
6037 154
6038 154
6039 483
6040 572
6041 442
6042 572
6043 259
6044 259
6045 317
6046 259
6047 56
6048 74
6049 130
6050 157
6051 56
6052 56
6053 78
6054 290
6055 294
6056 290
6057 290
6058 387
6059 76
6060 132
6061 41
6062 41
6063 41
6064 14
6065 648
6066 666
6067 671
6068 691
6069 397
6070 397
6071 726
6072 258
6073 338
6074 110
6075 571
6076 248
6077 680
6078 243
6079 295
6080 248
6081 248
6082 119
6083 246
6084 726
6085 248
6086 608
6087 642
6088 608
6089 513
6090 513
6091 608
6092 680
6093 658
6094 151
6095 43
6096 43
6097 43
6098 7
6099 135
6100 7
6101 7
6102 140
6103 36
6104 0
6105 36
6106 166
6107 392
6108 392
6109 482
6110 432
6111 465
6112 482
6113 432
6114 471
6115 2
6116 23
6117 44
6118 10
6119 23
6120 532
6121 119
6122 532
6123 166
6124 259
6125 166
6126 166
6127 166
6128 0
6129 0
6130 23
6131 0
6132 13
6133 1
6134 0
6135 491
6136 491
6137 496
6138 498
6139 491
6140 208
6141 208
6142 44
6143 5
6144 44
6145 44
6146 44
6147 252
6148 252
6149 558
6150 203
6151 203
6152 203
6153 141
6154 18
6155 136
6156 141
6157 141
6158 741
6159 741
6160 717
6161 796
6162 796
6163 329
6164 343
6165 330
6166 336
6167 434
6168 445
6169 454
6170 434
6171 666
6172 434
6173 454
6174 454
6175 255
6176 256
6177 293
6178 255
6179 255
6180 255
6181 5
6182 17
6183 81
6184 12
6185 515
6186 515
6187 515
6188 515
6189 515
6190 475
6191 475
6192 635
6193 468
6194 469
6195 826
6196 826
6197 826
6198 89
6199 89
6200 55
6201 203
6202 203
6203 789
6204 789
6205 789
6206 789
6207 789
6208 652
6209 671
6210 671
6211 818
6212 818
6213 818
6214 818
6215 19
6216 19
6217 490
6218 490
6219 490
6220 433
6221 445
6222 37
6223 541
6224 438
6225 191
6226 191
6227 329
6228 336
6229 328
6230 338
6231 116
6232 116
6233 326
6234 350
6235 326
6236 326
6237 344
6238 352
6239 59
6240 352
6241 4
6242 21
6243 96
6244 777
6245 203
6246 159
6247 777
6248 777
6249 653
6250 827
6251 671
6252 671
6253 653
6254 653
6255 754
6256 754
6257 669
6258 754
6259 681
6260 393
6261 396
6262 160
6263 393
6264 393
6265 480
6266 719
6267 719
6268 719
6269 719
6270 722
6271 722
6272 193
6273 193
6274 143
6275 709
6276 143
6277 584
6278 477
6279 584
6280 584
6281 116
6282 761
6283 450
6284 450
6285 450
6286 450
6287 110
6288 110
6289 114
6290 114
6291 114
6292 839
6293 839
6294 772
6295 839
6296 839
6297 412
6298 412
6299 196
6300 196
6301 291
6302 291
6303 87
6304 169
6305 169
6306 169
6307 575
6308 575
6309 825
6310 537
6311 851
6312 851
6313 851
6314 851
6315 851
6316 851
6317 851
6318 851
6319 609
6320 609
6321 609
6322 609
6323 610
6324 609
6325 225
6326 225
6327 225
6328 225
6329 761
6330 797
6331 789
6332 713
6333 789
6334 789
6335 789
6336 412
6337 327
6338 585
6339 585
6340 585
6341 636
6342 636
6343 636
6344 636
6345 221
6346 221
6347 221
6348 328
6349 328
6350 336
6351 336
6352 328
6353 448
6354 448
6355 448
6356 532
6357 532
6358 705
6359 532
6360 763
6361 763
6362 623
6363 763
6364 764
6365 763
6366 638
6367 529
6368 529
6369 529
6370 529
6371 529
6372 256
6373 665
6374 665
6375 665
6376 658
6377 665
6378 581
6379 581
6380 581
6381 584
6382 581
6383 124
6384 62
6385 394
6386 394
6387 394
6388 639
6389 58
6390 65
6391 58
6392 810
6393 831
6394 810
6395 810
6396 831
6397 125
6398 125
6399 128
6400 125
6401 125
6402 475
6403 722
6404 475
6405 502
6406 469
6407 83
6408 83
6409 49
6410 516
6411 322
6412 285
6413 541
6414 541
6415 541
6416 549
6417 542
6418 540
6419 541
6420 541
6421 190
6422 311
6423 190
6424 190
6425 190
6426 851
6427 852
6428 851
6429 851
6430 748
6431 748
6432 723
6433 533
6434 744
6435 360
6436 360
6437 360
6438 757
6439 757
6440 124
6441 124
6442 508
6443 124
6444 307
6445 307
6446 307
6447 534
6448 534
6449 534
6450 534
6451 534
6452 412
6453 412
6454 755
6455 856
6456 755
6457 51
6458 6
6459 51
6460 51
6461 6
6462 502
6463 813
6464 194
6465 502
6466 765
6467 502
6468 502
6469 298
6470 298
6471 615
6472 615
6473 615
6474 617
6475 615
6476 582
6477 582
6478 582
6479 572
6480 427
6481 582
6482 582
6483 636
6484 636
6485 636
6486 418
6487 98
6488 98
6489 98
6490 21
6491 29
6492 21
6493 21
6494 21
6495 29
6496 774
6497 774
6498 774
6499 731
6500 731
6501 732
6502 794
6503 730
6504 735
6505 708
6506 794
6507 33
6508 37
6509 330
6510 330
6511 830
6512 830
6513 830
6514 68
6515 89
6516 74
6517 137
6518 110
6519 344
6520 69
6521 68
6522 84
6523 68
6524 68
6525 68
6526 68
6527 758
6528 758
6529 756
6530 766
6531 449
6532 758
6533 616
6534 616
6535 616
6536 203
6537 203
6538 653
6539 725
6540 433
6541 660
6542 542
6543 542
6544 329
6545 336
6546 60
6547 4
6548 16
6549 16
6550 16
6551 164
6552 16
6553 16
6554 423
6555 423
6556 423
6557 423
6558 246
6559 246
6560 125
6561 125
6562 125
6563 125
6564 125
6565 127
6566 125
6567 125
6568 483
6569 125
6570 125
6571 92
6572 92
6573 92
6574 23
6575 92
6576 92
6577 155
6578 422
6579 155
6580 153
6581 155
6582 144
6583 362
6584 362
6585 362
6586 362
6587 362
6588 765
6589 777
6590 721
6591 721
6592 721
6593 257
6594 257
6595 257
6596 395
6597 395
6598 395
6599 395
6600 395
6601 141
6602 141
6603 253
6604 86
6605 23
6606 93
6607 11
6608 126
6609 126
6610 263
6611 126
6612 140
6613 126
6614 1
6615 23
6616 23
6617 23
6618 0
6619 678
6620 678
6621 793
6622 793
6623 793
6624 336
6625 501
6626 546
6627 558
6628 544
6629 546
6630 563
6631 563
6632 563
6633 426
6634 426
6635 426
6636 426
6637 297
6638 297
6639 297
6640 567
6641 297
6642 159
6643 151
6644 340
6645 66
6646 151
6647 151
6648 547
6649 547
6650 358
6651 130
6652 130
6653 704
6654 333
6655 444
6656 342
6657 342
6658 333
6659 380
6660 333
6661 333
6662 758
6663 757
6664 768
6665 759
6666 165
6667 416
6668 416
6669 408
6670 417
6671 416
6672 784
6673 784
6674 786
6675 784
6676 289
6677 289
6678 289
6679 454
6680 157
6681 157
6682 189
6683 137
6684 784
6685 784
6686 828
6687 812
6688 784
6689 102
6690 102
6691 151
6692 102
6693 561
6694 561
6695 561
6696 561
6697 126
6698 126
6699 126
6700 711
6701 718
6702 448
6703 459
6704 421
6705 421
6706 259
6707 259
6708 259
6709 259
6710 478
6711 478
6712 478
6713 525
6714 533
6715 216
6716 253
6717 331
6718 675
6719 18
6720 18
6721 837
6722 702
6723 420
6724 142
6725 142
6726 142
6727 142
6728 145
6729 142
6730 245
6731 245
6732 534
6733 57
6734 96
6735 143
6736 66
6737 68
6738 57
6739 748
6740 162
6741 165
6742 162
6743 162
6744 367
6745 367
6746 367
6747 367
6748 767
6749 767
6750 127
6751 127
6752 56
6753 90
6754 72
6755 90
6756 16
6757 75
6758 16
6759 156
6760 16
6761 147
6762 345
6763 145
6764 791
6765 791
6766 791
6767 791
6768 791
6769 791
6770 551
6771 551
6772 615
6773 615
6774 615
6775 617
6776 615
6777 301
6778 301
6779 301
6780 182
6781 301
6782 301
6783 227
6784 227
6785 227
6786 227
6787 227
6788 692
6789 692
6790 302
6791 692
6792 692
6793 692
6794 692
6795 658
6796 658
6797 503
6798 671
6799 663
6800 658
6801 671
6802 91
6803 92
6804 90
6805 3
6806 91
6807 171
6808 96
6809 63
6810 268
6811 250
6812 250
6813 250
6814 400
6815 168
6816 400
6817 400
6818 581
6819 581
6820 130
6821 130
6822 130
6823 454
6824 643
6825 600
6826 139
6827 139
6828 642
6829 642
6830 643
6831 642
6832 642
6833 642
6834 851
6835 851
6836 851
6837 851
6838 851
6839 851
6840 851
6841 329
6842 69
6843 751
6844 751
6845 708
6846 751
6847 440
6848 399
6849 399
6850 387
6851 434
6852 339
6853 623
6854 623
6855 623
6856 157
6857 199
6858 293
6859 540
6860 540
6861 540
6862 330
6863 774
6864 774
6865 293
6866 293
6867 496
6868 510
6869 487
6870 539
6871 487
6872 671
6873 475
6874 476
6875 475
6876 475
6877 475
6878 723
6879 622
6880 622
6881 622
6882 610
6883 610
6884 611
6885 611
6886 611
6887 611
6888 747
6889 747
6890 747
6891 747
6892 747
6893 39
6894 39
6895 39
6896 639
6897 639
6898 639
6899 597
6900 597
6901 706
6902 594
6903 597
6904 597
6905 433
6906 452
6907 822
6908 433
6909 483
6910 433
6911 271
6912 271
6913 271
6914 57
6915 57
6916 1
6917 10
6918 23
6919 36
6920 1
6921 9
6922 64
6923 2
6924 265
6925 8
6926 689
6927 689
6928 689
6929 689
6930 689
6931 689
6932 692
6933 32
6934 32
6935 32
6936 32
6937 59
6938 333
6939 633
6940 633
6941 554
6942 554
6943 554
6944 86
6945 142
6946 86
6947 142
6948 737
6949 737
6950 737
6951 737
6952 434
6953 436
6954 439
6955 438
6956 434
6957 434
6958 435
6959 436
6960 169
6961 454
6962 446
6963 96
6964 215
6965 96
6966 215
6967 680
6968 680
6969 625
6970 625
6971 625
6972 746
6973 746
6974 97
6975 215
6976 215
6977 97
6978 720
6979 720
6980 741
6981 303
6982 303
6983 149
6984 94
6985 88
6986 61
6987 380
6988 348
6989 193
6990 828
6991 828
6992 660
6993 660
6994 492
6995 820
6996 820
6997 476
6998 227
6999 405
7000 297
7001 519
7002 696
7003 519
7004 628
7005 811
7006 811
7007 489
7008 495
7009 490
7010 821
7011 821
7012 834
7013 821
7014 653
7015 802
7016 821
7017 852
7018 852
7019 852
7020 196
7021 196
7022 196
7023 196
7024 196
7025 384
7026 155
7027 203
7028 155
7029 155
7030 300
7031 300
7032 300
7033 821
7034 821
7035 821
7036 558
7037 776
7038 776
7039 776
7040 772
7041 776
7042 454
7043 380
7044 380
7045 380
7046 90
7047 91
7048 90
7049 90
7050 39
7051 39
7052 33
7053 19
7054 369
7055 369
7056 369
7057 369
7058 369
7059 87
7060 107
7061 87
7062 87
7063 90
7064 140
7065 145
7066 68
7067 140
7068 140
7069 142
7070 425
7071 425
7072 425
7073 827
7074 827
7075 367
7076 120
7077 521
7078 367
7079 46
7080 46
7081 69
7082 46
7083 413
7084 413
7085 96
7086 413
7087 631
7088 800
7089 631
7090 631
7091 98
7092 101
7093 98
7094 98
7095 98
7096 659
7097 659
7098 671
7099 671
7100 655
7101 659
7102 822
7103 122
7104 379
7105 149
7106 149
7107 464
7108 464
7109 731
7110 483
7111 347
7112 438
7113 356
7114 187
7115 626
7116 626
7117 616
7118 701
7119 709
7120 701
7121 220
7122 220
7123 220
7124 559
7125 858
7126 727
7127 559
7128 559
7129 502
7130 490
7131 502
7132 345
7133 502
7134 490
7135 502
7136 506
7137 502
7138 539
7139 713
7140 503
7141 503
7142 244
7143 172
7144 172
7145 172
7146 172
7147 451
7148 451
7149 451
7150 687
7151 687
7152 465
7153 615
7154 465
7155 474
7156 474
7157 495
7158 474
7159 676
7160 676
7161 676
7162 278
7163 278
7164 280
7165 629
7166 629
7167 629
7168 8
7169 184
7170 184
7171 184
7172 806
7173 806
7174 495
7175 414
7176 510
7177 69
7178 69
7179 69
7180 69
7181 16
7182 16
7183 94
7184 16
7185 622
7186 622
7187 622
7188 622
7189 622
7190 581
7191 622
7192 622
7193 622
7194 623
7195 559
7196 559
7197 559
7198 559
7199 149
7200 335
7201 149
7202 149
7203 56
7204 56
7205 60
7206 103
7207 103
7208 103
7209 3
7210 348
7211 348
7212 348
7213 348
7214 348
7215 348
7216 358
7217 368
7218 368
7219 798
7220 798
7221 135
7222 169
7223 61
7224 5
7225 140
7226 196
7227 598
7228 598
7229 598
7230 598
7231 18
7232 23
7233 201
7234 802
7235 18
7236 327
7237 109
7238 109
7239 121
7240 109
7241 179
7242 179
7243 179
7244 179
7245 183
7246 179
7247 86
7248 8
7249 8
7250 92
7251 453
7252 453
7253 357
7254 357
7255 355
7256 515
7257 394
7258 836
7259 836
7260 237
7261 237
7262 237
7263 239
7264 716
7265 138
7266 8
7267 23
7268 23
7269 8
7270 8
7271 10
7272 8
7273 734
7274 734
7275 734
7276 360
7277 374
7278 374
7279 652
7280 668
7281 652
7282 256
7283 709
7284 668
7285 473
7286 438
7287 473
7288 476
7289 474
7290 242
7291 438
7292 473
7293 473
7294 698
7295 698
7296 698
7297 752
7298 66
7299 231
7300 596
7301 632
7302 632
7303 632
7304 655
7305 655
7306 655
7307 671
7308 671
7309 648
7310 657
7311 671
7312 648
7313 657
7314 655
7315 648
7316 655
7317 655
7318 684
7319 819
7320 819
7321 682
7322 819
7323 819
7324 819
7325 819
7326 819
7327 819
7328 819
7329 819
7330 171
7331 171
7332 171
7333 144
7334 171
7335 804
7336 619
7337 804
7338 764
7339 764
7340 764
7341 764
7342 663
7343 413
7344 413
7345 413
7346 681
7347 413
7348 413
7349 413
7350 409
7351 413
7352 413
7353 413
7354 434
7355 765
7356 345
7357 345
7358 362
7359 345
7360 448
7361 449
7362 448
7363 400
7364 400
7365 400
7366 546
7367 546
7368 655
7369 655
7370 655
7371 659
7372 656
7373 395
7374 172
7375 172
7376 172
7377 811
7378 811
7379 810
7380 297
7381 297
7382 297
7383 297
7384 297
7385 231
7386 537
7387 150
7388 464
7389 464
7390 464
7391 417
7392 417
7393 340
7394 417
7395 417
7396 434
7397 493
7398 454
7399 713
7400 454
7401 747
7402 493
7403 746
7404 150
7405 434
7406 708
7407 454
7408 454
7409 723
7410 723
7411 723
7412 694
7413 639
7414 694
7415 473
7416 694
7417 694
7418 51
7419 51
7420 437
7421 454
7422 491
7423 491
7424 770
7425 770
7426 775
7427 779
7428 770
7429 588
7430 588
7431 700
7432 700
7433 443
7434 23
7435 11
7436 447
7437 18
7438 18
7439 668
7440 19
7441 18
7442 541
7443 379
7444 379
7445 379
7446 378
7447 404
7448 379
7449 379
7450 379
7451 693
7452 746
7453 476
7454 693
7455 693
7456 436
7457 837
7458 837
7459 837
7460 837
7461 837
7462 837
7463 837
7464 28
7465 28
7466 28
7467 17
7468 103
7469 28
7470 632
7471 632
7472 632
7473 632
7474 494
7475 494
7476 721
7477 510
7478 494
7479 354
7480 364
7481 354
7482 76
7483 354
7484 196
7485 196
7486 31
7487 818
7488 785
7489 785
7490 263
7491 785
7492 785
7493 785
7494 785
7495 170
7496 170
7497 170
7498 170
7499 170
7500 170
7501 162
7502 150
7503 150
7504 150
7505 83
7506 150
7507 9
7508 150
7509 150
7510 86
7511 150
7512 150
7513 292
7514 292
7515 292
7516 494
7517 436
7518 494
7519 491
7520 338
7521 494
7522 515
7523 500
7524 544
7525 460
7526 501
7527 318
7528 261
7529 318
7530 117
7531 117
7532 117
7533 117
7534 117
7535 465
7536 465
7537 461
7538 465
7539 178
7540 157
7541 178
7542 178
7543 22
7544 178
7545 178
7546 377
7547 187
7548 377
7549 377
7550 377
7551 370
7552 370
7553 189
7554 189
7555 189
7556 597
7557 597
7558 495
7559 665
7560 340
7561 65
7562 146
7563 65
7564 711
7565 711
7566 78
7567 78
7568 78
7569 78
7570 78
7571 454
7572 806
7573 646
7574 646
7575 523
7576 646
7577 8
7578 441
7579 709
7580 726
7581 709
7582 295
7583 295
7584 295
7585 295
7586 295
7587 723
7588 703
7589 703
7590 821
7591 821
7592 821
7593 139
7594 745
7595 821
7596 602
7597 821
7598 821
7599 821
7600 821
7601 821
7602 822
7603 822
7604 822
7605 805
7606 805
7607 805
7608 48
7609 48
7610 48
7611 48
7612 48
7613 238
7614 238
7615 238
7616 238
7617 135
7618 136
7619 135
7620 158
7621 158
7622 62
7623 135
7624 62
7625 159
7626 727
7627 727
7628 394
7629 414
7630 245
7631 245
7632 245
7633 363
7634 155
7635 409
7636 155
7637 382
7638 600
7639 600
7640 600
7641 600
7642 156
7643 156
7644 156
7645 156
7646 335
7647 427
7648 350
7649 43
7650 49
7651 43
7652 45
7653 43
7654 44
7655 9
7656 11
7657 19
7658 28
7659 11
7660 28
7661 11
7662 54
7663 54
7664 167
7665 54
7666 244
7667 244
7668 54
7669 244
7670 690
7671 737
7672 685
7673 273
7674 273
7675 273
7676 223
7677 244
7678 244
7679 244
7680 247
7681 247
7682 488
7683 510
7684 517
7685 492
7686 544
7687 524
7688 272
7689 498
7690 517
7691 683
7692 638
7693 638
7694 68
7695 654
7696 671
7697 654
7698 738
7699 738
7700 738
7701 256
7702 748
7703 748
7704 748
7705 750
7706 502
7707 732
7708 502
7709 20
7710 324
7711 48
7712 20
7713 37
7714 20
7715 179
7716 858
7717 858
7718 858
7719 858
7720 5
7721 312
7722 312
7723 312
7724 312
7725 313
7726 723
7727 723
7728 725
7729 725
7730 725
7731 415
7732 745
7733 725
7734 704
7735 725
7736 636
7737 636
7738 636
7739 636
7740 90
7741 67
7742 228
7743 158
7744 158
7745 158
7746 81
7747 158
7748 107
7749 81
7750 107
7751 107
7752 732
7753 747
7754 362
7755 362
7756 362
7757 61
7758 59
7759 79
7760 465
7761 466
7762 465
7763 178
7764 465
7765 466
7766 465
7767 231
7768 75
7769 75
7770 75
7771 75
7772 179
7773 75
7774 75
7775 450
7776 495
7777 818
7778 97
7779 97
7780 97
7781 559
7782 723
7783 797
7784 559
7785 522
7786 522
7787 492
7788 241
7789 522
7790 492
7791 556
7792 471
7793 522
7794 459
7795 351
7796 829
7797 340
7798 368
7799 340
7800 500
7801 448
7802 708
7803 475
7804 448
7805 495
7806 470
7807 495
7808 598
7809 603
7810 448
7811 726
7812 675
7813 675
7814 675
7815 675
7816 675
7817 440
7818 149
7819 689
7820 689
7821 381
7822 381
7823 720
7824 386
7825 717
7826 720
7827 130
7828 130
7829 130
7830 543
7831 141
7832 130
7833 130
7834 13
7835 63
7836 63
7837 91
7838 17
7839 63
7840 513
7841 513
7842 513
7843 525
7844 513
7845 513
7846 513
7847 386
7848 385
7849 475
7850 386
7851 386
7852 385
7853 572
7854 572
7855 447
7856 447
7857 819
7858 474
7859 474
7860 474
7861 617
7862 124
7863 410
7864 410
7865 410
7866 410
7867 273
7868 591
7869 591
7870 591
7871 591
7872 75
7873 75
7874 75
7875 105
7876 610
7877 610
7878 610
7879 619
7880 312
7881 312
7882 4
7883 23
7884 8
7885 69
7886 650
7887 650
7888 650
7889 650
7890 650
7891 1
7892 1
7893 1
7894 470
7895 470
7896 470
7897 141
7898 69
7899 141
7900 98
7901 507
7902 491
7903 507
7904 507
7905 713
7906 667
7907 535
7908 491
7909 507
7910 507
7911 507
7912 274
7913 507
7914 509
7915 509
7916 524
7917 507
7918 8
7919 116
7920 23
7921 397
7922 543
7923 543
7924 551
7925 507
7926 551
7927 543
7928 588
7929 588
7930 588
7931 555
7932 555
7933 555
7934 269
7935 756
7936 434
7937 540
7938 440
7939 157
7940 439
7941 329
7942 245
7943 328
7944 684
7945 684
7946 684
7947 684
7948 774
7949 684
7950 649
7951 649
7952 649
7953 678
7954 649
7955 262
7956 262
7957 436
7958 436
7959 182
7960 525
7961 436
7962 440
7963 464
7964 632
7965 664
7966 632
7967 632
7968 508
7969 633
7970 109
7971 308
7972 308
7973 6
7974 85
7975 46
7976 14
7977 6
7978 6
7979 6
7980 9
7981 41
7982 41
7983 47
7984 48
7985 190
7986 41
7987 48
7988 151
7989 151
7990 335
7991 151
7992 56
7993 56
7994 79
7995 733
7996 405
7997 733
7998 416
7999 718
8000 193
8001 686
8002 733
8003 733
8004 803
8005 216
8006 255
8007 242
8008 192
8009 216
8010 438
8011 99
8012 489
8013 439
8014 556
8015 494
8016 466
8017 448
8018 494
8019 348
8020 385
8021 409
8022 330
8023 348
8024 679
8025 330
8026 297
8027 297
8028 297
8029 223
8030 223
8031 223
8032 666
8033 662
8034 666
8035 745
8036 666
8037 666
8038 628
8039 666
8040 666
8041 438
8042 454
8043 438
8044 438
8045 102
8046 102
8047 102
8048 185
8049 102
8050 102
8051 256
8052 256
8053 256
8054 177
8055 177
8056 177
8057 177
8058 177
8059 177
8060 503
8061 772
8062 772
8063 34
8064 34
8065 0
8066 759
8067 759
8068 297
8069 297
8070 79
8071 132
8072 687
8073 132
8074 132
8075 533
8076 527
8077 533
8078 626
8079 466
8080 466
8081 514
8082 745
8083 326
8084 843
8085 843
8086 761
8087 761
8088 761
8089 224
8090 224
8091 224
8092 224
8093 696
8094 342
8095 657
8096 742
8097 823
8098 657
8099 550
8100 550
8101 550
8102 245
8103 233
8104 479
8105 635
8106 635
8107 635
8108 830
8109 830
8110 830
8111 830
8112 14
8113 14
8114 14
8115 406
8116 406
8117 720
8118 330
8119 330
8120 330
8121 384
8122 543
8123 543
8124 821
8125 821
8126 821
8127 313
8128 313
8129 600
8130 600
8131 600
8132 746
8133 746
8134 746
8135 193
8136 193
8137 721
8138 711
8139 722
8140 721
8141 668
8142 668
8143 668
8144 668
8145 668
8146 668
8147 668
8148 826
8149 826
8150 299
8151 299
8152 299
8153 299
8154 299
8155 572
8156 572
8157 572
8158 567
8159 567
8160 567
8161 568
8162 438
8163 563
8164 454
8165 533
8166 124
8167 124
8168 705
8169 694
8170 124
8171 124
8172 396
8173 396
8174 483
8175 495
8176 483
8177 168
8178 168
8179 168
8180 580
8181 580
8182 580
8183 424
8184 424
8185 423
8186 492
8187 492
8188 36
8189 498
8190 316
8191 818
8192 818
8193 372
8194 818
8195 818
8196 419
8197 708
8198 252
8199 346
8200 37
8201 37
8202 37
8203 847
8204 847
8205 58
8206 58
8207 59
8208 58
8209 72
8210 6
8211 72
8212 92
8213 92
8214 600
8215 600
8216 686
8217 551
8218 686
8219 658
8220 686
8221 686
8222 551
8223 775
8224 384
8225 136
8226 385
8227 168
8228 134
8229 134
8230 140
8231 134
8232 793
8233 828
8234 793
8235 731
8236 731
8237 335
8238 332
8239 730
8240 686
8241 686
8242 686
8243 676
8244 243
8245 438
8246 704
8247 65
8248 35
8249 65
8250 825
8251 825
8252 825
8253 825
8254 746
8255 825
8256 534
8257 480
8258 536
8259 534
8260 693
8261 693
8262 774
8263 774
8264 270
8265 273
8266 270
8267 44
8268 30
8269 257
8270 257
8271 662
8272 663
8273 725
8274 662
8275 725
8276 723
8277 725
8278 723
8279 423
8280 423
8281 182
8282 423
8283 842
8284 862
8285 842
8286 842
8287 842
8288 380
8289 380
8290 382
8291 223
8292 232
8293 179
8294 262
8295 262
8296 262
8297 219
8298 219
8299 531
8300 531
8301 219
8302 516
8303 219
8304 217
8305 217
8306 297
8307 297
8308 9
8309 9
8310 9
8311 31
8312 520
8313 520
8314 137
8315 179
8316 137
8317 708
8318 713
8319 706
8320 380
8321 713
8322 439
8323 434
8324 462
8325 461
8326 170
8327 170
8328 170
8329 170
8330 571
8331 571
8332 572
8333 572
8334 572
8335 713
8336 403
8337 508
8338 508
8339 600
8340 841
8341 841
8342 463
8343 677
8344 853
8345 841
8346 441
8347 758
8348 723
8349 454
8350 758
8351 729
8352 768
8353 11
8354 67
8355 23
8356 85
8357 90
8358 65
8359 67
8360 65
8361 95
8362 436
8363 445
8364 445
8365 127
8366 445
8367 3
8368 420
8369 420
8370 420
8371 420
8372 780
8373 780
8374 780
8375 231
8376 242
8377 101
8378 96
8379 101
8380 101
8381 101
8382 89
8383 15
8384 101
8385 326
8386 326
8387 326
8388 336
8389 825
8390 710
8391 825
8392 825
8393 502
8394 502
8395 502
8396 561
8397 472
8398 502
8399 113
8400 113
8401 113
8402 113
8403 433
8404 680
8405 679
8406 693
8407 768
8408 527
8409 532
8410 683
8411 527
8412 527
8413 162
8414 92
8415 92
8416 92
8417 373
8418 82
8419 837
8420 837
8421 837
8422 837
8423 837
8424 728
8425 750
8426 750
8427 750
8428 81
8429 82
8430 133
8431 146
8432 40
8433 129
8434 133
8435 216
8436 216
8437 216
8438 1
8439 43
8440 93
8441 16
8442 424
8443 67
8444 424
8445 837
8446 837
8447 473
8448 528
8449 476
8450 474
8451 473
8452 662
8453 265
8454 258
8455 265
8456 264
8457 163
8458 163
8459 163
8460 389
8461 389
8462 389
8463 389
8464 389
8465 389
8466 523
8467 523
8468 8
8469 23
8470 750
8471 750
8472 750
8473 743
8474 743
8475 743
8476 743
8477 369
8478 402
8479 743
8480 75
8481 75
8482 23
8483 75
8484 75
8485 75
8486 66
8487 99
8488 766
8489 99
8490 402
8491 532
8492 523
8493 532
8494 350
8495 555
8496 555
8497 555
8498 555
8499 555
8500 493
8501 44
8502 7
8503 44
8504 192
8505 192
8506 192
8507 786
8508 786
8509 794
8510 786
8511 786
8512 228
8513 228
8514 228
8515 228
8516 100
8517 73
8518 3
8519 100
8520 100
8521 54
8522 100
8523 434
8524 490
8525 578
8526 483
8527 490
8528 448
8529 382
8530 382
8531 382
8532 382
8533 298
8534 298
8535 298
8536 67
8537 65
8538 74
8539 74
8540 435
8541 454
8542 444
8543 454
8544 471
8545 448
8546 454
8547 771
8548 771
8549 649
8550 661
8551 696
8552 667
8553 684
8554 649
8555 649
8556 648
8557 661
8558 693
8559 272
8560 671
8561 7
8562 23
8563 23
8564 5
8565 443
8566 443
8567 443
8568 385
8569 722
8570 763
8571 763
8572 763
8573 763
8574 763
8575 763
8576 763
8577 483
8578 763
8579 270
8580 270
8581 270
8582 640
8583 628
8584 640
8585 108
8586 108
8587 114
8588 114
8589 114
8590 111
8591 114
8592 110
8593 108
8594 108
8595 777
8596 777
8597 777
8598 777
8599 600
8600 600
8601 600
8602 226
8603 263
8604 263
8605 167
8606 167
8607 167
8608 167
8609 712
8610 369
8611 840
8612 386
8613 712
8614 712
8615 146
8616 151
8617 146
8618 224
8619 224
8620 191
8621 191
8622 219
8623 82
8624 73
8625 191
8626 491
8627 498
8628 488
8629 491
8630 67
8631 97
8632 116
8633 364
8634 370
8635 461
8636 461
8637 450
8638 461
8639 679
8640 687
8641 681
8642 447
8643 447
8644 447
8645 447
8646 447
8647 280
8648 280
8649 280
8650 280
8651 280
8652 476
8653 476
8654 476
8655 476
8656 497
8657 611
8658 497
8659 454
8660 345
8661 345
8662 13
8663 444
8664 444
8665 166
8666 164
8667 99
8668 99
8669 41
8670 190
8671 99
8672 662
8673 662
8674 662
8675 412
8676 27
8677 33
8678 798
8679 798
8680 801
8681 574
8682 798
8683 550
8684 541
8685 550
8686 564
8687 541
8688 720
8689 720
8690 716
8691 555
8692 555
8693 275
8694 275
8695 275
8696 275
8697 178
8698 178
8699 666
8700 666
8701 666
8702 860
8703 666
8704 816
8705 301
8706 301
8707 632
8708 632
8709 632
8710 632
8711 261
8712 261
8713 261
8714 261
8715 261
8716 263
8717 2
8718 18
8719 23
8720 23
8721 3
8722 3
8723 574
8724 577
8725 846
8726 574
8727 843
8728 642
8729 642
8730 642
8731 331
8732 334
8733 365
8734 332
8735 331
8736 384
8737 441
8738 822
8739 819
8740 441
8741 740
8742 740
8743 740
8744 349
8745 298
8746 298
8747 552
8748 544
8749 292
8750 292
8751 292
8752 775
8753 775
8754 775
8755 824
8756 824
8757 824
8758 284
8759 284
8760 220
8761 220
8762 220
8763 220
8764 220
8765 220
8766 260
8767 713
8768 260
8769 714
8770 714
8771 294
8772 341
8773 341
8774 413
8775 341
8776 341
8777 345
8778 345
8779 341
8780 341
8781 665
8782 278
8783 278
8784 794
8785 189
8786 665
8787 418
8788 665
8789 570
8790 18
8791 66
8792 18
8793 653
8794 444
8795 454
8796 665
8797 726
8798 665
8799 650
8800 790
8801 415
8802 415
8803 415
8804 767
8805 442
8806 545
8807 46
8808 46
8809 406
8810 406
8811 406
8812 707
8813 811
8814 708
8815 724
8816 724
8817 328
8818 328
8819 326
8820 336
8821 328
8822 298
8823 298
8824 298
8825 298
8826 298
8827 2
8828 23
8829 424
8830 424
8831 686
8832 686
8833 67
8834 790
8835 790
8836 790
8837 791
8838 790
8839 790
8840 837
8841 837
8842 4
8843 23
8844 169
8845 385
8846 385
8847 708
8848 385
8849 202
8850 385
8851 385
8852 385
8853 632
8854 634
8855 628
8856 612
8857 729
8858 420
8859 480
8860 101
8861 480
8862 362
8863 362
8864 362
8865 66
8866 670
8867 670
8868 218
8869 218
8870 218
8871 573
8872 573
8873 573
8874 379
8875 407
8876 127
8877 381
8878 393
8879 336
8880 334
8881 777
8882 784
8883 777
8884 777
8885 784
8886 665
8887 665
8888 665
8889 648
8890 341
8891 115
8892 115
8893 115
8894 814
8895 542
8896 542
8897 553
8898 542
8899 7
8900 7
8901 328
8902 762
8903 762
8904 365
8905 365
8906 365
8907 365
8908 770
8909 771
8910 770
8911 771
8912 770
8913 73
8914 528
8915 528
8916 732
8917 536
8918 528
8919 7
8920 432
8921 443
8922 705
8923 432
8924 443
8925 650
8926 661
8927 671
8928 671
8929 650
8930 653
8931 661
8932 37
8933 37
8934 832
8935 832
8936 832
8937 398
8938 398
8939 33
8940 33
8941 33
8942 559
8943 559
8944 559
8945 559
8946 559
8947 573
8948 573
8949 573
8950 120
8951 120
8952 120
8953 120
8954 714
8955 376
8956 298
8957 298
8958 825
8959 828
8960 825
8961 825
8962 718
8963 542
8964 542
8965 542
8966 542
8967 562
8968 528
8969 542
8970 542
8971 12
8972 507
8973 507
8974 507
8975 507
8976 507
8977 366
8978 509
8979 397
8980 278
8981 352
8982 347
8983 347
8984 825
8985 825
8986 825
8987 825
8988 825
8989 279
8990 279
8991 279
8992 279
8993 519
8994 526
8995 685
8996 519
8997 519
8998 571
8999 571
9000 711
9001 711
9002 663
9003 663
9004 684
9005 666
9006 663
9007 440
9008 663
9009 328
9010 328
9011 328
9012 304
9013 304
9014 252
9015 794
9016 794
9017 794
9018 559
9019 559
9020 559
9021 335
9022 335
9023 362
9024 362
9025 364
9026 2
9027 2
9028 96
9029 30
9030 357
9031 78
9032 842
9033 842
9034 515
9035 590
9036 590
9037 590
9038 590
9039 13
9040 130
9041 130
9042 130
9043 274
9044 274
9045 274
9046 274
9047 492
9048 274
9049 143
9050 344
9051 382
9052 102
9053 102
9054 102
9055 719
9056 719
9057 719
9058 422
9059 719
9060 719
9061 719
9062 627
9063 332
9064 627
9065 15
9066 332
9067 757
9068 757
9069 189
9070 189
9071 189
9072 189
9073 189
9074 189
9075 172
9076 172
9077 172
9078 46
9079 610
9080 610
9081 777
9082 777
9083 777
9084 777
9085 777
9086 777
9087 304
9088 304
9089 129
9090 304
9091 556
9092 768
9093 703
9094 336
9095 363
9096 95
9097 96
9098 561
9099 561
9100 561
9101 562
9102 783
9103 783
9104 685
9105 292
9106 292
9107 799
9108 708
9109 490
9110 490
9111 712
9112 82
9113 82
9114 157
9115 82
9116 84
9117 37
9118 37
9119 837
9120 837
9121 838
9122 837
9123 419
9124 687
9125 419
9126 34
9127 34
9128 42
9129 38
9130 34
9131 534
9132 534
9133 534
9134 537
9135 534
9136 534
9137 650
9138 650
9139 668
9140 688
9141 203
9142 203
9143 203
9144 545
9145 545
9146 515
9147 602
9148 534
9149 491
9150 464
9151 515
9152 330
9153 341
9154 331
9155 207
9156 207
9157 207
9158 207
9159 437
9160 133
9161 133
9162 133
9163 692
9164 813
9165 679
9166 135
9167 136
9168 393
9169 393
9170 93
9171 146
9172 99
9173 75
9174 99
9175 99
9176 99
9177 469
9178 469
9179 469
9180 469
9181 483
9182 654
9183 654
9184 661
9185 655
9186 661
9187 173
9188 182
9189 173
9190 173
9191 175
9192 182
9193 333
9194 64
9195 333
9196 407
9197 333
9198 64
9199 491
9200 194
9201 194
9202 563
9203 193
9204 129
9205 129
9206 129
9207 93
9208 129
9209 492
9210 129
9211 103
9212 369
9213 369
9214 479
9215 369
9216 369
9217 275
9218 275
9219 17
9220 17
9221 17
9222 17
9223 17
9224 688
9225 663
9226 324
9227 349
9228 502
9229 502
9230 563
9231 502
9232 839
9233 502
9234 502
9235 680
9236 504
9237 624
9238 502
9239 474
9240 502
9241 174
9242 174
9243 155
9244 346
9245 174
9246 583
9247 583
9248 583
9249 583
9250 338
9251 338
9252 363
9253 465
9254 634
9255 634
9256 628
9257 634
9258 718
9259 193
9260 193
9261 193
9262 193
9263 193
9264 193
9265 193
9266 749
9267 749
9268 746
9269 746
9270 487
9271 623
9272 510
9273 570
9274 520
9275 435
9276 435
9277 435
9278 435
9279 783
9280 445
9281 304
9282 304
9283 304
9284 304
9285 304
9286 304
9287 304
9288 304
9289 423
9290 423
9291 54
9292 23
9293 655
9294 655
9295 829
9296 655
9297 610
9298 610
9299 610
9300 706
9301 706
9302 714
9303 706
9304 189
9305 189
9306 141
9307 439
9308 439
9309 696
9310 439
9311 725
9312 454
9313 490
9314 439
9315 439
9316 366
9317 366
9318 167
9319 167
9320 435
9321 703
9322 703
9323 435
9324 435
9325 451
9326 587
9327 587
9328 355
9329 229
9330 355
9331 355
9332 355
9333 567
9334 404
9335 568
9336 568
9337 567
9338 567
9339 567
9340 567
9341 585
9342 325
9343 417
9344 412
9345 363
9346 412
9347 412
9348 426
9349 217
9350 221
9351 421
9352 421
9353 637
9354 637
9355 637
9356 637
9357 637
9358 637
9359 637
9360 844
9361 844
9362 844
9363 844
9364 844
9365 844
9366 10
9367 3
9368 23
9369 10
9370 3
9371 56
9372 60
9373 56
9374 556
9375 556
9376 32
9377 32
9378 339
9379 339
9380 385
9381 385
9382 666
9383 385
9384 792
9385 792
9386 826
9387 178
9388 792
9389 792
9390 422
9391 421
9392 422
9393 422
9394 422
9395 422
9396 422
9397 96
9398 40
9399 96
9400 183
9401 96
9402 779
9403 779
9404 779
9405 60
9406 55
9407 60
9408 110
9409 110
9410 208
9411 208
9412 84
9413 84
9414 84
9415 81
9416 713
9417 711
9418 713
9419 10
9420 509
9421 509
9422 509
9423 257
9424 417
9425 509
9426 432
9427 828
9428 828
9429 664
9430 334
9431 330
9432 307
9433 307
9434 307
9435 627
9436 627
9437 783
9438 786
9439 783
9440 510
9441 109
9442 108
9443 110
9444 109
9445 109
9446 121
9447 111
9448 121
9449 174
9450 174
9451 174
9452 174
9453 392
9454 392
9455 392
9456 392
9457 439
9458 439
9459 454
9460 699
9461 528
9462 305
9463 439
9464 536
9465 527
9466 125
9467 454
9468 639
9469 639
9470 639
9471 527
9472 861
9473 501
9474 527
9475 527
9476 527
9477 773
9478 773
9479 773
9480 772
9481 703
9482 341
9483 703
9484 42
9485 42
9486 42
9487 42
9488 42
9489 468
9490 432
9491 623
9492 483
9493 365
9494 365
9495 365
9496 365
9497 152
9498 696
9499 746
9500 392
9501 392
9502 615
9503 65
9504 357
9505 65
9506 174
9507 765
9508 765
9509 766
9510 765
9511 634
9512 634
9513 647
9514 713
9515 244
9516 243
9517 763
9518 629
9519 629
9520 629
9521 241
9522 241
9523 241
9524 241
9525 241
9526 657
9527 671
9528 657
9529 375
9530 375
9531 711
9532 849
9533 711
9534 21
9535 21
9536 21
9537 638
9538 638
9539 638
9540 637
9541 637
9542 758
9543 93
9544 32
9545 33
9546 52
9547 654
9548 532
9549 532
9550 738
9551 660
9552 274
9553 273
9554 274
9555 274
9556 282
9557 378
9558 243
9559 243
9560 702
9561 668
9562 243
9563 578
9564 578
9565 578
9566 578
9567 505
9568 505
9569 501
9570 501
9571 501
9572 626
9573 615
9574 200
9575 471
9576 828
9577 828
9578 77
9579 77
9580 77
9581 260
9582 260
9583 260
9584 260
9585 260
9586 260
9587 653
9588 801
9589 654
9590 652
9591 671
9592 433
9593 343
9594 343
9595 483
9596 764
9597 764
9598 764
9599 632
9600 632
9601 632
9602 55
9603 60
9604 331
9605 331
9606 350
9607 218
9608 218
9609 515
9610 537
9611 492
9612 372
9613 372
9614 463
9615 479
9616 463
9617 464
9618 749
9619 183
9620 183
9621 183
9622 183
9623 120
9624 120
9625 362
9626 362
9627 277
9628 277
9629 277
9630 277
9631 591
9632 591
9633 735
9634 735
9635 735
9636 734
9637 461
9638 462
9639 483
9640 461
9641 461
9642 461
9643 461
9644 594
9645 546
9646 546
9647 740
9648 740
9649 421
9650 421
9651 430
9652 431
9653 421
9654 785
9655 379
9656 785
9657 785
9658 785
9659 528
9660 528
9661 707
9662 707
9663 528
9664 819
9665 621
9666 329
9667 836
9668 89
9669 5
9670 48
9671 48
9672 145
9673 91
9674 71
9675 71
9676 48
9677 589
9678 589
9679 208
9680 208
9681 208
9682 208
9683 373
9684 373
9685 373
9686 342
9687 372
9688 373
9689 530
9690 530
9691 530
9692 534
9693 534
9694 534
9695 400
9696 443
9697 443
9698 551
9699 443
9700 760
9701 759
9702 768
9703 767
9704 768
9705 760
9706 760
9707 790
9708 203
9709 60
9710 230
9711 49
9712 49
9713 819
9714 819
9715 819
9716 788
9717 765
9718 788
9719 788
9720 812
9721 812
9722 641
9723 641
9724 666
9725 641
9726 182
9727 182
9728 182
9729 260
9730 260
9731 260
9732 1
9733 23
9734 96
9735 157
9736 166
9737 23
9738 298
9739 298
9740 663
9741 670
9742 668
9743 664
9744 752
9745 523
9746 664
9747 663
9748 718
9749 718
9750 859
9751 859
9752 720
9753 614
9754 720
9755 811
9756 814
9757 814
9758 811
9759 811
9760 811
9761 358
9762 729
9763 298
9764 298
9765 298
9766 0
9767 812
9768 812
9769 372
9770 799
9771 799
9772 137
9773 62
9774 21
9775 21
9776 165
9777 21
9778 21
9779 167
9780 167
9781 167
9782 170
9783 852
9784 852
9785 852
9786 270
9787 270
9788 614
9789 614
9790 203
9791 596
9792 596
9793 710
9794 650
9795 709
9796 97
9797 37
9798 97
9799 856
9800 856
9801 144
9802 150
9803 144
9804 763
9805 763
9806 433
9807 451
9808 448
9809 50
9810 50
9811 470
9812 470
9813 470
9814 702
9815 714
9816 13
9817 237
9818 237
9819 615
9820 237
9821 450
9822 450
9823 450
9824 450
9825 612
9826 621
9827 611
9828 504
9829 487
9830 645
9831 696
9832 510
9833 699
9834 645
9835 658
9836 656
9837 656
9838 237
9839 237
9840 95
9841 95
9842 95
9843 277
9844 683
9845 796
9846 656
9847 683
9848 683
9849 4
9850 20
9851 12
9852 4
9853 836
9854 836
9855 836
9856 639
9857 639
9858 419
9859 419
9860 725
9861 357
9862 839
9863 839
9864 839
9865 839
9866 839
9867 325
9868 327
9869 336
9870 336
9871 336
9872 325
9873 336
9874 325
9875 342
9876 336
9877 245
9878 491
9879 445
9880 245
9881 245
9882 519
9883 519
9884 524
9885 517
9886 126
9887 501
9888 406
9889 406
9890 656
9891 658
9892 718
9893 694
9894 658
9895 849
9896 849
9897 487
9898 464
9899 330
9900 510
9901 277
9902 277
9903 464
9904 724
9905 746
9906 724
9907 817
9908 724
9909 441
9910 148
9911 343
9912 148
9913 148
9914 148
9915 718
9916 747
9917 718
9918 532
9919 719
9920 718
9921 717
9922 717
9923 721
9924 717
9925 657
9926 671
9927 657
9928 738
9929 810
9930 738
9931 738
9932 738
9933 655
9934 655
9935 395
9936 788
9937 371
9938 371
9939 195
9940 195
9941 195
9942 691
9943 691
9944 691
9945 691
9946 260
9947 260
9948 45
9949 45
9950 45
9951 45
9952 45
9953 5
9954 39
9955 23
9956 71
9957 29
9958 13
9959 23
9960 691
9961 691
9962 691
9963 691
9964 691
9965 432
9966 425
9967 444
9968 131
9969 95
9970 131
9971 131
9972 613
9973 613
9974 86
9975 86
9976 745
9977 792
9978 699
9979 792
9980 839
9981 839
9982 584
9983 584
9984 584
9985 464
9986 472
9987 271
9988 271
9989 271
9990 146
9991 38
9992 444
9993 487
9994 548
9995 530
9996 440
9997 103
9998 103
9999 103
