10000 97
10001 254
10002 254
10003 254
10004 411
10005 411
10006 411
10007 409
10008 411
10009 248
10010 116
10011 116
10012 669
10013 657
10014 102
10015 12
10016 102
10017 654
10018 688
10019 650
10020 325
10021 234
10022 234
10023 235
10024 654
10025 41
10026 423
10027 423
10028 423
10029 717
10030 431
10031 423
10032 742
10033 742
10034 742
10035 520
10036 751
10037 520
10038 521
10039 614
10040 614
10041 234
10042 234
10043 234
10044 8
10045 8
10046 497
10047 126
10048 126
10049 126
10050 189
10051 189
10052 189
10053 189
10054 189
10055 72
10056 189
10057 56
10058 56
10059 171
10060 166
10061 60
10062 56
10063 448
10064 60
10065 56
10066 56
10067 56
10068 550
10069 550
10070 717
10071 717
10072 505
10073 505
10074 505
10075 506
10076 506
10077 506
10078 505
10079 387
10080 382
10081 635
10082 635
10083 260
10084 635
10085 393
10086 403
10087 163
10088 163
10089 525
10090 833
10091 610
10092 525
10093 462
10094 392
10095 193
10096 193
10097 704
10098 704
10099 626
10100 626
10101 626
10102 462
10103 749
10104 816
10105 462
10106 328
10107 372
10108 336
10109 406
10110 380
10111 406
10112 406
10113 661
10114 658
10115 749
10116 579
10117 579
10118 422
10119 778
10120 602
10121 17
10122 17
10123 788
10124 762
10125 788
10126 708
10127 489
10128 537
10129 489
10130 96
10131 96
10132 96
10133 96
10134 96
10135 281
10136 281
10137 281
10138 281
10139 281
10140 281
10141 281
10142 520
10143 593
10144 520
10145 705
10146 764
10147 714
10148 704
10149 705
10150 717
10151 707
10152 707
10153 707
10154 281
10155 281
10156 281
10157 59
10158 339
10159 59
10160 469
10161 469
10162 697
10163 339
10164 469
10165 232
10166 232
10167 574
10168 574
10169 653
10170 659
10171 85
10172 86
10173 85
10174 774
10175 333
10176 333
10177 280
10178 758
10179 197
10180 197
10181 787
10182 787
10183 776
10184 787
10185 287
10186 287
10187 287
10188 287
10189 287
10190 15
10191 15
10192 658
10193 658
10194 658
10195 467
10196 693
10197 664
10198 658
10199 658
10200 702
10201 730
10202 714
10203 702
10204 806
10205 806
10206 806
10207 491
10208 294
10209 834
10210 834
10211 829
10212 834
10213 834
10214 556
10215 556
10216 556
10217 556
10218 288
10219 556
10220 443
10221 254
10222 439
10223 191
10224 191
10225 191
10226 650
10227 650
10228 191
10229 650
10230 648
10231 664
10232 731
10233 653
10234 651
10235 666
10236 659
10237 711
10238 52
10239 52
10240 330
10241 381
10242 0
10243 27
10244 542
10245 542
10246 542
10247 82
10248 491
10249 388
10250 14
10251 15
10252 14
10253 14
10254 15
10255 545
10256 545
10257 53
10258 53
10259 53
10260 399
10261 399
10262 709
10263 709
10264 399
10265 553
10266 420
10267 426
10268 780
10269 635
10270 635
10271 635
10272 635
10273 595
10274 249
10275 249
10276 834
10277 834
10278 801
10279 801
10280 801
10281 87
10282 87
10283 23
10284 60
10285 820
10286 807
10287 807
10288 807
10289 529
10290 529
10291 529
10292 529
10293 529
10294 538
10295 52
10296 52
10297 403
10298 403
10299 403
10300 403
10301 551
10302 551
10303 551
10304 847
10305 847
10306 190
10307 190
10308 190
10309 190
10310 383
10311 383
10312 731
10313 374
10314 374
10315 374
10316 374
10317 374
10318 374
10319 374
10320 818
10321 818
10322 341
10323 341
10324 341
10325 341
10326 341
10327 341
10328 515
10329 598
10330 598
10331 515
10332 520
10333 520
10334 528
10335 524
10336 530
10337 524
10338 524
10339 524
10340 802
10341 179
10342 179
10343 179
10344 180
10345 179
10346 707
10347 707
10348 707
10349 603
10350 603
10351 603
10352 341
10353 341
10354 142
10355 327
10356 327
10357 327
10358 327
10359 112
10360 13
10361 18
10362 13
10363 548
10364 548
10365 710
10366 490
10367 429
10368 516
10369 498
10370 516
10371 339
10372 339
10373 339
10374 561
10375 561
10376 578
10377 563
10378 561
10379 561
10380 122
10381 29
10382 444
10383 444
10384 258
10385 600
10386 764
10387 322
10388 334
10389 397
10390 397
10391 397
10392 244
10393 244
10394 387
10395 244
10396 518
10397 518
10398 518
10399 264
10400 518
10401 819
10402 518
10403 378
10404 378
10405 378
10406 729
10407 119
10408 489
10409 854
10410 311
10411 311
10412 311
10413 852
10414 852
10415 235
10416 235
10417 235
10418 844
10419 844
10420 629
10421 629
10422 629
10423 608
10424 608
10425 608
10426 610
10427 608
10428 608
10429 608
10430 509
10431 608
10432 119
10433 405
10434 371
10435 371
10436 328
10437 495
10438 594
10439 594
10440 153
10441 153
10442 153
10443 153
10444 712
10445 712
10446 0
10447 88
10448 60
10449 88
10450 0
10451 439
10452 535
10453 482
10454 495
10455 747
10456 747
10457 747
10458 758
10459 758
10460 778
10461 778
10462 778
10463 778
10464 778
10465 778
10466 778
10467 353
10468 361
10469 353
10470 353
10471 353
10472 839
10473 839
10474 839
10475 628
10476 628
10477 628
10478 262
10479 262
10480 705
10481 372
10482 372
10483 372
10484 372
10485 372
10486 45
10487 45
10488 27
10489 163
10490 492
10491 710
10492 442
10493 442
10494 700
10495 786
10496 442
10497 401
10498 401
10499 401
10500 547
10501 547
10502 547
10503 799
10504 799
10505 799
10506 799
10507 799
10508 578
10509 578
10510 578
10511 578
10512 387
10513 389
10514 396
10515 260
10516 260
10517 260
10518 685
10519 685
10520 685
10521 687
10522 9
10523 9
10524 23
10525 9
10526 655
10527 671
10528 671
10529 35
10530 605
10531 605
10532 605
10533 164
10534 196
10535 196
10536 21
10537 21
10538 21
10539 15
10540 15
10541 15
10542 376
10543 376
10544 1
10545 301
10546 21
10547 301
10548 236
10549 236
10550 237
10551 236
10552 236
10553 236
10554 217
10555 219
10556 218
10557 728
10558 291
10559 94
10560 147
10561 13
10562 238
10563 238
10564 40
10565 40
10566 33
10567 52
10568 40
10569 18
10570 489
10571 510
10572 298
10573 298
10574 423
10575 423
10576 423
10577 401
10578 401
10579 401
10580 401
10581 798
10582 798
10583 798
10584 798
10585 798
10586 540
10587 540
10588 576
10589 576
10590 576
10591 263
10592 813
10593 812
10594 495
10595 23
10596 652
10597 652
10598 671
10599 728
10600 436
10601 656
10602 671
10603 716
10604 652
10605 516
10606 436
10607 704
10608 657
10609 436
10610 516
10611 525
10612 705
10613 704
10614 516
10615 516
10616 516
10617 82
10618 82
10619 82
10620 93
10621 84
10622 780
10623 780
10624 780
10625 780
10626 780
10627 780
10628 780
10629 270
10630 707
10631 355
10632 88
10633 74
10634 227
10635 357
10636 355
10637 814
10638 814
10639 3
10640 90
10641 719
10642 664
10643 768
10644 127
10645 203
10646 203
10647 801
10648 801
10649 801
10650 801
10651 801
10652 801
10653 801
10654 801
10655 9
10656 23
10657 7
10658 101
10659 13
10660 61
10661 252
10662 252
10663 252
10664 660
10665 248
10666 247
10667 287
10668 422
10669 247
10670 63
10671 126
10672 20
10673 71
10674 153
10675 153
10676 153
10677 73
10678 151
10679 131
10680 153
10681 352
10682 274
10683 274
10684 274
10685 276
10686 118
10687 516
10688 118
10689 117
10690 516
10691 118
10692 44
10693 44
10694 599
10695 605
10696 605
10697 609
10698 609
10699 608
10700 632
10701 502
10702 502
10703 502
10704 535
10705 502
10706 392
10707 227
10708 227
10709 380
10710 227
10711 375
10712 375
10713 375
10714 814
10715 814
10716 814
10717 791
10718 791
10719 791
10720 791
10721 791
10722 791
10723 793
10724 791
10725 577
10726 577
10727 577
10728 1
10729 23
10730 35
10731 361
10732 361
10733 86
10734 409
10735 409
10736 91
10737 267
10738 272
10739 272
10740 272
10741 272
10742 272
10743 513
10744 521
10745 514
10746 98
10747 95
10748 98
10749 98
10750 98
10751 98
10752 98
10753 95
10754 142
10755 142
10756 142
10757 146
10758 142
10759 142
10760 142
10761 812
10762 812
10763 812
10764 815
10765 815
10766 286
10767 290
10768 286
10769 286
10770 286
10771 286
10772 286
10773 519
10774 519
10775 710
10776 710
10777 298
10778 298
10779 391
10780 391
10781 787
10782 518
10783 518
10784 518
10785 399
10786 399
10787 697
10788 697
10789 697
10790 415
10791 217
10792 490
10793 747
10794 438
10795 438
10796 463
10797 488
10798 683
10799 683
10800 638
10801 9
10802 9
10803 688
10804 711
10805 326
10806 216
10807 366
10808 366
10809 436
10810 109
10811 462
10812 492
10813 346
10814 454
10815 454
10816 454
10817 454
10818 637
10819 637
10820 637
10821 637
10822 637
10823 637
10824 637
10825 122
10826 373
10827 358
10828 122
10829 405
10830 405
10831 405
10832 259
10833 259
10834 259
10835 652
10836 64
10837 64
10838 846
10839 846
10840 461
10841 461
10842 461
10843 297
10844 297
10845 297
10846 284
10847 284
10848 284
10849 284
10850 815
10851 815
10852 815
10853 816
10854 815
10855 690
10856 690
10857 685
10858 690
10859 690
10860 603
10861 603
10862 603
10863 604
10864 166
10865 752
10866 752
10867 752
10868 254
10869 267
10870 267
10871 254
10872 254
10873 333
10874 414
10875 333
10876 811
10877 811
10878 144
10879 144
10880 575
10881 407
10882 539
10883 439
10884 425
10885 519
10886 526
10887 519
10888 249
10889 249
10890 245
10891 53
10892 139
10893 219
10894 291
10895 430
10896 430
10897 430
10898 267
10899 267
10900 228
10901 228
10902 228
10903 345
10904 345
10905 345
10906 345
10907 379
10908 379
10909 379
10910 387
10911 732
10912 732
10913 354
10914 354
10915 354
10916 353
10917 177
10918 177
10919 108
10920 111
10921 121
10922 812
10923 203
10924 213
10925 203
10926 642
10927 642
10928 198
10929 198
10930 198
10931 198
10932 198
10933 198
10934 136
10935 243
10936 243
10937 243
10938 759
10939 759
10940 759
10941 581
10942 581
10943 581
10944 581
10945 581
10946 580
10947 580
10948 580
10949 580
10950 578
10951 580
10952 578
10953 578
10954 581
10955 682
10956 653
10957 578
10958 329
10959 329
10960 336
10961 828
10962 828
10963 406
10964 415
10965 415
10966 415
10967 415
10968 59
10969 59
10970 153
10971 426
10972 426
10973 352
10974 426
10975 38
10976 664
10977 664
10978 181
10979 181
10980 181
10981 500
10982 535
10983 779
10984 535
10985 647
10986 489
10987 679
10988 498
10989 603
10990 603
10991 603
10992 861
10993 222
10994 222
10995 222
10996 217
10997 846
10998 846
10999 182
11000 286
11001 182
11002 151
11003 151
11004 151
11005 375
11006 375
11007 375
11008 228
11009 228
11010 228
11011 344
11012 344
11013 764
11014 775
11015 115
11016 118
11017 115
11018 245
11019 326
11020 136
11021 136
11022 444
11023 444
11024 416
11025 127
11026 127
11027 127
11028 409
11029 409
11030 167
11031 167
11032 144
11033 167
11034 514
11035 514
11036 514
11037 514
11038 514
11039 461
11040 462
11041 462
11042 37
11043 37
11044 300
11045 300
11046 410
11047 410
11048 410
11049 410
11050 410
11051 837
11052 695
11053 837
11054 102
11055 818
11056 813
11057 527
11058 527
11059 372
11060 528
11061 528
11062 267
11063 248
11064 267
11065 267
11066 280
11067 689
11068 66
11069 322
11070 323
11071 34
11072 34
11073 53
11074 655
11075 655
11076 655
11077 190
11078 190
11079 190
11080 660
11081 660
11082 19
11083 19
11084 19
11085 51
11086 142
11087 142
11088 154
11089 142
11090 145
11091 72
11092 90
11093 232
11094 232
11095 38
11096 53
11097 446
11098 38
11099 53
11100 750
11101 750
11102 750
11103 364
11104 750
11105 327
11106 366
11107 509
11108 509
11109 578
11110 509
11111 558
11112 509
11113 240
11114 205
11115 205
11116 205
11117 490
11118 490
11119 93
11120 93
11121 153
11122 282
11123 153
11124 153
11125 42
11126 42
11127 42
11128 172
11129 32
11130 46
11131 668
11132 251
11133 264
11134 251
11135 534
11136 534
11137 655
11138 533
11139 655
11140 655
11141 709
11142 569
11143 569
11144 196
11145 732
11146 732
11147 696
11148 696
11149 442
11150 412
11151 609
11152 609
11153 625
11154 138
11155 140
11156 138
11157 64
11158 427
11159 399
11160 64
11161 414
11162 414
11163 414
11164 414
11165 414
11166 414
11167 351
11168 351
11169 351
11170 351
11171 448
11172 448
11173 444
11174 534
11175 448
11176 459
11177 837
11178 837
11179 711
11180 841
11181 605
11182 837
11183 84
11184 350
11185 837
11186 837
11187 474
11188 474
11189 243
11190 246
11191 243
11192 243
11193 243
11194 126
11195 126
11196 126
11197 126
11198 126
11199 126
11200 448
11201 855
11202 284
11203 284
11204 487
11205 494
11206 487
11207 492
11208 399
11209 399
11210 399
11211 399
11212 399
11213 635
11214 841
11215 658
11216 521
11217 635
11218 635
11219 640
11220 521
11221 635
11222 183
11223 183
11224 185
11225 183
11226 253
11227 253
11228 217
11229 400
11230 400
11231 400
11232 547
11233 547
11234 189
11235 189
11236 189
11237 244
11238 489
11239 492
11240 43
11241 514
11242 837
11243 837
11244 330
11245 330
11246 439
11247 439
11248 439
11249 642
11250 642
11251 270
11252 716
11253 716
11254 716
11255 716
11256 717
11257 13
11258 13
11259 369
11260 369
11261 743
11262 743
11263 743
11264 743
11265 743
11266 438
11267 838
11268 838
11269 838
11270 218
11271 154
11272 154
11273 154
11274 154
11275 154
11276 154
11277 797
11278 797
11279 797
11280 797
11281 518
11282 526
11283 595
11284 518
11285 772
11286 772
11287 772
11288 772
11289 772
11290 345
11291 345
11292 345
11293 345
11294 348
11295 98
11296 98
11297 98
11298 98
11299 564
11300 564
11301 564
11302 119
11303 471
11304 471
11305 444
11306 639
11307 471
11308 444
11309 656
11310 671
11311 671
11312 34
11313 30
11314 18
11315 15
11316 15
11317 233
11318 233
11319 404
11320 427
11321 404
11322 522
11323 359
11324 156
11325 156
11326 156
11327 156
11328 156
11329 156
11330 13
11331 439
11332 434
11333 1
11334 1
11335 23
11336 651
11337 751
11338 418
11339 751
11340 223
11341 57
11342 60
11343 66
11344 2
11345 200
11346 12
11347 222
11348 222
11349 732
11350 732
11351 732
11352 732
11353 732
11354 37
11355 12
11356 443
11357 443
11358 410
11359 731
11360 450
11361 252
11362 253
11363 252
11364 743
11365 804
11366 743
11367 278
11368 278
11369 381
11370 333
11371 422
11372 384
11373 561
11374 561
11375 561
11376 561
11377 672
11378 561
11379 561
11380 561
11381 519
11382 519
11383 519
11384 130
11385 130
11386 130
11387 130
11388 130
11389 42
11390 42
11391 42
11392 42
11393 44
11394 741
11395 446
11396 599
11397 446
11398 598
11399 329
11400 446
11401 66
11402 66
11403 66
11404 662
11405 662
11406 663
11407 662
11408 442
11409 454
11410 454
11411 662
11412 663
11413 662
11414 662
11415 663
11416 672
11417 672
11418 716
11419 656
11420 67
11421 415
11422 663
11423 663
11424 658
11425 848
11426 656
11427 355
11428 355
11429 418
11430 355
11431 355
11432 562
11433 562
11434 562
11435 562
11436 576
11437 563
11438 562
11439 612
11440 612
11441 612
11442 612
11443 612
11444 567
11445 612
11446 612
11447 612
11448 811
11449 811
11450 811
11451 514
11452 514
11453 148
11454 154
11455 766
11456 766
11457 766
11458 766
11459 766
11460 518
11461 518
11462 518
11463 807
11464 807
11465 807
11466 440
11467 440
11468 176
11469 176
11470 56
11471 416
11472 374
11473 407
11474 487
11475 492
11476 510
11477 492
11478 510
11479 45
11480 299
11481 299
11482 299
11483 171
11484 171
11485 171
11486 406
11487 226
11488 480
11489 698
11490 480
11491 480
11492 487
11493 445
11494 486
11495 487
11496 706
11497 515
11498 370
11499 586
11500 586
11501 586
11502 586
11503 288
11504 288
11505 288
11506 288
11507 288
11508 288
11509 241
11510 338
11511 339
11512 339
11513 619
11514 54
11515 469
11516 469
11517 723
11518 469
11519 469
11520 821
11521 824
11522 569
11523 93
11524 93
11525 93
11526 88
11527 93
11528 93
11529 65
11530 478
11531 478
11532 478
11533 92
11534 92
11535 53
11536 92
11537 838
11538 838
11539 838
11540 693
11541 693
11542 693
11543 223
11544 223
11545 223
11546 99
11547 99
11548 99
11549 253
11550 253
11551 140
11552 140
11553 338
11554 339
11555 338
11556 681
11557 681
11558 681
11559 719
11560 604
11561 604
11562 596
11563 5
11564 245
11565 409
11566 9
11567 9
11568 19
11569 173
11570 724
11571 704
11572 858
11573 704
11574 761
11575 342
11576 68
11577 180
11578 135
11579 602
11580 786
11581 602
11582 602
11583 381
11584 245
11585 245
11586 382
11587 699
11588 660
11589 699
11590 699
11591 699
11592 699
11593 826
11594 409
11595 409
11596 358
11597 358
11598 358
11599 797
11600 797
11601 440
11602 459
11603 440
11604 614
11605 614
11606 797
11607 797
11608 797
11609 797
11610 797
11611 797
11612 648
11613 323
11614 669
11615 125
11616 669
11617 669
11618 669
11619 669
11620 669
11621 205
11622 138
11623 205
11624 205
11625 205
11626 374
11627 698
11628 698
11629 698
11630 698
11631 663
11632 464
11633 663
11634 450
11635 676
11636 676
11637 676
11638 609
11639 609
11640 609
11641 415
11642 415
11643 434
11644 482
11645 444
11646 454
11647 195
11648 195
11649 703
11650 557
11651 557
11652 0
11653 291
11654 679
11655 300
11656 300
11657 300
11658 300
11659 300
11660 300
11661 300
11662 251
11663 251
11664 387
11665 131
11666 131
11667 131
11668 115
11669 131
11670 68
11671 122
11672 122
11673 122
11674 336
11675 299
11676 177
11677 122
11678 475
11679 415
11680 138
11681 73
11682 138
11683 137
11684 43
11685 43
11686 43
11687 819
11688 816
11689 722
11690 722
11691 448
11692 255
11693 255
11694 255
11695 784
11696 784
11697 721
11698 721
11699 190
11700 190
11701 224
11702 357
11703 289
11704 14
11705 14
11706 81
11707 81
11708 81
11709 115
11710 138
11711 341
11712 408
11713 408
11714 408
11715 707
11716 707
11717 707
11718 707
11719 514
11720 500
11721 514
11722 514
11723 500
11724 470
11725 515
11726 696
11727 696
11728 696
11729 691
11730 696
11731 696
11732 696
11733 139
11734 719
11735 719
11736 467
11737 467
11738 467
11739 467
11740 503
11741 467
11742 467
11743 459
11744 483
11745 618
11746 735
11747 544
11748 637
11749 459
11750 171
11751 171
11752 321
11753 356
11754 356
11755 356
11756 191
11757 191
11758 191
11759 359
11760 370
11761 358
11762 359
11763 574
11764 574
11765 405
11766 410
11767 405
11768 351
11769 351
11770 339
11771 500
11772 851
11773 851
11774 851
11775 851
11776 364
11777 353
11778 330
11779 745
11780 745
11781 745
11782 745
11783 358
11784 275
11785 275
11786 669
11787 669
11788 669
11789 226
11790 263
11791 226
11792 531
11793 531
11794 226
11795 543
11796 190
11797 190
11798 355
11799 355
11800 510
11801 323
11802 358
11803 459
11804 284
11805 284
11806 284
11807 192
11808 192
11809 585
11810 585
11811 585
11812 585
11813 772
11814 772
11815 770
11816 344
11817 403
11818 324
11819 93
11820 85
11821 93
11822 78
11823 78
11824 78
11825 855
11826 855
11827 855
11828 854
11829 855
11830 855
11831 204
11832 204
11833 274
11834 274
11835 274
11836 274
11837 274
11838 224
11839 224
11840 224
11841 840
11842 840
11843 231
11844 231
11845 32
11846 122
11847 371
11848 409
11849 409
11850 411
11851 409
11852 53
11853 737
11854 761
11855 761
11856 761
11857 245
11858 245
11859 442
11860 476
11861 375
11862 375
11863 698
11864 225
11865 225
11866 225
11867 353
11868 429
11869 253
11870 352
11871 247
11872 152
11873 152
11874 226
11875 226
11876 226
11877 226
11878 226
11879 226
11880 226
11881 191
11882 191
11883 160
11884 327
11885 191
11886 601
11887 601
11888 601
11889 7
11890 8
11891 23
11892 3
11893 7
11894 426
11895 570
11896 66
11897 12
11898 66
11899 66
11900 147
11901 708
11902 385
11903 708
11904 807
11905 385
11906 137
11907 137
11908 137
11909 17
11910 17
11911 17
11912 241
11913 241
11914 237
11915 241
11916 342
11917 342
11918 98
11919 10
11920 342
11921 325
11922 147
11923 147
11924 147
11925 680
11926 62
11927 64
11928 76
11929 644
11930 644
11931 644
11932 465
11933 786
11934 786
11935 786
11936 786
11937 786
11938 786
11939 582
11940 582
11941 592
11942 582
11943 582
11944 359
11945 359
11946 359
11947 359
11948 333
11949 16
11950 16
11951 239
11952 239
11953 239
11954 239
11955 231
11956 231
11957 239
11958 170
11959 170
11960 47
11961 47
11962 693
11963 693
11964 184
11965 184
11966 184
11967 574
11968 567
11969 578
11970 574
11971 324
11972 16
11973 226
11974 567
11975 567
11976 591
11977 567
11978 567
11979 815
11980 815
11981 815
11982 815
11983 815
11984 41
11985 190
11986 97
11987 794
11988 794
11989 433
11990 427
11991 73
11992 328
11993 328
11994 73
11995 328
11996 123
11997 146
11998 146
11999 730
12000 730
12001 733
12002 832
12003 730
12004 730
12005 93
12006 93
12007 75
12008 93
12009 653
12010 653
12011 654
12012 654
12013 653
12014 354
12015 354
12016 353
12017 353
12018 64
12019 389
12020 118
12021 118
12022 778
12023 778
12024 778
12025 594
12026 594
12027 594
12028 594
12029 594
12030 16
12031 606
12032 153
12033 153
12034 153
12035 153
12036 153
12037 153
12038 153
12039 159
12040 147
12041 487
12042 531
12043 531
12044 500
12045 58
12046 58
12047 157
12048 58
12049 58
12050 139
12051 65
12052 384
12053 774
12054 108
12055 837
12056 837
12057 383
12058 2
12059 23
12060 252
12061 359
12062 359
12063 359
12064 561
12065 445
12066 561
12067 596
12068 596
12069 596
12070 301
12071 301
12072 144
12073 758
12074 768
12075 711
12076 822
12077 822
12078 822
12079 33
12080 625
12081 625
12082 625
12083 523
12084 596
12085 596
12086 518
12087 71
12088 596
12089 731
12090 731
12091 240
12092 240
12093 288
12094 821
12095 821
12096 821
12097 821
12098 821
12099 226
12100 432
12101 454
12102 406
12103 432
12104 472
12105 527
12106 527
12107 527
12108 544
12109 544
12110 595
12111 822
12112 545
12113 544
12114 544
12115 159
12116 159
12117 159
12118 159
12119 182
12120 324
12121 324
12122 325
12123 324
12124 493
12125 510
12126 684
12127 498
12128 434
12129 327
12130 336
12131 497
12132 678
12133 510
12134 497
12135 517
12136 517
12137 261
12138 261
12139 261
12140 261
12141 261
12142 851
12143 851
12144 851
12145 851
12146 851
12147 851
12148 839
12149 839
12150 839
12151 249
12152 249
12153 249
12154 249
12155 733
12156 468
12157 35
12158 835
12159 835
12160 835
12161 442
12162 447
12163 442
12164 719
12165 196
12166 196
12167 254
12168 254
12169 254
12170 254
12171 548
12172 548
12173 217
12174 219
12175 853
12176 853
12177 853
12178 746
12179 545
12180 545
12181 545
12182 545
12183 678
12184 691
12185 10
12186 50
12187 85
12188 810
12189 692
12190 692
12191 692
12192 785
12193 230
12194 728
12195 363
12196 9
12197 23
12198 224
12199 240
12200 27
12201 27
12202 28
12203 28
12204 37
12205 37
12206 519
12207 517
12208 516
12209 519
12210 667
12211 667
12212 667
12213 667
12214 712
12215 667
12216 799
12217 438
12218 231
12219 231
12220 231
12221 231
12222 624
12223 641
12224 624
12225 624
12226 624
12227 714
12228 624
12229 341
12230 341
12231 356
12232 772
12233 772
12234 772
12235 776
12236 779
12237 772
12238 325
12239 264
12240 336
12241 58
12242 71
12243 66
12244 152
12245 546
12246 546
12247 553
12248 707
12249 707
12250 717
12251 714
12252 708
12253 707
12254 825
12255 70
12256 519
12257 462
12258 667
12259 667
12260 667
12261 667
12262 698
12263 729
12264 729
12265 67
12266 67
12267 67
12268 152
12269 67
12270 63
12271 69
12272 341
12273 340
12274 340
12275 445
12276 445
12277 427
12278 772
12279 772
12280 346
12281 323
12282 855
12283 616
12284 616
12285 746
12286 38
12287 38
12288 4
12289 743
12290 743
12291 743
12292 589
12293 848
12294 589
12295 264
12296 264
12297 136
12298 354
12299 354
12300 417
12301 356
12302 36
12303 621
12304 343
12305 621
12306 621
12307 496
12308 621
12309 495
12310 248
12311 853
12312 847
12313 853
12314 811
12315 501
12316 703
12317 471
12318 501
12319 97
12320 97
12321 97
12322 97
12323 97
12324 396
12325 396
12326 396
12327 396
12328 396
12329 396
12330 151
12331 281
12332 267
12333 267
12334 468
12335 468
12336 468
12337 468
12338 348
12339 348
12340 38
12341 38
12342 38
12343 130
12344 130
12345 325
12346 702
12347 376
12348 336
12349 336
12350 327
12351 324
12352 324
12353 430
12354 336
12355 342
12356 399
12357 342
12358 582
12359 582
12360 88
12361 164
12362 88
12363 88
12364 88
12365 88
12366 140
12367 140
12368 140
12369 162
12370 229
12371 229
12372 229
12373 533
12374 533
12375 760
12376 760
12377 760
12378 760
12379 685
12380 760
12381 152
12382 156
12383 147
12384 147
12385 147
12386 147
12387 147
12388 147
12389 250
12390 250
12391 250
12392 250
12393 660
12394 660
12395 116
12396 672
12397 660
12398 184
12399 184
12400 335
12401 77
12402 180
12403 358
12404 373
12405 358
12406 231
12407 241
12408 534
12409 534
12410 697
12411 697
12412 513
12413 513
12414 513
12415 775
12416 775
12417 494
12418 4
12419 23
12420 409
12421 681
12422 681
12423 660
12424 430
12425 286
12426 430
12427 286
12428 146
12429 146
12430 146
12431 146
12432 78
12433 78
12434 78
12435 55
12436 54
12437 76
12438 582
12439 582
12440 244
12441 244
12442 244
12443 260
12444 260
12445 260
12446 598
12447 602
12448 339
12449 277
12450 385
12451 405
12452 405
12453 272
12454 12
12455 272
12456 387
12457 669
12458 665
12459 498
12460 498
12461 439
12462 454
12463 720
12464 454
12465 790
12466 799
12467 796
12468 505
12469 505
12470 666
12471 666
12472 671
12473 666
12474 666
12475 571
12476 575
12477 218
12478 220
12479 48
12480 52
12481 48
12482 48
12483 48
12484 48
12485 744
12486 745
12487 539
12488 539
12489 539
12490 247
12491 440
12492 53
12493 786
12494 786
12495 786
12496 786
12497 703
12498 703
12499 492
12500 492
12501 454
12502 492
12503 298
12504 298
12505 298
12506 255
12507 256
12508 255
12509 177
12510 177
12511 177
12512 756
12513 756
12514 756
12515 228
12516 622
12517 622
12518 622
12519 645
12520 794
12521 794
12522 794
12523 826
12524 785
12525 541
12526 541
12527 541
12528 391
12529 391
12530 712
12531 768
12532 759
12533 851
12534 659
12535 611
12536 611
12537 611
12538 704
12539 323
12540 788
12541 788
12542 469
12543 820
12544 691
12545 692
12546 691
12547 810
12548 777
12549 777
12550 777
12551 777
12552 799
12553 43
12554 43
12555 43
12556 43
12557 790
12558 790
12559 437
12560 454
12561 410
12562 410
12563 410
12564 692
12565 158
12566 655
12567 656
12568 655
12569 655
12570 661
12571 516
12572 516
12573 762
12574 762
12575 348
12576 762
12577 762
12578 806
12579 17
12580 17
12581 588
12582 588
12583 70
12584 70
12585 70
12586 438
12587 775
12588 775
12589 775
12590 775
12591 775
12592 356
12593 436
12594 356
12595 152
12596 601
12597 602
12598 601
12599 424
12600 601
12601 601
12602 383
12603 382
12604 383
12605 794
12606 804
12607 794
12608 795
12609 530
12610 530
12611 530
12612 530
12613 530
12614 90
12615 657
12616 657
12617 676
12618 658
12619 657
12620 676
12621 669
12622 303
12623 303
12624 303
12625 305
12626 656
12627 306
12628 305
12629 793
12630 793
12631 793
12632 625
12633 625
12634 31
12635 31
12636 851
12637 851
12638 774
12639 853
12640 851
12641 851
12642 582
12643 582
12644 582
12645 611
12646 582
12647 582
12648 582
12649 73
12650 73
12651 342
12652 192
12653 73
12654 546
12655 546
12656 193
12657 193
12658 193
12659 193
12660 589
12661 589
12662 111
12663 111
12664 111
12665 111
12666 111
12667 792
12668 792
12669 264
12670 264
12671 264
12672 833
12673 424
12674 584
12675 721
12676 833
12677 833
12678 489
12679 437
12680 454
12681 546
12682 372
12683 583
12684 466
12685 118
12686 584
12687 454
12688 454
12689 531
12690 531
12691 145
12692 691
12693 752
12694 691
12695 496
12696 393
12697 393
12698 393
12699 786
12700 786
12701 751
12702 838
12703 838
12704 857
12705 113
12706 113
12707 453
12708 394
12709 113
12710 102
12711 87
12712 102
12713 105
12714 105
12715 128
12716 754
12717 754
12718 754
12719 754
12720 690
12721 690
12722 265
12723 102
12724 265
12725 385
12726 385
12727 189
12728 189
12729 770
12730 770
12731 773
12732 780
12733 770
12734 449
12735 534
12736 534
12737 535
12738 534
12739 534
12740 38
12741 24
12742 534
12743 534
12744 189
12745 189
12746 189
12747 189
12748 72
12749 104
12750 16
12751 16
12752 500
12753 353
12754 353
12755 353
12756 616
12757 616
12758 736
12759 616
12760 616
12761 628
12762 630
12763 628
12764 628
12765 658
12766 346
12767 346
12768 356
12769 346
12770 96
12771 169
12772 96
12773 72
12774 716
12775 680
12776 716
12777 717
12778 79
12779 79
12780 79
12781 226
12782 180
12783 180
12784 180
12785 180
12786 775
12787 775
12788 775
12789 787
12790 804
12791 804
12792 853
12793 853
12794 415
12795 730
12796 787
12797 787
12798 189
12799 189
12800 592
12801 592
12802 592
12803 592
12804 615
12805 615
12806 615
12807 617
12808 615
12809 486
12810 486
12811 495
12812 446
12813 486
12814 40
12815 40
12816 301
12817 301
12818 275
12819 275
12820 275
12821 275
12822 250
12823 335
12824 416
12825 724
12826 724
12827 724
12828 724
12829 602
12830 602
12831 602
12832 386
12833 386
12834 386
12835 386
12836 46
12837 36
12838 46
12839 46
12840 731
12841 290
12842 731
12843 376
12844 678
12845 678
12846 678
12847 490
12848 496
12849 510
12850 679
12851 510
12852 622
12853 622
12854 622
12855 622
12856 622
12857 826
12858 826
12859 533
12860 549
12861 549
12862 549
12863 154
12864 680
12865 680
12866 680
12867 680
12868 787
12869 299
12870 299
12871 299
12872 51
12873 94
12874 94
12875 31
12876 62
12877 364
12878 94
12879 132
12880 504
12881 504
12882 528
12883 504
12884 504
12885 652
12886 652
12887 652
12888 672
12889 652
12890 652
12891 65
12892 386
12893 386
12894 386
12895 92
12896 92
12897 49
12898 24
12899 742
12900 742
12901 228
12902 228
12903 157
12904 40
12905 40
12906 179
12907 179
12908 179
12909 179
12910 223
12911 225
12912 225
12913 223
12914 454
12915 370
12916 461
12917 812
12918 167
12919 167
12920 167
12921 175
12922 167
12923 167
12924 297
12925 297
12926 661
12927 42
12928 42
12929 734
12930 735
12931 734
12932 734
12933 734
12934 748
12935 797
12936 668
12937 668
12938 668
12939 668
12940 668
12941 466
12942 476
12943 466
12944 466
12945 117
12946 117
12947 117
12948 117
12949 440
12950 260
12951 260
12952 593
12953 593
12954 393
12955 393
12956 824
12957 824
12958 830
12959 830
12960 830
12961 819
12962 819
12963 819
12964 681
12965 681
12966 492
12967 510
12968 454
12969 466
12970 72
12971 72
12972 72
12973 86
12974 86
12975 133
12976 133
12977 133
12978 133
12979 812
12980 812
12981 812
12982 521
12983 813
12984 542
12985 542
12986 542
12987 115
12988 115
12989 115
12990 86
12991 115
12992 67
12993 161
12994 67
12995 283
12996 283
12997 306
12998 306
12999 306
13000 306
13001 568
13002 568
13003 568
13004 680
13005 680
13006 441
13007 441
13008 355
13009 355
13010 355
13011 364
13012 357
13013 355
13014 274
13015 261
13016 568
13017 568
13018 217
13019 220
13020 220
13021 676
13022 831
13023 791
13024 676
13025 675
13026 698
13027 794
13028 757
13029 677
13030 567
13031 568
13032 568
13033 567
13034 585
13035 567
13036 585
13037 571
13038 204
13039 204
13040 683
13041 683
13042 59
13043 94
13044 67
13045 59
13046 187
13047 59
13048 114
13049 524
13050 10
13051 736
13052 736
13053 761
13054 761
13055 585
13056 241
13057 761
13058 761
13059 145
13060 144
13061 145
13062 145
13063 145
13064 144
13065 373
13066 373
13067 143
13068 373
13069 373
13070 166
13071 166
13072 166
13073 166
13074 827
13075 827
13076 823
13077 827
13078 787
13079 787
13080 787
13081 795
13082 787
13083 348
13084 348
13085 249
13086 249
13087 249
13088 853
13089 853
13090 332
13091 332
13092 332
13093 332
13094 225
13095 179
13096 182
13097 179
13098 179
13099 353
13100 197
13101 414
13102 429
13103 345
13104 414
13105 415
13106 414
13107 67
13108 126
13109 221
13110 221
13111 221
13112 221
13113 187
13114 187
13115 262
13116 747
13117 747
13118 494
13119 562
13120 548
13121 370
13122 370
13123 724
13124 685
13125 724
13126 724
13127 420
13128 420
13129 420
13130 765
13131 795
13132 606
13133 788
13134 788
13135 284
13136 284
13137 284
13138 421
13139 421
13140 421
13141 421
13142 421
13143 432
13144 343
13145 343
13146 343
13147 819
13148 258
13149 104
13150 258
13151 258
13152 258
13153 859
13154 858
13155 859
13156 859
13157 859
13158 843
13159 843
13160 843
13161 843
13162 535
13163 535
13164 535
13165 678
13166 678
13167 678
13168 370
13169 383
13170 370
13171 370
13172 79
13173 79
13174 79
13175 772
13176 772
13177 773
13178 171
13179 38
13180 168
13181 171
13182 171
13183 246
13184 179
13185 543
13186 543
13187 466
13188 299
13189 299
13190 299
13191 299
13192 345
13193 727
13194 223
13195 717
13196 246
13197 292
13198 224
13199 379
13200 379
13201 841
13202 841
13203 841
13204 841
13205 841
13206 841
13207 298
13208 328
13209 298
13210 298
13211 820
13212 820
13213 820
13214 155
13215 155
13216 155
13217 155
13218 461
13219 461
13220 680
13221 680
13222 680
13223 680
13224 680
13225 680
13226 354
13227 167
13228 622
13229 622
13230 602
13231 656
13232 602
13233 602
13234 602
13235 361
13236 361
13237 110
13238 110
13239 651
13240 143
13241 672
13242 720
13243 829
13244 55
13245 6
13246 356
13247 488
13248 498
13249 509
13250 111
13251 153
13252 136
13253 136
13254 8
13255 24
13256 24
13257 141
13258 141
13259 141
13260 141
13261 194
13262 194
13263 194
13264 543
13265 543
13266 788
13267 785
13268 788
13269 788
13270 334
13271 334
13272 703
13273 701
13274 665
13275 702
13276 806
13277 806
13278 432
13279 432
13280 275
13281 624
13282 275
13283 281
13284 24
13285 841
13286 841
13287 841
13288 841
13289 841
13290 841
13291 841
13292 841
13293 788
13294 788
13295 724
13296 788
13297 680
13298 680
13299 448
13300 448
13301 448
13302 435
13303 454
13304 243
13305 465
13306 575
13307 575
13308 258
13309 820
13310 820
13311 282
13312 282
13313 668
13314 736
13315 736
13316 668
13317 336
13318 740
13319 470
13320 470
13321 470
13322 632
13323 632
13324 632
13325 257
13326 257
13327 58
13328 645
13329 679
13330 623
13331 645
13332 645
13333 504
13334 530
13335 504
13336 504
13337 530
13338 326
13339 356
13340 411
13341 336
13342 405
13343 405
13344 405
13345 291
13346 291
13347 380
13348 291
13349 291
13350 582
13351 582
13352 582
13353 588
13354 582
13355 389
13356 61
13357 347
13358 157
13359 338
13360 346
13361 347
13362 51
13363 51
13364 51
13365 360
13366 360
13367 124
13368 157
13369 95
13370 424
13371 424
13372 424
13373 424
13374 21
13375 21
13376 470
13377 470
13378 470
13379 470
13380 470
13381 841
13382 841
13383 300
13384 300
13385 67
13386 94
13387 94
13388 622
13389 248
13390 226
13391 603
13392 597
13393 603
13394 603
13395 454
13396 603
13397 597
13398 144
13399 513
13400 60
13401 110
13402 110
13403 114
13404 110
13405 353
13406 353
13407 424
13408 424
13409 424
13410 424
13411 424
13412 380
13413 281
13414 281
13415 67
13416 544
13417 544
13418 390
13419 390
13420 390
13421 390
13422 390
13423 390
13424 495
13425 495
13426 495
13427 491
13428 510
13429 496
13430 444
13431 821
13432 821
13433 276
13434 276
13435 24
13436 539
13437 37
13438 202
13439 733
13440 394
13441 394
13442 13
13443 545
13444 592
13445 545
13446 254
13447 254
13448 254
13449 7
13450 24
13451 7
13452 573
13453 573
13454 573
13455 573
13456 573
13457 476
13458 476
13459 476
13460 498
13461 537
13462 311
13463 311
13464 370
13465 370
13466 463
13467 463
13468 472
13469 463
13470 425
13471 425
13472 425
13473 425
13474 354
13475 354
13476 245
13477 676
13478 676
13479 676
13480 597
13481 596
13482 597
13483 709
13484 597
13485 596
13486 462
13487 462
13488 472
13489 483
13490 447
13491 644
13492 327
13493 325
13494 71
13495 283
13496 283
13497 283
13498 313
13499 313
13500 313
13501 691
13502 809
13503 18
13504 18
13505 49
13506 18
13507 58
13508 100
13509 76
13510 76
13511 76
13512 76
13513 379
13514 379
13515 220
13516 220
13517 220
13518 662
13519 662
13520 662
13521 383
13522 626
13523 842
13524 842
13525 842
13526 383
13527 383
13528 383
13529 622
13530 622
13531 664
13532 700
13533 664
13534 832
13535 785
13536 679
13537 679
13538 557
13539 557
13540 557
13541 557
13542 597
13543 594
13544 736
13545 468
13546 468
13547 468
13548 468
13549 483
13550 152
13551 154
13552 39
13553 39
13554 39
13555 39
13556 658
13557 835
13558 835
13559 275
13560 275
13561 275
13562 275
13563 275
13564 787
13565 725
13566 759
13567 169
13568 169
13569 169
13570 169
13571 169
13572 169
13573 739
13574 739
13575 739
13576 739
13577 739
13578 338
13579 348
13580 359
13581 520
13582 454
13583 521
13584 418
13585 159
13586 394
13587 398
13588 394
13589 394
13590 394
13591 383
13592 259
13593 259
13594 259
13595 799
13596 721
13597 721
13598 628
13599 654
13600 654
13601 684
13602 17
13603 315
13604 315
13605 466
13606 466
13607 449
13608 346
13609 737
13610 706
13611 414
13612 413
13613 414
13614 414
13615 648
13616 648
13617 34
13618 35
13619 18
13620 35
13621 232
13622 744
13623 232
13624 777
13625 232
13626 232
13627 232
13628 717
13629 681
13630 156
13631 157
13632 156
13633 156
13634 265
13635 165
13636 165
13637 165
13638 165
13639 358
13640 358
13641 358
13642 216
13643 318
13644 201
13645 318
13646 318
13647 72
13648 209
13649 95
13650 72
13651 449
13652 449
13653 487
13654 79
13655 469
13656 538
13657 340
13658 611
13659 611
13660 838
13661 838
13662 469
13663 603
13664 476
13665 469
13666 139
13667 846
13668 846
13669 703
13670 714
13671 217
13672 242
13673 218
13674 141
13675 101
13676 141
13677 531
13678 531
13679 531
13680 531
13681 500
13682 500
13683 500
13684 0
13685 0
13686 6
13687 6
13688 394
13689 394
13690 394
13691 394
13692 394
13693 147
13694 147
13695 516
13696 412
13697 412
13698 449
13699 464
13700 666
13701 666
13702 741
13703 666
13704 666
13705 233
13706 233
13707 623
13708 623
13709 442
13710 442
13711 506
13712 741
13713 836
13714 741
13715 603
13716 603
13717 119
13718 135
13719 135
13720 266
13721 266
13722 266
13723 266
13724 391
13725 391
13726 391
13727 382
13728 391
13729 838
13730 838
13731 95
13732 95
13733 570
13734 570
13735 128
13736 22
13737 819
13738 819
13739 819
13740 418
13741 418
13742 418
13743 418
13744 418
13745 615
13746 615
13747 615
13748 75
13749 75
13750 441
13751 412
13752 368
13753 838
13754 838
13755 189
13756 383
13757 383
13758 383
13759 527
13760 527
13761 132
13762 663
13763 225
13764 251
13765 822
13766 830
13767 579
13768 822
13769 822
13770 568
13771 568
13772 568
13773 572
13774 173
13775 173
13776 282
13777 282
13778 362
13779 147
13780 362
13781 173
13782 388
13783 177
13784 173
13785 173
13786 255
13787 255
13788 255
13789 77
13790 77
13791 194
13792 194
13793 194
13794 194
13795 194
13796 392
13797 392
13798 64
13799 787
13800 694
13801 704
13802 787
13803 787
13804 787
13805 787
13806 787
13807 522
13808 522
13809 522
13810 469
13811 469
13812 70
13813 148
13814 70
13815 736
13816 736
13817 355
13818 446
13819 446
13820 834
13821 446
13822 378
13823 378
13824 379
13825 156
13826 156
13827 156
13828 156
13829 232
13830 232
13831 232
13832 79
13833 193
13834 678
13835 678
13836 711
13837 728
13838 711
13839 498
13840 97
13841 623
13842 623
13843 249
13844 548
13845 351
13846 57
13847 433
13848 435
13849 471
13850 472
13851 366
13852 366
13853 366
13854 436
13855 436
13856 455
13857 455
13858 455
13859 439
13860 455
13861 436
13862 246
13863 707
13864 719
13865 517
13866 68
13867 68
13868 68
13869 662
13870 662
13871 662
13872 662
13873 259
13874 189
13875 189
13876 189
13877 189
13878 189
13879 87
13880 87
13881 87
13882 798
13883 247
13884 125
13885 348
13886 841
13887 841
13888 393
13889 395
13890 151
13891 595
13892 595
13893 595
13894 775
13895 775
13896 775
13897 775
13898 775
13899 719
13900 717
13901 250
13902 253
13903 253
13904 357
13905 571
13906 571
13907 571
13908 571
13909 396
13910 190
13911 338
13912 413
13913 257
13914 140
13915 187
13916 141
13917 140
13918 433
13919 63
13920 67
13921 416
13922 416
13923 416
13924 416
13925 572
13926 572
13927 321
13928 321
13929 366
13930 366
13931 368
13932 387
13933 684
13934 675
13935 745
13936 684
13937 684
13938 684
13939 675
13940 745
13941 236
13942 236
13943 19
13944 19
13945 19
13946 19
13947 19
13948 19
13949 717
13950 717
13951 762
13952 760
13953 762
13954 83
13955 83
13956 62
13957 151
13958 110
13959 151
13960 223
13961 242
13962 240
13963 6
13964 599
13965 599
13966 597
13967 617
13968 597
13969 498
13970 597
13971 250
13972 594
13973 205
13974 205
13975 205
13976 365
13977 143
13978 360
13979 369
13980 558
13981 558
13982 151
13983 62
13984 63
13985 108
13986 114
13987 114
13988 111
13989 114
13990 111
13991 114
13992 292
13993 292
13994 597
13995 597
13996 597
13997 597
13998 67
13999 252
14000 59
14001 67
14002 129
14003 67
14004 440
14005 455
14006 521
14007 521
14008 521
14009 433
14010 455
14011 556
14012 557
14013 556
14014 524
14015 524
14016 298
14017 298
14018 298
14019 578
14020 578
14021 448
14022 448
14023 528
14024 703
14025 714
14026 100
14027 100
14028 173
14029 100
14030 100
14031 524
14032 524
14033 169
14034 169
14035 169
14036 169
14037 770
14038 313
14039 313
14040 610
14041 610
14042 610
14043 109
14044 109
14045 109
14046 730
14047 730
14048 730
14049 730
14050 772
14051 772
14052 770
14053 343
14054 628
14055 87
14056 628
14057 628
14058 823
14059 823
14060 823
14061 387
14062 831
14063 406
14064 254
14065 254
14066 254
14067 254
14068 632
14069 463
14070 632
14071 816
14072 816
14073 515
14074 523
14075 523
14076 459
14077 523
14078 523
14079 342
14080 123
14081 123
14082 123
14083 128
14084 123
14085 740
14086 740
14087 740
14088 740
14089 547
14090 441
14091 649
14092 649
14093 649
14094 717
14095 725
14096 717
14097 390
14098 717
14099 704
14100 714
14101 576
14102 65
14103 45
14104 170
14105 170
14106 170
14107 793
14108 793
14109 793
14110 793
14111 793
14112 793
14113 595
14114 595
14115 604
14116 595
14117 595
14118 595
14119 819
14120 523
14121 739
14122 94
14123 351
14124 94
14125 94
14126 183
14127 183
14128 183
14129 183
14130 513
14131 383
14132 707
14133 749
14134 174
14135 174
14136 174
14137 125
14138 498
14139 272
14140 272
14141 272
14142 129
14143 272
14144 45
14145 45
14146 368
14147 368
14148 368
14149 368
14150 368
14151 368
14152 368
14153 628
14154 628
14155 628
14156 628
14157 649
14158 672
14159 599
14160 599
14161 448
14162 448
14163 160
14164 448
14165 812
14166 532
14167 18
14168 18
14169 18
14170 18
14171 421
14172 472
14173 472
14174 472
14175 440
14176 455
14177 468
14178 468
14179 468
14180 165
14181 165
14182 464
14183 464
14184 526
14185 465
14186 472
14187 380
14188 380
14189 380
14190 718
14191 387
14192 833
14193 833
14194 833
14195 327
14196 151
14197 339
14198 838
14199 838
14200 419
14201 419
14202 424
14203 740
14204 740
14205 740
14206 693
14207 740
14208 740
14209 472
14210 472
14211 311
14212 311
14213 818
14214 126
14215 126
14216 126
14217 126
14218 464
14219 464
14220 472
14221 464
14222 370
14223 535
14224 792
14225 792
14226 792
14227 72
14228 72
14229 72
14230 736
14231 736
14232 736
14233 773
14234 773
14235 547
14236 827
14237 442
14238 482
14239 510
14240 4
14241 11
14242 726
14243 842
14244 726
14245 367
14246 367
14247 601
14248 601
14249 601
14250 601
14251 8
14252 55
14253 395
14254 468
14255 484
14256 445
14257 7
14258 39
14259 24
14260 76
14261 4
14262 7
14263 504
14264 504
14265 531
14266 327
14267 412
14268 193
14269 806
14270 806
14271 806
14272 806
14273 161
14274 161
14275 242
14276 242
14277 219
14278 219
14279 623
14280 623
14281 623
14282 623
14283 737
14284 729
14285 734
14286 14
14287 14
14288 15
14289 543
14290 543
14291 140
14292 630
14293 621
14294 630
14295 630
14296 630
14297 630
14298 621
14299 599
14300 599
14301 599
14302 610
14303 613
14304 613
14305 665
14306 665
14307 723
14308 723
14309 153
14310 153
14311 153
14312 153
14313 625
14314 295
14315 706
14316 746
14317 821
14318 821
14319 531
14320 633
14321 531
14322 215
14323 540
14324 243
14325 267
14326 243
14327 653
14328 714
14329 816
14330 824
14331 826
14332 824
14333 824
14334 824
14335 833
14336 833
14337 313
14338 313
14339 313
14340 347
14341 347
14342 347
14343 726
14344 213
14345 213
14346 213
14347 213
14348 351
14349 351
14350 575
14351 575
14352 67
14353 481
14354 640
14355 640
14356 245
14357 245
14358 159
14359 599
14360 599
14361 599
14362 599
14363 599
14364 599
14365 821
14366 821
14367 821
14368 540
14369 852
14370 684
14371 852
14372 380
14373 146
14374 146
14375 191
14376 192
14377 191
14378 191
14379 398
14380 428
14381 398
14382 90
14383 215
14384 90
14385 242
14386 242
14387 242
14388 242
14389 242
14390 427
14391 427
14392 256
14393 256
14394 194
14395 256
14396 256
14397 473
14398 473
14399 473
14400 329
14401 776
14402 776
14403 776
14404 776
14405 218
14406 218
14407 218
14408 554
14409 554
14410 554
14411 100
14412 100
14413 100
14414 95
14415 333
14416 338
14417 335
14418 333
14419 333
14420 506
14421 277
14422 277
14423 277
14424 277
14425 345
14426 345
14427 345
14428 76
14429 77
14430 76
14431 76
14432 460
14433 484
14434 621
14435 621
14436 621
14437 523
14438 240
14439 523
14440 359
14441 359
14442 359
14443 701
14444 701
14445 74
14446 43
14447 74
14448 74
14449 74
14450 6
14451 6
14452 690
14453 810
14454 712
14455 690
14456 690
14457 690
14458 810
14459 569
14460 569
14461 569
14462 463
14463 463
14464 455
14465 100
14466 100
14467 100
14468 858
14469 623
14470 623
14471 640
14472 610
14473 611
14474 610
14475 610
14476 422
14477 46
14478 46
14479 384
14480 384
14481 367
14482 367
14483 367
14484 367
14485 328
14486 329
14487 336
14488 799
14489 799
14490 799
14491 799
14492 799
14493 799
14494 346
14495 346
14496 346
14497 231
14498 838
14499 838
14500 20
14501 20
14502 20
14503 574
14504 828
14505 828
14506 336
14507 336
14508 366
14509 216
14510 38
14511 657
14512 727
14513 672
14514 549
14515 119
14516 119
14517 119
14518 238
14519 819
14520 819
14521 819
14522 543
14523 543
14524 543
14525 475
14526 543
14527 168
14528 168
14529 858
14530 858
14531 858
14532 244
14533 244
14534 244
14535 7
14536 10
14537 51
14538 624
14539 624
14540 809
14541 624
14542 354
14543 354
14544 354
14545 653
14546 672
14547 510
14548 745
14549 475
14550 653
14551 664
14552 693
14553 693
14554 693
14555 693
14556 358
14557 358
14558 464
14559 311
14560 188
14561 482
14562 467
14563 484
14564 484
14565 326
14566 350
14567 91
14568 91
14569 91
14570 611
14571 611
14572 346
14573 346
14574 577
14575 592
14576 838
14577 577
14578 577
14579 96
14580 96
14581 96
14582 145
14583 588
14584 588
14585 588
14586 57
14587 691
14588 299
14589 691
14590 691
14591 240
14592 680
14593 493
14594 493
14595 606
14596 606
14597 606
14598 136
14599 151
14600 77
14601 77
14602 554
14603 554
14604 554
14605 557
14606 783
14607 786
14608 783
14609 495
14610 112
14611 112
14612 112
14613 392
14614 392
14615 610
14616 733
14617 614
14618 610
14619 610
14620 610
14621 436
14622 460
14623 460
14624 418
14625 418
14626 418
14627 677
14628 154
14629 154
14630 154
14631 85
14632 0
14633 16
14634 575
14635 575
14636 575
14637 117
14638 117
14639 29
14640 3
14641 3
14642 24
14643 3
14644 636
14645 636
14646 609
14647 609
14648 802
14649 328
14650 802
14651 58
14652 459
14653 510
14654 728
14655 484
14656 569
14657 569
14658 569
14659 569
14660 580
14661 676
14662 732
14663 688
14664 688
14665 676
14666 483
14667 483
14668 483
14669 9
14670 24
14671 24
14672 263
14673 263
14674 311
14675 311
14676 700
14677 188
14678 163
14679 700
14680 700
14681 596
14682 597
14683 596
14684 105
14685 105
14686 598
14687 598
14688 613
14689 613
14690 613
14691 613
14692 502
14693 502
14694 502
14695 502
14696 531
14697 531
14698 721
14699 721
14700 721
14701 721
14702 721
14703 567
14704 567
14705 692
14706 609
14707 478
14708 609
14709 321
14710 609
14711 609
14712 463
14713 705
14714 64
14715 508
14716 416
14717 416
14718 711
14719 416
14720 416
14721 416
14722 800
14723 800
14724 800
14725 169
14726 169
14727 169
14728 557
14729 230
14730 651
14731 521
14732 521
14733 521
14734 521
14735 0
14736 0
14737 298
14738 298
14739 245
14740 272
14741 269
14742 272
14743 800
14744 800
14745 800
14746 293
14747 293
14748 293
14749 761
14750 761
14751 473
14752 474
14753 608
14754 178
14755 178
14756 178
14757 359
14758 359
14759 74
14760 74
14761 154
14762 146
14763 74
14764 771
14765 232
14766 232
14767 465
14768 511
14769 818
14770 861
14771 818
14772 333
14773 149
14774 149
14775 668
14776 760
14777 779
14778 760
14779 760
14780 779
14781 498
14782 252
14783 27
14784 27
14785 298
14786 298
14787 417
14788 417
14789 417
14790 417
14791 409
14792 411
14793 409
14794 712
14795 223
14796 339
14797 762
14798 424
14799 777
14800 777
14801 661
14802 616
14803 616
14804 616
14805 616
14806 616
14807 495
14808 838
14809 838
14810 122
14811 122
14812 421
14813 122
14814 123
14815 122
14816 122
14817 223
14818 225
14819 599
14820 599
14821 234
14822 538
14823 234
14824 234
14825 234
14826 111
14827 460
14828 460
14829 625
14830 625
14831 625
14832 626
14833 547
14834 710
14835 379
14836 411
14837 146
14838 411
14839 411
14840 405
14841 132
14842 484
14843 795
14844 795
14845 795
14846 795
14847 795
14848 358
14849 358
14850 136
14851 141
14852 136
14853 513
14854 669
14855 669
14856 331
14857 331
14858 417
14859 417
14860 417
14861 417
14862 417
14863 503
14864 503
14865 503
14866 503
14867 503
14868 177
14869 177
14870 574
14871 575
14872 575
14873 488
14874 821
14875 486
14876 91
14877 511
14878 821
14879 499
14880 511
14881 734
14882 429
14883 734
14884 734
14885 392
14886 363
14887 392
14888 500
14889 494
14890 500
14891 500
14892 484
14893 762
14894 494
14895 500
14896 500
14897 569
14898 569
14899 569
14900 572
14901 351
14902 304
14903 35
14904 35
14905 298
14906 446
14907 298
14908 823
14909 832
14910 823
14911 823
14912 823
14913 823
14914 823
14915 216
14916 238
14917 219
14918 244
14919 246
14920 280
14921 246
14922 129
14923 129
14924 164
14925 164
14926 324
14927 324
14928 325
14929 325
14930 661
14931 142
14932 381
14933 159
14934 501
14935 115
14936 87
14937 7
14938 87
14939 444
14940 385
14941 385
14942 232
14943 403
14944 403
14945 66
14946 63
14947 253
14948 168
14949 168
14950 168
14951 168
14952 554
14953 565
14954 554
14955 554
14956 418
14957 418
14958 418
14959 745
14960 745
14961 745
14962 861
14963 861
14964 600
14965 600
14966 607
14967 567
14968 567
14969 567
14970 331
14971 334
14972 744
14973 744
14974 744
14975 404
14976 744
14977 554
14978 554
14979 554
14980 480
14981 480
14982 504
14983 330
14984 436
14985 455
14986 729
14987 194
14988 455
14989 455
14990 610
14991 610
14992 204
14993 204
14994 594
14995 350
14996 594
14997 708
14998 594
14999 788
15000 788
15001 68
15002 400
15003 400
15004 118
15005 118
15006 112
15007 118
15008 503
15009 503
15010 725
15011 725
15012 725
15013 725
15014 109
15015 121
15016 501
15017 3
15018 24
15019 4
15020 13
15021 96
15022 96
15023 96
15024 363
15025 363
15026 363
15027 157
15028 363
15029 363
15030 72
15031 293
15032 493
15033 293
15034 252
15035 252
15036 363
15037 109
15038 531
15039 651
15040 651
15041 327
15042 663
15043 663
15044 663
15045 809
15046 663
15047 784
15048 33
15049 33
15050 83
15051 10
15052 33
15053 226
15054 72
15055 61
15056 72
15057 72
15058 72
15059 392
15060 392
15061 744
15062 817
15063 744
15064 744
15065 162
15066 521
15067 601
15068 615
15069 615
15070 614
15071 615
15072 211
15073 211
15074 211
15075 211
15076 565
15077 565
15078 388
15079 166
15080 169
15081 103
15082 185
15083 20
15084 20
15085 20
15086 20
15087 783
15088 783
15089 783
15090 603
15091 603
15092 603
15093 604
15094 43
15095 247
15096 43
15097 469
15098 469
15099 469
15100 469
15101 280
15102 171
15103 280
15104 437
15105 455
15106 734
15107 484
15108 59
15109 378
15110 729
15111 850
15112 497
15113 397
15114 397
15115 64
15116 833
15117 833
15118 833
15119 185
15120 185
15121 185
15122 185
15123 185
15124 437
15125 436
15126 74
15127 455
15128 56
15129 418
15130 418
15131 418
15132 83
15133 418
15134 217
15135 498
15136 498
15137 50
15138 50
15139 50
15140 50
15141 469
15142 484
15143 631
15144 558
15145 570
15146 558
15147 558
15148 530
15149 530
15150 272
15151 272
15152 790
15153 790
15154 790
15155 790
15156 790
15157 790
15158 244
15159 244
15160 244
15161 452
15162 556
15163 452
15164 452
15165 452
15166 163
15167 163
15168 163
15169 533
15170 533
15171 533
15172 689
15173 11
15174 777
15175 777
15176 777
15177 689
15178 689
15179 689
15180 689
15181 689
15182 689
15183 364
15184 364
15185 278
15186 278
15187 278
15188 615
15189 615
15190 450
15191 450
15192 794
15193 426
15194 51
15195 688
15196 859
15197 100
15198 100
15199 363
15200 358
15201 359
15202 360
15203 637
15204 637
15205 637
15206 726
15207 726
15208 838
15209 838
15210 838
15211 156
15212 156
15213 156
15214 156
15215 156
15216 299
15217 245
15218 299
15219 299
15220 299
15221 295
15222 295
15223 295
15224 285
15225 117
15226 117
15227 117
15228 837
15229 837
15230 837
15231 560
15232 560
15233 560
15234 169
15235 183
15236 169
15237 141
15238 48
15239 532
15240 532
15241 755
15242 755
15243 582
15244 582
15245 582
15246 633
15247 633
15248 256
15249 256
15250 256
15251 174
15252 174
15253 174
15254 174
15255 173
15256 174
15257 234
15258 234
15259 362
15260 362
15261 271
15262 93
15263 93
15264 490
15265 220
15266 580
15267 580
15268 449
15269 279
15270 279
15271 279
15272 279
15273 548
15274 174
15275 101
15276 101
15277 711
15278 163
15279 163
15280 743
15281 746
15282 743
15283 743
15284 743
15285 846
15286 846
15287 495
15288 88
15289 362
15290 362
15291 364
15292 362
15293 416
15294 416
15295 416
15296 416
15297 440
15298 55
15299 215
15300 215
15301 126
15302 126
15303 126
15304 126
15305 380
15306 380
15307 380
15308 61
15309 79
15310 325
15311 336
15312 532
15313 532
15314 532
15315 795
15316 532
15317 532
15318 532
15319 725
15320 725
15321 577
15322 577
15323 73
15324 732
15325 186
15326 732
15327 546
15328 546
15329 546
15330 546
15331 546
15332 20
15333 20
15334 72
15335 14
15336 215
15337 217
15338 219
15339 667
15340 215
15341 331
15342 635
15343 635
15344 17
15345 16
15346 403
15347 460
15348 270
15349 743
15350 743
15351 743
15352 743
15353 743
15354 528
15355 743
15356 659
15357 382
15358 664
15359 679
15360 659
15361 739
15362 739
15363 489
15364 350
15365 257
15366 257
15367 257
15368 257
15369 348
15370 348
15371 348
15372 183
15373 183
15374 640
15375 640
15376 640
15377 618
15378 618
15379 618
15380 82
15381 532
15382 532
15383 532
15384 75
15385 75
15386 75
15387 75
15388 75
15389 243
15390 540
15391 183
15392 640
15393 640
15394 640
15395 640
15396 640
15397 18
15398 18
15399 20
15400 18
15401 315
15402 315
15403 315
15404 641
15405 641
15406 257
15407 218
15408 259
15409 257
15410 257
15411 270
15412 270
15413 270
15414 844
15415 844
15416 844
15417 852
15418 844
15419 432
15420 448
15421 455
15422 455
15423 558
15424 558
15425 739
15426 656
15427 373
15428 371
15429 78
15430 371
15431 371
15432 719
15433 376
15434 376
15435 413
15436 413
15437 666
15438 413
15439 11
15440 165
15441 165
15442 165
15443 311
15444 311
15445 311
15446 311
15447 311
15448 5
15449 64
15450 747
15451 747
15452 747
15453 12
15454 12
15455 269
15456 860
15457 860
15458 461
15459 484
15460 461
15461 370
15462 33
15463 78
15464 85
15465 78
15466 720
15467 720
15468 720
15469 720
15470 720
15471 740
15472 79
15473 770
15474 774
15475 362
15476 362
15477 364
15478 362
15479 362
15480 778
15481 778
15482 660
15483 660
15484 423
15485 423
15486 423
15487 452
15488 642
15489 642
15490 642
15491 642
15492 263
15493 574
15494 574
15495 574
15496 697
15497 261
15498 261
15499 261
15500 642
15501 642
15502 713
15503 832
15504 832
15505 405
15506 407
15507 405
15508 405
15509 176
15510 176
15511 176
15512 169
15513 169
15514 169
15515 75
15516 75
15517 75
15518 75
15519 75
15520 437
15521 536
15522 386
15523 341
15524 394
15525 435
15526 452
15527 95
15528 455
15529 455
15530 455
15531 193
15532 432
15533 455
15534 455
15535 455
15536 748
15537 748
15538 382
15539 178
15540 581
15541 28
15542 8
15543 704
15544 704
15545 704
15546 183
15547 140
15548 174
15549 183
15550 165
15551 165
15552 27
15553 28
15554 787
15555 787
15556 378
15557 62
15558 154
15559 179
15560 150
15561 155
15562 714
15563 292
15564 340
15565 426
15566 340
15567 14
15568 14
15569 14
15570 14
15571 125
15572 125
15573 125
15574 125
15575 274
15576 274
15577 274
15578 274
15579 246
15580 414
15581 246
15582 246
15583 230
15584 230
15585 753
15586 753
15587 753
15588 422
15589 422
15590 810
15591 207
15592 207
15593 96
15594 96
15595 96
15596 326
15597 530
15598 530
15599 530
15600 538
15601 486
15602 236
15603 236
15604 236
15605 262
15606 262
15607 765
15608 765
15609 765
15610 798
15611 683
15612 683
15613 683
15614 9
15615 329
15616 338
15617 3
15618 102
15619 6
15620 46
15621 102
15622 845
15623 845
15624 845
15625 845
15626 845
15627 217
15628 219
15629 240
15630 500
15631 723
15632 723
15633 326
15634 352
15635 688
15636 344
15637 344
15638 357
15639 357
15640 357
15641 357
15642 264
15643 578
15644 578
15645 578
15646 578
15647 578
15648 665
15649 665
15650 478
15651 478
15652 748
15653 748
15654 748
15655 99
15656 99
15657 99
15658 152
15659 455
15660 359
15661 129
15662 129
15663 129
15664 781
15665 781
15666 781
15667 781
15668 722
15669 816
15670 709
15671 722
15672 722
15673 709
15674 264
15675 387
15676 387
15677 697
15678 697
15679 697
15680 403
15681 388
15682 691
15683 691
15684 754
15685 691
15686 691
15687 584
15688 555
15689 584
15690 514
15691 514
15692 603
15693 603
15694 474
15695 124
15696 604
15697 188
15698 78
15699 604
15700 781
15701 781
15702 781
15703 679
15704 679
15705 679
15706 152
15707 142
15708 255
15709 77
15710 77
15711 77
15712 344
15713 426
15714 738
15715 323
15716 676
15717 29
15718 96
15719 345
15720 345
15721 347
15722 300
15723 300
15724 300
15725 779
15726 779
15727 779
15728 779
15729 723
15730 344
15731 723
15732 725
15733 723
15734 818
15735 818
15736 719
15737 559
15738 559
15739 559
15740 559
15741 273
15742 273
15743 375
15744 273
15745 273
15746 273
15747 59
15748 145
15749 29
15750 538
15751 538
15752 374
15753 538
15754 5
15755 118
15756 24
15757 679
15758 835
15759 739
15760 733
15761 158
15762 158
15763 158
15764 158
15765 158
15766 266
15767 266
15768 266
15769 172
15770 172
15771 514
15772 514
15773 583
15774 583
15775 583
15776 590
15777 583
15778 536
15779 536
15780 549
15781 549
15782 549
15783 69
15784 225
15785 71
15786 69
15787 839
15788 839
15789 839
15790 839
15791 839
15792 345
15793 345
15794 345
15795 345
15796 346
15797 347
15798 150
15799 150
15800 149
15801 345
15802 345
15803 345
15804 604
15805 604
15806 604
15807 604
15808 106
15809 500
15810 630
15811 630
15812 630
15813 630
15814 630
15815 630
15816 598
15817 607
15818 598
15819 156
15820 156
15821 234
15822 234
15823 234
15824 779
15825 779
15826 779
15827 714
15828 96
15829 570
15830 164
15831 164
15832 164
15833 435
15834 455
15835 435
15836 369
15837 369
15838 369
15839 369
15840 369
15841 369
15842 273
15843 273
15844 273
15845 360
15846 360
15847 544
15848 544
15849 564
15850 564
15851 168
15852 168
15853 203
15854 203
15855 203
15856 203
15857 203
15858 329
15859 105
15860 254
15861 300
15862 300
15863 371
15864 371
15865 371
15866 838
15867 838
15868 228
15869 228
15870 228
15871 61
15872 67
15873 62
15874 706
15875 708
15876 713
15877 728
15878 706
15879 812
15880 709
15881 507
15882 527
15883 507
15884 507
15885 662
15886 274
15887 274
15888 274
15889 274
15890 274
15891 509
15892 509
15893 114
15894 509
15895 509
15896 509
15897 149
15898 340
15899 149
15900 149
15901 149
15902 513
15903 420
15904 420
15905 664
15906 95
15907 299
15908 299
15909 338
15910 338
15911 338
15912 455
15913 727
15914 727
15915 727
15916 727
15917 146
15918 146
15919 252
15920 148
15921 414
15922 837
15923 837
15924 338
15925 338
15926 32
15927 10
15928 32
15929 32
15930 32
15931 516
15932 526
15933 677
15934 727
15935 727
15936 681
15937 681
15938 702
15939 713
15940 761
15941 761
15942 761
15943 768
15944 768
15945 761
15946 630
15947 630
15948 630
15949 630
15950 630
15951 630
15952 799
15953 799
15954 62
15955 171
15956 171
15957 29
15958 171
15959 725
15960 527
15961 527
15962 697
15963 697
15964 697
15965 238
15966 238
15967 238
15968 238
15969 647
15970 647
15971 11
15972 493
15973 511
15974 675
15975 389
15976 389
15977 362
15978 362
15979 544
15980 238
15981 238
15982 238
15983 238
15984 693
15985 693
15986 204
15987 401
15988 204
15989 204
15990 204
15991 204
15992 626
15993 626
15994 705
15995 714
15996 704
15997 465
15998 465
15999 737
16000 626
16001 737
16002 737
16003 737
16004 371
16005 364
16006 817
16007 817
16008 261
16009 198
16010 261
16011 261
16012 82
16013 90
16014 82
16015 336
16016 258
16017 484
16018 484
16019 24
16020 24
16021 357
16022 636
16023 636
16024 736
16025 736
16026 736
16027 840
16028 516
16029 840
16030 840
16031 441
16032 486
16033 511
16034 436
16035 776
16036 455
16037 455
16038 237
16039 237
16040 237
16041 844
16042 844
16043 431
16044 431
16045 431
16046 237
16047 237
16048 237
16049 237
16050 237
16051 538
16052 538
16053 39
16054 39
16055 39
16056 633
16057 633
16058 633
16059 633
16060 326
16061 443
16062 443
16063 443
16064 438
16065 443
16066 382
16067 383
16068 382
16069 383
16070 559
16071 559
16072 559
16073 559
16074 311
16075 717
16076 311
16077 311
16078 463
16079 463
16080 346
16081 346
16082 346
16083 272
16084 272
16085 272
16086 272
16087 736
16088 817
16089 293
16090 736
16091 245
16092 1
16093 43
16094 218
16095 218
16096 218
16097 128
16098 128
16099 128
16100 128
16101 128
16102 596
16103 596
16104 132
16105 132
16106 132
16107 132
16108 0
16109 702
16110 426
16111 705
16112 766
16113 259
16114 259
16115 664
16116 664
16117 664
16118 664
16119 675
16120 726
16121 726
16122 726
16123 726
16124 633
16125 633
16126 836
16127 371
16128 371
16129 371
16130 371
16131 257
16132 371
16133 702
16134 742
16135 704
16136 697
16137 697
16138 736
16139 697
16140 697
16141 806
16142 806
16143 806
16144 805
16145 806
16146 313
16147 313
16148 643
16149 643
16150 643
16151 764
16152 643
16153 409
16154 390
16155 103
16156 373
16157 373
16158 296
16159 296
16160 296
16161 296
16162 296
16163 296
16164 296
16165 296
16166 105
16167 105
16168 142
16169 105
16170 345
16171 547
16172 547
16173 480
16174 480
16175 579
16176 799
16177 480
16178 480
16179 741
16180 741
16181 741
16182 741
16183 741
16184 741
16185 150
16186 150
16187 650
16188 698
16189 693
16190 664
16191 234
16192 234
16193 234
16194 708
16195 556
16196 118
16197 118
16198 118
16199 772
16200 773
16201 772
16202 137
16203 138
16204 141
16205 115
16206 466
16207 466
16208 484
16209 462
16210 129
16211 129
16212 129
16213 129
16214 173
16215 159
16216 274
16217 299
16218 299
16219 467
16220 254
16221 463
16222 447
16223 590
16224 447
16225 235
16226 235
16227 235
16228 235
16229 387
16230 387
16231 387
16232 387
16233 387
16234 459
16235 584
16236 465
16237 484
16238 783
16239 741
16240 741
16241 461
16242 696
16243 754
16244 472
16245 67
16246 169
16247 169
16248 169
16249 28
16250 740
16251 740
16252 740
16253 740
16254 744
16255 740
16256 12
16257 304
16258 30
16259 107
16260 107
16261 107
16262 464
16263 484
16264 812
16265 812
16266 707
16267 840
16268 158
16269 158
16270 158
16271 158
16272 583
16273 583
16274 583
16275 583
16276 583
16277 583
16278 10
16279 367
16280 24
16281 709
16282 709
16283 142
16284 542
16285 440
16286 455
16287 455
16288 455
16289 740
16290 740
16291 31
16292 31
16293 77
16294 77
16295 696
16296 696
16297 4
16298 97
16299 97
16300 97
16301 548
16302 548
16303 602
16304 602
16305 206
16306 285
16307 699
16308 699
16309 111
16310 397
16311 473
16312 467
16313 655
16314 521
16315 55
16316 119
16317 119
16318 784
16319 784
16320 784
16321 784
16322 333
16323 333
16324 342
16325 289
16326 291
16327 289
16328 289
16329 536
16330 536
16331 536
16332 484
16333 24
16334 651
16335 449
16336 449
16337 603
16338 449
16339 312
16340 312
16341 312
16342 535
16343 535
16344 568
16345 55
16346 60
16347 79
16348 55
16349 435
16350 728
16351 487
16352 499
16353 511
16354 718
16355 718
16356 262
16357 262
16358 81
16359 813
16360 813
16361 500
16362 501
16363 501
16364 226
16365 226
16366 226
16367 447
16368 447
16369 447
16370 728
16371 436
16372 390
16373 444
16374 455
16375 455
16376 504
16377 486
16378 455
16379 511
16380 576
16381 526
16382 576
16383 579
16384 687
16385 526
16386 576
16387 298
16388 298
16389 626
16390 626
16391 685
16392 641
16393 685
16394 685
16395 640
16396 381
16397 381
16398 135
16399 138
16400 223
16401 327
16402 411
16403 505
16404 145
16405 148
16406 148
16407 148
16408 226
16409 369
16410 369
16411 369
16412 369
16413 799
16414 799
16415 87
16416 449
16417 449
16418 449
16419 714
16420 604
16421 604
16422 604
16423 604
16424 334
16425 334
16426 334
16427 126
16428 132
16429 695
16430 695
16431 695
16432 695
16433 695
16434 459
16435 460
16436 460
16437 459
16438 475
16439 484
16440 484
16441 459
16442 459
16443 774
16444 774
16445 770
16446 774
16447 774
16448 774
16449 473
16450 473
16451 473
16452 539
16453 539
16454 527
16455 738
16456 649
16457 672
16458 672
16459 672
16460 706
16461 672
16462 698
16463 484
16464 628
16465 459
16466 546
16467 553
16468 546
16469 650
16470 691
16471 536
16472 536
16473 536
16474 442
16475 534
16476 534
16477 534
16478 534
16479 535
16480 535
16481 262
16482 262
16483 262
16484 490
16485 511
16486 511
16487 225
16488 224
16489 828
16490 569
16491 828
16492 441
16493 473
16494 473
16495 473
16496 477
16497 190
16498 300
16499 300
16500 300
16501 424
16502 300
16503 300
16504 560
16505 560
16506 560
16507 560
16508 560
16509 541
16510 553
16511 566
16512 167
16513 167
16514 167
16515 118
16516 817
16517 817
16518 544
16519 544
16520 572
16521 572
16522 572
16523 651
16524 694
16525 699
16526 701
16527 651
16528 661
16529 814
16530 814
16531 816
16532 423
16533 423
16534 423
16535 796
16536 796
16537 796
16538 796
16539 624
16540 624
16541 624
16542 624
16543 624
16544 834
16545 834
16546 834
16547 483
16548 834
16549 651
16550 581
16551 108
16552 77
16553 388
16554 705
16555 766
16556 388
16557 388
16558 312
16559 312
16560 607
16561 6
16562 13
16563 24
16564 24
16565 24
16566 537
16567 537
16568 537
16569 537
16570 116
16571 18
16572 442
16573 455
16574 204
16575 204
16576 396
16577 396
16578 396
16579 396
16580 396
16581 315
16582 490
16583 601
16584 598
16585 598
16586 601
16587 601
16588 561
16589 625
16590 626
16591 623
16592 625
16593 625
16594 664
16595 664
16596 227
16597 77
16598 77
16599 77
16600 151
16601 151
16602 151
16603 152
16604 789
16605 629
16606 146
16607 455
16608 685
16609 685
16610 685
16611 685
16612 685
16613 685
16614 116
16615 133
16616 83
16617 83
16618 523
16619 523
16620 619
16621 523
16622 450
16623 450
16624 354
16625 840
16626 840
16627 840
16628 840
16629 4
16630 95
16631 24
16632 790
16633 790
16634 790
16635 790
16636 790
16637 493
16638 171
16639 171
16640 475
16641 475
16642 548
16643 854
16644 572
16645 572
16646 138
16647 138
16648 100
16649 325
16650 325
16651 325
16652 325
16653 325
16654 336
16655 336
16656 325
16657 559
16658 559
16659 378
16660 532
16661 632
16662 632
16663 632
16664 680
16665 632
16666 741
16667 741
16668 262
16669 262
16670 265
16671 262
16672 151
16673 96
16674 355
16675 355
16676 34
16677 34
16678 51
16679 34
16680 545
16681 541
16682 545
16683 247
16684 247
16685 109
16686 110
16687 110
16688 480
16689 480
16690 480
16691 480
16692 480
16693 503
16694 632
16695 633
16696 632
16697 632
16698 632
16699 669
16700 669
16701 669
16702 648
16703 669
16704 648
16705 396
16706 396
16707 426
16708 396
16709 62
16710 79
16711 64
16712 63
16713 594
16714 606
16715 555
16716 555
16717 555
16718 843
16719 843
16720 843
16721 843
16722 843
16723 235
16724 235
16725 115
16726 169
16727 169
16728 169
16729 754
16730 754
16731 462
16732 462
16733 462
16734 484
16735 675
16736 58
16737 146
16738 146
16739 144
16740 146
16741 146
16742 147
16743 425
16744 421
16745 425
16746 459
16747 282
16748 183
16749 183
16750 778
16751 778
16752 778
16753 778
16754 778
16755 634
16756 634
16757 634
16758 164
16759 164
16760 164
16761 339
16762 339
16763 535
16764 570
16765 94
16766 94
16767 274
16768 85
16769 87
16770 85
16771 326
16772 678
16773 326
16774 771
16775 771
16776 771
16777 544
16778 449
16779 398
16780 398
16781 596
16782 607
16783 628
16784 630
16785 596
16786 607
16787 596
16788 596
16789 340
16790 76
16791 76
16792 270
16793 273
16794 219
16795 714
16796 102
16797 281
16798 282
16799 281
16800 281
16801 281
16802 281
16803 778
16804 778
16805 835
16806 835
16807 835
16808 693
16809 693
16810 695
16811 340
16812 755
16813 677
16814 688
16815 767
16816 688
16817 677
16818 736
16819 676
16820 678
16821 683
16822 336
16823 336
16824 829
16825 829
16826 625
16827 625
16828 625
16829 687
16830 659
16831 687
16832 22
16833 22
16834 60
16835 22
16836 31
16837 650
16838 650
16839 650
16840 661
16841 301
16842 301
16843 386
16844 386
16845 386
16846 544
16847 549
16848 553
16849 558
16850 544
16851 493
16852 592
16853 237
16854 237
16855 276
16856 276
16857 276
16858 629
16859 629
16860 629
16861 629
16862 278
16863 278
16864 249
16865 173
16866 173
16867 173
16868 652
16869 672
16870 33
16871 186
16872 79
16873 818
16874 133
16875 133
16876 516
16877 108
16878 451
16879 451
16880 451
16881 451
16882 757
16883 814
16884 30
16885 574
16886 574
16887 574
16888 451
16889 451
16890 746
16891 176
16892 758
16893 451
16894 17
16895 17
16896 525
16897 455
16898 91
16899 91
16900 600
16901 336
16902 204
16903 204
16904 204
16905 204
16906 860
16907 860
16908 860
16909 347
16910 347
16911 347
16912 221
16913 221
16914 229
16915 236
16916 221
16917 221
16918 217
16919 217
16920 219
16921 301
16922 301
16923 273
16924 273
16925 71
16926 71
16927 848
16928 848
16929 848
16930 848
16931 848
16932 848
16933 848
16934 338
16935 338
16936 299
16937 249
16938 339
16939 88
16940 46
16941 657
16942 657
16943 699
16944 61
16945 543
16946 778
16947 778
16948 778
16949 191
16950 191
16951 191
16952 197
16953 191
16954 191
16955 382
16956 382
16957 494
16958 495
16959 493
16960 493
16961 517
16962 493
16963 659
16964 838
16965 838
16966 838
16967 729
16968 729
16969 428
16970 428
16971 347
16972 428
16973 428
16974 717
16975 717
16976 85
16977 9
16978 61
16979 94
16980 216
16981 656
16982 748
16983 749
16984 748
16985 748
16986 748
16987 721
16988 549
16989 549
16990 549
16991 549
16992 179
16993 179
16994 179
16995 179
16996 616
16997 616
16998 438
16999 354
17000 415
17001 759
17002 768
17003 300
17004 300
17005 300
17006 450
17007 450
17008 450
17009 847
17010 847
17011 847
17012 558
17013 244
17014 246
17015 770
17016 773
17017 770
17018 795
17019 795
17020 108
17021 550
17022 550
17023 550
17024 550
17025 706
17026 159
17027 159
17028 159
17029 160
17030 159
17031 67
17032 54
17033 54
17034 434
17035 629
17036 629
17037 629
17038 204
17039 204
17040 605
17041 605
17042 613
17043 605
17044 605
17045 605
17046 766
17047 766
17048 766
17049 766
17050 660
17051 660
17052 401
17053 844
17054 844
17055 844
17056 844
17057 153
17058 153
17059 24
17060 549
17061 549
17062 549
17063 549
17064 549
17065 549
17066 549
17067 285
17068 285
17069 629
17070 629
17071 629
17072 629
17073 629
17074 744
17075 744
17076 744
17077 744
17078 615
17079 615
17080 615
17081 459
17082 484
17083 484
17084 479
17085 479
17086 84
17087 84
17088 467
17089 484
17090 562
17091 746
17092 699
17093 746
17094 754
17095 766
17096 539
17097 766
17098 555
17099 555
17100 555
17101 276
17102 276
17103 276
17104 37
17105 315
17106 315
17107 774
17108 315
17109 235
17110 17
17111 834
17112 834
17113 834
17114 834
17115 829
17116 829
17117 829
17118 248
17119 574
17120 574
17121 61
17122 61
17123 79
17124 285
17125 61
17126 136
17127 508
17128 508
17129 367
17130 83
17131 96
17132 397
17133 397
17134 396
17135 148
17136 148
17137 235
17138 393
17139 827
17140 827
17141 827
17142 827
17143 40
17144 408
17145 40
17146 40
17147 40
17148 40
17149 0
17150 408
17151 47
17152 359
17153 648
17154 64
17155 577
17156 577
17157 577
17158 575
17159 759
17160 759
17161 35
17162 35
17163 771
17164 771
17165 771
17166 772
17167 771
17168 570
17169 652
17170 672
17171 652
17172 150
17173 52
17174 550
17175 550
17176 164
17177 164
17178 335
17179 349
17180 301
17181 301
17182 301
17183 301
17184 301
17185 301
17186 711
17187 678
17188 711
17189 711
17190 711
17191 655
17192 6
17193 97
17194 210
17195 97
17196 97
17197 426
17198 97
17199 141
17200 141
17201 702
17202 594
17203 612
17204 594
17205 279
17206 38
17207 523
17208 523
17209 530
17210 516
17211 69
17212 13
17213 218
17214 218
17215 218
17216 97
17217 97
17218 548
17219 548
17220 818
17221 455
17222 298
17223 298
17224 436
17225 455
17226 648
17227 660
17228 241
17229 241
17230 241
17231 343
17232 758
17233 768
17234 369
17235 369
17236 61
17237 80
17238 654
17239 727
17240 191
17241 191
17242 191
17243 191
17244 191
17245 657
17246 695
17247 191
17248 191
17249 191
17250 766
17251 766
17252 766
17253 327
17254 327
17255 495
17256 822
17257 511
17258 694
17259 694
17260 694
17261 694
17262 664
17263 664
17264 664
17265 92
17266 92
17267 94
17268 92
17269 170
17270 170
17271 46
17272 46
17273 138
17274 495
17275 453
17276 453
17277 777
17278 777
17279 777
17280 777
17281 777
17282 554
17283 554
17284 554
17285 394
17286 394
17287 659
17288 845
17289 659
17290 845
17291 132
17292 132
17293 734
17294 734
17295 135
17296 613
17297 613
17298 613
17299 613
17300 613
17301 73
17302 97
17303 97
17304 100
17305 16
17306 16
17307 71
17308 71
17309 547
17310 547
17311 39
17312 548
17313 548
17314 405
17315 799
17316 826
17317 405
17318 350
17319 38
17320 38
17321 829
17322 829
17323 567
17324 567
17325 567
17326 106
17327 106
17328 106
17329 218
17330 218
17331 54
17332 540
17333 694
17334 861
17335 694
17336 694
17337 694
17338 24
17339 383
17340 754
17341 721
17342 721
17343 612
17344 612
17345 612
17346 612
17347 612
17348 190
17349 190
17350 190
17351 190
17352 49
17353 823
17354 823
17355 441
17356 497
17357 497
17358 703
17359 728
17360 728
17361 527
17362 527
17363 174
17364 174
17365 235
17366 235
17367 57
17368 60
17369 190
17370 237
17371 237
17372 845
17373 845
17374 845
17375 747
17376 747
17377 747
17378 747
17379 747
17380 775
17381 775
17382 775
17383 108
17384 114
17385 111
17386 114
17387 114
17388 397
17389 114
17390 630
17391 370
17392 370
17393 370
17394 794
17395 764
17396 218
17397 6
17398 500
17399 500
17400 501
17401 131
17402 131
17403 131
17404 131
17405 131
17406 494
17407 511
17408 494
17409 494
17410 494
17411 535
17412 535
17413 535
17414 205
17415 784
17416 784
17417 375
17418 375
17419 260
17420 260
17421 813
17422 507
17423 835
17424 835
17425 835
17426 430
17427 346
17428 816
17429 243
17430 301
17431 301
17432 301
17433 301
17434 301
17435 813
17436 547
17437 671
17438 547
17439 210
17440 102
17441 102
17442 102
17443 366
17444 408
17445 776
17446 156
17447 156
17448 156
17449 145
17450 156
17451 839
17452 839
17453 839
17454 839
17455 839
17456 45
17457 45
17458 45
17459 45
17460 45
17461 229
17462 229
17463 234
17464 240
17465 279
17466 279
17467 279
17468 279
17469 279
17470 765
17471 759
17472 765
17473 435
17474 797
17475 445
17476 87
17477 733
17478 731
17479 733
17480 734
17481 816
17482 190
17483 190
17484 190
17485 190
17486 610
17487 610
17488 537
17489 22
17490 22
17491 22
17492 22
17493 68
17494 135
17495 135
17496 122
17497 86
17498 95
17499 96
17500 847
17501 847
17502 847
17503 847
17504 243
17505 428
17506 428
17507 428
17508 763
17509 763
17510 627
17511 627
17512 169
17513 93
17514 722
17515 722
17516 323
17517 612
17518 612
17519 612
17520 304
17521 304
17522 304
17523 135
17524 136
17525 335
17526 335
17527 120
17528 335
17529 858
17530 858
17531 325
17532 336
17533 336
17534 328
17535 339
17536 357
17537 498
17538 277
17539 277
17540 556
17541 556
17542 139
17543 567
17544 567
17545 567
17546 380
17547 380
17548 300
17549 497
17550 497
17551 157
17552 191
17553 439
17554 336
17555 398
17556 479
17557 705
17558 705
17559 714
17560 331
17561 331
17562 708
17563 608
17564 608
17565 608
17566 419
17567 419
17568 780
17569 87
17570 848
17571 848
17572 848
17573 712
17574 654
17575 712
17576 416
17577 416
17578 248
17579 248
17580 158
17581 158
17582 158
17583 69
17584 158
17585 596
17586 596
17587 507
17588 781
17589 781
17590 781
17591 781
17592 338
17593 346
17594 718
17595 648
17596 648
17597 648
17598 661
17599 617
17600 617
17601 617
17602 482
17603 576
17604 248
17605 248
17606 477
17607 248
17608 547
17609 628
17610 727
17611 628
17612 315
17613 315
17614 315
17615 677
17616 678
17617 688
17618 191
17619 191
17620 842
17621 774
17622 764
17623 473
17624 576
17625 455
17626 15
17627 15
17628 14
17629 14
17630 15
17631 281
17632 281
17633 281
17634 88
17635 88
17636 157
17637 88
17638 88
17639 88
17640 693
17641 693
17642 693
17643 694
17644 693
17645 160
17646 675
17647 115
17648 115
17649 115
17650 115
17651 115
17652 432
17653 455
17654 455
17655 473
17656 645
17657 645
17658 645
17659 634
17660 645
17661 645
17662 664
17663 547
17664 547
17665 220
17666 220
17667 670
17668 670
17669 670
17670 75
17671 75
17672 555
17673 555
17674 555
17675 285
17676 285
17677 285
17678 368
17679 368
17680 696
17681 696
17682 466
17683 555
17684 555
17685 555
17686 555
17687 535
17688 455
17689 535
17690 62
17691 62
17692 143
17693 143
17694 160
17695 143
17696 771
17697 771
17698 773
17699 771
17700 570
17701 570
17702 546
17703 665
17704 665
17705 526
17706 665
17707 56
17708 16
17709 197
17710 516
17711 516
17712 353
17713 288
17714 288
17715 288
17716 651
17717 288
17718 293
17719 288
17720 249
17721 773
17722 773
17723 773
17724 773
17725 230
17726 748
17727 748
17728 748
17729 406
17730 670
17731 406
17732 273
17733 693
17734 693
17735 650
17736 672
17737 372
17738 372
17739 372
17740 386
17741 386
17742 480
17743 49
17744 49
17745 49
17746 538
17747 538
17748 538
17749 538
17750 538
17751 538
17752 538
17753 362
17754 362
17755 523
17756 523
17757 852
17758 825
17759 714
17760 505
17761 505
17762 505
17763 24
17764 505
17765 55
17766 385
17767 542
17768 542
17769 553
17770 542
17771 380
17772 412
17773 412
17774 499
17775 304
17776 304
17777 304
17778 632
17779 740
17780 257
17781 257
17782 257
17783 426
17784 426
17785 426
17786 426
17787 693
17788 693
17789 693
17790 544
17791 544
17792 611
17793 611
17794 635
17795 160
17796 160
17797 160
17798 814
17799 462
17800 467
17801 179
17802 720
17803 301
17804 301
17805 301
17806 261
17807 640
17808 640
17809 643
17810 717
17811 640
17812 733
17813 828
17814 828
17815 828
17816 828
17817 372
17818 372
17819 372
17820 120
17821 120
17822 555
17823 555
17824 555
17825 555
17826 157
17827 178
17828 178
17829 574
17830 574
17831 286
17832 286
17833 286
17834 286
17835 286
17836 286
17837 846
17838 846
17839 846
17840 846
17841 846
17842 75
17843 198
17844 75
17845 75
17846 743
17847 743
17848 308
17849 308
17850 670
17851 670
17852 542
17853 542
17854 325
17855 606
17856 124
17857 606
17858 304
17859 304
17860 304
17861 368
17862 427
17863 499
17864 646
17865 556
17866 556
17867 662
17868 131
17869 131
17870 131
17871 131
17872 131
17873 131
17874 835
17875 835
17876 301
17877 301
17878 567
17879 172
17880 172
17881 538
17882 477
17883 717
17884 477
17885 477
17886 780
17887 780
17888 780
17889 780
17890 311
17891 311
17892 311
17893 469
17894 469
17895 523
17896 541
17897 186
17898 608
17899 608
17900 608
17901 608
17902 491
17903 468
17904 468
17905 714
17906 650
17907 672
17908 672
17909 532
17910 170
17911 170
17912 170
17913 170
17914 608
17915 608
17916 608
17917 608
17918 608
17919 89
17920 89
17921 91
17922 373
17923 373
17924 652
17925 669
17926 669
17927 55
17928 55
17929 192
17930 192
17931 763
17932 763
17933 803
17934 763
17935 216
17936 640
17937 640
17938 641
17939 656
17940 657
17941 730
17942 165
17943 165
17944 639
17945 639
17946 639
17947 639
17948 625
17949 625
17950 625
17951 625
17952 625
17953 349
17954 349
17955 331
17956 349
17957 149
17958 349
17959 331
17960 349
17961 47
17962 47
17963 47
17964 723
17965 723
17966 69
17967 527
17968 459
17969 334
17970 606
17971 606
17972 478
17973 478
17974 24
17975 50
17976 50
17977 191
17978 191
17979 191
17980 191
17981 463
17982 463
17983 484
17984 463
17985 797
17986 797
17987 311
17988 374
17989 797
17990 797
17991 523
17992 523
17993 523
17994 294
17995 294
17996 443
17997 443
17998 455
17999 498
18000 271
18001 498
18002 554
18003 554
18004 4
18005 13
18006 45
18007 24
18008 6
18009 115
18010 115
18011 542
18012 218
18013 495
18014 855
18015 685
18016 495
18017 54
18018 54
18019 64
18020 78
18021 503
18022 503
18023 506
18024 120
18025 344
18026 440
18027 455
18028 540
18029 540
18030 540
18031 540
18032 540
18033 540
18034 540
18035 540
18036 846
18037 846
18038 846
18039 846
18040 664
18041 664
18042 803
18043 664
18044 465
18045 465
18046 484
18047 535
18048 484
18049 535
18050 534
18051 816
18052 816
18053 95
18054 102
18055 102
18056 102
18057 102
18058 102
18059 598
18060 598
18061 570
18062 598
18063 598
18064 264
18065 264
18066 109
18067 109
18068 114
18069 232
18070 108
18071 416
18072 169
18073 164
18074 169
18075 169
18076 718
18077 718
18078 840
18079 840
18080 840
18081 688
18082 362
18083 328
18084 172
18085 184
18086 172
18087 172
18088 473
18089 473
18090 473
18091 12
18092 38
18093 135
18094 433
18095 719
18096 445
18097 445
18098 621
18099 684
18100 684
18101 500
18102 500
18103 500
18104 500
18105 853
18106 500
18107 580
18108 580
18109 486
18110 486
18111 499
18112 486
18113 188
18114 188
18115 188
18116 71
18117 71
18118 140
18119 488
18120 613
18121 736
18122 736
18123 736
18124 736
18125 736
18126 286
18127 45
18128 45
18129 45
18130 814
18131 816
18132 814
18133 473
18134 473
18135 473
18136 488
18137 488
18138 499
18139 488
18140 511
18141 270
18142 272
18143 270
18144 61
18145 287
18146 287
18147 287
18148 287
18149 287
18150 491
18151 366
18152 499
18153 511
18154 31
18155 193
18156 31
18157 504
18158 504
18159 504
18160 78
18161 78
18162 284
18163 284
18164 186
18165 186
18166 355
18167 186
18168 840
18169 840
18170 840
18171 400
18172 400
18173 400
18174 65
18175 268
18176 336
18177 724
18178 725
18179 724
18180 724
18181 413
18182 520
18183 520
18184 520
18185 520
18186 278
18187 278
18188 693
18189 693
18190 28
18191 179
18192 28
18193 778
18194 778
18195 778
18196 704
18197 714
18198 839
18199 839
18200 839
18201 839
18202 227
18203 232
18204 257
18205 257
18206 257
18207 355
18208 0
18209 15
18210 39
18211 6
18212 11
18213 11
18214 0
18215 714
18216 749
18217 447
18218 447
18219 447
18220 437
18221 455
18222 147
18223 537
18224 393
18225 341
18226 297
18227 349
18228 349
18229 733
18230 733
18231 246
18232 487
18233 522
18234 283
18235 283
18236 283
18237 615
18238 615
18239 615
18240 707
18241 714
18242 714
18243 828
18244 374
18245 828
18246 828
18247 828
18248 759
18249 641
18250 434
18251 542
18252 609
18253 609
18254 609
18255 609
18256 609
18257 609
18258 609
18259 659
18260 659
18261 672
18262 388
18263 398
18264 388
18265 307
18266 307
18267 307
18268 578
18269 578
18270 843
18271 843
18272 843
18273 843
18274 480
18275 65
18276 780
18277 163
18278 164
18279 164
18280 729
18281 729
18282 729
18283 596
18284 606
18285 54
18286 378
18287 270
18288 193
18289 193
18290 225
18291 225
18292 817
18293 817
18294 707
18295 714
18296 707
18297 571
18298 571
18299 687
18300 687
18301 687
18302 692
18303 698
18304 687
18305 35
18306 35
18307 43
18308 657
18309 657
18310 657
18311 657
18312 2
18313 139
18314 139
18315 115
18316 157
18317 157
18318 157
18319 157
18320 636
18321 636
18322 855
18323 841
18324 855
18325 378
18326 381
18327 379
18328 381
18329 752
18330 752
18331 752
18332 476
18333 689
18334 689
18335 648
18336 660
18337 110
18338 689
18339 689
18340 88
18341 88
18342 84
18343 84
18344 419
18345 419
18346 419
18347 419
18348 419
18349 622
18350 622
18351 419
18352 419
18353 419
18354 419
18355 419
18356 343
18357 343
18358 615
18359 615
18360 615
18361 624
18362 624
18363 572
18364 572
18365 572
18366 37
18367 37
18368 37
18369 36
18370 329
18371 501
18372 547
18373 547
18374 744
18375 841
18376 744
18377 839
18378 839
18379 839
18380 839
18381 504
18382 817
18383 817
18384 817
18385 817
18386 731
18387 372
18388 372
18389 372
18390 372
18391 1
18392 248
18393 266
18394 266
18395 266
18396 266
18397 266
18398 108
18399 112
18400 112
18401 114
18402 130
18403 783
18404 786
18405 820
18406 820
18407 714
18408 743
18409 743
18410 743
18411 743
18412 675
18413 584
18414 584
18415 584
18416 488
18417 488
18418 160
18419 160
18420 150
18421 150
18422 422
18423 422
18424 422
18425 422
18426 422
18427 696
18428 750
18429 696
18430 696
18431 694
18432 696
18433 796
18434 796
18435 796
18436 801
18437 796
18438 796
18439 90
18440 90
18441 515
18442 536
18443 536
18444 536
18445 325
18446 384
18447 375
18448 193
18449 193
18450 627
18451 627
18452 559
18453 559
18454 87
18455 60
18456 529
18457 529
18458 529
18459 529
18460 529
18461 529
18462 304
18463 223
18464 195
18465 195
18466 195
18467 195
18468 195
18469 195
18470 728
18471 481
18472 481
18473 481
18474 481
18475 481
18476 47
18477 47
18478 47
18479 7
18480 24
18481 417
18482 341
18483 154
18484 341
18485 342
18486 341
18487 341
18488 723
18489 723
18490 724
18491 724
18492 638
18493 638
18494 652
18495 540
18496 540
18497 383
18498 828
18499 828
18500 716
18501 312
18502 312
18503 312
18504 710
18505 710
18506 375
18507 375
18508 724
18509 375
18510 78
18511 78
18512 78
18513 246
18514 706
18515 706
18516 706
18517 706
18518 714
18519 399
18520 399
18521 399
18522 399
18523 251
18524 672
18525 331
18526 106
18527 106
18528 251
18529 251
18530 251
18531 435
18532 482
18533 435
18534 455
18535 163
18536 163
18537 29
18538 634
18539 61
18540 578
18541 578
18542 390
18543 390
18544 390
18545 693
18546 178
18547 178
18548 178
18549 178
18550 850
18551 850
18552 3
18553 256
18554 170
18555 170
18556 170
18557 558
18558 558
18559 558
18560 412
18561 93
18562 824
18563 824
18564 824
18565 139
18566 53
18567 139
18568 146
18569 170
18570 170
18571 285
18572 285
18573 35
18574 34
18575 55
18576 675
18577 544
18578 627
18579 373
18580 373
18581 373
18582 474
18583 192
18584 192
18585 192
18586 192
18587 513
18588 323
18589 176
18590 176
18591 176
18592 176
18593 176
18594 176
18595 176
18596 176
18597 560
18598 560
18599 560
18600 560
18601 560
18602 142
18603 832
18604 795
18605 832
18606 832
18607 62
18608 707
18609 271
18610 290
18611 271
18612 714
18613 271
18614 653
18615 450
18616 733
18617 450
18618 398
18619 398
18620 16
18621 16
18622 58
18623 174
18624 360
18625 360
18626 553
18627 131
18628 131
18629 131
18630 131
18631 131
18632 638
18633 638
18634 638
18635 235
18636 287
18637 358
18638 252
18639 85
18640 5
18641 130
18642 130
18643 396
18644 360
18645 130
18646 129
18647 641
18648 641
18649 462
18650 484
18651 648
18652 340
18653 540
18654 299
18655 299
18656 299
18657 299
18658 46
18659 46
18660 46
18661 46
18662 716
18663 747
18664 747
18665 508
18666 508
18667 139
18668 139
18669 736
18670 736
18671 737
18672 473
18673 367
18674 367
18675 367
18676 45
18677 45
18678 93
18679 72
18680 72
18681 174
18682 174
18683 68
18684 68
18685 68
18686 61
18687 422
18688 103
18689 192
18690 103
18691 381
18692 246
18693 246
18694 246
18695 308
18696 308
18697 259
18698 55
18699 259
18700 259
18701 259
18702 259
18703 46
18704 46
18705 46
18706 261
18707 611
18708 611
18709 611
18710 395
18711 395
18712 636
18713 636
18714 636
18715 153
18716 153
18717 153
18718 399
18719 399
18720 412
18721 24
18722 135
18723 159
18724 577
18725 577
18726 577
18727 413
18728 413
18729 258
18730 258
18731 517
18732 644
18733 570
18734 570
18735 405
18736 515
18737 634
18738 465
18739 628
18740 628
18741 628
18742 333
18743 333
18744 333
18745 331
18746 365
18747 182
18748 182
18749 182
18750 491
18751 557
18752 499
18753 736
18754 736
18755 736
18756 50
18757 50
18758 50
18759 439
18760 818
18761 818
18762 359
18763 359
18764 656
18765 672
18766 672
18767 15
18768 43
18769 57
18770 759
18771 762
18772 759
18773 365
18774 84
18775 365
18776 774
18777 710
18778 628
18779 641
18780 641
18781 744
18782 365
18783 365
18784 365
18785 626
18786 61
18787 80
18788 851
18789 851
18790 851
18791 63
18792 80
18793 103
18794 744
18795 744
18796 744
18797 840
18798 840
18799 798
18800 798
18801 798
18802 798
18803 339
18804 339
18805 339
18806 722
18807 164
18808 164
18809 332
18810 332
18811 332
18812 287
18813 478
18814 810
18815 810
18816 810
18817 420
18818 420
18819 420
18820 823
18821 823
18822 167
18823 167
18824 167
18825 621
18826 621
18827 621
18828 621
18829 621
18830 96
18831 578
18832 578
18833 578
18834 343
18835 343
18836 343
18837 343
18838 343
18839 437
18840 455
18841 437
18842 455
18843 166
18844 166
18845 166
18846 166
18847 181
18848 181
18849 181
18850 181
18851 181
18852 181
18853 181
18854 628
18855 628
18856 475
18857 610
18858 610
18859 357
18860 840
18861 840
18862 773
18863 773
18864 773
18865 844
18866 844
18867 844
18868 613
18869 844
18870 711
18871 486
18872 745
18873 510
18874 161
18875 802
18876 802
18877 617
18878 617
18879 617
18880 617
18881 547
18882 547
18883 303
18884 303
18885 303
18886 147
18887 147
18888 147
18889 278
18890 278
18891 138
18892 327
18893 380
18894 380
18895 381
18896 380
18897 380
18898 381
18899 392
18900 392
18901 487
18902 16
18903 172
18904 463
18905 484
18906 605
18907 605
18908 605
18909 196
18910 196
18911 196
18912 196
18913 68
18914 68
18915 842
18916 336
18917 842
18918 842
18919 842
18920 842
18921 463
18922 224
18923 649
18924 713
18925 824
18926 824
18927 824
18928 824
18929 824
18930 824
18931 847
18932 847
18933 669
18934 669
18935 602
18936 326
18937 338
18938 486
18939 483
18940 730
18941 730
18942 22
18943 22
18944 22
18945 119
18946 119
18947 119
18948 119
18949 663
18950 668
18951 747
18952 63
18953 80
18954 63
18955 196
18956 196
18957 435
18958 435
18959 455
18960 243
18961 243
18962 243
18963 18
18964 20
18965 18
18966 18
18967 267
18968 267
18969 267
18970 578
18971 578
18972 578
18973 578
18974 578
18975 578
18976 578
18977 822
18978 576
18979 576
18980 3
18981 55
18982 21
18983 171
18984 678
18985 363
18986 363
18987 384
18988 436
18989 455
18990 563
18991 8
18992 24
18993 24
18994 21
18995 43
18996 43
18997 403
18998 511
18999 104
19000 104
19001 235
19002 104
19003 387
19004 387
19005 54
19006 80
19007 300
19008 300
19009 817
19010 71
19011 494
19012 495
19013 728
19014 752
19015 752
19016 752
19017 713
19018 753
19019 713
19020 753
19021 713
19022 713
19023 772
19024 603
19025 471
19026 820
19027 425
19028 425
19029 329
19030 337
19031 325
19032 330
19033 173
19034 301
19035 173
19036 173
19037 48
19038 226
19039 48
19040 48
19041 226
19042 169
19043 173
19044 113
19045 113
19046 113
19047 750
19048 750
19049 750
19050 750
19051 506
19052 235
19053 235
19054 303
19055 235
19056 200
19057 200
19058 200
19059 200
19060 200
19061 200
19062 501
19063 578
19064 578
19065 579
19066 121
19067 121
19068 48
19069 48
19070 48
19071 48
19072 48
19073 48
19074 48
19075 6
19076 24
19077 443
19078 443
19079 443
19080 37
19081 49
19082 50
19083 450
19084 494
19085 494
19086 511
19087 393
19088 393
19089 393
19090 825
19091 825
19092 825
19093 825
19094 825
19095 711
19096 594
19097 594
19098 607
19099 30
19100 302
19101 302
19102 302
19103 302
19104 837
19105 837
19106 443
19107 455
19108 455
19109 552
19110 552
19111 552
19112 410
19113 274
19114 219
19115 770
19116 770
19117 771
19118 771
19119 770
19120 770
19121 102
19122 102
19123 461
19124 513
19125 644
19126 644
19127 644
19128 795
19129 795
19130 795
19131 555
19132 555
19133 555
19134 340
19135 149
19136 2
19137 2
19138 825
19139 826
19140 826
19141 825
19142 825
19143 825
19144 392
19145 392
19146 28
19147 49
19148 784
19149 669
19150 558
19151 558
19152 449
19153 644
19154 306
19155 306
19156 306
19157 306
19158 306
19159 306
19160 481
19161 481
19162 481
19163 481
19164 481
19165 198
19166 198
19167 198
19168 198
19169 246
19170 246
19171 246
19172 102
19173 102
19174 772
19175 772
19176 772
19177 772
19178 574
19179 574
19180 54
19181 80
19182 624
19183 622
19184 483
19185 483
19186 567
19187 568
19188 567
19189 667
19190 829
19191 554
19192 554
19193 555
19194 554
19195 554
19196 39
19197 39
19198 39
19199 566
19200 566
19201 566
19202 844
19203 844
19204 844
19205 196
19206 196
19207 196
19208 196
19209 52
19210 52
19211 52
19212 35
19213 35
19214 1
19215 5
19216 116
19217 116
19218 116
19219 494
19220 494
19221 494
19222 511
19223 494
19224 496
19225 689
19226 689
19227 689
19228 689
19229 383
19230 541
19231 553
19232 68
19233 5
19234 41
19235 838
19236 838
19237 838
19238 193
19239 193
19240 652
19241 225
19242 225
19243 716
19244 790
19245 716
19246 197
19247 197
19248 197
19249 466
19250 109
19251 114
19252 114
19253 111
19254 109
19255 111
19256 664
19257 664
19258 664
19259 664
19260 380
19261 113
19262 113
19263 113
19264 758
19265 508
19266 508
19267 356
19268 356
19269 600
19270 600
19271 750
19272 750
19273 776
19274 799
19275 258
19276 258
19277 262
19278 258
19279 258
19280 258
19281 258
19282 258
19283 258
19284 831
19285 831
19286 831
19287 366
19288 390
19289 366
19290 366
19291 366
19292 366
19293 568
19294 568
19295 568
19296 568
19297 568
19298 568
19299 568
19300 291
19301 291
19302 291
19303 601
19304 601
19305 617
19306 617
19307 617
19308 617
19309 158
19310 230
19311 768
19312 3
19313 186
19314 186
19315 186
19316 83
19317 309
19318 309
19319 815
19320 324
19321 325
19322 802
19323 802
19324 802
19325 488
19326 456
19327 508
19328 510
19329 499
19330 290
19331 290
19332 354
19333 444
19334 456
19335 444
19336 244
19337 246
19338 419
19339 419
19340 245
19341 419
19342 422
19343 392
19344 392
19345 392
19346 433
19347 342
19348 342
19349 596
19350 520
19351 528
19352 520
19353 654
19354 464
19355 484
19356 833
19357 833
19358 486
19359 366
19360 276
19361 366
19362 372
19363 157
19364 648
19365 648
19366 661
19367 661
19368 648
19369 672
19370 648
19371 654
19372 672
19373 661
19374 672
19375 35
19376 35
19377 813
19378 813
19379 813
19380 3
19381 461
19382 484
19383 461
19384 223
19385 199
19386 199
19387 399
19388 399
19389 399
19390 394
19391 551
19392 551
19393 33
19394 760
19395 768
19396 705
19397 836
19398 714
19399 74
19400 496
19401 402
19402 402
19403 402
19404 191
19405 191
19406 191
19407 223
19408 224
19409 767
19410 767
19411 729
19412 444
19413 264
19414 653
19415 385
19416 385
19417 385
19418 291
19419 291
19420 592
19421 592
19422 592
19423 768
19424 802
19425 802
19426 804
19427 380
19428 34
19429 34
19430 686
19431 687
19432 686
19433 686
19434 616
19435 616
19436 616
19437 616
19438 616
19439 680
19440 851
19441 628
19442 570
19443 628
19444 628
19445 739
19446 628
19447 240
19448 240
19449 240
19450 240
19451 130
19452 130
19453 420
19454 420
19455 420
19456 420
19457 767
19458 767
19459 767
19460 767
19461 216
19462 733
19463 733
19464 650
19465 649
19466 323
19467 684
19468 713
19469 684
19470 684
19471 487
19472 734
19473 497
19474 767
19475 480
19476 767
19477 798
19478 798
19479 798
19480 772
19481 772
19482 380
19483 380
19484 380
19485 776
19486 573
19487 776
19488 198
19489 198
19490 198
19491 341
19492 762
19493 762
19494 768
19495 768
19496 105
19497 768
19498 768
19499 705
19500 603
19501 603
19502 603
19503 603
19504 603
19505 604
19506 230
19507 280
19508 280
19509 280
19510 280
19511 637
19512 637
19513 609
19514 45
19515 45
19516 756
19517 38
19518 38
19519 198
19520 198
19521 198
19522 198
19523 198
19524 37
19525 29
19526 840
19527 277
19528 277
19529 277
19530 192
19531 191
19532 192
19533 192
19534 599
19535 567
19536 567
19537 585
19538 582
19539 582
19540 90
19541 556
19542 556
19543 353
19544 583
19545 583
19546 583
19547 654
19548 480
19549 480
19550 480
19551 781
19552 781
19553 781
19554 327
19555 749
19556 822
19557 15
19558 15
19559 15
19560 15
19561 831
19562 831
19563 831
19564 302
19565 302
19566 302
19567 302
19568 282
19569 282
19570 282
19571 282
19572 282
19573 282
19574 239
19575 239
19576 713
19577 749
19578 765
19579 765
19580 501
19581 501
19582 501
19583 690
19584 124
19585 124
19586 124
19587 134
19588 280
19589 128
19590 124
19591 95
19592 95
19593 300
19594 380
19595 582
19596 582
19597 590
19598 582
19599 582
19600 582
19601 582
19602 732
19603 806
19604 732
19605 3
19606 30
19607 166
19608 166
19609 85
19610 840
19611 840
19612 198
19613 198
19614 801
19615 803
19616 801
19617 797
19618 801
19619 378
19620 378
19621 378
19622 537
19623 537
19624 537
19625 634
19626 292
19627 437
19628 456
19629 527
19630 698
19631 698
19632 801
19633 801
19634 801
19635 355
19636 355
19637 357
19638 355
19639 304
19640 304
19641 82
19642 34
19643 82
19644 219
19645 219
19646 27
19647 48
19648 500
19649 476
19650 840
19651 840
19652 517
19653 521
19654 807
19655 807
19656 807
19657 807
19658 807
19659 474
19660 474
19661 474
19662 318
19663 318
19664 35
19665 304
19666 304
19667 304
19668 576
19669 582
19670 576
19671 327
19672 327
19673 21
19674 21
19675 37
19676 21
19677 390
19678 180
19679 625
19680 625
19681 524
19682 619
19683 531
19684 383
19685 746
19686 531
19687 531
19688 648
19689 648
19690 90
19691 302
19692 302
19693 302
19694 440
19695 456
19696 643
19697 427
19698 456
19699 849
19700 849
19701 756
19702 268
19703 268
19704 506
19705 506
19706 496
19707 506
19708 38
19709 98
19710 98
19711 68
19712 68
19713 254
19714 78
19715 78
19716 78
19717 78
19718 78
19719 585
19720 585
19721 585
19722 585
19723 585
19724 585
19725 511
19726 835
19727 835
19728 835
19729 103
19730 103
19731 103
19732 440
19733 456
19734 477
19735 76
19736 271
19737 271
19738 271
19739 271
19740 271
19741 289
19742 289
19743 289
19744 3
19745 24
19746 775
19747 775
19748 775
19749 54
19750 706
19751 392
19752 392
19753 395
19754 395
19755 149
19756 149
19757 216
19758 601
19759 601
19760 601
19761 601
19762 284
19763 284
19764 833
19765 833
19766 586
19767 586
19768 586
19769 586
19770 561
19771 561
19772 561
19773 561
19774 561
19775 797
19776 797
19777 797
19778 561
19779 561
19780 561
19781 244
19782 272
19783 272
19784 272
19785 275
19786 275
19787 584
19788 584
19789 584
19790 584
19791 90
19792 90
19793 759
19794 768
19795 759
19796 36
19797 83
19798 83
19799 83
19800 471
19801 462
19802 471
19803 198
19804 198
19805 294
19806 294
19807 294
19808 818
19809 396
19810 396
19811 396
19812 202
19813 409
19814 202
19815 686
19816 686
19817 746
19818 3
19819 11
19820 24
19821 80
19822 307
19823 307
19824 716
19825 716
19826 716
19827 399
19828 399
19829 399
19830 399
19831 165
19832 165
19833 165
19834 460
19835 34
19836 139
19837 139
19838 139
19839 379
19840 379
19841 379
19842 384
19843 379
19844 83
19845 221
19846 237
19847 237
19848 237
19849 220
19850 273
19851 56
19852 273
19853 260
19854 260
19855 260
19856 547
19857 547
19858 547
19859 716
19860 716
19861 716
19862 342
19863 342
19864 582
19865 582
19866 582
19867 582
19868 186
19869 186
19870 186
19871 186
19872 186
19873 186
19874 186
19875 471
19876 471
19877 709
19878 86
19879 86
19880 652
19881 672
19882 672
19883 672
19884 652
19885 708
19886 354
19887 438
19888 553
19889 144
19890 144
19891 474
19892 474
19893 473
19894 474
19895 474
19896 661
19897 564
19898 564
19899 564
19900 564
19901 711
19902 711
19903 437
19904 456
19905 758
19906 459
19907 484
19908 802
19909 129
19910 129
19911 129
19912 818
19913 494
19914 745
19915 605
19916 605
19917 776
19918 776
19919 776
19920 776
19921 260
19922 263
19923 264
19924 714
19925 276
19926 167
19927 527
19928 527
19929 129
19930 129
19931 129
19932 84
19933 50
19934 50
19935 50
19936 535
19937 718
19938 484
19939 232
19940 232
19941 232
19942 54
19943 67
19944 496
19945 511
19946 253
19947 6
19948 13
19949 24
19950 144
19951 144
19952 372
19953 372
19954 372
19955 780
19956 780
19957 780
19958 583
19959 583
19960 583
19961 583
19962 787
19963 787
19964 526
19965 438
19966 525
19967 525
19968 735
19969 735
19970 735
19971 841
19972 49
19973 49
19974 49
19975 195
19976 195
19977 195
19978 195
19979 406
19980 406
19981 406
19982 406
19983 406
19984 667
19985 667
19986 667
19987 667
19988 667
19989 667
19990 14
19991 14
19992 14
19993 14
19994 763
19995 763
19996 386
19997 388
19998 786
19999 786
