20000 197
20001 279
20002 251
20003 251
20004 254
20005 256
20006 312
20007 256
20008 256
20009 256
20010 26
20011 26
20012 76
20013 338
20014 338
20015 241
20016 241
20017 11
20018 81
20019 81
20020 81
20021 81
20022 81
20023 451
20024 451
20025 451
20026 31
20027 451
20028 486
20029 474
20030 474
20031 475
20032 492
20033 474
20034 378
20035 378
20036 461
20037 44
20038 140
20039 140
20040 140
20041 124
20042 252
20043 252
20044 209
20045 209
20046 209
20047 83
20048 432
20049 380
20050 203
20051 203
20052 171
20053 108
20054 214
20055 15
20056 108
20057 232
20058 318
20059 332
20060 332
20061 103
20062 103
20063 351
20064 57
20065 464
20066 371
20067 371
20068 371
20069 371
20070 186
20071 350
20072 186
20073 186
20074 6
20075 144
20076 144
20077 143
20078 67
20079 293
20080 293
20081 456
20082 456
20083 16
20084 16
20085 404
20086 16
20087 224
20088 224
20089 93
20090 93
20091 360
20092 181
20093 181
20094 453
20095 30
20096 453
20097 151
20098 55
20099 151
20100 21
20101 103
20102 301
20103 103
20104 103
20105 96
20106 27
20107 21
20108 144
20109 144
20110 385
20111 385
20112 125
20113 125
20114 125
20115 125
20116 127
20117 125
20118 62
20119 287
20120 276
20121 276
20122 276
20123 84
20124 17
20125 84
20126 164
20127 346
20128 346
20129 327
20130 324
20131 324
20132 440
20133 440
20134 440
20135 194
20136 438
20137 438
20138 462
20139 462
20140 86
20141 458
20142 63
20143 63
20144 63
20145 254
20146 117
20147 332
20148 332
20149 108
20150 253
20151 253
20152 195
20153 195
20154 246
20155 416
20156 416
20157 416
20158 289
20159 46
20160 49
20161 49
20162 203
20163 134
20164 134
20165 424
20166 424
20167 462
20168 273
20169 462
20170 403
20171 47
20172 47
20173 247
20174 247
20175 304
20176 304
20177 264
20178 187
20179 42
20180 42
20181 408
20182 408
20183 408
20184 408
20185 408
20186 52
20187 258
20188 258
20189 297
20190 232
20191 232
20192 234
20193 232
20194 70
20195 184
20196 183
20197 184
20198 184
20199 184
20200 484
20201 303
20202 430
20203 132
20204 132
20205 132
20206 268
20207 55
20208 62
20209 58
20210 389
20211 389
20212 174
20213 224
20214 224
20215 225
20216 224
20217 224
20218 226
20219 183
20220 31
20221 388
20222 31
20223 173
20224 173
20225 173
20226 242
20227 469
20228 235
20229 235
20230 370
20231 370
20232 370
20233 91
20234 488
20235 488
20236 145
20237 326
20238 326
20239 326
20240 402
20241 172
20242 269
20243 269
20244 254
20245 246
20246 281
20247 292
20248 105
20249 105
20250 496
20251 289
20252 359
20253 359
20254 310
20255 310
20256 259
20257 454
20258 259
20259 259
20260 419
20261 452
20262 419
20263 40
20264 66
20265 38
20266 40
20267 376
20268 376
20269 376
20270 287
20271 287
20272 287
20273 15
20274 370
20275 55
20276 288
20277 307
20278 307
20279 391
20280 142
20281 184
20282 290
20283 290
20284 479
20285 479
20286 465
20287 465
20288 465
20289 465
20290 218
20291 218
20292 459
20293 293
20294 293
20295 386
20296 386
20297 386
20298 386
20299 290
20300 421
20301 342
20302 355
20303 290
20304 407
20305 95
20306 95
20307 53
20308 115
20309 115
20310 229
20311 229
20312 119
20313 439
20314 439
20315 89
20316 87
20317 89
20318 482
20319 482
20320 482
20321 487
20322 498
20323 104
20324 186
20325 104
20326 73
20327 35
20328 35
20329 35
20330 35
20331 46
20332 225
20333 223
20334 225
20335 223
20336 223
20337 455
20338 455
20339 443
20340 443
20341 443
20342 443
20343 369
20344 288
20345 289
20346 249
20347 294
20348 294
20349 294
20350 157
20351 116
20352 116
20353 56
20354 116
20355 116
20356 37
20357 37
20358 37
20359 38
20360 38
20361 88
20362 377
20363 88
20364 388
20365 178
20366 178
20367 498
20368 312
20369 162
20370 162
20371 162
20372 30
20373 30
20374 433
20375 67
20376 67
20377 67
20378 164
20379 367
20380 199
20381 85
20382 204
20383 460
20384 386
20385 460
20386 460
20387 230
20388 455
20389 455
20390 455
20391 460
20392 195
20393 303
20394 303
20395 70
20396 67
20397 322
20398 322
20399 182
20400 182
20401 162
20402 182
20403 460
20404 308
20405 460
20406 460
20407 159
20408 159
20409 494
20410 494
20411 494
20412 494
20413 498
20414 398
20415 398
20416 398
20417 131
20418 131
20419 403
20420 133
20421 138
20422 133
20423 47
20424 133
20425 263
20426 76
20427 263
20428 263
20429 156
20430 259
20431 259
20432 259
20433 122
20434 397
20435 312
20436 284
20437 288
20438 88
20439 88
20440 437
20441 443
20442 261
20443 127
20444 127
20445 32
20446 32
20447 34
20448 34
20449 34
20450 34
20451 34
20452 357
20453 447
20454 447
20455 447
20456 384
20457 178
20458 178
20459 197
20460 197
20461 183
20462 264
20463 264
20464 389
20465 285
20466 285
20467 285
20468 285
20469 266
20470 395
20471 398
20472 395
20473 395
20474 395
20475 306
20476 306
20477 306
20478 187
20479 187
20480 13
20481 187
20482 87
20483 87
20484 194
20485 434
20486 249
20487 434
20488 177
20489 455
20490 455
20491 455
20492 87
20493 336
20494 336
20495 92
20496 336
20497 115
20498 115
20499 115
20500 115
20501 26
20502 116
20503 272
20504 141
20505 141
20506 141
20507 141
20508 141
20509 232
20510 232
20511 232
20512 232
20513 228
20514 228
20515 217
20516 217
20517 228
20518 359
20519 369
20520 369
20521 392
20522 392
20523 392
20524 392
20525 429
20526 79
20527 293
20528 211
20529 284
20530 284
20531 262
20532 403
20533 69
20534 69
20535 343
20536 61
20537 253
20538 253
20539 253
20540 164
20541 164
20542 249
20543 226
20544 233
20545 294
20546 357
20547 294
20548 398
20549 232
20550 405
20551 10
20552 96
20553 16
20554 458
20555 449
20556 463
20557 463
20558 463
20559 161
20560 161
20561 161
20562 467
20563 324
20564 195
20565 20
20566 238
20567 469
20568 469
20569 424
20570 141
20571 141
20572 317
20573 317
20574 317
20575 317
20576 421
20577 154
20578 154
20579 157
20580 288
20581 208
20582 216
20583 253
20584 253
20585 117
20586 231
20587 231
20588 357
20589 357
20590 124
20591 452
20592 452
20593 455
20594 282
20595 284
20596 297
20597 284
20598 282
20599 282
20600 434
20601 434
20602 248
20603 248
20604 15
20605 46
20606 302
20607 361
20608 390
20609 361
20610 361
20611 361
20612 334
20613 36
20614 181
20615 181
20616 252
20617 250
20618 389
20619 252
20620 264
20621 207
20622 207
20623 454
20624 459
20625 454
20626 428
20627 368
20628 428
20629 151
20630 59
20631 242
20632 59
20633 131
20634 131
20635 403
20636 490
20637 173
20638 490
20639 340
20640 490
20641 490
20642 340
20643 358
20644 90
20645 429
20646 471
20647 429
20648 429
20649 240
20650 429
20651 471
20652 193
20653 193
20654 55
20655 458
20656 458
20657 443
20658 263
20659 458
20660 145
20661 65
20662 65
20663 65
20664 65
20665 325
20666 325
20667 325
20668 325
20669 226
20670 233
20671 194
20672 194
20673 46
20674 186
20675 199
20676 397
20677 268
20678 268
20679 238
20680 149
20681 149
20682 213
20683 213
20684 188
20685 13
20686 188
20687 366
20688 498
20689 93
20690 93
20691 40
20692 40
20693 451
20694 97
20695 97
20696 97
20697 217
20698 217
20699 217
20700 239
20701 239
20702 67
20703 117
20704 67
20705 47
20706 319
20707 451
20708 17
20709 31
20710 17
20711 340
20712 340
20713 385
20714 303
20715 339
20716 98
20717 92
20718 134
20719 134
20720 427
20721 284
20722 427
20723 427
20724 427
20725 81
20726 81
20727 81
20728 387
20729 387
20730 387
20731 312
20732 312
20733 312
20734 473
20735 473
20736 476
20737 334
20738 335
20739 74
20740 74
20741 218
20742 218
20743 135
20744 322
20745 322
20746 42
20747 42
20748 42
20749 326
20750 328
20751 302
20752 274
20753 274
20754 274
20755 274
20756 435
20757 274
20758 322
20759 322
20760 176
20761 178
20762 176
20763 357
20764 357
20765 357
20766 62
20767 273
20768 117
20769 107
20770 107
20771 107
20772 107
20773 107
20774 360
20775 360
20776 360
20777 67
20778 121
20779 172
20780 364
20781 204
20782 118
20783 253
20784 76
20785 76
20786 315
20787 315
20788 339
20789 380
20790 31
20791 380
20792 31
20793 69
20794 6
20795 165
20796 165
20797 376
20798 376
20799 11
20800 390
20801 188
20802 191
20803 188
20804 188
20805 188
20806 209
20807 209
20808 269
20809 496
20810 81
20811 267
20812 78
20813 457
20814 457
20815 457
20816 457
20817 457
20818 448
20819 277
20820 351
20821 302
20822 302
20823 77
20824 24
20825 49
20826 77
20827 285
20828 304
20829 304
20830 290
20831 246
20832 398
20833 195
20834 53
20835 244
20836 244
20837 239
20838 433
20839 426
20840 271
20841 256
20842 271
20843 264
20844 261
20845 158
20846 99
20847 99
20848 381
20849 421
20850 225
20851 128
20852 128
20853 128
20854 253
20855 162
20856 87
20857 497
20858 42
20859 87
20860 318
20861 272
20862 318
20863 262
20864 262
20865 335
20866 262
20867 262
20868 345
20869 267
20870 448
20871 267
20872 267
20873 267
20874 267
20875 107
20876 117
20877 77
20878 141
20879 141
20880 425
20881 425
20882 161
20883 368
20884 368
20885 257
20886 257
20887 12
20888 311
20889 196
20890 131
20891 131
20892 212
20893 212
20894 212
20895 125
20896 125
20897 241
20898 329
20899 329
20900 331
20901 329
20902 329
20903 329
20904 298
20905 300
20906 298
20907 439
20908 298
20909 365
20910 365
20911 365
20912 307
20913 307
20914 307
20915 309
20916 311
20917 311
20918 311
20919 329
20920 304
20921 346
20922 435
20923 495
20924 53
20925 53
20926 53
20927 423
20928 423
20929 423
20930 215
20931 492
20932 413
20933 302
20934 425
20935 425
20936 425
20937 78
20938 78
20939 297
20940 62
20941 334
20942 143
20943 37
20944 37
20945 37
20946 35
20947 37
20948 41
20949 41
20950 93
20951 276
20952 250
20953 276
20954 284
20955 19
20956 284
20957 435
20958 284
20959 385
20960 461
20961 188
20962 188
20963 188
20964 188
20965 96
20966 112
20967 112
20968 205
20969 205
20970 417
20971 397
20972 397
20973 121
20974 121
20975 145
20976 392
20977 392
20978 198
20979 198
20980 203
20981 172
20982 376
20983 376
20984 376
20985 376
20986 153
20987 153
20988 249
20989 136
20990 418
20991 393
20992 393
20993 393
20994 329
20995 325
20996 32
20997 32
20998 284
20999 284
21000 201
21001 201
21002 149
21003 395
21004 213
21005 213
21006 213
21007 346
21008 207
21009 207
21010 207
21011 327
21012 327
21013 198
21014 199
21015 198
21016 198
21017 415
21018 415
21019 415
21020 249
21021 417
21022 397
21023 118
21024 289
21025 205
21026 205
21027 104
21028 104
21029 372
21030 424
21031 372
21032 424
21033 451
21034 451
21035 451
21036 43
21037 43
21038 43
21039 43
21040 43
21041 43
21042 121
21043 172
21044 13
21045 388
21046 391
21047 391
21048 391
21049 394
21050 473
21051 473
21052 473
21053 443
21054 443
21055 443
21056 451
21057 59
21058 312
21059 255
21060 49
21061 49
21062 202
21063 385
21064 480
21065 251
21066 480
21067 497
21068 145
21069 145
21070 415
21071 415
21072 415
21073 356
21074 356
21075 356
21076 317
21077 317
21078 317
21079 317
21080 273
21081 191
21082 449
21083 221
21084 221
21085 281
21086 233
21087 323
21088 323
21089 327
21090 491
21091 480
21092 480
21093 214
21094 228
21095 228
21096 254
21097 439
21098 28
21099 439
21100 439
21101 60
21102 4
21103 440
21104 99
21105 324
21106 262
21107 262
21108 372
21109 372
21110 224
21111 224
21112 411
21113 411
21114 292
21115 292
21116 292
21117 157
21118 146
21119 146
21120 472
21121 294
21122 127
21123 145
21124 145
21125 145
21126 145
21127 280
21128 17
21129 67
21130 67
21131 88
21132 67
21133 67
21134 67
21135 270
21136 312
21137 270
21138 270
21139 86
21140 86
21141 112
21142 112
21143 116
21144 112
21145 70
21146 268
21147 114
21148 232
21149 211
21150 101
21151 101
21152 247
21153 203
21154 168
21155 222
21156 222
21157 397
21158 67
21159 67
21160 67
21161 287
21162 261
21163 386
21164 386
21165 55
21166 142
21167 142
21168 154
21169 154
21170 154
21171 88
21172 190
21173 467
21174 338
21175 338
21176 338
21177 338
21178 393
21179 393
21180 393
21181 377
21182 377
21183 377
21184 142
21185 142
21186 142
21187 488
21188 117
21189 488
21190 30
21191 488
21192 488
21193 364
21194 364
21195 428
21196 364
21197 280
21198 118
21199 406
21200 215
21201 215
21202 215
21203 215
21204 10
21205 298
21206 239
21207 243
21208 57
21209 17
21210 57
21211 113
21212 113
21213 113
21214 113
21215 268
21216 268
21217 268
21218 29
21219 336
21220 336
21221 430
21222 378
21223 378
21224 213
21225 179
21226 365
21227 149
21228 149
21229 164
21230 484
21231 13
21232 484
21233 373
21234 373
21235 232
21236 232
21237 232
21238 108
21239 108
21240 311
21241 206
21242 206
21243 206
21244 206
21245 206
21246 117
21247 124
21248 376
21249 338
21250 338
21251 436
21252 436
21253 436
21254 293
21255 293
21256 356
21257 461
21258 265
21259 248
21260 235
21261 235
21262 397
21263 269
21264 132
21265 132
21266 133
21267 60
21268 400
21269 400
21270 400
21271 400
21272 162
21273 420
21274 402
21275 430
21276 420
21277 452
21278 276
21279 276
21280 333
21281 333
21282 426
21283 426
21284 426
21285 278
21286 188
21287 188
21288 191
21289 188
21290 222
21291 117
21292 399
21293 483
21294 399
21295 177
21296 177
21297 108
21298 108
21299 108
21300 479
21301 476
21302 368
21303 368
21304 293
21305 85
21306 85
21307 85
21308 420
21309 85
21310 85
21311 157
21312 146
21313 109
21314 157
21315 104
21316 104
21317 108
21318 31
21319 275
21320 275
21321 202
21322 202
21323 202
21324 199
21325 403
21326 342
21327 54
21328 54
21329 54
21330 105
21331 286
21332 286
21333 286
21334 34
21335 34
21336 34
21337 414
21338 24
21339 55
21340 355
21341 355
21342 363
21343 363
21344 363
21345 443
21346 78
21347 21
21348 470
21349 470
21350 412
21351 471
21352 471
21353 287
21354 254
21355 62
21356 62
21357 344
21358 344
21359 490
21360 421
21361 23
21362 421
21363 251
21364 421
21365 23
21366 442
21367 349
21368 93
21369 44
21370 44
21371 460
21372 93
21373 422
21374 457
21375 292
21376 292
21377 399
21378 428
21379 399
21380 428
21381 404
21382 446
21383 446
21384 9
21385 9
21386 71
21387 432
21388 22
21389 87
21390 87
21391 87
21392 40
21393 40
21394 425
21395 425
21396 303
21397 303
21398 303
21399 384
21400 384
21401 384
21402 384
21403 384
21404 384
21405 384
21406 135
21407 227
21408 391
21409 391
21410 391
21411 435
21412 351
21413 351
21414 235
21415 235
21416 235
21417 248
21418 7
21419 143
21420 402
21421 402
21422 94
21423 94
21424 94
21425 48
21426 48
21427 211
21428 245
21429 245
21430 245
21431 65
21432 65
21433 332
21434 366
21435 466
21436 430
21437 150
21438 21
21439 150
21440 433
21441 433
21442 433
21443 398
21444 390
21445 221
21446 154
21447 123
21448 316
21449 316
21450 356
21451 100
21452 357
21453 298
21454 298
21455 298
21456 298
21457 120
21458 120
21459 443
21460 443
21461 443
21462 443
21463 443
21464 241
21465 171
21466 128
21467 128
21468 132
21469 128
21470 415
21471 415
21472 415
21473 415
21474 86
21475 86
21476 86
21477 15
21478 291
21479 291
21480 467
21481 467
21482 247
21483 247
21484 167
21485 235
21486 235
21487 235
21488 212
21489 181
21490 212
21491 212
21492 212
21493 102
21494 320
21495 140
21496 140
21497 140
21498 200
21499 200
21500 405
21501 405
21502 71
21503 71
21504 321
21505 324
21506 321
21507 321
21508 107
21509 456
21510 352
21511 107
21512 162
21513 182
21514 328
21515 471
21516 483
21517 303
21518 42
21519 303
21520 265
21521 265
21522 319
21523 230
21524 230
21525 391
21526 46
21527 391
21528 99
21529 99
21530 310
21531 310
21532 289
21533 289
21534 74
21535 74
21536 70
21537 431
21538 15
21539 44
21540 102
21541 112
21542 102
21543 440
21544 192
21545 191
21546 191
21547 191
21548 122
21549 122
21550 67
21551 394
21552 393
21553 394
21554 29
21555 93
21556 157
21557 20
21558 444
21559 20
21560 366
21561 267
21562 267
21563 276
21564 39
21565 267
21566 80
21567 80
21568 80
21569 178
21570 196
21571 196
21572 58
21573 229
21574 229
21575 26
21576 465
21577 305
21578 302
21579 465
21580 119
21581 119
21582 64
21583 64
21584 64
21585 64
21586 64
21587 281
21588 156
21589 136
21590 413
21591 13
21592 255
21593 342
21594 393
21595 292
21596 50
21597 50
21598 60
21599 446
21600 446
21601 240
21602 73
21603 120
21604 120
21605 48
21606 259
21607 259
21608 261
21609 259
21610 234
21611 349
21612 426
21613 367
21614 367
21615 44
21616 55
21617 44
21618 92
21619 247
21620 362
21621 362
21622 498
21623 498
21624 498
21625 380
21626 350
21627 350
21628 186
21629 186
21630 437
21631 71
21632 483
21633 71
21634 218
21635 218
21636 123
21637 76
21638 21
21639 140
21640 159
21641 159
21642 159
21643 145
21644 145
21645 145
21646 387
21647 387
21648 387
21649 390
21650 406
21651 406
21652 100
21653 45
21654 380
21655 402
21656 301
21657 301
21658 301
21659 279
21660 387
21661 387
21662 264
21663 489
21664 489
21665 461
21666 204
21667 189
21668 204
21669 204
21670 124
21671 167
21672 425
21673 47
21674 167
21675 167
21676 36
21677 36
21678 369
21679 369
21680 255
21681 255
21682 474
21683 427
21684 427
21685 311
21686 311
21687 84
21688 84
21689 187
21690 6
21691 187
21692 172
21693 313
21694 313
21695 405
21696 408
21697 49
21698 13
21699 37
21700 37
21701 37
21702 38
21703 37
21704 39
21705 67
21706 67
21707 69
21708 328
21709 328
21710 439
21711 439
21712 337
21713 337
21714 337
21715 47
21716 98
21717 131
21718 127
21719 131
21720 131
21721 176
21722 176
21723 206
21724 209
21725 209
21726 18
21727 209
21728 19
21729 211
21730 209
21731 229
21732 229
21733 229
21734 312
21735 199
21736 199
21737 191
21738 112
21739 112
21740 285
21741 285
21742 492
21743 172
21744 90
21745 92
21746 90
21747 90
21748 90
21749 320
21750 196
21751 196
21752 202
21753 83
21754 33
21755 33
21756 33
21757 33
21758 33
21759 33
21760 301
21761 301
21762 224
21763 224
21764 224
21765 224
21766 401
21767 320
21768 38
21769 368
21770 368
21771 368
21772 368
21773 296
21774 308
21775 25
21776 380
21777 308
21778 105
21779 105
21780 276
21781 276
21782 276
21783 276
21784 464
21785 464
21786 103
21787 71
21788 71
21789 176
21790 176
21791 11
21792 176
21793 176
21794 317
21795 317
21796 142
21797 406
21798 406
21799 161
21800 83
21801 15
21802 83
21803 84
21804 341
21805 341
21806 315
21807 203
21808 203
21809 203
21810 469
21811 232
21812 469
21813 469
21814 377
21815 377
21816 377
21817 426
21818 377
21819 377
21820 498
21821 343
21822 54
21823 364
21824 364
21825 140
21826 140
21827 140
21828 92
21829 92
21830 29
21831 242
21832 29
21833 29
21834 180
21835 329
21836 180
21837 411
21838 411
21839 271
21840 411
21841 163
21842 163
21843 163
21844 211
21845 359
21846 218
21847 396
21848 391
21849 396
21850 360
21851 368
21852 368
21853 370
21854 180
21855 398
21856 260
21857 50
21858 115
21859 102
21860 102
21861 102
21862 319
21863 319
21864 346
21865 346
21866 346
21867 379
21868 426
21869 426
21870 53
21871 13
21872 366
21873 366
21874 432
21875 432
21876 451
21877 76
21878 76
21879 77
21880 277
21881 277
21882 406
21883 479
21884 467
21885 17
21886 467
21887 17
21888 385
21889 419
21890 149
21891 149
21892 239
21893 239
21894 239
21895 337
21896 136
21897 136
21898 136
21899 203
21900 448
21901 448
21902 448
21903 448
21904 448
21905 116
21906 116
21907 410
21908 22
21909 360
21910 412
21911 336
21912 360
21913 196
21914 196
21915 29
21916 65
21917 425
21918 200
21919 488
21920 488
21921 488
21922 488
21923 491
21924 326
21925 286
21926 326
21927 493
21928 493
21929 493
21930 493
21931 269
21932 412
21933 261
21934 298
21935 139
21936 139
21937 139
21938 318
21939 482
21940 410
21941 110
21942 83
21943 347
21944 397
21945 347
21946 210
21947 203
21948 203
21949 356
21950 356
21951 356
21952 234
21953 296
21954 286
21955 264
21956 488
21957 320
21958 320
21959 320
21960 256
21961 256
21962 256
21963 253
21964 381
21965 126
21966 126
21967 413
21968 87
21969 159
21970 159
21971 159
21972 187
21973 66
21974 456
21975 221
21976 220
21977 226
21978 407
21979 407
21980 488
21981 488
21982 488
21983 217
21984 217
21985 258
21986 258
21987 258
21988 343
21989 343
21990 452
21991 447
21992 447
21993 447
21994 495
21995 204
21996 378
21997 378
21998 378
21999 150
22000 150
22001 135
22002 135
22003 135
22004 135
22005 467
22006 467
22007 235
22008 36
22009 191
22010 191
22011 37
22012 37
22013 302
22014 302
22015 302
22016 405
22017 405
22018 405
22019 406
22020 405
22021 151
22022 12
22023 166
22024 151
22025 172
22026 151
22027 481
22028 481
22029 257
22030 474
22031 474
22032 454
22033 454
22034 475
22035 475
22036 376
22037 376
22038 149
22039 149
22040 149
22041 149
22042 149
22043 149
22044 382
22045 224
22046 382
22047 75
22048 354
22049 355
22050 354
22051 379
22052 354
22053 62
22054 398
22055 328
22056 328
22057 188
22058 358
22059 193
22060 131
22061 452
22062 495
22063 170
22064 387
22065 225
22066 225
22067 225
22068 239
22069 250
22070 250
22071 291
22072 392
22073 392
22074 392
22075 418
22076 418
22077 393
22078 393
22079 409
22080 437
22081 422
22082 243
22083 243
22084 243
22085 243
22086 446
22087 446
22088 362
22089 420
22090 163
22091 382
22092 382
22093 22
22094 382
22095 382
22096 382
22097 176
22098 176
22099 287
22100 287
22101 70
22102 70
22103 342
22104 398
22105 342
22106 336
22107 72
22108 250
22109 250
22110 489
22111 489
22112 299
22113 299
22114 301
22115 299
22116 299
22117 195
22118 260
22119 264
22120 264
22121 388
22122 388
22123 359
22124 359
22125 21
22126 90
22127 472
22128 472
22129 96
22130 471
22131 471
22132 417
22133 417
22134 186
22135 186
22136 186
22137 186
22138 32
22139 32
22140 32
22141 179
22142 179
22143 349
22144 349
22145 381
22146 380
22147 378
22148 381
22149 380
22150 60
22151 60
22152 220
22153 220
22154 220
22155 220
22156 43
22157 43
22158 43
22159 432
22160 58
22161 58
22162 397
22163 497
22164 312
22165 338
22166 324
22167 324
22168 22
22169 426
22170 174
22171 369
22172 355
22173 369
22174 433
22175 433
22176 250
22177 324
22178 324
22179 150
22180 150
22181 127
22182 54
22183 54
22184 54
22185 338
22186 338
22187 271
22188 421
22189 78
22190 147
22191 78
22192 421
22193 86
22194 86
22195 194
22196 194
22197 173
22198 120
22199 77
22200 72
22201 341
22202 297
22203 320
22204 161
22205 103
22206 257
22207 31
22208 285
22209 289
22210 94
22211 94
22212 94
22213 103
22214 226
22215 230
22216 30
22217 181
22218 402
22219 181
22220 181
22221 70
22222 449
22223 440
22224 467
22225 317
22226 317
22227 317
22228 483
22229 260
22230 84
22231 84
22232 444
22233 444
22234 241
22235 241
22236 241
22237 211
22238 145
22239 145
22240 51
22241 164
22242 473
22243 67
22244 67
22245 204
22246 150
22247 147
22248 204
22249 464
22250 464
22251 255
22252 370
22253 67
22254 67
22255 125
22256 125
22257 125
22258 125
22259 70
22260 163
22261 130
22262 125
22263 473
22264 473
22265 473
22266 459
22267 459
22268 367
22269 174
22270 185
22271 185
22272 137
22273 199
22274 241
22275 75
22276 38
22277 271
22278 271
22279 67
22280 385
22281 67
22282 67
22283 20
22284 110
22285 110
22286 142
22287 142
22288 142
22289 387
22290 387
22291 178
22292 178
22293 287
22294 55
22295 163
22296 201
22297 201
22298 440
22299 404
22300 270
22301 270
22302 270
22303 465
22304 465
22305 465
22306 465
22307 467
22308 467
22309 467
22310 376
22311 327
22312 327
22313 498
22314 498
22315 498
22316 486
22317 486
22318 486
22319 439
22320 445
22321 439
22322 450
22323 278
22324 439
22325 439
22326 309
22327 397
22328 309
22329 380
22330 471
22331 471
22332 397
22333 397
22334 108
22335 365
22336 365
22337 365
22338 217
22339 214
22340 120
22341 479
22342 376
22343 376
22344 56
22345 56
22346 56
22347 56
22348 375
22349 124
22350 190
22351 190
22352 190
22353 216
22354 190
22355 353
22356 353
22357 65
22358 49
22359 49
22360 49
22361 49
22362 230
22363 233
22364 237
22365 237
22366 430
22367 336
22368 336
22369 46
22370 88
22371 358
22372 433
22373 358
22374 232
22375 232
22376 421
22377 421
22378 304
22379 473
22380 253
22381 308
22382 106
22383 106
22384 106
22385 139
22386 106
22387 296
22388 491
22389 29
22390 219
22391 219
22392 101
22393 337
22394 337
22395 91
22396 83
22397 431
22398 431
22399 431
22400 318
22401 431
22402 451
22403 451
22404 487
22405 69
22406 140
22407 123
22408 416
22409 416
22410 416
22411 416
22412 416
22413 290
22414 290
22415 290
22416 290
22417 321
22418 321
22419 333
22420 146
22421 146
22422 438
22423 438
22424 440
22425 438
22426 451
22427 332
22428 332
22429 332
22430 332
22431 26
22432 407
22433 407
22434 492
22435 407
22436 407
22437 433
22438 300
22439 257
22440 271
22441 111
22442 111
22443 111
22444 21
22445 160
22446 192
22447 12
22448 164
22449 164
22450 481
22451 481
22452 299
22453 299
22454 299
22455 252
22456 481
22457 252
22458 252
22459 252
22460 481
22461 392
22462 392
22463 392
22464 301
22465 406
22466 406
22467 105
22468 139
22469 139
22470 139
22471 252
22472 121
22473 419
22474 419
22475 419
22476 419
22477 419
22478 313
22479 313
22480 313
22481 168
22482 313
22483 440
22484 196
22485 369
22486 196
22487 123
22488 185
22489 382
22490 372
22491 381
22492 349
22493 457
22494 319
22495 412
22496 202
22497 202
22498 365
22499 365
22500 109
22501 411
22502 106
22503 106
22504 106
22505 420
22506 413
22507 420
22508 248
22509 164
22510 164
22511 217
22512 217
22513 265
22514 265
22515 265
22516 86
22517 74
22518 86
22519 106
22520 413
22521 290
22522 290
22523 290
22524 64
22525 476
22526 120
22527 458
22528 458
22529 136
22530 136
22531 277
22532 277
22533 401
22534 401
22535 316
22536 401
22537 172
22538 96
22539 96
22540 96
22541 96
22542 96
22543 85
22544 90
22545 85
22546 210
22547 274
22548 274
22549 380
22550 385
22551 361
22552 318
22553 361
22554 426
22555 318
22556 206
22557 203
22558 192
22559 234
22560 75
22561 75
22562 151
22563 111
22564 151
22565 151
22566 303
22567 303
22568 233
22569 196
22570 196
22571 86
22572 73
22573 86
22574 337
22575 337
22576 337
22577 337
22578 337
22579 77
22580 260
22581 328
22582 332
22583 328
22584 488
22585 488
22586 488
22587 488
22588 422
22589 422
22590 129
22591 367
22592 367
22593 429
22594 129
22595 333
22596 373
22597 373
22598 486
22599 486
22600 486
22601 486
22602 492
22603 492
22604 317
22605 317
22606 317
22607 317
22608 317
22609 350
22610 350
22611 350
22612 444
22613 444
22614 419
22615 419
22616 419
22617 345
22618 345
22619 277
22620 91
22621 91
22622 91
22623 411
22624 411
22625 131
22626 131
22627 416
22628 416
22629 416
22630 495
22631 495
22632 223
22633 446
22634 446
22635 446
22636 75
22637 60
22638 495
22639 487
22640 419
22641 246
22642 205
22643 205
22644 205
22645 403
22646 141
22647 141
22648 277
22649 277
22650 277
22651 245
22652 245
22653 93
22654 452
22655 243
22656 243
22657 323
22658 235
22659 235
22660 326
22661 326
22662 350
22663 350
22664 350
22665 58
22666 49
22667 85
22668 121
22669 121
22670 121
22671 142
22672 142
22673 142
22674 142
22675 81
22676 81
22677 140
22678 135
22679 293
22680 17
22681 17
22682 256
22683 96
22684 221
22685 221
22686 221
22687 221
22688 489
22689 135
22690 135
22691 41
22692 41
22693 440
22694 440
22695 435
22696 440
22697 248
22698 462
22699 316
22700 316
22701 442
22702 83
22703 83
22704 83
22705 364
22706 364
22707 364
22708 405
22709 405
22710 94
22711 373
22712 94
22713 373
22714 97
22715 375
22716 375
22717 459
22718 34
22719 34
22720 463
22721 278
22722 278
22723 118
22724 272
22725 272
22726 484
22727 101
22728 264
22729 264
22730 222
22731 222
22732 323
22733 323
22734 105
22735 294
22736 46
22737 29
22738 46
22739 46
22740 116
22741 477
22742 477
22743 479
22744 238
22745 238
22746 238
22747 347
22748 352
22749 265
22750 54
22751 54
22752 378
22753 378
22754 76
22755 453
22756 260
22757 342
22758 189
22759 248
22760 437
22761 38
22762 319
22763 19
22764 377
22765 377
22766 316
22767 316
22768 316
22769 316
22770 316
22771 223
22772 223
22773 369
22774 369
22775 369
22776 369
22777 55
22778 89
22779 89
22780 67
22781 67
22782 67
22783 211
22784 101
22785 316
22786 101
22787 38
22788 38
22789 93
22790 186
22791 291
22792 291
22793 352
22794 352
22795 352
22796 346
22797 356
22798 352
22799 187
22800 333
22801 333
22802 341
22803 92
22804 495
22805 495
22806 206
22807 206
22808 206
22809 346
22810 347
22811 171
22812 238
22813 238
22814 149
22815 149
22816 60
22817 348
22818 303
22819 73
22820 77
22821 243
22822 243
22823 93
22824 389
22825 236
22826 280
22827 183
22828 248
22829 4
22830 343
22831 136
22832 133
22833 368
22834 368
22835 368
22836 274
22837 356
22838 356
22839 356
22840 356
22841 208
22842 63
22843 63
22844 63
22845 101
22846 32
22847 32
22848 193
22849 193
22850 171
22851 347
22852 347
22853 390
22854 77
22855 77
22856 77
22857 215
22858 42
22859 42
22860 42
22861 267
22862 267
22863 117
22864 214
22865 214
22866 93
22867 361
22868 368
22869 42
22870 5
22871 206
22872 206
22873 206
22874 123
22875 231
22876 231
22877 82
22878 82
22879 82
22880 82
22881 73
22882 368
22883 368
22884 11
22885 11
22886 19
22887 77
22888 437
22889 437
22890 437
22891 321
22892 321
22893 243
22894 243
22895 105
22896 327
22897 13
22898 263
22899 280
22900 280
22901 280
22902 51
22903 15
22904 232
22905 236
22906 97
22907 236
22908 467
22909 467
22910 467
22911 302
22912 41
22913 41
22914 408
22915 408
22916 171
22917 408
22918 349
22919 235
22920 349
22921 349
22922 349
22923 218
22924 218
22925 93
22926 419
22927 419
22928 248
22929 244
22930 53
22931 53
22932 316
22933 316
22934 389
22935 183
22936 104
22937 104
22938 416
22939 416
22940 416
22941 420
22942 416
22943 493
22944 493
22945 264
22946 456
22947 361
22948 456
22949 456
22950 436
22951 436
22952 436
22953 15
22954 347
22955 347
22956 347
22957 180
22958 199
22959 197
22960 197
22961 494
22962 494
22963 459
22964 157
22965 478
22966 445
22967 478
22968 478
22969 439
22970 253
22971 19
22972 313
22973 313
22974 161
22975 137
22976 137
22977 404
22978 68
22979 137
22980 64
22981 393
22982 309
22983 309
22984 326
22985 55
22986 435
22987 433
22988 435
22989 22
22990 177
22991 349
22992 349
22993 349
22994 396
22995 122
22996 61
22997 61
22998 316
22999 316
23000 316
23001 316
23002 80
23003 31
23004 68
23005 474
23006 249
23007 326
23008 299
23009 299
23010 127
23011 409
23012 46
23013 171
23014 46
23015 129
23016 129
23017 248
23018 77
23019 38
23020 38
23021 77
23022 458
23023 458
23024 458
23025 212
23026 212
23027 43
23028 427
23029 257
23030 427
23031 427
23032 157
23033 157
23034 157
23035 92
23036 92
23037 92
23038 260
23039 248
23040 53
23041 359
23042 359
23043 427
23044 375
23045 375
23046 375
23047 182
23048 47
23049 241
23050 430
23051 251
23052 402
23053 103
23054 402
23055 50
23056 21
23057 200
23058 200
23059 71
23060 33
23061 33
23062 33
23063 474
23064 474
23065 474
23066 280
23067 215
23068 54
23069 26
23070 26
23071 26
23072 26
23073 26
23074 210
23075 145
23076 145
23077 145
23078 145
23079 382
23080 187
23081 265
23082 265
23083 320
23084 22
23085 265
23086 265
23087 390
23088 91
23089 445
23090 398
23091 315
23092 315
23093 317
23094 315
23095 379
23096 291
23097 286
23098 339
23099 291
23100 100
23101 328
23102 75
23103 289
23104 289
23105 289
23106 332
23107 329
23108 329
23109 259
23110 259
23111 364
23112 342
23113 364
23114 45
23115 45
23116 45
23117 209
23118 209
23119 394
23120 394
23121 394
23122 394
23123 201
23124 201
23125 443
23126 443
23127 159
23128 159
23129 12
23130 402
23131 403
23132 260
23133 360
23134 260
23135 69
23136 176
23137 208
23138 208
23139 115
23140 185
23141 68
23142 185
23143 176
23144 176
23145 253
23146 253
23147 253
23148 253
23149 253
23150 394
23151 394
23152 55
23153 279
23154 279
23155 481
23156 481
23157 184
23158 184
23159 113
23160 125
23161 125
23162 125
23163 417
23164 417
23165 167
23166 472
23167 472
23168 197
23169 420
23170 197
23171 197
23172 174
23173 179
23174 171
23175 405
23176 72
23177 72
23178 72
23179 75
23180 406
23181 105
23182 105
23183 493
23184 493
23185 493
23186 84
23187 84
23188 199
23189 164
23190 164
23191 164
23192 157
23193 204
23194 204
23195 204
23196 204
23197 85
23198 452
23199 172
23200 133
23201 133
23202 133
23203 287
23204 287
23205 229
23206 229
23207 229
23208 229
23209 301
23210 405
23211 15
23212 388
23213 270
23214 388
23215 104
23216 344
23217 344
23218 344
23219 360
23220 360
23221 479
23222 194
23223 493
23224 493
23225 192
23226 77
23227 389
23228 389
23229 150
23230 150
23231 29
23232 436
23233 436
23234 91
23235 91
23236 91
23237 91
23238 287
23239 287
23240 92
23241 92
23242 356
23243 454
23244 484
23245 484
23246 381
23247 381
23248 94
23249 103
23250 422
23251 30
23252 186
23253 284
23254 335
23255 7
23256 274
23257 493
23258 218
23259 493
23260 344
23261 344
23262 348
23263 344
23264 327
23265 407
23266 327
23267 327
23268 327
23269 497
23270 35
23271 35
23272 35
23273 35
23274 35
23275 35
23276 237
23277 237
23278 421
23279 163
23280 55
23281 264
23282 264
23283 175
23284 175
23285 148
23286 6
23287 148
23288 296
23289 254
23290 266
23291 364
23292 296
23293 296
23294 45
23295 30
23296 45
23297 336
23298 280
23299 336
23300 148
23301 148
23302 447
23303 447
23304 465
23305 222
23306 222
23307 262
23308 262
23309 262
23310 251
23311 251
23312 251
23313 308
23314 454
23315 454
23316 454
23317 454
23318 171
23319 69
23320 69
23321 69
23322 263
23323 117
23324 175
23325 117
23326 402
23327 99
23328 82
23329 82
23330 239
23331 233
23332 458
23333 404
23334 368
23335 366
23336 279
23337 368
23338 368
23339 39
23340 39
23341 39
23342 39
23343 367
23344 367
23345 485
23346 458
23347 261
23348 261
23349 453
23350 453
23351 125
23352 125
23353 125
23354 125
23355 123
23356 123
23357 360
23358 361
23359 100
23360 480
23361 436
23362 436
23363 47
23364 128
23365 451
23366 451
23367 451
23368 451
23369 451
23370 370
23371 411
23372 248
23373 450
23374 263
23375 365
23376 194
23377 193
23378 194
23379 55
23380 275
23381 275
23382 275
23383 77
23384 77
23385 470
23386 470
23387 470
23388 470
23389 108
23390 291
23391 468
23392 265
23393 296
23394 284
23395 296
23396 432
23397 109
23398 222
23399 204
23400 204
23401 157
23402 157
23403 461
23404 461
23405 215
23406 132
23407 132
23408 132
23409 73
23410 73
23411 285
23412 130
23413 12
23414 366
23415 296
23416 366
23417 328
23418 373
23419 373
23420 334
23421 295
23422 101
23423 41
23424 349
23425 42
23426 134
23427 134
23428 134
23429 479
23430 479
23431 164
23432 236
23433 236
23434 236
23435 46
23436 171
23437 46
23438 167
23439 225
23440 225
23441 229
23442 192
23443 226
23444 226
23445 280
23446 169
23447 169
23448 154
23449 154
23450 223
23451 223
23452 486
23453 486
23454 106
23455 162
23456 162
23457 165
23458 165
23459 165
23460 361
23461 65
23462 218
23463 429
23464 218
23465 373
23466 16
23467 373
23468 373
23469 373
23470 428
23471 56
23472 46
23473 415
23474 419
23475 163
23476 163
23477 200
23478 163
23479 460
23480 489
23481 163
23482 429
23483 210
23484 210
23485 214
23486 477
23487 318
23488 478
23489 453
23490 477
23491 482
23492 162
23493 162
23494 162
23495 162
23496 74
23497 434
23498 434
23499 116
23500 132
23501 162
23502 438
23503 438
23504 67
23505 74
23506 67
23507 67
23508 170
23509 61
23510 61
23511 24
23512 217
23513 217
23514 44
23515 285
23516 285
23517 285
23518 285
23519 285
23520 227
23521 227
23522 439
23523 439
23524 420
23525 353
23526 353
23527 381
23528 421
23529 256
23530 451
23531 256
23532 256
23533 54
23534 120
23535 256
23536 150
23537 150
23538 150
23539 206
23540 167
23541 154
23542 329
23543 329
23544 121
23545 286
23546 286
23547 263
23548 286
23549 293
23550 491
23551 137
23552 137
23553 473
23554 473
23555 430
23556 430
23557 430
23558 177
23559 177
23560 490
23561 490
23562 62
23563 438
23564 64
23565 64
23566 279
23567 279
23568 191
23569 295
23570 295
23571 376
23572 376
23573 376
23574 448
23575 491
23576 137
23577 30
23578 263
23579 272
23580 263
23581 221
23582 314
23583 221
23584 178
23585 178
23586 422
23587 413
23588 167
23589 162
23590 167
23591 152
23592 145
23593 152
23594 414
23595 403
23596 347
23597 166
23598 166
23599 254
23600 254
23601 74
23602 74
23603 74
23604 50
23605 73
23606 73
23607 430
23608 312
23609 208
23610 281
23611 244
23612 244
23613 244
23614 244
23615 244
23616 336
23617 336
23618 5
23619 400
23620 400
23621 285
23622 285
23623 285
23624 285
23625 285
23626 285
23627 407
23628 407
23629 407
23630 477
23631 19
23632 14
23633 398
23634 79
23635 77
23636 79
23637 79
23638 165
23639 177
23640 177
23641 177
23642 345
23643 345
23644 345
23645 354
23646 201
23647 201
23648 400
23649 400
23650 400
23651 436
23652 305
23653 132
23654 139
23655 188
23656 188
23657 243
23658 243
23659 407
23660 407
23661 121
23662 121
23663 51
23664 51
23665 54
23666 54
23667 89
23668 89
23669 454
23670 454
23671 129
23672 129
23673 56
23674 56
23675 56
23676 56
23677 410
23678 410
23679 145
23680 145
23681 145
23682 363
23683 227
23684 227
23685 227
23686 210
23687 458
23688 458
23689 459
23690 458
23691 458
23692 170
23693 171
23694 170
23695 31
23696 179
23697 179
23698 179
23699 60
23700 483
23701 60
23702 495
23703 66
23704 108
23705 175
23706 466
23707 466
23708 467
23709 70
23710 69
23711 351
23712 11
23713 348
23714 231
23715 348
23716 211
23717 254
23718 254
23719 331
23720 329
23721 331
23722 230
23723 230
23724 296
23725 308
23726 109
23727 485
23728 492
23729 492
23730 280
23731 488
23732 344
23733 344
23734 344
23735 344
23736 214
23737 214
23738 376
23739 376
23740 257
23741 488
23742 293
23743 14
23744 172
23745 214
23746 185
23747 43
23748 459
23749 459
23750 7
23751 459
23752 327
23753 327
23754 248
23755 244
23756 244
23757 244
23758 443
23759 443
23760 402
23761 402
23762 402
23763 66
23764 439
23765 66
23766 66
23767 413
23768 279
23769 273
23770 279
23771 178
23772 451
23773 451
23774 354
23775 250
23776 250
23777 250
23778 116
23779 116
23780 116
23781 116
23782 266
23783 75
23784 66
23785 158
23786 30
23787 158
23788 88
23789 317
23790 172
23791 114
23792 114
23793 202
23794 491
23795 491
23796 455
23797 455
23798 455
23799 214
23800 184
23801 184
23802 184
23803 184
23804 337
23805 337
23806 237
23807 238
23808 237
23809 237
23810 237
23811 237
23812 237
23813 237
23814 238
23815 407
23816 407
23817 430
23818 161
23819 161
23820 135
23821 28
23822 304
23823 449
23824 410
23825 449
23826 449
23827 449
23828 417
23829 96
23830 96
23831 163
23832 245
23833 38
23834 245
23835 411
23836 245
23837 232
23838 236
23839 7
23840 421
23841 422
23842 421
23843 257
23844 40
23845 334
23846 334
23847 334
23848 334
23849 460
23850 460
23851 108
23852 46
23853 331
23854 343
23855 279
23856 343
23857 343
23858 343
23859 428
23860 225
23861 299
23862 299
23863 32
23864 32
23865 32
23866 32
23867 34
23868 345
23869 357
23870 345
23871 345
23872 315
23873 54
23874 315
23875 169
23876 167
23877 412
23878 167
23879 412
23880 167
23881 330
23882 330
23883 330
23884 330
23885 330
23886 207
23887 148
23888 185
23889 456
23890 456
23891 456
23892 456
23893 355
23894 355
23895 146
23896 167
23897 146
23898 146
23899 342
23900 204
23901 204
23902 204
23903 83
23904 378
23905 378
23906 381
23907 378
23908 378
23909 378
23910 463
23911 463
23912 463
23913 389
23914 95
23915 96
23916 260
23917 260
23918 260
23919 297
23920 244
23921 244
23922 118
23923 50
23924 46
23925 490
23926 478
23927 272
23928 272
23929 151
23930 272
23931 397
23932 414
23933 414
23934 405
23935 13
23936 139
23937 139
23938 139
23939 310
23940 296
23941 139
23942 296
23943 296
23944 427
23945 427
23946 171
23947 291
23948 291
23949 293
23950 291
23951 291
23952 291
23953 293
23954 124
23955 440
23956 220
23957 220
23958 347
23959 341
23960 72
23961 72
23962 352
23963 352
23964 169
23965 169
23966 18
23967 169
23968 53
23969 424
23970 31
23971 424
23972 185
23973 185
23974 185
23975 384
23976 185
23977 140
23978 237
23979 105
23980 109
23981 101
23982 105
23983 128
23984 128
23985 358
23986 358
23987 484
23988 484
23989 64
23990 64
23991 118
23992 118
23993 118
23994 476
23995 426
23996 77
23997 400
23998 400
23999 400
24000 400
24001 195
24002 195
24003 195
24004 195
24005 488
24006 399
24007 399
24008 140
24009 140
24010 485
24011 485
24012 485
24013 386
24014 21
24015 386
24016 386
24017 277
24018 244
24019 244
24020 318
24021 211
24022 398
24023 159
24024 159
24025 364
24026 364
24027 162
24028 333
24029 310
24030 130
24031 130
24032 130
24033 130
24034 287
24035 277
24036 277
24037 276
24038 277
24039 398
24040 398
24041 185
24042 389
24043 389
24044 403
24045 299
24046 303
24047 90
24048 62
24049 288
24050 432
24051 432
24052 432
24053 413
24054 27
24055 477
24056 14
24057 413
24058 60
24059 58
24060 340
24061 340
24062 33
24063 33
24064 338
24065 338
24066 347
24067 347
24068 296
24069 296
24070 273
24071 256
24072 256
24073 261
24074 185
24075 398
24076 398
24077 398
24078 398
24079 249
24080 180
24081 129
24082 129
24083 145
24084 145
24085 309
24086 309
24087 309
24088 309
24089 239
24090 239
24091 27
24092 288
24093 288
24094 222
24095 222
24096 190
24097 142
24098 31
24099 142
24100 142
24101 142
24102 274
24103 274
24104 284
24105 404
24106 83
24107 278
24108 278
24109 199
24110 337
24111 199
24112 199
24113 199
24114 239
24115 239
24116 239
24117 149
24118 149
24119 193
24120 193
24121 140
24122 179
24123 467
24124 23
24125 420
24126 475
24127 305
24128 375
24129 24
24130 24
24131 24
24132 24
24133 408
24134 408
24135 408
24136 408
24137 408
24138 408
24139 220
24140 276
24141 276
24142 25
24143 25
24144 50
24145 147
24146 147
24147 476
24148 492
24149 492
24150 356
24151 356
24152 77
24153 440
24154 440
24155 440
24156 440
24157 163
24158 405
24159 405
24160 160
24161 160
24162 160
24163 335
24164 160
24165 160
24166 160
24167 378
24168 378
24169 101
24170 276
24171 276
24172 89
24173 392
24174 380
24175 184
24176 184
24177 184
24178 183
24179 184
24180 41
24181 41
24182 163
24183 365
24184 365
24185 365
24186 365
24187 216
24188 91
24189 484
24190 122
24191 122
24192 348
24193 348
24194 256
24195 256
24196 55
24197 402
24198 422
24199 359
24200 474
24201 358
24202 345
24203 225
24204 346
24205 225
24206 225
24207 255
24208 172
24209 355
24210 355
24211 367
24212 282
24213 30
24214 282
24215 282
24216 282
24217 284
24218 335
24219 453
24220 453
24221 453
24222 333
24223 453
24224 305
24225 426
24226 465
24227 464
24228 484
24229 218
24230 234
24231 234
24232 62
24233 343
24234 343
24235 173
24236 108
24237 471
24238 116
24239 201
24240 201
24241 201
24242 444
24243 444
24244 444
24245 109
24246 477
24247 477
24248 477
24249 477
24250 93
24251 93
24252 76
24253 114
24254 243
24255 243
24256 80
24257 38
24258 38
24259 119
24260 226
24261 366
24262 267
24263 267
24264 203
24265 140
24266 140
24267 140
24268 243
24269 243
24270 62
24271 282
24272 282
24273 97
24274 97
24275 97
24276 190
24277 190
24278 190
24279 90
24280 190
24281 136
24282 62
24283 144
24284 144
24285 156
24286 144
24287 467
24288 45
24289 147
24290 147
24291 147
24292 147
24293 147
24294 338
24295 338
24296 338
24297 481
24298 249
24299 431
24300 413
24301 431
24302 92
24303 410
24304 121
24305 384
24306 29
24307 384
24308 384
24309 384
24310 84
24311 425
24312 147
24313 147
24314 147
24315 145
24316 147
24317 270
24318 62
24319 439
24320 184
24321 184
24322 94
24323 94
24324 332
24325 94
24326 109
24327 109
24328 109
24329 363
24330 363
24331 363
24332 57
24333 57
24334 123
24335 101
24336 101
24337 101
24338 328
24339 137
24340 365
24341 296
24342 91
24343 91
24344 239
24345 365
24346 230
24347 410
24348 410
24349 339
24350 339
24351 19
24352 19
24353 104
24354 141
24355 141
24356 222
24357 222
24358 390
24359 79
24360 47
24361 79
24362 93
24363 154
24364 471
24365 208
24366 230
24367 297
24368 469
24369 65
24370 376
24371 295
24372 493
24373 493
24374 373
24375 373
24376 457
24377 457
24378 457
24379 457
24380 457
24381 342
24382 370
24383 48
24384 266
24385 432
24386 434
24387 432
24388 462
24389 452
24390 462
24391 462
24392 331
24393 273
24394 273
24395 336
24396 273
24397 310
24398 260
24399 260
24400 275
24401 275
24402 275
24403 255
24404 255
24405 268
24406 268
24407 119
24408 494
24409 119
24410 119
24411 404
24412 404
24413 30
24414 456
24415 456
24416 24
24417 24
24418 271
24419 271
24420 241
24421 241
24422 106
24423 106
24424 179
24425 179
24426 179
24427 413
24428 404
24429 42
24430 42
24431 34
24432 92
24433 407
24434 407
24435 469
24436 469
24437 469
24438 62
24439 175
24440 175
24441 70
24442 70
24443 70
24444 294
24445 321
24446 324
24447 321
24448 321
24449 19
24450 321
24451 208
24452 116
24453 116
24454 116
24455 43
24456 43
24457 333
24458 333
24459 333
24460 309
24461 189
24462 189
24463 427
24464 427
24465 427
24466 107
24467 261
24468 350
24469 402
24470 444
24471 178
24472 178
24473 300
24474 343
24475 343
24476 442
24477 163
24478 65
24479 449
24480 449
24481 449
24482 326
24483 266
24484 326
24485 100
24486 100
24487 59
24488 140
24489 140
24490 223
24491 475
24492 475
24493 475
24494 372
24495 62
24496 486
24497 486
24498 486
24499 487
24500 381
24501 412
24502 485
24503 485
24504 485
24505 469
24506 469
24507 469
24508 52
24509 452
24510 112
24511 112
24512 112
24513 112
24514 342
24515 342
24516 343
24517 342
24518 119
24519 119
24520 110
24521 110
24522 492
24523 492
24524 452
24525 261
24526 402
24527 402
24528 287
24529 287
24530 336
24531 109
24532 109
24533 102
24534 76
24535 121
24536 33
24537 33
24538 33
24539 27
24540 85
24541 380
24542 380
24543 322
24544 28
24545 327
24546 322
24547 368
24548 368
24549 368
24550 408
24551 408
24552 331
24553 263
24554 263
24555 289
24556 263
24557 480
24558 336
24559 329
24560 224
24561 224
24562 224
24563 487
24564 487
24565 243
24566 58
24567 319
24568 319
24569 18
24570 18
24571 124
24572 124
24573 248
24574 219
24575 231
24576 219
24577 38
24578 260
24579 260
24580 67
24581 62
24582 322
24583 318
24584 187
24585 187
24586 342
24587 438
24588 438
24589 56
24590 78
24591 221
24592 234
24593 56
24594 56
24595 56
24596 251
24597 109
24598 109
24599 313
24600 313
24601 144
24602 313
24603 313
24604 186
24605 231
24606 430
24607 430
24608 215
24609 215
24610 453
24611 453
24612 449
24613 193
24614 193
24615 193
24616 206
24617 206
24618 206
24619 206
24620 206
24621 380
24622 380
24623 380
24624 465
24625 465
24626 316
24627 346
24628 104
24629 104
24630 26
24631 104
24632 139
24633 180
24634 78
24635 139
24636 393
24637 344
24638 344
24639 344
24640 401
24641 406
24642 448
24643 446
24644 116
24645 116
24646 38
24647 189
24648 432
24649 187
24650 160
24651 160
24652 359
24653 359
24654 359
24655 364
24656 364
24657 205
24658 205
24659 205
24660 386
24661 386
24662 297
24663 415
24664 179
24665 423
24666 234
24667 133
24668 133
24669 427
24670 427
24671 117
24672 112
24673 112
24674 336
24675 341
24676 300
24677 474
24678 300
24679 474
24680 390
24681 108
24682 468
24683 304
24684 482
24685 261
24686 183
24687 183
24688 247
24689 384
24690 238
24691 238
24692 273
24693 273
24694 273
24695 498
24696 368
24697 368
24698 368
24699 434
24700 436
24701 169
24702 169
24703 177
24704 368
24705 368
24706 274
24707 274
24708 281
24709 274
24710 274
24711 274
24712 291
24713 97
24714 450
24715 450
24716 337
24717 306
24718 306
24719 306
24720 306
24721 165
24722 167
24723 165
24724 165
24725 24
24726 165
24727 304
24728 304
24729 481
24730 481
24731 481
24732 238
24733 238
24734 473
24735 330
24736 333
24737 330
24738 330
24739 224
24740 224
24741 358
24742 366
24743 397
24744 397
24745 265
24746 51
24747 51
24748 51
24749 51
24750 51
24751 432
24752 64
24753 255
24754 280
24755 251
24756 45
24757 45
24758 450
24759 450
24760 384
24761 364
24762 153
24763 97
24764 80
24765 80
24766 20
24767 20
24768 214
24769 214
24770 360
24771 360
24772 360
24773 334
24774 334
24775 335
24776 334
24777 80
24778 80
24779 62
24780 43
24781 62
24782 390
24783 119
24784 360
24785 162
24786 119
24787 121
24788 121
24789 84
24790 487
24791 257
24792 487
24793 114
24794 183
24795 114
24796 65
24797 65
24798 421
24799 447
24800 447
24801 447
24802 380
24803 380
24804 380
24805 317
24806 170
24807 170
24808 47
24809 448
24810 293
24811 293
24812 293
24813 293
24814 293
24815 3
24816 213
24817 215
24818 189
24819 189
24820 230
24821 230
24822 230
24823 230
24824 230
24825 345
24826 345
24827 345
24828 186
24829 483
24830 323
24831 478
24832 400
24833 425
24834 400
24835 400
24836 400
24837 68
24838 251
24839 251
24840 474
24841 472
24842 59
24843 59
24844 59
24845 419
24846 419
24847 95
24848 95
24849 95
24850 95
24851 213
24852 170
24853 213
24854 213
24855 478
24856 422
24857 478
24858 69
24859 428
24860 465
24861 427
24862 427
24863 452
24864 53
24865 450
24866 450
24867 474
24868 216
24869 145
24870 145
24871 456
24872 319
24873 145
24874 145
24875 304
24876 390
24877 390
24878 10
24879 333
24880 319
24881 322
24882 322
24883 322
24884 341
24885 341
24886 366
24887 366
24888 366
24889 28
24890 449
24891 304
24892 305
24893 270
24894 270
24895 270
24896 201
24897 201
24898 180
24899 34
24900 279
24901 279
24902 279
24903 260
24904 380
24905 380
24906 380
24907 307
24908 307
24909 451
24910 451
24911 108
24912 490
24913 216
24914 256
24915 256
24916 54
24917 399
24918 399
24919 134
24920 134
24921 134
24922 146
24923 146
24924 54
24925 160
24926 471
24927 54
24928 418
24929 30
24930 421
24931 418
24932 127
24933 127
24934 380
24935 382
24936 117
24937 498
24938 340
24939 498
24940 301
24941 498
24942 15
24943 498
24944 498
24945 78
24946 77
24947 170
24948 170
24949 49
24950 49
24951 76
24952 76
24953 171
24954 76
24955 154
24956 17
24957 154
24958 225
24959 282
24960 282
24961 189
24962 189
24963 189
24964 189
24965 83
24966 83
24967 466
24968 466
24969 17
24970 346
24971 346
24972 414
24973 418
24974 122
24975 303
24976 303
24977 245
24978 400
24979 400
24980 400
24981 471
24982 471
24983 291
24984 333
24985 267
24986 267
24987 388
24988 390
24989 388
24990 388
24991 195
24992 282
24993 352
24994 485
24995 485
24996 110
24997 110
24998 110
24999 173
25000 148
25001 154
25002 148
25003 156
25004 156
25005 492
25006 77
25007 96
25008 280
25009 452
25010 390
25011 481
25012 482
25013 481
25014 481
25015 176
25016 176
25017 477
25018 477
25019 304
25020 242
25021 76
25022 477
25023 477
25024 477
25025 305
25026 370
25027 308
25028 402
25029 402
25030 429
25031 317
25032 73
25033 73
25034 73
25035 476
25036 476
25037 476
25038 35
25039 35
25040 35
25041 182
25042 182
25043 262
25044 262
25045 262
25046 149
25047 149
25048 118
25049 118
25050 141
25051 144
25052 141
25053 467
25054 467
25055 495
25056 142
25057 142
25058 142
25059 142
25060 142
25061 142
25062 171
25063 171
25064 449
25065 449
25066 147
25067 147
25068 147
25069 147
25070 147
25071 122
25072 122
25073 475
25074 122
25075 250
25076 250
25077 250
25078 250
25079 250
25080 67
25081 274
25082 410
25083 274
25084 274
25085 276
25086 424
25087 424
25088 424
25089 78
25090 185
25091 405
25092 405
25093 92
25094 393
25095 393
25096 393
25097 487
25098 176
25099 176
25100 309
25101 309
25102 309
25103 409
25104 409
25105 409
25106 409
25107 409
25108 409
25109 409
25110 110
25111 110
25112 76
25113 23
25114 76
25115 253
25116 12
25117 154
25118 154
25119 246
25120 479
25121 479
25122 281
25123 217
25124 217
25125 337
25126 337
25127 223
25128 223
25129 223
25130 312
25131 106
25132 267
25133 267
25134 267
25135 164
25136 30
25137 282
25138 282
25139 220
25140 107
25141 429
25142 336
25143 336
25144 336
25145 100
25146 446
25147 446
25148 409
25149 124
25150 31
25151 124
25152 107
25153 222
25154 222
25155 333
25156 333
25157 280
25158 280
25159 39
25160 166
25161 166
25162 166
25163 200
25164 209
25165 166
25166 397
25167 397
25168 397
25169 237
25170 237
25171 485
25172 485
25173 485
25174 60
25175 426
25176 60
25177 176
25178 180
25179 176
25180 151
25181 151
25182 289
25183 289
25184 280
25185 352
25186 280
25187 280
25188 81
25189 81
25190 83
25191 83
25192 210
25193 325
25194 328
25195 439
25196 439
25197 207
25198 134
25199 437
25200 264
25201 265
25202 264
25203 162
25204 162
25205 396
25206 430
25207 396
25208 396
25209 390
25210 274
25211 278
25212 278
25213 259
25214 198
25215 198
25216 226
25217 69
25218 203
25219 315
25220 315
25221 315
25222 119
25223 491
25224 119
25225 430
25226 84
25227 84
25228 84
25229 76
25230 282
25231 223
25232 464
25233 464
25234 464
25235 464
25236 464
25237 389
25238 389
25239 368
25240 43
25241 43
25242 291
25243 297
25244 288
25245 140
25246 207
25247 263
25248 207
25249 395
25250 395
25251 395
25252 395
25253 395
25254 395
25255 408
25256 436
25257 161
25258 161
25259 161
25260 161
25261 403
25262 385
25263 385
25264 385
25265 251
25266 251
25267 251
25268 54
25269 279
25270 279
25271 279
25272 135
25273 462
25274 462
25275 462
25276 462
25277 32
25278 32
25279 32
25280 211
25281 165
25282 165
25283 382
25284 101
25285 369
25286 348
25287 132
25288 132
25289 132
25290 210
25291 210
25292 108
25293 270
25294 270
25295 388
25296 224
25297 212
25298 212
25299 245
25300 245
25301 245
25302 113
25303 335
25304 204
25305 204
25306 204
25307 353
25308 314
25309 354
25310 353
25311 353
25312 117
25313 311
25314 309
25315 311
25316 396
25317 396
25318 373
25319 200
25320 200
25321 200
25322 200
25323 200
25324 121
25325 114
25326 430
25327 430
25328 457
25329 457
25330 457
25331 54
25332 376
25333 127
25334 129
25335 127
25336 127
25337 127
25338 457
25339 129
25340 383
25341 383
25342 383
25343 205
25344 130
25345 123
25346 120
25347 222
25348 222
25349 222
25350 222
25351 470
25352 473
25353 224
25354 224
25355 224
25356 224
25357 224
25358 272
25359 272
25360 272
25361 135
25362 135
25363 136
25364 291
25365 291
25366 291
25367 214
25368 214
25369 214
25370 214
25371 405
25372 268
25373 278
25374 71
25375 71
25376 128
25377 86
25378 86
25379 75
25380 323
25381 468
25382 212
25383 212
25384 212
25385 396
25386 65
25387 65
25388 488
25389 109
25390 19
25391 109
25392 61
25393 393
25394 393
25395 445
25396 348
25397 348
25398 473
25399 473
25400 90
25401 116
25402 116
25403 91
25404 91
25405 88
25406 90
25407 90
25408 203
25409 127
25410 126
25411 365
25412 360
25413 360
25414 360
25415 279
25416 402
25417 461
25418 461
25419 461
25420 239
25421 239
25422 255
25423 255
25424 249
25425 249
25426 358
25427 118
25428 118
25429 340
25430 340
25431 340
25432 340
25433 285
25434 194
25435 194
25436 219
25437 476
25438 476
25439 476
25440 169
25441 371
25442 371
25443 207
25444 391
25445 465
25446 297
25447 297
25448 39
25449 147
25450 215
25451 215
25452 299
25453 299
25454 299
25455 495
25456 488
25457 328
25458 248
25459 248
25460 140
25461 198
25462 136
25463 182
25464 249
25465 249
25466 323
25467 323
25468 323
25469 346
25470 323
25471 87
25472 191
25473 87
25474 87
25475 112
25476 4
25477 267
25478 12
25479 167
25480 230
25481 239
25482 230
25483 474
25484 474
25485 474
25486 474
25487 261
25488 363
25489 363
25490 222
25491 154
25492 399
25493 401
25494 343
25495 328
25496 379
25497 379
25498 179
25499 179
25500 111
25501 111
25502 111
25503 112
25504 112
25505 318
25506 431
25507 318
25508 469
25509 469
25510 469
25511 186
25512 54
25513 54
25514 24
25515 24
25516 95
25517 472
25518 95
25519 292
25520 372
25521 16
25522 372
25523 16
25524 372
25525 465
25526 85
25527 69
25528 419
25529 419
25530 419
25531 419
25532 340
25533 340
25534 480
25535 480
25536 224
25537 224
25538 52
25539 52
25540 36
25541 36
25542 385
25543 434
25544 408
25545 434
25546 434
25547 286
25548 279
25549 434
25550 214
25551 493
25552 493
25553 486
25554 493
25555 206
25556 215
25557 340
25558 479
25559 340
25560 479
25561 236
25562 236
25563 236
25564 236
25565 236
25566 460
25567 460
25568 316
25569 316
25570 316
25571 315
25572 316
25573 316
25574 132
25575 132
25576 490
25577 367
25578 367
25579 38
25580 301
25581 371
25582 371
25583 219
25584 219
25585 219
25586 467
25587 247
25588 247
25589 276
25590 76
25591 172
25592 407
25593 407
25594 480
25595 214
25596 480
25597 121
25598 121
25599 175
25600 175
25601 175
25602 367
25603 277
25604 277
25605 309
25606 309
25607 46
25608 309
25609 305
25610 413
25611 413
25612 441
25613 335
25614 49
25615 49
25616 49
25617 108
25618 159
25619 345
25620 361
25621 361
25622 160
25623 449
25624 437
25625 485
25626 485
25627 279
25628 279
25629 432
25630 432
25631 432
25632 91
25633 91
25634 219
25635 219
25636 225
25637 219
25638 207
25639 426
25640 218
25641 218
25642 218
25643 66
25644 442
25645 442
25646 180
25647 180
25648 208
25649 298
25650 287
25651 298
25652 298
25653 418
25654 418
25655 418
25656 418
25657 418
25658 152
25659 286
25660 251
25661 18
25662 251
25663 493
25664 493
25665 179
25666 364
25667 364
25668 147
25669 147
25670 142
25671 147
25672 129
25673 129
25674 129
25675 62
25676 57
25677 87
25678 270
25679 262
25680 248
25681 248
25682 248
25683 248
25684 36
25685 36
25686 36
25687 36
25688 36
25689 43
25690 43
25691 341
25692 332
25693 449
25694 276
25695 281
25696 449
25697 297
25698 482
25699 195
25700 482
25701 301
25702 301
25703 110
25704 110
25705 90
25706 90
25707 356
25708 356
25709 356
25710 356
25711 356
25712 141
25713 141
25714 141
25715 141
25716 141
25717 387
25718 387
25719 387
25720 353
25721 353
25722 353
25723 353
25724 229
25725 229
25726 229
25727 229
25728 229
25729 320
25730 131
25731 131
25732 308
25733 308
25734 196
25735 196
25736 196
25737 248
25738 370
25739 348
25740 469
25741 329
25742 182
25743 64
25744 64
25745 64
25746 64
25747 93
25748 209
25749 77
25750 32
25751 32
25752 32
25753 32
25754 403
25755 248
25756 404
25757 294
25758 478
25759 99
25760 269
25761 199
25762 358
25763 306
25764 252
25765 306
25766 306
25767 250
25768 114
25769 250
25770 250
25771 250
25772 114
25773 40
25774 40
25775 200
25776 200
25777 200
25778 200
25779 364
25780 364
25781 364
25782 379
25783 366
25784 289
25785 433
25786 433
25787 433
25788 180
25789 155
25790 155
25791 320
25792 412
25793 6
25794 412
25795 333
25796 127
25797 127
25798 127
25799 127
25800 127
25801 127
25802 98
25803 98
25804 390
25805 230
25806 233
25807 230
25808 171
25809 171
25810 240
25811 471
25812 281
25813 93
25814 252
25815 252
25816 22
25817 255
25818 255
25819 277
25820 389
25821 198
25822 125
25823 125
25824 343
25825 344
25826 344
25827 344
25828 344
25829 344
25830 96
25831 96
25832 96
25833 96
25834 479
25835 479
25836 286
25837 479
25838 103
25839 109
25840 103
25841 256
25842 279
25843 243
25844 243
25845 204
25846 453
25847 294
25848 341
25849 44
25850 175
25851 175
25852 175
25853 68
25854 480
25855 292
25856 434
25857 434
25858 369
25859 369
25860 167
25861 167
25862 167
25863 40
25864 40
25865 40
25866 40
25867 37
25868 54
25869 340
25870 340
25871 253
25872 341
25873 341
25874 343
25875 188
25876 188
25877 188
25878 241
25879 106
25880 365
25881 365
25882 39
25883 39
25884 201
25885 191
25886 85
25887 85
25888 398
25889 343
25890 242
25891 242
25892 107
25893 107
25894 113
25895 190
25896 190
25897 190
25898 385
25899 190
25900 31
25901 385
25902 491
25903 231
25904 97
25905 225
25906 170
25907 170
25908 170
25909 423
25910 423
25911 423
25912 211
25913 141
25914 168
25915 143
25916 141
25917 435
25918 288
25919 435
25920 435
25921 435
25922 385
25923 414
25924 464
25925 228
25926 140
25927 140
25928 212
25929 212
25930 247
25931 247
25932 247
25933 264
25934 264
25935 264
25936 103
25937 103
25938 345
25939 39
25940 52
25941 180
25942 180
25943 439
25944 123
25945 97
25946 390
25947 432
25948 474
25949 474
25950 417
25951 417
25952 49
25953 49
25954 43
25955 49
25956 52
25957 49
25958 276
25959 349
25960 442
25961 442
25962 275
25963 442
25964 120
25965 232
25966 26
25967 404
25968 404
25969 133
25970 133
25971 133
25972 456
25973 241
25974 104
25975 241
25976 444
25977 69
25978 393
25979 363
25980 363
25981 62
25982 24
25983 421
25984 325
25985 325
25986 118
25987 118
25988 118
25989 19
25990 118
25991 305
25992 305
25993 241
25994 241
25995 142
25996 143
25997 142
25998 390
25999 386
26000 393
26001 288
26002 126
26003 126
26004 126
26005 447
26006 232
26007 447
26008 447
26009 448
26010 390
26011 498
26012 146
26013 398
26014 483
26015 208
26016 208
26017 208
26018 106
26019 106
26020 286
26021 286
26022 286
26023 286
26024 257
26025 473
26026 361
26027 140
26028 401
26029 401
26030 237
26031 288
26032 288
26033 288
26034 109
26035 465
26036 465
26037 331
26038 29
26039 29
26040 245
26041 163
26042 297
26043 245
26044 76
26045 227
26046 227
26047 227
26048 329
26049 329
26050 329
26051 329
26052 334
26053 329
26054 284
26055 307
26056 241
26057 241
26058 149
26059 41
26060 41
26061 357
26062 228
26063 228
26064 42
26065 45
26066 372
26067 372
26068 372
26069 372
26070 311
26071 125
26072 125
26073 307
26074 307
26075 308
26076 307
26077 58
26078 314
26079 314
26080 112
26081 58
26082 58
26083 320
26084 320
26085 239
26086 343
26087 239
26088 489
26089 286
26090 489
26091 489
26092 17
26093 489
26094 476
26095 476
26096 476
26097 457
26098 457
26099 457
26100 457
26101 457
26102 164
26103 221
26104 221
26105 221
26106 130
26107 130
26108 166
26109 166
26110 166
26111 166
26112 166
26113 221
26114 221
26115 221
26116 392
26117 226
26118 392
26119 241
26120 241
26121 241
26122 109
26123 259
26124 329
26125 265
26126 195
26127 195
26128 201
26129 195
26130 283
26131 283
26132 175
26133 433
26134 433
26135 437
26136 268
26137 218
26138 218
26139 217
26140 34
26141 463
26142 463
26143 349
26144 310
26145 312
26146 172
26147 304
26148 301
26149 230
26150 301
26151 99
26152 99
26153 36
26154 298
26155 298
26156 425
26157 425
26158 425
26159 425
26160 425
26161 79
26162 230
26163 230
26164 196
26165 196
26166 101
26167 453
26168 289
26169 239
26170 46
26171 46
26172 46
26173 50
26174 50
26175 50
26176 50
26177 110
26178 110
26179 110
26180 110
26181 327
26182 219
26183 219
26184 219
26185 219
26186 219
26187 219
26188 219
26189 46
26190 144
26191 144
26192 435
26193 451
26194 153
26195 146
26196 153
26197 153
26198 443
26199 488
26200 484
26201 257
26202 325
26203 325
26204 325
26205 325
26206 325
26207 26
26208 129
26209 480
26210 480
26211 480
26212 281
26213 453
26214 9
26215 178
26216 348
26217 348
26218 172
26219 172
26220 43
26221 43
26222 461
26223 461
26224 461
26225 324
26226 324
26227 377
26228 110
26229 401
26230 296
26231 253
26232 75
26233 24
26234 429
26235 429
26236 459
26237 61
26238 61
26239 192
26240 192
26241 192
26242 239
26243 239
26244 239
26245 57
26246 57
26247 353
26248 353
26249 353
26250 353
26251 300
26252 300
26253 300
26254 363
26255 392
26256 392
26257 392
26258 7
26259 89
26260 89
26261 60
26262 60
26263 264
26264 139
26265 6
26266 250
26267 250
26268 465
26269 380
26270 95
26271 95
26272 483
26273 483
26274 234
26275 347
26276 88
26277 320
26278 320
26279 425
26280 425
26281 425
26282 425
26283 396
26284 198
26285 311
26286 311
26287 222
26288 389
26289 20
26290 219
26291 219
26292 219
26293 219
26294 235
26295 235
26296 235
26297 235
26298 35
26299 124
26300 170
26301 205
26302 244
26303 260
26304 49
26305 49
26306 49
26307 330
26308 330
26309 330
26310 332
26311 228
26312 228
26313 304
26314 342
26315 342
26316 388
26317 291
26318 291
26319 73
26320 73
26321 226
26322 223
26323 266
26324 266
26325 313
26326 379
26327 316
26328 313
26329 320
26330 313
26331 313
26332 313
26333 313
26334 313
26335 379
26336 463
26337 298
26338 298
26339 136
26340 136
26341 136
26342 437
26343 409
26344 437
26345 15
26346 101
26347 421
26348 421
26349 275
26350 275
26351 324
26352 168
26353 168
26354 154
26355 168
26356 451
26357 483
26358 241
26359 241
26360 324
26361 324
26362 324
26363 389
26364 50
26365 477
26366 477
26367 417
26368 424
26369 265
26370 360
26371 360
26372 360
26373 360
26374 372
26375 372
26376 372
26377 372
26378 455
26379 455
26380 455
26381 442
26382 442
26383 442
26384 442
26385 470
26386 470
26387 469
26388 470
26389 468
26390 131
26391 128
26392 128
26393 260
26394 240
26395 485
26396 485
26397 159
26398 453
26399 453
26400 15
26401 395
26402 59
26403 451
26404 481
26405 433
26406 433
26407 433
26408 474
26409 474
26410 474
26411 67
26412 112
26413 112
26414 48
26415 54
26416 48
26417 445
26418 445
26419 46
26420 194
26421 442
26422 88
26423 88
26424 154
26425 154
26426 154
26427 236
26428 193
26429 236
26430 238
26431 236
26432 471
26433 453
26434 213
26435 398
26436 229
26437 229
26438 229
26439 229
26440 298
26441 298
26442 298
26443 298
26444 136
26445 192
26446 113
26447 203
26448 203
26449 11
26450 87
26451 87
26452 87
26453 192
26454 192
26455 192
26456 432
26457 447
26458 447
26459 448
26460 447
26461 447
26462 129
26463 129
26464 129
26465 129
26466 400
26467 400
26468 400
26469 54
26470 385
26471 385
26472 401
26473 274
26474 274
26475 342
26476 274
26477 453
26478 136
26479 103
26480 103
26481 103
26482 305
26483 402
26484 137
26485 230
26486 230
26487 230
26488 189
26489 189
26490 189
26491 218
26492 80
26493 80
26494 262
26495 265
26496 265
26497 29
26498 62
26499 88
26500 97
26501 191
26502 191
26503 191
26504 191
26505 191
26506 403
26507 403
26508 74
26509 51
26510 50
26511 206
26512 50
26513 248
26514 207
26515 216
26516 230
26517 230
26518 161
26519 164
26520 161
26521 274
26522 274
26523 274
26524 94
26525 94
26526 142
26527 142
26528 145
26529 142
26530 423
26531 438
26532 86
26533 129
26534 310
26535 438
26536 299
26537 299
26538 472
26539 287
26540 242
26541 343
26542 233
26543 168
26544 168
26545 168
26546 441
26547 439
26548 337
26549 314
26550 314
26551 314
26552 314
26553 62
26554 286
26555 286
26556 75
26557 75
26558 260
26559 242
26560 173
26561 91
26562 416
26563 91
26564 45
26565 140
26566 93
26567 271
26568 272
26569 285
26570 449
26571 449
26572 449
26573 193
26574 81
26575 81
26576 81
26577 421
26578 421
26579 358
26580 478
26581 255
26582 255
26583 130
26584 130
26585 82
26586 250
26587 250
26588 226
26589 379
26590 379
26591 379
26592 379
26593 131
26594 15
26595 150
26596 150
26597 490
26598 441
26599 229
26600 490
26601 441
26602 246
26603 246
26604 450
26605 450
26606 450
26607 450
26608 450
26609 336
26610 322
26611 322
26612 35
26613 322
26614 419
26615 41
26616 41
26617 41
26618 98
26619 98
26620 385
26621 385
26622 137
26623 137
26624 22
26625 137
26626 64
26627 76
26628 50
26629 50
26630 50
26631 50
26632 108
26633 366
26634 427
26635 427
26636 265
26637 423
26638 406
26639 153
26640 159
26641 159
26642 191
26643 191
26644 191
26645 66
26646 191
26647 125
26648 125
26649 110
26650 110
26651 110
26652 36
26653 36
26654 481
26655 481
26656 481
26657 485
26658 481
26659 360
26660 260
26661 350
26662 213
26663 213
26664 419
26665 204
26666 204
26667 204
26668 204
26669 204
26670 324
26671 360
26672 263
26673 360
26674 360
26675 360
26676 496
26677 167
26678 167
26679 490
26680 262
26681 353
26682 353
26683 250
26684 250
26685 250
26686 250
26687 251
26688 436
26689 455
26690 455
26691 147
26692 147
26693 426
26694 190
26695 190
26696 190
26697 190
26698 190
26699 178
26700 443
26701 178
26702 267
26703 267
26704 233
26705 233
26706 418
26707 418
26708 475
26709 468
26710 468
26711 468
26712 454
26713 454
26714 456
26715 390
26716 452
26717 276
26718 484
26719 173
26720 262
26721 262
26722 262
26723 154
26724 154
26725 216
26726 216
26727 218
26728 218
26729 50
26730 133
26731 247
26732 133
26733 478
26734 478
26735 232
26736 232
26737 232
26738 285
26739 478
26740 478
26741 478
26742 346
26743 453
26744 346
26745 281
26746 365
26747 338
26748 338
26749 289
26750 289
26751 63
26752 63
26753 309
26754 309
26755 410
26756 410
26757 378
26758 200
26759 457
26760 457
26761 377
26762 377
26763 259
26764 259
26765 259
26766 259
26767 262
26768 110
26769 110
26770 29
26771 65
26772 65
26773 65
26774 65
26775 70
26776 70
26777 70
26778 490
26779 112
26780 482
26781 482
26782 482
26783 166
26784 166
26785 170
26786 435
26787 197
26788 197
26789 197
26790 197
26791 197
26792 445
26793 445
26794 281
26795 445
26796 445
26797 281
26798 281
26799 116
26800 362
26801 362
26802 362
26803 304
26804 331
26805 208
26806 308
26807 308
26808 308
26809 289
26810 215
26811 102
26812 102
26813 433
26814 211
26815 204
26816 218
26817 204
26818 253
26819 74
26820 74
26821 66
26822 66
26823 100
26824 462
26825 468
26826 462
26827 44
26828 86
26829 86
26830 22
26831 196
26832 67
26833 67
26834 70
26835 489
26836 342
26837 342
26838 75
26839 328
26840 231
26841 328
26842 173
26843 173
26844 173
26845 173
26846 220
26847 220
26848 220
26849 395
26850 437
26851 110
26852 110
26853 110
26854 110
26855 391
26856 217
26857 217
26858 217
26859 207
26860 247
26861 103
26862 85
26863 103
26864 406
26865 275
26866 275
26867 105
26868 105
26869 61
26870 479
26871 479
26872 435
26873 435
26874 288
26875 435
26876 226
26877 118
26878 118
26879 118
26880 372
26881 372
26882 372
26883 372
26884 243
26885 243
26886 107
26887 107
26888 107
26889 107
26890 143
26891 55
26892 71
26893 71
26894 302
26895 302
26896 302
26897 43
26898 43
26899 43
26900 43
26901 53
26902 298
26903 298
26904 104
26905 174
26906 174
26907 285
26908 352
26909 285
26910 352
26911 218
26912 218
26913 221
26914 487
26915 487
26916 173
26917 14
26918 106
26919 426
26920 106
26921 106
26922 283
26923 164
26924 283
26925 283
26926 413
26927 413
26928 388
26929 299
26930 299
26931 113
26932 113
26933 304
26934 113
26935 230
26936 90
26937 395
26938 395
26939 188
26940 188
26941 404
26942 91
26943 91
26944 214
26945 214
26946 335
26947 335
26948 311
26949 37
26950 37
26951 448
26952 448
26953 448
26954 100
26955 100
26956 167
26957 44
26958 44
26959 228
26960 228
26961 363
26962 228
26963 393
26964 398
26965 393
26966 461
26967 461
26968 461
26969 445
26970 412
26971 412
26972 217
26973 217
26974 274
26975 274
26976 475
26977 475
26978 475
26979 475
26980 475
26981 278
26982 278
26983 185
26984 24
26985 24
26986 314
26987 98
26988 314
26989 131
26990 87
26991 466
26992 368
26993 368
26994 368
26995 408
26996 300
26997 300
26998 249
26999 61
27000 284
27001 284
27002 392
27003 393
27004 392
27005 269
27006 269
27007 269
27008 447
27009 447
27010 449
27011 42
27012 42
27013 264
27014 264
27015 394
27016 394
27017 394
27018 394
27019 27
27020 413
27021 280
27022 122
27023 122
27024 327
27025 327
27026 379
27027 288
27028 122
27029 288
27030 188
27031 66
27032 493
27033 493
27034 148
27035 65
27036 220
27037 406
27038 406
27039 73
27040 161
27041 161
27042 161
27043 161
27044 330
27045 330
27046 330
27047 242
27048 414
27049 242
27050 336
27051 228
27052 328
27053 192
27054 192
27055 211
27056 312
27057 312
27058 256
27059 256
27060 256
27061 330
27062 330
27063 330
27064 200
27065 200
27066 489
27067 343
27068 343
27069 192
27070 192
27071 192
27072 303
27073 363
27074 303
27075 303
27076 303
27077 303
27078 363
27079 268
27080 395
27081 82
27082 268
27083 268
27084 347
27085 268
27086 268
27087 319
27088 319
27089 381
27090 491
27091 381
27092 193
27093 193
27094 193
27095 332
27096 332
27097 410
27098 284
27099 284
27100 284
27101 344
27102 344
27103 344
27104 378
27105 246
27106 452
27107 460
27108 487
27109 21
27110 77
27111 382
27112 404
27113 382
27114 81
27115 346
27116 346
27117 346
27118 359
27119 75
27120 75
27121 142
27122 98
27123 127
27124 294
27125 294
27126 315
27127 315
27128 251
27129 251
27130 384
27131 387
27132 120
27133 194
27134 431
27135 431
27136 431
27137 348
27138 431
27139 461
27140 257
27141 257
27142 409
27143 257
27144 257
27145 168
27146 168
27147 125
27148 125
27149 180
27150 460
27151 416
27152 416
27153 29
27154 416
27155 436
27156 436
27157 268
27158 437
27159 24
27160 372
27161 372
27162 138
27163 138
27164 182
27165 182
27166 177
27167 101
27168 95
27169 335
27170 233
27171 233
27172 84
27173 147
27174 101
27175 31
27176 324
27177 368
27178 368
27179 293
27180 128
27181 128
27182 160
27183 160
27184 160
27185 160
27186 160
27187 341
27188 341
27189 429
27190 274
27191 274
27192 58
27193 80
27194 80
27195 80
27196 80
27197 80
27198 80
27199 80
27200 333
27201 169
27202 233
27203 408
27204 302
27205 302
27206 302
27207 294
27208 214
27209 294
27210 477
27211 481
27212 477
27213 477
27214 477
27215 477
27216 260
27217 72
27218 383
27219 383
27220 46
27221 383
27222 291
27223 291
27224 291
27225 413
27226 291
27227 291
27228 36
27229 278
27230 372
27231 372
27232 154
27233 52
27234 52
27235 122
27236 256
27237 157
27238 256
27239 256
27240 256
27241 77
27242 74
27243 74
27244 74
27245 420
27246 30
27247 24
27248 24
27249 24
27250 338
27251 24
27252 346
27253 154
27254 154
27255 75
27256 437
27257 437
27258 421
27259 118
27260 144
27261 239
27262 102
27263 59
27264 67
27265 67
27266 67
27267 397
27268 397
27269 393
27270 231
27271 231
27272 231
27273 226
27274 226
27275 232
27276 232
27277 232
27278 448
27279 448
27280 86
27281 254
27282 254
27283 203
27284 438
27285 489
27286 140
27287 140
27288 450
27289 450
27290 450
27291 55
27292 55
27293 370
27294 370
27295 302
27296 72
27297 179
27298 133
27299 245
27300 245
27301 245
27302 245
27303 171
27304 398
27305 315
27306 66
27307 66
27308 66
27309 108
27310 401
27311 362
27312 362
27313 341
27314 132
27315 132
27316 233
27317 233
27318 89
27319 89
27320 89
27321 89
27322 162
27323 148
27324 162
27325 162
27326 326
27327 326
27328 326
27329 161
27330 161
27331 225
27332 474
27333 474
27334 259
27335 259
27336 259
27337 334
27338 334
27339 334
27340 84
27341 84
27342 84
27343 154
27344 154
27345 49
27346 49
27347 325
27348 325
27349 328
27350 288
27351 288
27352 288
27353 210
27354 172
27355 210
27356 230
27357 230
27358 230
27359 230
27360 167
27361 295
27362 295
27363 285
27364 285
27365 285
27366 285
27367 345
27368 345
27369 345
27370 345
27371 413
27372 413
27373 413
27374 205
27375 205
27376 205
27377 205
27378 54
27379 286
27380 31
27381 286
27382 286
27383 235
27384 235
27385 235
27386 101
27387 30
27388 137
27389 137
27390 137
27391 137
27392 466
27393 466
27394 170
27395 170
27396 169
27397 302
27398 160
27399 160
27400 457
27401 202
27402 461
27403 460
27404 460
27405 482
27406 482
27407 422
27408 225
27409 312
27410 312
27411 312
27412 272
27413 218
27414 17
27415 272
27416 332
27417 332
27418 332
27419 271
27420 271
27421 265
27422 271
27423 221
27424 221
27425 221
27426 413
27427 64
27428 64
27429 64
27430 436
27431 436
27432 195
27433 331
27434 97
27435 496
27436 496
27437 496
27438 127
27439 127
27440 127
27441 127
27442 233
27443 331
27444 331
27445 307
27446 161
27447 469
27448 248
27449 248
27450 248
27451 408
27452 179
27453 401
27454 74
27455 447
27456 447
27457 306
27458 309
27459 306
27460 306
27461 376
27462 376
27463 376
27464 388
27465 388
27466 275
27467 275
27468 408
27469 408
27470 411
27471 411
27472 301
27473 411
27474 403
27475 403
27476 195
27477 493
27478 493
27479 343
27480 247
27481 164
27482 295
27483 468
27484 376
27485 216
27486 479
27487 424
27488 312
27489 424
27490 424
27491 395
27492 424
27493 424
27494 385
27495 23
27496 442
27497 42
27498 112
27499 40
27500 40
27501 40
27502 11
27503 11
27504 11
27505 454
27506 454
27507 454
27508 387
27509 387
27510 389
27511 75
27512 401
27513 401
27514 401
27515 293
27516 293
27517 201
27518 323
27519 323
27520 323
27521 62
27522 88
27523 381
27524 381
27525 381
27526 381
27527 401
27528 401
27529 401
27530 112
27531 197
27532 197
27533 197
27534 173
27535 315
27536 315
27537 315
27538 175
27539 175
27540 285
27541 285
27542 325
27543 325
27544 325
27545 325
27546 170
27547 170
27548 482
27549 482
27550 482
27551 270
27552 347
27553 347
27554 14
27555 273
27556 347
27557 381
27558 383
27559 383
27560 383
27561 385
27562 360
27563 33
27564 33
27565 39
27566 179
27567 377
27568 377
27569 142
27570 142
27571 153
27572 142
27573 220
27574 220
27575 242
27576 79
27577 79
27578 79
27579 498
27580 92
27581 250
27582 366
27583 366
27584 429
27585 429
27586 444
27587 392
27588 392
27589 392
27590 392
27591 392
27592 248
27593 187
27594 266
27595 358
27596 266
27597 266
27598 266
27599 455
27600 455
27601 460
27602 455
27603 165
27604 165
27605 165
27606 256
27607 444
27608 444
27609 444
27610 206
27611 206
27612 196
27613 196
27614 196
27615 180
27616 139
27617 180
27618 91
27619 22
27620 91
27621 243
27622 475
27623 455
27624 445
27625 449
27626 54
27627 54
27628 190
27629 245
27630 392
27631 392
27632 238
27633 238
27634 116
27635 328
27636 116
27637 225
27638 225
27639 225
27640 180
27641 359
27642 363
27643 363
27644 79
27645 79
27646 79
27647 183
27648 183
27649 363
27650 211
27651 368
27652 368
27653 368
27654 486
27655 153
27656 153
27657 153
27658 51
27659 289
27660 51
27661 51
27662 204
27663 211
27664 438
27665 438
27666 97
27667 97
27668 284
27669 284
27670 292
27671 322
27672 292
27673 322
27674 4
27675 351
27676 366
27677 366
27678 297
27679 351
27680 351
27681 50
27682 497
27683 56
27684 93
27685 219
27686 219
27687 219
27688 219
27689 482
27690 198
27691 198
27692 430
27693 367
27694 171
27695 210
27696 174
27697 174
27698 30
27699 174
27700 174
27701 353
27702 353
27703 353
27704 353
27705 257
27706 130
27707 130
27708 344
27709 344
27710 344
27711 344
27712 163
27713 271
27714 375
27715 375
27716 121
27717 121
27718 60
27719 60
27720 60
27721 67
27722 37
27723 37
27724 37
27725 349
27726 349
27727 168
27728 168
27729 168
27730 168
27731 168
27732 233
27733 244
27734 244
27735 244
27736 244
27737 54
27738 244
27739 44
27740 227
27741 230
27742 13
27743 13
27744 314
27745 314
27746 314
27747 318
27748 194
27749 202
27750 81
27751 202
27752 202
27753 202
27754 370
27755 186
27756 184
27757 184
27758 215
27759 107
27760 408
27761 408
27762 424
27763 424
27764 149
27765 149
27766 103
27767 103
27768 175
27769 175
27770 266
27771 266
27772 266
27773 266
27774 266
27775 70
27776 266
27777 210
27778 206
27779 210
27780 210
27781 90
27782 391
27783 362
27784 453
27785 391
27786 103
27787 77
27788 276
27789 263
27790 479
27791 180
27792 56
27793 186
27794 388
27795 388
27796 114
27797 359
27798 211
27799 114
27800 357
27801 357
27802 353
27803 242
27804 86
27805 63
27806 63
27807 63
27808 77
27809 77
27810 157
27811 157
27812 469
27813 118
27814 118
27815 118
27816 70
27817 412
27818 412
27819 412
27820 412
27821 67
27822 310
27823 318
27824 318
27825 406
27826 442
27827 442
27828 442
27829 306
27830 306
27831 306
27832 478
27833 478
27834 478
27835 478
27836 399
27837 399
27838 399
27839 353
27840 353
27841 353
27842 209
27843 209
27844 209
27845 262
27846 262
27847 262
27848 167
27849 168
27850 150
27851 150
27852 114
27853 186
27854 186
27855 73
27856 73
27857 474
27858 474
27859 137
27860 225
27861 217
27862 278
27863 303
27864 370
27865 370
27866 166
27867 166
27868 166
27869 211
27870 334
27871 336
27872 336
27873 464
27874 464
27875 402
27876 402
27877 412
27878 90
27879 90
27880 90
27881 407
27882 407
27883 407
27884 443
27885 390
27886 430
27887 465
27888 465
27889 466
27890 466
27891 88
27892 88
27893 366
27894 451
27895 451
27896 451
27897 403
27898 198
27899 198
27900 198
27901 198
27902 198
27903 425
27904 425
27905 369
27906 157
27907 352
27908 352
27909 415
27910 415
27911 415
27912 412
27913 412
27914 221
27915 221
27916 221
27917 347
27918 347
27919 347
27920 129
27921 129
27922 120
27923 255
27924 129
27925 276
27926 425
27927 162
27928 425
27929 75
27930 203
27931 309
27932 384
27933 105
27934 105
27935 213
27936 213
27937 213
27938 318
27939 186
27940 282
27941 282
27942 328
27943 334
27944 334
27945 197
27946 197
27947 197
27948 197
27949 445
27950 276
27951 377
27952 69
27953 69
27954 331
27955 331
27956 331
27957 339
27958 339
27959 363
27960 363
27961 122
27962 122
27963 86
27964 61
27965 61
27966 61
27967 115
27968 115
27969 115
27970 252
27971 252
27972 409
27973 238
27974 238
27975 238
27976 238
27977 238
27978 109
27979 430
27980 109
27981 144
27982 163
27983 161
27984 263
27985 263
27986 190
27987 220
27988 220
27989 135
27990 135
27991 135
27992 483
27993 483
27994 479
27995 237
27996 479
27997 479
27998 333
27999 416
28000 341
28001 416
28002 341
28003 441
28004 441
28005 434
28006 434
28007 78
28008 17
28009 78
28010 338
28011 282
28012 253
28013 282
28014 164
28015 264
28016 282
28017 298
28018 298
28019 265
28020 119
28021 119
28022 246
28023 119
28024 162
28025 162
28026 236
28027 236
28028 236
28029 109
28030 109
28031 80
28032 80
28033 80
28034 83
28035 83
28036 83
28037 115
28038 100
28039 218
28040 218
28041 149
28042 149
28043 229
28044 229
28045 398
28046 70
28047 409
28048 172
28049 422
28050 465
28051 195
28052 80
28053 80
28054 80
28055 80
28056 453
28057 402
28058 402
28059 402
28060 466
28061 182
28062 113
28063 113
28064 83
28065 83
28066 323
28067 129
28068 265
28069 265
28070 265
28071 248
28072 112
28073 465
28074 98
28075 98
28076 271
28077 271
28078 271
28079 232
28080 87
28081 87
28082 87
28083 87
28084 66
28085 66
28086 202
28087 202
28088 136
28089 136
28090 136
28091 215
28092 215
28093 213
28094 9
28095 213
28096 213
28097 213
28098 273
28099 303
28100 303
28101 303
28102 303
28103 182
28104 259
28105 91
28106 380
28107 399
28108 399
28109 244
28110 399
28111 202
28112 333
28113 384
28114 258
28115 258
28116 429
28117 331
28118 331
28119 297
28120 414
28121 297
28122 329
28123 329
28124 278
28125 91
28126 91
28127 91
28128 42
28129 393
28130 12
28131 393
28132 393
28133 213
28134 213
28135 158
28136 158
28137 158
28138 158
28139 158
28140 31
28141 402
28142 101
28143 101
28144 293
28145 79
28146 79
28147 247
28148 305
28149 162
28150 162
28151 162
28152 162
28153 417
28154 417
28155 433
28156 433
28157 408
28158 123
28159 346
28160 346
28161 85
28162 85
28163 391
28164 391
28165 391
28166 472
28167 381
28168 472
28169 473
28170 457
28171 148
28172 148
28173 166
28174 166
28175 403
28176 434
28177 454
28178 454
28179 454
28180 277
28181 108
28182 440
28183 256
28184 254
28185 256
28186 395
28187 202
28188 202
28189 195
28190 241
28191 241
28192 327
28193 327
28194 480
28195 480
28196 373
28197 149
28198 296
28199 296
28200 296
28201 296
28202 98
28203 179
28204 265
28205 218
28206 265
28207 283
28208 283
28209 283
28210 56
28211 56
28212 56
28213 498
28214 498
28215 301
28216 425
28217 425
28218 250
28219 250
28220 250
28221 453
28222 339
28223 453
28224 453
28225 336
28226 274
28227 274
28228 253
28229 274
28230 272
28231 272
28232 444
28233 453
28234 340
28235 99
28236 237
28237 237
28238 237
28239 7
28240 138
28241 346
28242 346
28243 346
28244 320
28245 283
28246 283
28247 331
28248 331
28249 331
28250 331
28251 41
28252 41
28253 43
28254 43
28255 278
28256 278
28257 278
28258 270
28259 211
28260 270
28261 134
28262 151
28263 308
28264 308
28265 308
28266 308
28267 333
28268 271
28269 271
28270 180
28271 332
28272 332
28273 332
28274 332
28275 332
28276 332
28277 332
28278 426
28279 332
28280 348
28281 319
28282 54
28283 308
28284 168
28285 147
28286 147
28287 268
28288 199
28289 121
28290 235
28291 255
28292 255
28293 255
28294 255
28295 255
28296 105
28297 105
28298 105
28299 105
28300 68
28301 98
28302 326
28303 326
28304 326
28305 326
28306 326
28307 298
28308 200
28309 200
28310 200
28311 200
28312 200
28313 430
28314 134
28315 134
28316 134
28317 134
28318 134
28319 85
28320 430
28321 467
28322 467
28323 144
28324 144
28325 476
28326 298
28327 298
28328 298
28329 298
28330 289
28331 289
28332 289
28333 338
28334 338
28335 296
28336 338
28337 338
28338 285
28339 285
28340 286
28341 285
28342 320
28343 109
28344 109
28345 388
28346 34
28347 34
28348 34
28349 34
28350 141
28351 141
28352 141
28353 141
28354 144
28355 144
28356 144
28357 393
28358 393
28359 76
28360 76
28361 76
28362 137
28363 347
28364 347
28365 337
28366 90
28367 157
28368 157
28369 307
28370 287
28371 307
28372 307
28373 307
28374 496
28375 496
28376 33
28377 326
28378 85
28379 411
28380 411
28381 411
28382 411
28383 452
28384 61
28385 61
28386 110
28387 110
28388 110
28389 110
28390 315
28391 110
28392 51
28393 73
28394 73
28395 478
28396 478
28397 478
28398 260
28399 107
28400 68
28401 192
28402 192
28403 103
28404 419
28405 53
28406 116
28407 37
28408 160
28409 408
28410 408
28411 212
28412 212
28413 212
28414 140
28415 140
28416 140
28417 140
28418 191
28419 175
28420 175
28421 379
28422 135
28423 135
28424 295
28425 295
28426 295
28427 295
28428 484
28429 272
28430 482
28431 482
28432 392
28433 90
28434 90
28435 436
28436 416
28437 242
28438 242
28439 214
28440 214
28441 214
28442 361
28443 361
28444 196
28445 196
28446 196
28447 207
28448 207
28449 67
28450 239
28451 239
28452 469
28453 429
28454 409
28455 409
28456 81
28457 81
28458 81
28459 81
28460 487
28461 487
28462 21
28463 223
28464 40
28465 40
28466 40
28467 291
28468 293
28469 301
28470 292
28471 5
28472 76
28473 62
28474 363
28475 363
28476 45
28477 298
28478 298
28479 298
28480 351
28481 351
28482 186
28483 351
28484 186
28485 420
28486 420
28487 339
28488 339
28489 339
28490 434
28491 287
28492 474
28493 287
28494 287
28495 287
28496 165
28497 165
28498 165
28499 201
28500 201
28501 201
28502 201
28503 99
28504 97
28505 363
28506 363
28507 229
28508 229
28509 290
28510 290
28511 217
28512 217
28513 388
28514 388
28515 314
28516 314
28517 314
28518 319
28519 314
28520 461
28521 192
28522 68
28523 215
28524 68
28525 475
28526 475
28527 87
28528 87
28529 179
28530 179
28531 360
28532 360
28533 332
28534 332
28535 332
28536 343
28537 332
28538 401
28539 148
28540 108
28541 108
28542 130
28543 108
28544 108
28545 317
28546 317
28547 102
28548 58
28549 58
28550 58
28551 41
28552 41
28553 132
28554 132
28555 366
28556 346
28557 104
28558 104
28559 92
28560 290
28561 290
28562 317
28563 187
28564 187
28565 127
28566 128
28567 127
28568 63
28569 63
28570 63
28571 107
28572 107
28573 404
28574 404
28575 349
28576 392
28577 392
28578 451
28579 78
28580 78
28581 78
28582 161
28583 42
28584 326
28585 326
28586 326
28587 291
28588 134
28589 134
28590 134
28591 312
28592 312
28593 475
28594 475
28595 403
28596 219
28597 219
28598 116
28599 116
28600 116
28601 476
28602 101
28603 413
28604 164
28605 247
28606 247
28607 378
28608 378
28609 97
28610 47
28611 149
28612 149
28613 88
28614 439
28615 439
28616 439
28617 439
28618 414
28619 414
28620 414
28621 188
28622 188
28623 188
28624 474
28625 474
28626 474
28627 450
28628 25
28629 25
28630 223
28631 223
28632 223
28633 191
28634 220
28635 220
28636 65
28637 337
28638 66
28639 65
28640 340
28641 340
28642 181
28643 181
28644 38
28645 104
28646 334
28647 124
28648 124
28649 86
28650 86
28651 77
28652 474
28653 474
28654 95
28655 95
28656 97
28657 95
28658 97
28659 489
28660 489
28661 121
28662 353
28663 209
28664 324
28665 324
28666 321
28667 352
28668 352
28669 297
28670 465
28671 289
28672 465
28673 52
28674 52
28675 87
28676 87
28677 195
28678 118
28679 282
28680 282
28681 282
28682 282
28683 276
28684 492
28685 246
28686 130
28687 246
28688 246
28689 337
28690 337
28691 337
28692 158
28693 228
28694 228
28695 217
28696 342
28697 349
28698 217
28699 351
28700 358
28701 424
28702 424
28703 86
28704 86
28705 86
28706 109
28707 276
28708 276
28709 319
28710 15
28711 191
28712 9
28713 87
28714 87
28715 93
28716 21
28717 477
28718 127
28719 127
28720 255
28721 216
28722 216
28723 157
28724 157
28725 157
28726 352
28727 118
28728 265
28729 265
28730 119
28731 120
28732 416
28733 416
28734 416
28735 416
28736 110
28737 217
28738 472
28739 379
28740 395
28741 395
28742 471
28743 125
28744 125
28745 125
28746 166
28747 80
28748 166
28749 40
28750 40
28751 393
28752 240
28753 240
28754 46
28755 141
28756 141
28757 141
28758 246
28759 354
28760 390
28761 320
28762 484
28763 486
28764 362
28765 486
28766 408
28767 44
28768 44
28769 298
28770 298
28771 328
28772 171
28773 100
28774 100
28775 349
28776 349
28777 349
28778 351
28779 377
28780 460
28781 460
28782 320
28783 336
28784 214
28785 214
28786 298
28787 298
28788 298
28789 27
28790 167
28791 270
28792 270
28793 270
28794 270
28795 223
28796 223
28797 223
28798 184
28799 184
28800 160
28801 167
28802 167
28803 167
28804 167
28805 130
28806 372
28807 140
28808 336
28809 235
28810 106
28811 106
28812 479
28813 479
28814 29
28815 20
28816 20
28817 346
28818 46
28819 295
28820 295
28821 295
28822 277
28823 277
28824 277
28825 277
28826 117
28827 371
28828 117
28829 232
28830 202
28831 465
28832 465
28833 385
28834 56
28835 56
28836 116
28837 110
28838 96
28839 123
28840 399
28841 399
28842 399
28843 446
28844 446
28845 434
28846 248
28847 248
28848 50
28849 280
28850 55
28851 422
28852 357
28853 357
28854 300
28855 357
28856 74
28857 74
28858 388
28859 414
28860 389
28861 388
28862 489
28863 388
28864 414
28865 376
28866 416
28867 416
28868 416
28869 412
28870 75
28871 366
28872 366
28873 425
28874 425
28875 425
28876 425
28877 340
28878 340
28879 348
28880 462
28881 462
28882 462
28883 287
28884 443
28885 115
28886 265
28887 356
28888 356
28889 356
28890 247
28891 52
28892 247
28893 290
28894 290
28895 290
28896 293
28897 290
28898 366
28899 355
28900 319
28901 319
28902 109
28903 109
28904 143
28905 143
28906 490
28907 490
28908 20
28909 498
28910 355
28911 351
28912 124
28913 109
28914 167
28915 165
28916 244
28917 244
28918 244
28919 244
28920 122
28921 122
28922 392
28923 392
28924 292
28925 108
28926 108
28927 254
28928 254
28929 254
28930 254
28931 226
28932 419
28933 419
28934 419
28935 376
28936 376
28937 35
28938 35
28939 173
28940 173
28941 173
28942 173
28943 378
28944 269
28945 396
28946 407
28947 269
28948 424
28949 394
28950 424
28951 436
28952 436
28953 394
28954 68
28955 384
28956 384
28957 250
28958 250
28959 250
28960 224
28961 127
28962 255
28963 255
28964 255
28965 118
28966 118
28967 218
28968 465
28969 362
28970 465
28971 465
28972 228
28973 228
28974 327
28975 338
28976 327
28977 338
28978 340
28979 340
28980 286
28981 286
28982 286
28983 286
28984 286
28985 103
28986 106
28987 103
28988 66
28989 66
28990 451
28991 204
28992 204
28993 204
28994 146
28995 146
28996 146
28997 37
28998 37
28999 39
29000 167
29001 167
29002 167
29003 17
29004 167
29005 57
29006 167
29007 35
29008 179
29009 152
29010 137
29011 460
29012 350
29013 492
29014 409
29015 409
29016 78
29017 171
29018 348
29019 348
29020 348
29021 77
29022 77
29023 169
29024 172
29025 169
29026 169
29027 114
29028 114
29029 231
29030 91
29031 91
29032 321
29033 321
29034 104
29035 104
29036 104
29037 81
29038 58
29039 342
29040 460
29041 182
29042 283
29043 283
29044 283
29045 283
29046 260
29047 260
29048 264
29049 260
29050 390
29051 241
29052 462
29053 163
29054 86
29055 86
29056 262
29057 262
29058 262
29059 83
29060 83
29061 239
29062 239
29063 239
29064 188
29065 188
29066 191
29067 188
29068 370
29069 417
29070 200
29071 200
29072 261
29073 250
29074 133
29075 45
29076 457
29077 322
29078 322
29079 101
29080 124
29081 187
29082 187
29083 361
29084 179
29085 263
29086 263
29087 263
29088 101
29089 116
29090 42
29091 14
29092 330
29093 467
29094 417
29095 410
29096 417
29097 321
29098 321
29099 378
29100 69
29101 433
29102 433
29103 428
29104 80
29105 382
29106 407
29107 325
29108 325
29109 283
29110 128
29111 128
29112 128
29113 76
29114 76
29115 101
29116 101
29117 166
29118 166
29119 166
29120 166
29121 166
29122 167
29123 175
29124 343
29125 336
29126 21
29127 21
29128 301
29129 301
29130 300
29131 301
29132 148
29133 260
29134 260
29135 218
29136 448
29137 148
29138 436
29139 437
29140 436
29141 437
29142 177
29143 337
29144 177
29145 177
29146 88
29147 88
29148 88
29149 258
29150 258
29151 35
29152 212
29153 78
29154 238
29155 489
29156 78
29157 225
29158 371
29159 48
29160 48
29161 270
29162 270
29163 270
29164 58
29165 104
29166 148
29167 104
29168 46
29169 171
29170 171
29171 214
29172 214
29173 38
29174 47
29175 47
29176 52
29177 52
29178 52
29179 432
29180 394
29181 394
29182 394
29183 49
29184 49
29185 49
29186 49
29187 184
29188 36
29189 36
29190 36
29191 398
29192 338
29193 338
29194 338
29195 169
29196 169
29197 385
29198 385
29199 57
29200 175
29201 57
29202 57
29203 410
29204 410
29205 339
29206 410
29207 410
29208 433
29209 410
29210 76
29211 327
29212 59
29213 59
29214 40
29215 40
29216 40
29217 197
29218 189
29219 189
29220 132
29221 132
29222 132
29223 132
29224 477
29225 477
29226 344
29227 345
29228 340
29229 344
29230 344
29231 289
29232 123
29233 394
29234 394
29235 394
29236 226
29237 226
29238 491
29239 397
29240 232
29241 232
29242 232
29243 232
29244 191
29245 198
29246 198
29247 198
29248 198
29249 417
29250 417
29251 34
29252 197
29253 177
29254 22
29255 29
29256 126
29257 126
29258 126
29259 126
29260 375
29261 375
29262 84
29263 36
29264 300
29265 84
29266 84
29267 86
29268 229
29269 67
29270 67
29271 431
29272 431
29273 431
29274 107
29275 339
29276 339
29277 339
29278 285
29279 420
29280 191
29281 187
29282 187
29283 59
29284 435
29285 479
29286 254
29287 302
29288 302
29289 381
29290 457
29291 363
29292 480
29293 363
29294 369
29295 369
29296 192
29297 192
29298 192
29299 313
29300 17
29301 108
29302 50
29303 394
29304 394
29305 394
29306 394
29307 393
29308 438
29309 111
29310 436
29311 369
29312 114
29313 114
29314 114
29315 129
29316 380
29317 153
29318 153
29319 205
29320 205
29321 205
29322 135
29323 135
29324 135
29325 161
29326 330
29327 330
29328 480
29329 151
29330 151
29331 336
29332 492
29333 495
29334 27
29335 27
29336 10
29337 439
29338 439
29339 445
29340 453
29341 445
29342 161
29343 161
29344 425
29345 425
29346 425
29347 96
29348 323
29349 323
29350 378
29351 378
29352 233
29353 378
29354 378
29355 486
29356 486
29357 486
29358 486
29359 296
29360 296
29361 259
29362 259
29363 276
29364 42
29365 276
29366 74
29367 74
29368 32
29369 32
29370 32
29371 32
29372 32
29373 219
29374 219
29375 219
29376 225
29377 198
29378 198
29379 316
29380 316
29381 316
29382 316
29383 80
29384 80
29385 80
29386 45
29387 381
29388 381
29389 353
29390 74
29391 256
29392 256
29393 98
29394 140
29395 440
29396 440
29397 440
29398 265
29399 265
29400 68
29401 68
29402 82
29403 349
29404 435
29405 131
29406 131
29407 67
29408 67
29409 402
29410 273
29411 273
29412 273
29413 49
29414 319
29415 365
29416 263
29417 263
29418 442
29419 442
29420 67
29421 178
29422 310
29423 78
29424 229
29425 229
29426 173
29427 173
29428 173
29429 335
29430 335
29431 70
29432 332
29433 70
29434 70
29435 344
29436 347
29437 344
29438 323
29439 344
29440 55
29441 22
29442 55
29443 134
29444 134
29445 364
29446 364
29447 364
29448 77
29449 368
29450 368
29451 368
29452 140
29453 263
29454 263
29455 263
29456 167
29457 167
29458 326
29459 362
29460 266
29461 266
29462 266
29463 315
29464 315
29465 337
29466 315
29467 337
29468 405
29469 19
29470 113
29471 113
29472 113
29473 246
29474 191
29475 246
29476 344
29477 437
29478 344
29479 344
29480 344
29481 63
29482 63
29483 63
29484 63
29485 473
29486 243
29487 243
29488 299
29489 315
29490 299
29491 299
29492 319
29493 319
29494 102
29495 102
29496 102
29497 221
29498 221
29499 221
29500 221
29501 107
29502 48
29503 182
29504 456
29505 33
29506 33
29507 33
29508 57
29509 33
29510 33
29511 44
29512 44
29513 22
29514 55
29515 484
29516 121
29517 121
29518 314
29519 127
29520 127
29521 127
29522 127
29523 127
29524 364
29525 364
29526 480
29527 176
29528 176
29529 48
29530 162
29531 162
29532 202
29533 202
29534 414
29535 60
29536 484
29537 412
29538 458
29539 458
29540 448
29541 458
29542 458
29543 458
29544 185
29545 26
29546 233
29547 233
29548 474
29549 474
29550 433
29551 433
29552 311
29553 311
29554 156
29555 156
29556 359
29557 467
29558 467
29559 177
29560 161
29561 161
29562 164
29563 86
29564 161
29565 158
29566 158
29567 158
29568 158
29569 247
29570 490
29571 245
29572 245
29573 48
29574 48
29575 48
29576 23
29577 390
29578 144
29579 245
29580 206
29581 245
29582 288
29583 41
29584 411
29585 76
29586 41
29587 41
29588 175
29589 175
29590 101
29591 169
29592 334
29593 334
29594 213
29595 213
29596 58
29597 213
29598 213
29599 212
29600 212
29601 212
29602 70
29603 93
29604 151
29605 151
29606 151
29607 457
29608 464
29609 270
29610 270
29611 270
29612 217
29613 217
29614 217
29615 217
29616 97
29617 140
29618 62
29619 276
29620 428
29621 222
29622 222
29623 83
29624 83
29625 83
29626 201
29627 201
29628 379
29629 379
29630 317
29631 317
29632 317
29633 317
29634 341
29635 382
29636 190
29637 458
29638 444
29639 458
29640 484
29641 484
29642 52
29643 208
29644 22
29645 22
29646 22
29647 22
29648 170
29649 366
29650 366
29651 98
29652 98
29653 124
29654 262
29655 262
29656 230
29657 230
29658 195
29659 142
29660 142
29661 142
29662 142
29663 142
29664 250
29665 250
29666 250
29667 265
29668 265
29669 160
29670 209
29671 334
29672 137
29673 137
29674 137
29675 137
29676 122
29677 309
29678 309
29679 452
29680 324
29681 305
29682 383
29683 383
29684 325
29685 325
29686 111
29687 111
29688 305
29689 111
29690 461
29691 27
29692 461
29693 461
29694 191
29695 189
29696 333
29697 333
29698 333
29699 412
29700 412
29701 412
29702 412
29703 410
29704 294
29705 31
29706 54
29707 409
29708 54
29709 233
29710 228
29711 471
29712 471
29713 91
29714 467
29715 180
29716 467
29717 169
29718 473
29719 303
29720 303
29721 289
29722 289
29723 73
29724 73
29725 73
29726 375
29727 375
29728 268
29729 196
29730 196
29731 196
29732 173
29733 173
29734 349
29735 349
29736 362
29737 77
29738 466
29739 49
29740 218
29741 275
29742 275
29743 275
29744 104
29745 104
29746 180
29747 233
29748 233
29749 36
29750 36
29751 36
29752 41
29753 36
29754 36
29755 33
29756 313
29757 314
29758 422
29759 314
29760 131
29761 340
29762 190
29763 172
29764 38
29765 38
29766 38
29767 257
29768 120
29769 467
29770 428
29771 428
29772 496
29773 496
29774 496
29775 496
29776 131
29777 131
29778 131
29779 402
29780 402
29781 330
29782 330
29783 369
29784 291
29785 451
29786 451
29787 47
29788 456
29789 456
29790 52
29791 52
29792 54
29793 52
29794 52
29795 318
29796 318
29797 318
29798 196
29799 196
29800 41
29801 41
29802 327
29803 71
29804 71
29805 71
29806 71
29807 71
29808 422
29809 175
29810 175
29811 42
29812 420
29813 118
29814 118
29815 367
29816 66
29817 61
29818 61
29819 449
29820 206
29821 206
29822 206
29823 461
29824 461
29825 390
29826 73
29827 73
29828 85
29829 163
29830 245
29831 48
29832 62
29833 245
29834 39
29835 213
29836 213
29837 368
29838 15
29839 467
29840 445
29841 422
29842 367
29843 71
29844 383
29845 383
29846 383
29847 383
29848 383
29849 319
29850 421
29851 85
29852 112
29853 328
29854 255
29855 255
29856 255
29857 255
29858 418
29859 418
29860 418
29861 418
29862 120
29863 29
29864 345
29865 345
29866 345
29867 345
29868 345
29869 468
29870 115
29871 115
29872 325
29873 378
29874 11
29875 93
29876 312
29877 312
29878 284
29879 400
29880 400
29881 487
29882 487
29883 472
29884 487
29885 217
29886 217
29887 217
29888 217
29889 244
29890 244
29891 244
29892 394
29893 174
29894 174
29895 25
29896 243
29897 243
29898 179
29899 179
29900 179
29901 345
29902 345
29903 269
29904 345
29905 345
29906 372
29907 362
29908 473
29909 289
29910 244
29911 244
29912 470
29913 69
29914 470
29915 31
29916 293
29917 293
29918 86
29919 344
29920 250
29921 348
29922 344
29923 344
29924 106
29925 447
29926 447
29927 163
29928 264
29929 311
29930 117
29931 117
29932 420
29933 420
29934 220
29935 220
29936 220
29937 36
29938 220
29939 249
29940 348
29941 58
29942 58
29943 392
29944 392
29945 457
29946 183
29947 311
29948 178
29949 312
29950 312
29951 323
29952 471
29953 203
29954 183
29955 297
29956 238
29957 238
29958 147
29959 196
29960 196
29961 187
29962 468
29963 334
29964 321
29965 53
29966 373
29967 373
29968 268
29969 268
29970 292
29971 292
29972 205
29973 456
29974 278
29975 278
29976 278
29977 441
29978 105
29979 215
29980 215
29981 405
29982 233
29983 385
29984 290
29985 290
29986 372
29987 372
29988 102
29989 102
29990 102
29991 102
29992 331
29993 102
29994 77
29995 332
29996 332
29997 332
29998 149
29999 149
