20000 164
20001 175
20002 217
20003 217
20004 232
20005 220
20006 220
20007 220
20008 226
20009 320
20010 52
20011 52
20012 131
20013 271
20014 271
20015 402
20016 427
20017 9
20018 253
20019 253
20020 253
20021 253
20022 253
20023 325
20024 325
20025 325
20026 404
20027 326
20028 395
20029 324
20030 324
20031 324
20032 350
20033 324
20034 208
20035 208
20036 386
20037 84
20038 58
20039 58
20040 58
20041 184
20042 412
20043 412
20044 212
20045 212
20046 212
20047 270
20048 270
20049 423
20050 129
20051 129
20052 129
20053 402
20054 402
20055 12
20056 317
20057 255
20058 308
20059 287
20060 287
20061 251
20062 251
20063 404
20064 260
20065 416
20066 238
20067 238
20068 238
20069 238
20070 284
20071 284
20072 284
20073 284
20074 7
20075 40
20076 135
20077 391
20078 51
20079 330
20080 330
20081 236
20082 236
20083 21
20084 21
20085 317
20086 21
20087 87
20088 87
20089 269
20090 269
20091 353
20092 324
20093 324
20094 238
20095 20
20096 238
20097 34
20098 52
20099 34
20100 121
20101 150
20102 188
20103 150
20104 150
20105 114
20106 113
20107 188
20108 135
20109 135
20110 242
20111 242
20112 63
20113 63
20114 63
20115 63
20116 60
20117 63
20118 207
20119 254
20120 360
20121 360
20122 360
20123 102
20124 16
20125 102
20126 198
20127 308
20128 308
20129 423
20130 41
20131 41
20132 420
20133 420
20134 420
20135 91
20136 231
20137 231
20138 117
20139 117
20140 363
20141 312
20142 257
20143 257
20144 257
20145 37
20146 104
20147 291
20148 291
20149 188
20150 294
20151 294
20152 160
20153 160
20154 50
20155 231
20156 231
20157 231
20158 240
20159 26
20160 306
20161 306
20162 121
20163 57
20164 57
20165 322
20166 322
20167 230
20168 303
20169 230
20170 101
20171 271
20172 271
20173 35
20174 35
20175 381
20176 381
20177 303
20178 107
20179 214
20180 214
20181 227
20182 227
20183 227
20184 227
20185 227
20186 251
20187 144
20188 144
20189 343
20190 322
20191 322
20192 322
20193 322
20194 72
20195 68
20196 209
20197 68
20198 68
20199 182
20200 241
20201 67
20202 418
20203 59
20204 59
20205 59
20206 38
20207 283
20208 332
20209 331
20210 349
20211 349
20212 200
20213 173
20214 173
20215 173
20216 173
20217 173
20218 173
20219 39
20220 20
20221 317
20222 20
20223 284
20224 284
20225 284
20226 165
20227 219
20228 186
20229 186
20230 35
20231 35
20232 67
20233 134
20234 149
20235 149
20236 154
20237 341
20238 20
20239 341
20240 68
20241 206
20242 52
20243 52
20244 37
20245 166
20246 398
20247 405
20248 106
20249 106
20250 226
20251 226
20252 286
20253 313
20254 240
20255 240
20256 368
20257 277
20258 368
20259 368
20260 88
20261 317
20262 88
20263 336
20264 337
20265 194
20266 336
20267 49
20268 49
20269 49
20270 103
20271 103
20272 103
20273 6
20274 210
20275 246
20276 335
20277 143
20278 143
20279 401
20280 84
20281 407
20282 316
20283 316
20284 364
20285 364
20286 224
20287 224
20288 224
20289 224
20290 117
20291 117
20292 141
20293 265
20294 265
20295 256
20296 256
20297 256
20298 256
20299 366
20300 366
20301 368
20302 335
20303 366
20304 407
20305 62
20306 62
20307 411
20308 128
20309 128
20310 363
20311 363
20312 50
20313 190
20314 190
20315 159
20316 89
20317 159
20318 370
20319 370
20320 370
20321 371
20322 349
20323 107
20324 107
20325 107
20326 101
20327 28
20328 32
20329 27
20330 28
20331 93
20332 144
20333 167
20334 171
20335 167
20336 167
20337 104
20338 104
20339 150
20340 150
20341 150
20342 150
20343 311
20344 303
20345 269
20346 202
20347 157
20348 157
20349 157
20350 65
20351 102
20352 24
20353 110
20354 102
20355 102
20356 30
20357 30
20358 30
20359 29
20360 29
20361 67
20362 85
20363 67
20364 74
20365 158
20366 158
20367 337
20368 422
20369 183
20370 183
20371 183
20372 53
20373 53
20374 236
20375 296
20376 296
20377 296
20378 181
20379 126
20380 380
20381 130
20382 130
20383 79
20384 77
20385 79
20386 79
20387 282
20388 189
20389 189
20390 189
20391 216
20392 193
20393 394
20394 394
20395 121
20396 121
20397 337
20398 337
20399 97
20400 97
20401 146
20402 97
20403 235
20404 233
20405 235
20406 235
20407 122
20408 122
20409 233
20410 233
20411 233
20412 233
20413 410
20414 236
20415 236
20416 236
20417 58
20418 58
20419 77
20420 63
20421 288
20422 63
20423 74
20424 63
20425 419
20426 93
20427 79
20428 419
20429 168
20430 241
20431 241
20432 241
20433 210
20434 396
20435 375
20436 395
20437 394
20438 395
20439 395
20440 328
20441 341
20442 214
20443 58
20444 58
20445 29
20446 29
20447 28
20448 28
20449 28
20450 28
20451 28
20452 381
20453 379
20454 379
20455 379
20456 165
20457 265
20458 265
20459 115
20460 115
20461 86
20462 96
20463 96
20464 235
20465 380
20466 380
20467 380
20468 380
20469 348
20470 277
20471 283
20472 277
20473 277
20474 277
20475 75
20476 75
20477 75
20478 117
20479 117
20480 13
20481 117
20482 104
20483 104
20484 214
20485 388
20486 388
20487 388
20488 56
20489 381
20490 381
20491 381
20492 194
20493 388
20494 388
20495 42
20496 388
20497 299
20498 303
20499 299
20500 299
20501 17
20502 82
20503 375
20504 137
20505 137
20506 137
20507 137
20508 137
20509 163
20510 163
20511 163
20512 163
20513 210
20514 344
20515 210
20516 210
20517 210
20518 389
20519 389
20520 389
20521 413
20522 413
20523 413
20524 413
20525 382
20526 103
20527 38
20528 175
20529 393
20530 393
20531 200
20532 168
20533 80
20534 80
20535 67
20536 159
20537 96
20538 96
20539 96
20540 67
20541 67
20542 388
20543 148
20544 174
20545 414
20546 414
20547 414
20548 241
20549 158
20550 185
20551 9
20552 221
20553 11
20554 131
20555 314
20556 326
20557 326
20558 326
20559 177
20560 177
20561 177
20562 236
20563 337
20564 117
20565 19
20566 154
20567 422
20568 422
20569 322
20570 205
20571 205
20572 357
20573 63
20574 357
20575 339
20576 53
20577 145
20578 145
20579 198
20580 335
20581 405
20582 43
20583 133
20584 133
20585 74
20586 174
20587 174
20588 316
20589 316
20590 184
20591 105
20592 105
20593 247
20594 406
20595 406
20596 266
20597 406
20598 406
20599 406
20600 130
20601 130
20602 202
20603 202
20604 6
20605 52
20606 266
20607 421
20608 380
20609 421
20610 421
20611 421
20612 424
20613 29
20614 205
20615 205
20616 294
20617 415
20618 301
20619 294
20620 294
20621 202
20622 202
20623 292
20624 292
20625 292
20626 113
20627 13
20628 113
20629 262
20630 133
20631 11
20632 133
20633 193
20634 57
20635 33
20636 338
20637 67
20638 338
20639 338
20640 338
20641 338
20642 338
20643 173
20644 179
20645 238
20646 238
20647 238
20648 238
20649 269
20650 238
20651 238
20652 201
20653 111
20654 158
20655 174
20656 174
20657 165
20658 428
20659 367
20660 182
20661 140
20662 140
20663 140
20664 140
20665 353
20666 353
20667 353
20668 353
20669 126
20670 175
20671 29
20672 29
20673 51
20674 134
20675 127
20676 278
20677 365
20678 365
20679 403
20680 116
20681 116
20682 136
20683 136
20684 117
20685 128
20686 117
20687 404
20688 371
20689 200
20690 200
20691 183
20692 183
20693 51
20694 341
20695 341
20696 341
20697 69
20698 121
20699 69
20700 118
20701 118
20702 42
20703 388
20704 42
20705 182
20706 363
20707 213
20708 35
20709 213
20710 35
20711 333
20712 333
20713 165
20714 165
20715 350
20716 85
20717 85
20718 205
20719 205
20720 307
20721 427
20722 428
20723 307
20724 307
20725 45
20726 45
20727 45
20728 205
20729 205
20730 205
20731 331
20732 331
20733 331
20734 311
20735 311
20736 315
20737 218
20738 405
20739 74
20740 74
20741 192
20742 192
20743 65
20744 230
20745 230
20746 36
20747 36
20748 85
20749 310
20750 390
20751 168
20752 342
20753 342
20754 342
20755 342
20756 19
20757 342
20758 69
20759 69
20760 409
20761 209
20762 409
20763 224
20764 224
20765 224
20766 155
20767 410
20768 317
20769 111
20770 111
20771 111
20772 111
20773 111
20774 95
20775 95
20776 95
20777 52
20778 106
20779 134
20780 34
20781 89
20782 93
20783 276
20784 44
20785 44
20786 359
20787 359
20788 373
20789 117
20790 228
20791 117
20792 228
20793 214
20794 19
20795 123
20796 123
20797 311
20798 311
20799 282
20800 70
20801 133
20802 137
20803 133
20804 133
20805 133
20806 250
20807 250
20808 333
20809 336
20810 384
20811 336
20812 193
20813 82
20814 82
20815 82
20816 82
20817 82
20818 350
20819 346
20820 306
20821 305
20822 305
20823 422
20824 14
20825 396
20826 422
20827 38
20828 287
20829 287
20830 280
20831 78
20832 226
20833 182
20834 206
20835 53
20836 53
20837 186
20838 347
20839 269
20840 279
20841 279
20842 279
20843 248
20844 296
20845 188
20846 145
20847 145
20848 381
20849 80
20850 299
20851 56
20852 56
20853 56
20854 96
20855 125
20856 194
20857 20
20858 194
20859 194
20860 42
20861 406
20862 42
20863 336
20864 336
20865 336
20866 336
20867 336
20868 42
20869 405
20870 96
20871 405
20872 410
20873 410
20874 405
20875 145
20876 263
20877 263
20878 169
20879 169
20880 234
20881 234
20882 124
20883 398
20884 398
20885 410
20886 410
20887 158
20888 324
20889 238
20890 79
20891 79
20892 149
20893 149
20894 149
20895 54
20896 54
20897 161
20898 359
20899 359
20900 359
20901 359
20902 361
20903 361
20904 19
20905 19
20906 71
20907 19
20908 19
20909 260
20910 217
20911 260
20912 222
20913 222
20914 228
20915 292
20916 368
20917 368
20918 368
20919 308
20920 249
20921 377
20922 374
20923 323
20924 34
20925 34
20926 6
20927 42
20928 42
20929 42
20930 42
20931 131
20932 328
20933 368
20934 274
20935 271
20936 271
20937 97
20938 97
20939 375
20940 40
20941 50
20942 188
20943 72
20944 29
20945 27
20946 28
20947 72
20948 243
20949 243
20950 243
20951 368
20952 264
20953 368
20954 413
20955 374
20956 413
20957 413
20958 356
20959 242
20960 383
20961 109
20962 109
20963 109
20964 109
20965 113
20966 140
20967 140
20968 191
20969 191
20970 287
20971 133
20972 311
20973 40
20974 40
20975 67
20976 318
20977 318
20978 120
20979 120
20980 120
20981 130
20982 305
20983 305
20984 305
20985 305
20986 203
20987 203
20988 203
20989 64
20990 295
20991 287
20992 287
20993 287
20994 169
20995 199
20996 27
20997 27
20998 421
20999 421
21000 354
21001 354
21002 147
21003 24
21004 199
21005 199
21006 233
21007 200
21008 189
21009 189
21010 189
21011 305
21012 305
21013 110
21014 110
21015 110
21016 110
21017 287
21018 222
21019 292
21020 200
21021 287
21022 396
21023 203
21024 50
21025 205
21026 205
21027 315
21028 315
21029 232
21030 232
21031 232
21032 232
21033 220
21034 220
21035 256
21036 153
21037 153
21038 153
21039 153
21040 153
21041 153
21042 125
21043 125
21044 127
21045 365
21046 270
21047 270
21048 270
21049 270
21050 187
21051 194
21052 187
21053 214
21054 214
21055 214
21056 212
21057 276
21058 426
21059 288
21060 396
21061 396
21062 119
21063 242
21064 213
21065 35
21066 20
21067 47
21068 141
21069 141
21070 383
21071 383
21072 383
21073 400
21074 400
21075 400
21076 295
21077 295
21078 295
21079 295
21080 175
21081 117
21082 282
21083 429
21084 429
21085 367
21086 183
21087 216
21088 216
21089 386
21090 297
21091 334
21092 334
21093 195
21094 177
21095 177
21096 398
21097 420
21098 26
21099 420
21100 420
21101 26
21102 39
21103 420
21104 184
21105 326
21106 354
21107 354
21108 328
21109 328
21110 172
21111 172
21112 355
21113 355
21114 406
21115 406
21116 406
21117 144
21118 143
21119 143
21120 289
21121 280
21122 382
21123 139
21124 136
21125 139
21126 139
21127 357
21128 385
21129 71
21130 71
21131 71
21132 71
21133 71
21134 71
21135 305
21136 296
21137 305
21138 305
21139 70
21140 70
21141 365
21142 365
21143 262
21144 365
21145 94
21146 368
21147 94
21148 321
21149 197
21150 107
21151 107
21152 176
21153 128
21154 125
21155 252
21156 252
21157 410
21158 370
21159 370
21160 370
21161 201
21162 214
21163 248
21164 248
21165 377
21166 118
21167 118
21168 144
21169 144
21170 144
21171 202
21172 137
21173 269
21174 413
21175 413
21176 413
21177 413
21178 257
21179 257
21180 257
21181 85
21182 85
21183 85
21184 137
21185 137
21186 137
21187 135
21188 104
21189 135
21190 25
21191 135
21192 135
21193 302
21194 302
21195 302
21196 302
21197 45
21198 398
21199 194
21200 186
21201 186
21202 186
21203 25
21204 12
21205 237
21206 84
21207 201
21208 388
21209 13
21210 388
21211 294
21212 294
21213 294
21214 294
21215 299
21216 299
21217 309
21218 13
21219 222
21220 222
21221 208
21222 345
21223 345
21224 233
21225 211
21226 362
21227 136
21228 136
21229 296
21230 345
21231 6
21232 345
21233 293
21234 293
21235 208
21236 199
21237 208
21238 336
21239 336
21240 368
21241 178
21242 178
21243 178
21244 179
21245 178
21246 33
21247 131
21248 36
21249 291
21250 291
21251 353
21252 353
21253 354
21254 381
21255 381
21256 303
21257 182
21258 85
21259 131
21260 409
21261 409
21262 396
21263 333
21264 59
21265 59
21266 61
21267 228
21268 314
21269 314
21270 314
21271 314
21272 183
21273 317
21274 293
21275 314
21276 317
21277 229
21278 402
21279 402
21280 345
21281 345
21282 374
21283 376
21284 374
21285 356
21286 95
21287 95
21288 95
21289 95
21290 89
21291 87
21292 359
21293 364
21294 359
21295 290
21296 288
21297 199
21298 199
21299 199
21300 414
21301 256
21302 421
21303 421
21304 321
21305 98
21306 98
21307 98
21308 72
21309 98
21310 98
21311 144
21312 144
21313 141
21314 144
21315 105
21316 105
21317 79
21318 26
21319 350
21320 350
21321 117
21322 112
21323 111
21324 117
21325 296
21326 296
21327 43
21328 283
21329 43
21330 46
21331 224
21332 224
21333 224
21334 28
21335 28
21336 28
21337 14
21338 14
21339 351
21340 381
21341 381
21342 201
21343 208
21344 201
21345 313
21346 302
21347 363
21348 297
21349 297
21350 326
21351 298
21352 298
21353 201
21354 65
21355 80
21356 80
21357 190
21358 190
21359 189
21360 304
21361 48
21362 323
21363 304
21364 304
21365 48
21366 66
21367 312
21368 256
21369 174
21370 174
21371 253
21372 185
21373 241
21374 370
21375 346
21376 346
21377 52
21378 388
21379 52
21380 388
21381 52
21382 264
21383 264
21384 8
21385 8
21386 384
21387 279
21388 367
21389 89
21390 89
21391 89
21392 169
21393 169
21394 237
21395 237
21396 343
21397 425
21398 343
21399 246
21400 246
21401 246
21402 246
21403 246
21404 246
21405 262
21406 91
21407 204
21408 217
21409 217
21410 217
21411 50
21412 425
21413 425
21414 56
21415 56
21416 59
21417 202
21418 202
21419 94
21420 313
21421 313
21422 250
21423 250
21424 250
21425 426
21426 426
21427 148
21428 89
21429 89
21430 99
21431 255
21432 255
21433 255
21434 347
21435 271
21436 53
21437 141
21438 113
21439 141
21440 223
21441 223
21442 223
21443 104
21444 317
21445 160
21446 136
21447 64
21448 277
21449 277
21450 225
21451 341
21452 236
21453 237
21454 237
21455 237
21456 237
21457 391
21458 391
21459 339
21460 339
21461 339
21462 339
21463 339
21464 181
21465 181
21466 109
21467 109
21468 58
21469 58
21470 299
21471 299
21472 299
21473 299
21474 70
21475 165
21476 70
21477 4
21478 49
21479 49
21480 287
21481 287
21482 145
21483 145
21484 340
21485 122
21486 122
21487 122
21488 69
21489 69
21490 69
21491 69
21492 69
21493 70
21494 386
21495 60
21496 60
21497 60
21498 162
21499 162
21500 254
21501 254
21502 366
21503 366
21504 284
21505 286
21506 284
21507 284
21508 413
21509 273
21510 413
21511 413
21512 125
21513 83
21514 300
21515 36
21516 43
21517 333
21518 333
21519 333
21520 333
21521 333
21522 234
21523 166
21524 166
21525 88
21526 306
21527 88
21528 88
21529 88
21530 424
21531 424
21532 67
21533 67
21534 319
21535 319
21536 414
21537 425
21538 71
21539 67
21540 68
21541 140
21542 68
21543 188
21544 109
21545 116
21546 116
21547 116
21548 60
21549 60
21550 193
21551 59
21552 59
21553 59
21554 60
21555 398
21556 182
21557 234
21558 307
21559 234
21560 84
21561 387
21562 418
21563 377
21564 60
21565 387
21566 129
21567 129
21568 304
21569 190
21570 119
21571 119
21572 328
21573 410
21574 410
21575 410
21576 268
21577 47
21578 398
21579 268
21580 207
21581 207
21582 191
21583 191
21584 191
21585 191
21586 191
21587 310
21588 168
21589 62
21590 382
21591 26
21592 392
21593 272
21594 275
21595 309
21596 142
21597 142
21598 209
21599 79
21600 79
21601 376
21602 309
21603 104
21604 104
21605 72
21606 393
21607 394
21608 417
21609 362
21610 70
21611 399
21612 380
21613 387
21614 387
21615 392
21616 154
21617 392
21618 74
21619 106
21620 223
21621 223
21622 214
21623 13
21624 214
21625 256
21626 427
21627 427
21628 60
21629 60
21630 47
21631 55
21632 363
21633 55
21634 122
21635 122
21636 206
21637 39
21638 39
21639 58
21640 214
21641 214
21642 214
21643 146
21644 146
21645 146
21646 376
21647 376
21648 376
21649 323
21650 84
21651 84
21652 101
21653 74
21654 374
21655 374
21656 162
21657 162
21658 162
21659 162
21660 235
21661 235
21662 286
21663 389
21664 389
21665 394
21666 96
21667 111
21668 96
21669 96
21670 90
21671 184
21672 270
21673 93
21674 184
21675 184
21676 32
21677 32
21678 359
21679 359
21680 210
21681 210
21682 210
21683 429
21684 429
21685 240
21686 93
21687 394
21688 394
21689 94
21690 6
21691 5
21692 44
21693 291
21694 291
21695 268
21696 413
21697 33
21698 17
21699 29
21700 29
21701 29
21702 29
21703 144
21704 29
21705 77
21706 77
21707 50
21708 246
21709 351
21710 76
21711 76
21712 332
21713 332
21714 332
21715 185
21716 53
21717 57
21718 57
21719 57
21720 57
21721 169
21722 169
21723 166
21724 181
21725 181
21726 180
21727 181
21728 25
21729 181
21730 181
21731 210
21732 210
21733 210
21734 365
21735 117
21736 117
21737 113
21738 235
21739 235
21740 48
21741 48
21742 263
21743 131
21744 229
21745 236
21746 229
21747 229
21748 229
21749 87
21750 119
21751 119
21752 117
21753 379
21754 29
21755 29
21756 29
21757 29
21758 29
21759 29
21760 375
21761 375
21762 163
21763 165
21764 163
21765 163
21766 22
21767 44
21768 33
21769 69
21770 69
21771 69
21772 73
21773 411
21774 47
21775 13
21776 37
21777 355
21778 283
21779 283
21780 414
21781 414
21782 12
21783 414
21784 308
21785 308
21786 22
21787 318
21788 318
21789 406
21790 406
21791 375
21792 406
21793 406
21794 247
21795 247
21796 209
21797 281
21798 281
21799 178
21800 395
21801 121
21802 395
21803 104
21804 402
21805 402
21806 402
21807 115
21808 115
21809 115
21810 428
21811 199
21812 428
21813 428
21814 284
21815 286
21816 284
21817 284
21818 287
21819 284
21820 290
21821 371
21822 276
21823 424
21824 424
21825 65
21826 58
21827 58
21828 189
21829 189
21830 228
21831 229
21832 228
21833 228
21834 207
21835 219
21836 208
21837 257
21838 257
21839 265
21840 257
21841 69
21842 25
21843 69
21844 38
21845 222
21846 249
21847 36
21848 34
21849 36
21850 381
21851 69
21852 69
21853 107
21854 323
21855 189
21856 24
21857 47
21858 155
21859 210
21860 210
21861 210
21862 153
21863 153
21864 220
21865 220
21866 220
21867 220
21868 379
21869 379
21870 298
21871 298
21872 231
21873 231
21874 271
21875 271
21876 376
21877 390
21878 390
21879 390
21880 367
21881 312
21882 100
21883 287
21884 214
21885 129
21886 214
21887 129
21888 213
21889 310
21890 322
21891 322
21892 85
21893 85
21894 186
21895 78
21896 55
21897 55
21898 55
21899 120
21900 413
21901 413
21902 413
21903 413
21904 413
21905 94
21906 94
21907 286
21908 17
21909 258
21910 382
21911 340
21912 258
21913 189
21914 189
21915 12
21916 423
21917 423
21918 115
21919 412
21920 412
21921 412
21922 412
21923 387
21924 90
21925 87
21926 90
21927 203
21928 203
21929 203
21930 203
21931 309
21932 382
21933 308
21934 217
21935 55
21936 55
21937 55
21938 273
21939 273
21940 20
21941 193
21942 193
21943 84
21944 240
21945 84
21946 301
21947 120
21948 120
21949 187
21950 187
21951 187
21952 188
21953 344
21954 344
21955 136
21956 330
21957 142
21958 148
21959 142
21960 160
21961 160
21962 160
21963 341
21964 313
21965 58
21966 58
21967 314
21968 87
21969 126
21970 126
21971 126
21972 193
21973 239
21974 344
21975 178
21976 182
21977 165
21978 351
21979 351
21980 231
21981 231
21982 231
21983 207
21984 207
21985 341
21986 341
21987 341
21988 308
21989 348
21990 127
21991 266
21992 266
21993 367
21994 98
21995 172
21996 288
21997 288
21998 288
21999 147
22000 147
22001 54
22002 54
22003 54
22004 54
22005 210
22006 210
22007 165
22008 32
22009 185
22010 185
22011 30
22012 30
22013 305
22014 382
22015 382
22016 75
22017 75
22018 75
22019 87
22020 75
22021 134
22022 12
22023 124
22024 134
22025 134
22026 134
22027 358
22028 358
22029 362
22030 197
22031 197
22032 304
22033 304
22034 259
22035 259
22036 314
22037 314
22038 136
22039 136
22040 136
22041 136
22042 136
22043 136
22044 248
22045 178
22046 248
22047 308
22048 267
22049 34
22050 267
22051 267
22052 267
22053 201
22054 282
22055 296
22056 296
22057 96
22058 200
22059 119
22060 65
22061 348
22062 86
22063 355
22064 355
22065 171
22066 171
22067 171
22068 186
22069 223
22070 217
22071 223
22072 156
22073 156
22074 156
22075 295
22076 295
22077 302
22078 302
22079 286
22080 280
22081 241
22082 149
22083 81
22084 149
22085 149
22086 314
22087 314
22088 88
22089 42
22090 134
22091 253
22092 253
22093 303
22094 253
22095 255
22096 314
22097 259
22098 259
22099 39
22100 39
22101 120
22102 120
22103 408
22104 429
22105 408
22106 246
22107 403
22108 253
22109 253
22110 287
22111 287
22112 99
22113 99
22114 99
22115 99
22116 99
22117 91
22118 390
22119 382
22120 40
22121 357
22122 357
22123 287
22124 287
22125 6
22126 23
22127 36
22128 36
22129 247
22130 17
22131 17
22132 278
22133 278
22134 197
22135 197
22136 197
22137 197
22138 27
22139 27
22140 27
22141 211
22142 211
22143 174
22144 174
22145 37
22146 37
22147 89
22148 37
22149 37
22150 42
22151 42
22152 183
22153 172
22154 183
22155 183
22156 103
22157 103
22158 103
22159 273
22160 37
22161 6
22162 398
22163 100
22164 311
22165 346
22166 95
22167 95
22168 341
22169 255
22170 91
22171 106
22172 106
22173 106
22174 323
22175 323
22176 402
22177 261
22178 218
22179 318
22180 318
22181 63
22182 308
22183 297
22184 308
22185 291
22186 291
22187 303
22188 322
22189 71
22190 146
22191 71
22192 322
22193 168
22194 168
22195 47
22196 182
22197 174
22198 14
22199 337
22200 78
22201 256
22202 249
22203 302
22204 202
22205 398
22206 100
22207 23
22208 283
22209 208
22210 297
22211 297
22212 297
22213 297
22214 100
22215 165
22216 11
22217 68
22218 374
22219 68
22220 68
22221 48
22222 384
22223 390
22224 165
22225 348
22226 309
22227 309
22228 389
22229 267
22230 102
22231 102
22232 349
22233 346
22234 422
22235 422
22236 422
22237 191
22238 147
22239 147
22240 151
22241 133
22242 114
22243 42
22244 78
22245 136
22246 138
22247 136
22248 136
22249 291
22250 291
22251 408
22252 408
22253 225
22254 225
22255 54
22256 56
22257 54
22258 54
22259 23
22260 132
22261 65
22262 54
22263 316
22264 316
22265 316
22266 427
22267 427
22268 425
22269 121
22270 324
22271 324
22272 53
22273 110
22274 89
22275 401
22276 30
22277 241
22278 241
22279 372
22280 422
22281 372
22282 322
22283 391
22284 45
22285 45
22286 138
22287 138
22288 138
22289 315
22290 315
22291 342
22292 342
22293 95
22294 283
22295 179
22296 113
22297 113
22298 403
22299 402
22300 305
22301 305
22302 305
22303 413
22304 413
22305 413
22306 413
22307 274
22308 357
22309 274
22310 31
22311 414
22312 414
22313 410
22314 410
22315 410
22316 418
22317 418
22318 418
22319 359
22320 359
22321 359
22322 364
22323 356
22324 359
22325 359
22326 314
22327 396
22328 314
22329 323
22330 403
22331 403
22332 396
22333 396
22334 397
22335 118
22336 118
22337 118
22338 116
22339 112
22340 170
22341 259
22342 300
22343 300
22344 166
22345 164
22346 166
22347 164
22348 190
22349 131
22350 112
22351 112
22352 112
22353 94
22354 114
22355 80
22356 80
22357 377
22358 400
22359 400
22360 400
22361 400
22362 167
22363 197
22364 168
22365 168
22366 254
22367 212
22368 212
22369 60
22370 411
22371 220
22372 411
22373 220
22374 163
22375 163
22376 335
22377 335
22378 272
22379 345
22380 225
22381 413
22382 379
22383 294
22384 379
22385 309
22386 380
22387 263
22388 326
22389 308
22390 89
22391 89
22392 46
22393 342
22394 342
22395 36
22396 403
22397 221
22398 221
22399 221
22400 221
22401 221
22402 404
22403 404
22404 38
22405 93
22406 63
22407 131
22408 285
22409 285
22410 285
22411 285
22412 285
22413 65
22414 65
22415 65
22416 65
22417 385
22418 385
22419 14
22420 139
22421 139
22422 79
22423 79
22424 79
22425 79
22426 369
22427 216
22428 216
22429 216
22430 216
22431 216
22432 378
22433 378
22434 318
22435 378
22436 378
22437 276
22438 275
22439 423
22440 304
22441 58
22442 58
22443 58
22444 18
22445 353
22446 128
22447 12
22448 176
22449 176
22450 105
22451 105
22452 273
22453 273
22454 273
22455 417
22456 194
22457 417
22458 417
22459 417
22460 194
22461 118
22462 118
22463 118
22464 326
22465 18
22466 18
22467 44
22468 169
22469 169
22470 169
22471 375
22472 156
22473 312
22474 312
22475 312
22476 312
22477 312
22478 79
22479 79
22480 307
22481 123
22482 79
22483 79
22484 266
22485 51
22486 266
22487 182
22488 234
22489 400
22490 315
22491 263
22492 368
22493 246
22494 284
22495 269
22496 118
22497 118
22498 265
22499 88
22500 391
22501 188
22502 271
22503 271
22504 271
22505 140
22506 229
22507 140
22508 181
22509 274
22510 274
22511 156
22512 156
22513 342
22514 342
22515 342
22516 363
22517 72
22518 363
22519 154
22520 208
22521 329
22522 329
22523 329
22524 424
22525 330
22526 39
22527 39
22528 39
22529 66
22530 66
22531 38
22532 38
22533 320
22534 320
22535 320
22536 319
22537 123
22538 221
22539 221
22540 221
22541 221
22542 221
22543 248
22544 248
22545 25
22546 128
22547 189
22548 189
22549 235
22550 219
22551 309
22552 376
22553 309
22554 246
22555 376
22556 188
22557 205
22558 188
22559 196
22560 304
22561 304
22562 123
22563 123
22564 123
22565 123
22566 308
22567 308
22568 195
22569 108
22570 108
22571 209
22572 209
22573 83
22574 41
22575 41
22576 41
22577 41
22578 41
22579 39
22580 400
22581 369
22582 369
22583 369
22584 231
22585 231
22586 231
22587 233
22588 258
22589 258
22590 66
22591 418
22592 418
22593 384
22594 66
22595 334
22596 187
22597 187
22598 387
22599 410
22600 387
22601 387
22602 387
22603 387
22604 408
22605 408
22606 408
22607 408
22608 408
22609 101
22610 101
22611 101
22612 244
22613 244
22614 389
22615 389
22616 389
22617 258
22618 258
22619 389
22620 275
22621 275
22622 275
22623 298
22624 298
22625 142
22626 142
22627 151
22628 151
22629 308
22630 226
22631 226
22632 123
22633 351
22634 351
22635 351
22636 33
22637 348
22638 328
22639 39
22640 371
22641 115
22642 205
22643 205
22644 205
22645 74
22646 136
22647 191
22648 366
22649 366
22650 366
22651 102
22652 102
22653 153
22654 86
22655 156
22656 156
22657 261
22658 198
22659 198
22660 354
22661 354
22662 198
22663 198
22664 198
22665 98
22666 303
22667 98
22668 223
22669 223
22670 223
22671 140
22672 140
22673 140
22674 137
22675 45
22676 45
22677 58
22678 60
22679 385
22680 16
22681 16
22682 340
22683 295
22684 171
22685 171
22686 171
22687 171
22688 429
22689 95
22690 95
22691 34
22692 34
22693 406
22694 406
22695 411
22696 406
22697 402
22698 402
22699 152
22700 152
22701 331
22702 88
22703 88
22704 88
22705 399
22706 399
22707 399
22708 293
22709 293
22710 160
22711 35
22712 160
22713 35
22714 107
22715 292
22716 292
22717 292
22718 31
22719 31
22720 96
22721 310
22722 310
22723 265
22724 364
22725 258
22726 228
22727 70
22728 87
22729 87
22730 199
22731 199
22732 320
22733 320
22734 369
22735 353
22736 22
22737 5
22738 22
22739 22
22740 319
22741 348
22742 348
22743 348
22744 154
22745 154
22746 154
22747 297
22748 297
22749 382
22750 182
22751 182
22752 237
22753 237
22754 44
22755 282
22756 416
22757 276
22758 103
22759 401
22760 288
22761 380
22762 288
22763 392
22764 225
22765 225
22766 299
22767 299
22768 299
22769 299
22770 299
22771 82
22772 82
22773 185
22774 185
22775 185
22776 47
22777 370
22778 15
22779 15
22780 193
22781 193
22782 193
22783 194
22784 246
22785 218
22786 246
22787 165
22788 165
22789 182
22790 161
22791 49
22792 49
22793 224
22794 224
22795 224
22796 225
22797 224
22798 224
22799 147
22800 359
22801 359
22802 375
22803 425
22804 249
22805 245
22806 163
22807 163
22808 163
22809 407
22810 212
22811 188
22812 357
22813 357
22814 150
22815 150
22816 308
22817 234
22818 308
22819 352
22820 391
22821 67
22822 67
22823 47
22824 337
22825 115
22826 203
22827 92
22828 201
22829 8
22830 400
22831 63
22832 63
22833 322
22834 322
22835 322
22836 366
22837 82
22838 82
22839 82
22840 82
22841 128
22842 257
22843 257
22844 257
22845 282
22846 27
22847 27
22848 104
22849 104
22850 128
22851 281
22852 281
22853 246
22854 107
22855 44
22856 107
22857 120
22858 176
22859 176
22860 176
22861 192
22862 192
22863 159
22864 106
22865 106
22866 256
22867 411
22868 398
22869 85
22870 4
22871 163
22872 163
22873 163
22874 104
22875 183
22876 183
22877 185
22878 185
22879 185
22880 185
22881 352
22882 421
22883 421
22884 41
22885 41
22886 392
22887 239
22888 71
22889 71
22890 71
22891 302
22892 302
22893 213
22894 213
22895 276
22896 260
22897 25
22898 257
22899 72
22900 76
22901 72
22902 24
22903 24
22904 87
22905 167
22906 199
22907 167
22908 324
22909 324
22910 324
22911 233
22912 50
22913 50
22914 366
22915 366
22916 131
22917 366
22918 230
22919 232
22920 233
22921 230
22922 230
22923 210
22924 210
22925 186
22926 260
22927 260
22928 202
22929 256
22930 381
22931 381
22932 234
22933 232
22934 363
22935 141
22936 23
22937 23
22938 304
22939 304
22940 304
22941 304
22942 304
22943 385
22944 385
22945 248
22946 149
22947 149
22948 149
22949 149
22950 304
22951 304
22952 304
22953 50
22954 133
22955 133
22956 133
22957 209
22958 127
22959 112
22960 112
22961 371
22962 356
22963 182
22964 65
22965 419
22966 419
22967 419
22968 419
22969 325
22970 49
22971 49
22972 163
22973 163
22974 165
22975 351
22976 351
22977 10
22978 351
22979 364
22980 264
22981 252
22982 298
22983 298
22984 362
22985 332
22986 307
22987 385
22988 307
22989 208
22990 236
22991 278
22992 278
22993 278
22994 339
22995 50
22996 84
22997 84
22998 373
22999 373
23000 373
23001 373
23002 420
23003 244
23004 420
23005 80
23006 175
23007 310
23008 388
23009 388
23010 63
23011 118
23012 52
23013 155
23014 52
23015 151
23016 151
23017 156
23018 389
23019 156
23020 156
23021 389
23022 223
23023 223
23024 221
23025 153
23026 153
23027 68
23028 373
23029 321
23030 373
23031 373
23032 180
23033 180
23034 180
23035 358
23036 358
23037 328
23038 233
23039 233
23040 298
23041 389
23042 389
23043 353
23044 227
23045 227
23046 227
23047 179
23048 185
23049 173
23050 214
23051 217
23052 266
23053 222
23054 266
23055 47
23056 188
23057 116
23058 116
23059 264
23060 28
23061 28
23062 28
23063 339
23064 339
23065 398
23066 410
23067 168
23068 391
23069 43
23070 25
23071 43
23072 243
23073 43
23074 182
23075 145
23076 145
23077 145
23078 145
23079 287
23080 265
23081 387
23082 317
23083 405
23084 24
23085 369
23086 317
23087 267
23088 134
23089 422
23090 222
23091 149
23092 285
23093 149
23094 285
23095 410
23096 240
23097 240
23098 235
23099 240
23100 217
23101 310
23102 217
23103 295
23104 295
23105 295
23106 419
23107 219
23108 219
23109 204
23110 204
23111 191
23112 191
23113 191
23114 351
23115 351
23116 351
23117 200
23118 200
23119 387
23120 387
23121 387
23122 387
23123 120
23124 120
23125 313
23126 313
23127 379
23128 379
23129 5
23130 249
23131 249
23132 328
23133 400
23134 328
23135 229
23136 114
23137 159
23138 159
23139 65
23140 414
23141 414
23142 414
23143 189
23144 189
23145 225
23146 225
23147 225
23148 225
23149 225
23150 217
23151 217
23152 370
23153 194
23154 194
23155 294
23156 294
23157 39
23158 39
23159 363
23160 65
23161 65
23162 65
23163 139
23164 139
23165 428
23166 361
23167 361
23168 101
23169 101
23170 101
23171 101
23172 91
23173 86
23174 26
23175 84
23176 22
23177 22
23178 22
23179 137
23180 397
23181 204
23182 204
23183 77
23184 77
23185 77
23186 168
23187 168
23188 132
23189 384
23190 384
23191 384
23192 65
23193 137
23194 137
23195 137
23196 137
23197 128
23198 424
23199 187
23200 63
23201 63
23202 63
23203 103
23204 103
23205 362
23206 195
23207 362
23208 362
23209 271
23210 279
23211 418
23212 236
23213 233
23214 236
23215 85
23216 325
23217 325
23218 325
23219 252
23220 252
23221 252
23222 91
23223 328
23224 328
23225 128
23226 391
23227 252
23228 252
23229 139
23230 139
23231 13
23232 329
23233 329
23234 93
23235 93
23236 93
23237 40
23238 191
23239 283
23240 107
23241 107
23242 400
23243 151
23244 345
23245 153
23246 313
23247 8
23248 15
23249 255
23250 416
23251 20
23252 428
23253 397
23254 347
23255 6
23256 366
23257 399
23258 399
23259 399
23260 304
23261 304
23262 304
23263 304
23264 304
23265 241
23266 47
23267 47
23268 47
23269 424
23270 28
23271 28
23272 28
23273 28
23274 28
23275 28
23276 139
23277 139
23278 53
23279 67
23280 283
23281 136
23282 136
23283 352
23284 391
23285 139
23286 84
23287 139
23288 366
23289 89
23290 393
23291 366
23292 366
23293 366
23294 68
23295 22
23296 68
23297 192
23298 192
23299 192
23300 137
23301 137
23302 67
23303 67
23304 275
23305 245
23306 245
23307 314
23308 314
23309 314
23310 277
23311 277
23312 277
23313 250
23314 336
23315 336
23316 336
23317 336
23318 123
23319 45
23320 45
23321 45
23322 428
23323 240
23324 37
23325 240
23326 314
23327 74
23328 341
23329 341
23330 168
23331 202
23332 50
23333 50
23334 133
23335 219
23336 194
23337 133
23338 133
23339 28
23340 28
23341 32
23342 28
23343 418
23344 418
23345 172
23346 174
23347 386
23348 386
23349 275
23350 301
23351 54
23352 54
23353 54
23354 54
23355 288
23356 288
23357 258
23358 321
23359 87
23360 403
23361 411
23362 411
23363 429
23364 57
23365 272
23366 273
23367 272
23368 301
23369 272
23370 223
23371 415
23372 94
23373 114
23374 251
23375 321
23376 91
23377 200
23378 114
23379 91
23380 388
23381 388
23382 388
23383 239
23384 239
23385 260
23386 260
23387 260
23388 260
23389 287
23390 370
23391 337
23392 415
23393 417
23394 356
23395 417
23396 339
23397 402
23398 184
23399 172
23400 172
23401 257
23402 257
23403 228
23404 228
23405 25
23406 56
23407 56
23408 56
23409 22
23410 22
23411 228
23412 77
23413 77
23414 420
23415 425
23416 420
23417 275
23418 364
23419 364
23420 290
23421 410
23422 221
23423 199
23424 103
23425 199
23426 54
23427 54
23428 54
23429 218
23430 218
23431 180
23432 139
23433 139
23434 139
23435 391
23436 391
23437 415
23438 192
23439 33
23440 71
23441 98
23442 188
23443 183
23444 183
23445 400
23446 126
23447 126
23448 137
23449 137
23450 183
23451 183
23452 344
23453 344
23454 427
23455 147
23456 147
23457 149
23458 149
23459 149
23460 381
23461 141
23462 128
23463 47
23464 128
23465 16
23466 15
23467 16
23468 16
23469 16
23470 312
23471 134
23472 51
23473 361
23474 424
23475 149
23476 149
23477 154
23478 149
23479 53
23480 426
23481 149
23482 307
23483 186
23484 186
23485 112
23486 308
23487 224
23488 308
23489 413
23490 308
23491 301
23492 177
23493 177
23494 177
23495 147
23496 72
23497 329
23498 330
23499 159
23500 70
23501 133
23502 296
23503 296
23504 66
23505 66
23506 66
23507 66
23508 175
23509 295
23510 295
23511 295
23512 201
23513 201
23514 199
23515 368
23516 402
23517 368
23518 329
23519 368
23520 288
23521 288
23522 325
23523 325
23524 101
23525 370
23526 370
23527 263
23528 386
23529 320
23530 12
23531 320
23532 320
23533 126
23534 185
23535 254
23536 142
23537 142
23538 142
23539 137
23540 138
23541 137
23542 383
23543 383
23544 398
23545 366
23546 366
23547 370
23548 358
23549 404
23550 404
23551 64
23552 64
23553 22
23554 22
23555 162
23556 172
23557 162
23558 208
23559 208
23560 346
23561 346
23562 40
23563 378
23564 306
23565 306
23566 51
23567 51
23568 155
23569 261
23570 261
23571 362
23572 362
23573 362
23574 364
23575 249
23576 79
23577 9
23578 427
23579 427
23580 427
23581 231
23582 231
23583 232
23584 144
23585 144
23586 316
23587 323
23588 184
23589 177
23590 184
23591 143
23592 143
23593 143
23594 327
23595 337
23596 258
23597 130
23598 130
23599 368
23600 368
23601 142
23602 142
23603 142
23604 69
23605 396
23606 396
23607 241
23608 421
23609 140
23610 275
23611 218
23612 218
23613 218
23614 218
23615 62
23616 418
23617 418
23618 25
23619 86
23620 15
23621 168
23622 168
23623 168
23624 168
23625 168
23626 168
23627 305
23628 305
23629 305
23630 7
23631 25
23632 53
23633 401
23634 230
23635 155
23636 230
23637 230
23638 368
23639 155
23640 155
23641 155
23642 354
23643 354
23644 354
23645 357
23646 116
23647 116
23648 35
23649 35
23650 35
23651 35
23652 398
23653 59
23654 386
23655 158
23656 158
23657 186
23658 186
23659 179
23660 179
23661 311
23662 311
23663 169
23664 169
23665 77
23666 77
23667 17
23668 17
23669 187
23670 187
23671 195
23672 195
23673 399
23674 399
23675 399
23676 399
23677 228
23678 228
23679 135
23680 135
23681 135
23682 67
23683 149
23684 149
23685 149
23686 389
23687 271
23688 271
23689 271
23690 271
23691 303
23692 124
23693 127
23694 124
23695 6
23696 327
23697 327
23698 327
23699 308
23700 247
23701 308
23702 407
23703 40
23704 81
23705 86
23706 280
23707 280
23708 269
23709 65
23710 317
23711 281
23712 281
23713 197
23714 178
23715 197
23716 87
23717 291
23718 291
23719 339
23720 339
23721 339
23722 172
23723 172
23724 295
23725 321
23726 188
23727 235
23728 385
23729 385
23730 308
23731 40
23732 217
23733 217
23734 217
23735 217
23736 121
23737 121
23738 264
23739 264
23740 321
23741 323
23742 255
23743 39
23744 80
23745 80
23746 159
23747 165
23748 231
23749 231
23750 12
23751 231
23752 401
23753 401
23754 116
23755 116
23756 116
23757 117
23758 116
23759 116
23760 244
23761 244
23762 244
23763 220
23764 19
23765 220
23766 220
23767 382
23768 214
23769 339
23770 214
23771 260
23772 212
23773 213
23774 353
23775 395
23776 395
23777 395
23778 68
23779 68
23780 68
23781 71
23782 211
23783 229
23784 220
23785 184
23786 64
23787 184
23788 192
23789 418
23790 281
23791 191
23792 191
23793 112
23794 329
23795 329
23796 386
23797 386
23798 386
23799 200
23800 407
23801 407
23802 407
23803 407
23804 349
23805 349
23806 162
23807 209
23808 162
23809 162
23810 162
23811 162
23812 162
23813 162
23814 209
23815 241
23816 241
23817 242
23818 326
23819 326
23820 63
23821 26
23822 60
23823 84
23824 84
23825 84
23826 84
23827 84
23828 314
23829 221
23830 221
23831 418
23832 90
23833 20
23834 90
23835 72
23836 90
23837 199
23838 109
23839 6
23840 416
23841 416
23842 416
23843 38
23844 336
23845 272
23846 272
23847 272
23848 272
23849 333
23850 333
23851 422
23852 70
23853 70
23854 388
23855 272
23856 166
23857 388
23858 388
23859 388
23860 100
23861 228
23862 228
23863 28
23864 28
23865 27
23866 28
23867 28
23868 381
23869 290
23870 381
23871 381
23872 174
23873 38
23874 174
23875 119
23876 70
23877 319
23878 70
23879 319
23880 70
23881 309
23882 309
23883 309
23884 309
23885 309
23886 405
23887 141
23888 73
23889 230
23890 230
23891 230
23892 230
23893 347
23894 347
23895 138
23896 138
23897 138
23898 138
23899 273
23900 197
23901 197
23902 197
23903 395
23904 359
23905 359
23906 67
23907 360
23908 359
23909 359
23910 259
23911 259
23912 259
23913 418
23914 120
23915 121
23916 240
23917 240
23918 240
23919 241
23920 251
23921 251
23922 253
23923 251
23924 252
23925 70
23926 352
23927 253
23928 253
23929 249
23930 253
23931 94
23932 22
23933 22
23934 368
23935 13
23936 96
23937 96
23938 96
23939 18
23940 40
23941 96
23942 344
23943 255
23944 326
23945 326
23946 144
23947 380
23948 380
23949 380
23950 384
23951 380
23952 380
23953 101
23954 131
23955 423
23956 86
23957 86
23958 91
23959 404
23960 109
23961 109
23962 37
23963 37
23964 101
23965 127
23966 101
23967 92
23968 34
23969 322
23970 23
23971 322
23972 378
23973 378
23974 378
23975 218
23976 378
23977 65
23978 165
23979 40
23980 128
23981 40
23982 101
23983 258
23984 258
23985 293
23986 290
23987 246
23988 246
23989 165
23990 165
23991 85
23992 85
23993 85
23994 343
23995 354
23996 343
23997 185
23998 185
23999 185
24000 185
24001 189
24002 188
24003 189
24004 198
24005 242
24006 323
24007 323
24008 65
24009 65
24010 405
24011 405
24012 405
24013 267
24014 18
24015 267
24016 267
24017 360
24018 344
24019 412
24020 344
24021 88
24022 283
24023 372
24024 372
24025 91
24026 91
24027 180
24028 211
24029 394
24030 63
24031 63
24032 63
24033 63
24034 332
24035 374
24036 377
24037 377
24038 374
24039 232
24040 232
24041 327
24042 249
24043 249
24044 313
24045 388
24046 38
24047 222
24048 404
24049 321
24050 224
24051 224
24052 224
24053 328
24054 112
24055 328
24056 5
24057 329
24058 415
24059 259
24060 303
24061 303
24062 31
24063 31
24064 419
24065 419
24066 427
24067 427
24068 295
24069 295
24070 263
24071 423
24072 423
24073 423
24074 91
24075 282
24076 282
24077 282
24078 290
24079 78
24080 185
24081 151
24082 151
24083 155
24084 146
24085 358
24086 358
24087 358
24088 358
24089 423
24090 423
24091 423
24092 298
24093 298
24094 171
24095 171
24096 142
24097 145
24098 21
24099 145
24100 145
24101 145
24102 106
24103 106
24104 345
24105 354
24106 101
24107 279
24108 279
24109 117
24110 236
24111 117
24112 117
24113 117
24114 84
24115 84
24116 84
24117 133
24118 141
24119 128
24120 128
24121 67
24122 86
24123 287
24124 15
24125 336
24126 141
24127 266
24128 125
24129 149
24130 149
24131 149
24132 149
24133 341
24134 341
24135 338
24136 341
24137 341
24138 341
24139 184
24140 342
24141 342
24142 26
24143 26
24144 105
24145 140
24146 140
24147 428
24148 318
24149 318
24150 201
24151 201
24152 131
24153 407
24154 407
24155 407
24156 407
24157 211
24158 131
24159 131
24160 365
24161 365
24162 365
24163 18
24164 368
24165 365
24166 365
24167 84
24168 84
24169 114
24170 358
24171 358
24172 214
24173 228
24174 228
24175 204
24176 204
24177 204
24178 234
24179 204
24180 193
24181 193
24182 114
24183 299
24184 299
24185 299
24186 299
24187 193
24188 52
24189 345
24190 44
24191 44
24192 386
24193 386
24194 390
24195 390
24196 249
24197 43
24198 316
24199 359
24200 267
24201 310
24202 352
24203 376
24204 376
24205 355
24206 376
24207 377
24208 202
24209 346
24210 346
24211 403
24212 232
24213 53
24214 232
24215 232
24216 232
24217 236
24218 232
24219 282
24220 282
24221 282
24222 330
24223 282
24224 400
24225 380
24226 357
24227 357
24228 357
24229 114
24230 119
24231 119
24232 40
24233 375
24234 18
24235 227
24236 104
24237 92
24238 161
24239 374
24240 374
24241 374
24242 266
24243 266
24244 266
24245 202
24246 86
24247 86
24248 86
24249 86
24250 151
24251 190
24252 153
24253 176
24254 65
24255 65
24256 114
24257 65
24258 65
24259 357
24260 303
24261 242
24262 387
24263 387
24264 105
24265 64
24266 64
24267 61
24268 82
24269 82
24270 97
24271 75
24272 75
24273 354
24274 354
24275 354
24276 110
24277 154
24278 110
24279 110
24280 110
24281 312
24282 155
24283 116
24284 135
24285 116
24286 116
24287 317
24288 33
24289 139
24290 139
24291 139
24292 139
24293 139
24294 221
24295 221
24296 221
24297 177
24298 202
24299 104
24300 424
24301 104
24302 357
24303 97
24304 46
24305 75
24306 26
24307 75
24308 75
24309 75
24310 102
24311 39
24312 144
24313 137
24314 146
24315 145
24316 144
24317 76
24318 77
24319 76
24320 204
24321 204
24322 334
24323 334
24324 345
24325 334
24326 295
24327 295
24328 295
24329 345
24330 345
24331 345
24332 207
24333 207
24334 128
24335 210
24336 210
24337 210
24338 305
24339 269
24340 217
24341 332
24342 97
24343 97
24344 97
24345 321
24346 173
24347 236
24348 236
24349 387
24350 387
24351 360
24352 360
24353 114
24354 145
24355 145
24356 163
24357 163
24358 47
24359 308
24360 308
24361 308
24362 155
24363 168
24364 99
24365 159
24366 163
24367 192
24368 352
24369 295
24370 31
24371 409
24372 356
24373 356
24374 35
24375 283
24376 393
24377 393
24378 393
24379 393
24380 393
24381 355
24382 104
24383 428
24384 310
24385 264
24386 264
24387 264
24388 318
24389 356
24390 318
24391 318
24392 374
24393 330
24394 303
24395 295
24396 424
24397 18
24398 24
24399 24
24400 358
24401 358
24402 358
24403 264
24404 264
24405 148
24406 190
24407 18
24408 20
24409 18
24410 18
24411 230
24412 230
24413 53
24414 213
24415 213
24416 245
24417 245
24418 304
24419 304
24420 161
24421 161
24422 132
24423 132
24424 124
24425 124
24426 124
24427 337
24428 401
24429 31
24430 31
24431 31
24432 131
24433 335
24434 335
24435 243
24436 243
24437 243
24438 161
24439 130
24440 130
24441 195
24442 195
24443 193
24444 409
24445 412
24446 219
24447 412
24448 412
24449 414
24450 412
24451 17
24452 277
24453 262
24454 277
24455 76
24456 76
24457 330
24458 330
24459 330
24460 76
24461 103
24462 103
24463 376
24464 376
24465 131
24466 209
24467 274
24468 332
24469 266
24470 216
24471 155
24472 155
24473 275
24474 283
24475 283
24476 255
24477 60
24478 295
24479 225
24480 225
24481 225
24482 338
24483 338
24484 338
24485 414
24486 414
24487 403
24488 325
24489 325
24490 167
24491 245
24492 245
24493 92
24494 401
24495 207
24496 324
24497 324
24498 324
24499 197
24500 355
24501 281
24502 232
24503 232
24504 232
24505 96
24506 96
24507 96
24508 248
24509 248
24510 160
24511 98
24512 98
24513 132
24514 211
24515 341
24516 158
24517 211
24518 77
24519 77
24520 206
24521 206
24522 387
24523 387
24524 362
24525 104
24526 150
24527 150
24528 394
24529 423
24530 226
24531 403
24532 403
24533 68
24534 241
24535 263
24536 30
24537 30
24538 30
24539 104
24540 397
24541 288
24542 288
24543 275
24544 23
24545 275
24546 276
24547 292
24548 292
24549 292
24550 373
24551 373
24552 64
24553 348
24554 348
24555 348
24556 390
24557 360
24558 192
24559 192
24560 154
24561 154
24562 154
24563 197
24564 197
24565 304
24566 308
24567 207
24568 207
24569 53
24570 53
24571 328
24572 328
24573 168
24574 195
24575 64
24576 195
24577 45
24578 371
24579 371
24580 341
24581 347
24582 206
24583 239
24584 147
24585 147
24586 347
24587 305
24588 305
24589 164
24590 170
24591 166
24592 166
24593 164
24594 164
24595 164
24596 415
24597 52
24598 52
24599 304
24600 304
24601 135
24602 304
24603 304
24604 107
24605 183
24606 53
24607 53
24608 134
24609 134
24610 99
24611 350
24612 99
24613 316
24614 316
24615 316
24616 39
24617 40
24618 39
24619 39
24620 39
24621 229
24622 229
24623 229
24624 267
24625 267
24626 218
24627 220
24628 331
24629 331
24630 337
24631 331
24632 107
24633 46
24634 26
24635 107
24636 287
24637 278
24638 278
24639 278
24640 159
24641 233
24642 144
24643 386
24644 306
24645 306
24646 380
24647 129
24648 152
24649 40
24650 104
24651 104
24652 396
24653 396
24654 396
24655 80
24656 80
24657 176
24658 176
24659 176
24660 77
24661 77
24662 106
24663 368
24664 357
24665 237
24666 230
24667 289
24668 289
24669 237
24670 237
24671 332
24672 235
24673 235
24674 260
24675 350
24676 306
24677 293
24678 306
24679 293
24680 248
24681 148
24682 45
24683 287
24684 295
24685 18
24686 206
24687 206
24688 176
24689 326
24690 149
24691 423
24692 40
24693 143
24694 40
24695 410
24696 342
24697 342
24698 342
24699 229
24700 323
24701 247
24702 247
24703 208
24704 218
24705 218
24706 42
24707 42
24708 80
24709 42
24710 42
24711 42
24712 240
24713 53
24714 311
24715 311
24716 33
24717 420
24718 420
24719 420
24720 420
24721 129
24722 130
24723 129
24724 129
24725 295
24726 129
24727 256
24728 256
24729 237
24730 237
24731 237
24732 337
24733 337
24734 323
24735 358
24736 251
24737 358
24738 358
24739 173
24740 173
24741 83
24742 83
24743 175
24744 175
24745 405
24746 170
24747 170
24748 170
24749 170
24750 170
24751 34
24752 424
24753 208
24754 370
24755 217
24756 68
24757 21
24758 299
24759 299
24760 258
24761 269
24762 126
24763 351
24764 206
24765 206
24766 45
24767 12
24768 199
24769 199
24770 98
24771 98
24772 98
24773 367
24774 367
24775 367
24776 367
24777 391
24778 391
24779 255
24780 182
24781 255
24782 201
24783 48
24784 24
24785 133
24786 48
24787 160
24788 107
24789 58
24790 396
24791 396
24792 396
24793 40
24794 39
24795 40
24796 339
24797 339
24798 416
24799 48
24800 48
24801 48
24802 222
24803 222
24804 222
24805 265
24806 125
24807 125
24808 169
24809 160
24810 250
24811 251
24812 250
24813 250
24814 250
24815 1
24816 162
24817 162
24818 118
24819 118
24820 164
24821 164
24822 164
24823 164
24824 166
24825 34
24826 34
24827 36
24828 134
24829 396
24830 368
24831 329
24832 270
24833 270
24834 270
24835 270
24836 314
24837 78
24838 427
24839 427
24840 268
24841 38
24842 290
24843 290
24844 290
24845 88
24846 88
24847 319
24848 319
24849 319
24850 319
24851 233
24852 125
24853 233
24854 233
24855 314
24856 351
24857 314
24858 257
24859 257
24860 343
24861 255
24862 255
24863 421
24864 421
24865 266
24866 266
24867 252
24868 111
24869 271
24870 271
24871 273
24872 224
24873 271
24874 271
24875 381
24876 380
24877 380
24878 248
24879 45
24880 25
24881 297
24882 297
24883 297
24884 347
24885 347
24886 259
24887 259
24888 259
24889 44
24890 248
24891 397
24892 267
24893 343
24894 343
24895 343
24896 127
24897 127
24898 110
24899 32
24900 407
24901 407
24902 407
24903 38
24904 253
24905 253
24906 253
24907 367
24908 367
24909 299
24910 299
24911 397
24912 422
24913 94
24914 348
24915 204
24916 87
24917 239
24918 239
24919 54
24920 54
24921 54
24922 139
24923 139
24924 77
24925 368
24926 236
24927 77
24928 48
24929 23
24930 63
24931 48
24932 56
24933 57
24934 261
24935 261
24936 105
24937 412
24938 412
24939 412
24940 383
24941 356
24942 4
24943 356
24944 356
24945 411
24946 287
24947 409
24948 409
24949 17
24950 17
24951 133
24952 429
24953 123
24954 133
24955 66
24956 13
24957 66
24958 171
24959 392
24960 392
24961 149
24962 149
24963 154
24964 149
24965 62
24966 62
24967 349
24968 349
24969 26
24970 182
24971 182
24972 370
24973 48
24974 144
24975 343
24976 343
24977 99
24978 426
24979 426
24980 426
24981 17
24982 17
24983 308
24984 147
24985 84
24986 84
24987 252
24988 252
24989 252
24990 252
24991 189
24992 409
24993 79
24994 334
24995 334
24996 76
24997 76
24998 76
24999 366
25000 141
25001 146
25002 141
25003 186
25004 184
25005 350
25006 396
25007 221
25008 222
25009 81
25010 253
25011 105
25012 231
25013 105
25014 105
25015 194
25016 194
25017 284
25018 284
25019 287
25020 133
25021 428
25022 340
25023 340
25024 340
25025 282
25026 107
25027 361
25028 183
25029 183
25030 247
25031 247
25032 396
25033 396
25034 396
25035 95
25036 95
25037 95
25038 28
25039 28
25040 27
25041 299
25042 299
25043 373
25044 373
25045 373
25046 136
25047 136
25048 93
25049 93
25050 147
25051 135
25052 147
25053 248
25054 248
25055 360
25056 136
25057 136
25058 138
25059 136
25060 136
25061 136
25062 127
25063 127
25064 182
25065 182
25066 139
25067 139
25068 141
25069 139
25070 139
25071 282
25072 282
25073 313
25074 282
25075 419
25076 419
25077 419
25078 419
25079 419
25080 188
25081 360
25082 229
25083 360
25084 360
25085 360
25086 116
25087 116
25088 116
25089 159
25090 281
25091 384
25092 256
25093 80
25094 344
25095 344
25096 344
25097 392
25098 314
25099 314
25100 368
25101 368
25102 368
25103 230
25104 230
25105 230
25106 236
25107 230
25108 234
25109 233
25110 72
25111 72
25112 53
25113 48
25114 53
25115 388
25116 414
25117 253
25118 253
25119 78
25120 226
25121 226
25122 92
25123 117
25124 117
25125 297
25126 297
25127 166
25128 166
25129 166
25130 173
25131 173
25132 300
25133 300
25134 300
25135 384
25136 155
25137 317
25138 317
25139 59
25140 241
25141 241
25142 310
25143 310
25144 310
25145 259
25146 330
25147 330
25148 320
25149 160
25150 254
25151 160
25152 45
25153 171
25154 171
25155 276
25156 334
25157 370
25158 370
25159 33
25160 127
25161 127
25162 127
25163 111
25164 129
25165 127
25166 345
25167 345
25168 345
25169 199
25170 199
25171 423
25172 423
25173 423
25174 421
25175 421
25176 421
25177 150
25178 150
25179 150
25180 106
25181 106
25182 155
25183 155
25184 31
25185 99
25186 31
25187 370
25188 97
25189 97
25190 270
25191 270
25192 194
25193 285
25194 276
25195 214
25196 190
25197 311
25198 56
25199 371
25200 382
25201 372
25202 382
25203 180
25204 176
25205 312
25206 46
25207 312
25208 312
25209 312
25210 33
25211 33
25212 74
25213 33
25214 126
25215 126
25216 148
25217 45
25218 120
25219 73
25220 73
25221 73
25222 210
25223 404
25224 210
25225 391
25226 234
25227 234
25228 234
25229 145
25230 231
25231 163
25232 259
25233 220
25234 259
25235 259
25236 259
25237 302
25238 302
25239 300
25240 153
25241 155
25242 238
25243 290
25244 335
25245 306
25246 190
25247 190
25248 189
25249 272
25250 272
25251 272
25252 272
25253 272
25254 272
25255 216
25256 363
25257 177
25258 177
25259 177
25260 177
25261 363
25262 250
25263 250
25264 250
25265 113
25266 113
25267 113
25268 276
25269 272
25270 272
25271 309
25272 65
25273 350
25274 350
25275 350
25276 350
25277 30
25278 30
25279 30
25280 181
25281 130
25282 130
25283 259
25284 92
25285 107
25286 235
25287 58
25288 58
25289 58
25290 127
25291 127
25292 330
25293 304
25294 304
25295 296
25296 211
25297 107
25298 107
25299 345
25300 345
25301 345
25302 293
25303 247
25304 96
25305 96
25306 96
25307 305
25308 338
25309 305
25310 305
25311 305
25312 104
25313 34
25314 371
25315 34
25316 413
25317 413
25318 337
25319 156
25320 156
25321 199
25322 156
25323 156
25324 106
25325 52
25326 228
25327 228
25328 288
25329 288
25330 288
25331 168
25332 311
25333 55
25334 57
25335 57
25336 55
25337 55
25338 162
25339 57
25340 149
25341 149
25342 149
25343 311
25344 382
25345 219
25346 174
25347 165
25348 165
25349 165
25350 165
25351 80
25352 80
25353 172
25354 172
25355 172
25356 172
25357 172
25358 272
25359 388
25360 272
25361 64
25362 64
25363 59
25364 92
25365 92
25366 92
25367 196
25368 196
25369 196
25370 196
25371 267
25372 411
25373 411
25374 334
25375 334
25376 67
25377 241
25378 239
25379 53
25380 303
25381 307
25382 210
25383 210
25384 210
25385 240
25386 295
25387 295
25388 330
25389 161
25390 25
25391 161
25392 84
25393 287
25394 287
25395 344
25396 269
25397 269
25398 428
25399 428
25400 99
25401 319
25402 319
25403 97
25404 97
25405 97
25406 241
25407 239
25408 60
25409 56
25410 54
25411 301
25412 307
25413 304
25414 304
25415 175
25416 155
25417 307
25418 47
25419 307
25420 64
25421 64
25422 398
25423 398
25424 200
25425 200
25426 388
25427 174
25428 174
25429 402
25430 402
25431 402
25432 286
25433 277
25434 59
25435 59
25436 212
25437 347
25438 347
25439 347
25440 119
25441 362
25442 362
25443 122
25444 249
25445 404
25446 235
25447 235
25448 29
25449 146
25450 173
25451 173
25452 365
25453 365
25454 365
25455 254
25456 327
25457 328
25458 186
25459 186
25460 64
25461 69
25462 64
25463 83
25464 202
25465 202
25466 271
25467 271
25468 273
25469 273
25470 271
25471 211
25472 211
25473 211
25474 211
25475 241
25476 4
25477 334
25478 6
25479 121
25480 173
25481 173
25482 173
25483 194
25484 194
25485 194
25486 194
25487 185
25488 360
25489 360
25490 114
25491 146
25492 258
25493 263
25494 397
25495 336
25496 405
25497 405
25498 328
25499 328
25500 189
25501 189
25502 189
25503 319
25504 319
25505 270
25506 270
25507 270
25508 144
25509 144
25510 144
25511 214
25512 397
25513 397
25514 336
25515 336
25516 202
25517 290
25518 202
25519 167
25520 292
25521 15
25522 292
25523 207
25524 292
25525 40
25526 39
25527 80
25528 81
25529 81
25530 81
25531 81
25532 167
25533 167
25534 285
25535 285
25536 173
25537 173
25538 276
25539 276
25540 31
25541 31
25542 92
25543 372
25544 371
25545 372
25546 372
25547 346
25548 269
25549 388
25550 199
25551 232
25552 232
25553 261
25554 131
25555 188
25556 372
25557 101
25558 95
25559 101
25560 95
25561 163
25562 163
25563 149
25564 163
25565 163
25566 107
25567 107
25568 184
25569 184
25570 184
25571 197
25572 184
25573 185
25574 208
25575 208
25576 269
25577 86
25578 86
25579 349
25580 284
25581 36
25582 36
25583 183
25584 183
25585 183
25586 236
25587 31
25588 31
25589 148
25590 349
25591 256
25592 353
25593 353
25594 404
25595 190
25596 404
25597 33
25598 33
25599 164
25600 164
25601 164
25602 403
25603 389
25604 389
25605 292
25606 292
25607 180
25608 292
25609 276
25610 328
25611 328
25612 329
25613 406
25614 326
25615 326
25616 326
25617 326
25618 15
25619 242
25620 381
25621 381
25622 129
25623 270
25624 289
25625 365
25626 365
25627 366
25628 366
25629 354
25630 354
25631 354
25632 45
25633 45
25634 99
25635 99
25636 99
25637 99
25638 335
25639 38
25640 157
25641 157
25642 157
25643 96
25644 387
25645 387
25646 372
25647 372
25648 403
25649 217
25650 342
25651 217
25652 217
25653 379
25654 379
25655 379
25656 379
25657 379
25658 401
25659 368
25660 217
25661 180
25662 217
25663 244
25664 244
25665 115
25666 87
25667 87
25668 139
25669 139
25670 143
25671 139
25672 102
25673 102
25674 102
25675 228
25676 355
25677 51
25678 208
25679 420
25680 144
25681 67
25682 144
25683 36
25684 29
25685 31
25686 29
25687 29
25688 29
25689 153
25690 153
25691 226
25692 249
25693 354
25694 368
25695 248
25696 248
25697 249
25698 208
25699 106
25700 150
25701 362
25702 362
25703 95
25704 95
25705 47
25706 47
25707 97
25708 97
25709 97
25710 97
25711 97
25712 135
25713 135
25714 135
25715 135
25716 135
25717 235
25718 235
25719 235
25720 239
25721 239
25722 239
25723 239
25724 164
25725 164
25726 164
25727 164
25728 170
25729 91
25730 57
25731 57
25732 321
25733 321
25734 266
25735 266
25736 266
25737 137
25738 223
25739 236
25740 143
25741 86
25742 70
25743 92
25744 92
25745 92
25746 92
25747 256
25748 182
25749 79
25750 32
25751 32
25752 32
25753 32
25754 282
25755 156
25756 357
25757 22
25758 397
25759 74
25760 96
25761 121
25762 173
25763 426
25764 314
25765 426
25766 426
25767 415
25768 16
25769 415
25770 415
25771 415
25772 16
25773 145
25774 145
25775 154
25776 154
25777 154
25778 154
25779 395
25780 395
25781 395
25782 341
25783 255
25784 255
25785 425
25786 425
25787 425
25788 159
25789 145
25790 145
25791 338
25792 326
25793 6
25794 326
25795 106
25796 55
25797 55
25798 55
25799 55
25800 55
25801 55
25802 196
25803 196
25804 290
25805 173
25806 174
25807 173
25808 428
25809 428
25810 427
25811 348
25812 348
25813 171
25814 353
25815 353
25816 303
25817 280
25818 280
25819 377
25820 120
25821 120
25822 63
25823 63
25824 78
25825 218
25826 218
25827 218
25828 218
25829 218
25830 354
25831 354
25832 344
25833 354
25834 363
25835 363
25836 234
25837 363
25838 133
25839 133
25840 133
25841 284
25842 284
25843 95
25844 95
25845 349
25846 211
25847 174
25848 230
25849 63
25850 114
25851 114
25852 114
25853 414
25854 89
25855 337
25856 108
25857 108
25858 200
25859 200
25860 274
25861 274
25862 274
25863 108
25864 108
25865 108
25866 108
25867 30
25868 384
25869 300
25870 300
25871 300
25872 300
25873 300
25874 166
25875 115
25876 115
25877 115
25878 167
25879 132
25880 354
25881 354
25882 328
25883 328
25884 113
25885 118
25886 74
25887 74
25888 196
25889 339
25890 303
25891 303
25892 298
25893 298
25894 363
25895 198
25896 198
25897 198
25898 201
25899 198
25900 13
25901 201
25902 96
25903 46
25904 172
25905 172
25906 125
25907 125
25908 125
25909 131
25910 131
25911 131
25912 175
25913 142
25914 142
25915 136
25916 142
25917 347
25918 394
25919 347
25920 347
25921 314
25922 345
25923 248
25924 419
25925 104
25926 56
25927 56
25928 69
25929 69
25930 49
25931 50
25932 49
25933 303
25934 303
25935 303
25936 63
25937 63
25938 242
25939 426
25940 81
25941 184
25942 184
25943 372
25944 5
25945 196
25946 197
25947 152
25948 267
25949 267
25950 412
25951 412
25952 8
25953 8
25954 155
25955 8
25956 8
25957 8
25958 191
25959 381
25960 403
25961 403
25962 403
25963 403
25964 170
25965 170
25966 17
25967 153
25968 153
25969 61
25970 61
25971 61
25972 246
25973 187
25974 272
25975 187
25976 346
25977 323
25978 227
25979 220
25980 220
25981 245
25982 245
25983 225
25984 299
25985 299
25986 392
25987 392
25988 392
25989 392
25990 392
25991 321
25992 321
25993 167
25994 167
25995 140
25996 140
25997 140
25998 262
25999 269
26000 248
26001 335
26002 65
26003 67
26004 65
26005 334
26006 158
26007 334
26008 334
26009 334
26010 133
26011 326
26012 126
26013 232
26014 363
26015 82
26016 82
26017 82
26018 34
26019 34
26020 138
26021 138
26022 138
26023 138
26024 385
26025 160
26026 421
26027 60
26028 238
26029 238
26030 214
26031 394
26032 394
26033 394
26034 100
26035 144
26036 144
26037 419
26038 108
26039 121
26040 90
26041 90
26042 97
26043 90
26044 90
26045 288
26046 288
26047 288
26048 327
26049 27
26050 327
26051 327
26052 327
26053 327
26054 421
26055 265
26056 332
26057 332
26058 61
26059 46
26060 46
26061 42
26062 158
26063 158
26064 51
26065 46
26066 185
26067 185
26068 185
26069 373
26070 107
26071 56
26072 56
26073 338
26074 338
26075 26
26076 339
26077 19
26078 231
26079 231
26080 340
26081 206
26082 206
26083 371
26084 371
26085 139
26086 158
26087 139
26088 379
26089 378
26090 379
26091 379
26092 355
26093 379
26094 409
26095 409
26096 409
26097 356
26098 356
26099 356
26100 356
26101 356
26102 180
26103 163
26104 163
26105 163
26106 157
26107 157
26108 143
26109 143
26110 143
26111 145
26112 143
26113 171
26114 171
26115 171
26116 257
26117 175
26118 257
26119 62
26120 62
26121 62
26122 201
26123 34
26124 35
26125 36
26126 110
26127 110
26128 114
26129 110
26130 252
26131 252
26132 128
26133 158
26134 158
26135 421
26136 185
26137 208
26138 208
26139 207
26140 32
26141 80
26142 80
26143 286
26144 421
26145 421
26146 129
26147 404
26148 375
26149 290
26150 367
26151 224
26152 224
26153 32
26154 305
26155 305
26156 237
26157 237
26158 237
26159 237
26160 237
26161 269
26162 293
26163 167
26164 211
26165 211
26166 93
26167 178
26168 374
26169 180
26170 180
26171 180
26172 180
26173 216
26174 216
26175 216
26176 216
26177 372
26178 372
26179 193
26180 193
26181 67
26182 164
26183 164
26184 164
26185 164
26186 164
26187 164
26188 164
26189 391
26190 212
26191 212
26192 363
26193 106
26194 143
26195 139
26196 143
26197 143
26198 341
26199 237
26200 240
26201 368
26202 217
26203 217
26204 217
26205 217
26206 217
26207 93
26208 67
26209 345
26210 345
26211 345
26212 324
26213 335
26214 154
26215 70
26216 269
26217 269
26218 132
26219 132
26220 70
26221 70
26222 126
26223 416
26224 128
26225 218
26226 218
26227 287
26228 22
26229 22
26230 344
26231 356
26232 283
26233 283
26234 107
26235 107
26236 292
26237 68
26238 68
26239 96
26240 96
26241 96
26242 180
26243 180
26244 180
26245 344
26246 344
26247 262
26248 262
26249 262
26250 262
26251 409
26252 383
26253 409
26254 410
26255 310
26256 310
26257 310
26258 390
26259 91
26260 86
26261 193
26262 193
26263 248
26264 118
26265 67
26266 427
26267 427
26268 413
26269 427
26270 86
26271 86
26272 43
26273 338
26274 115
26275 258
26276 397
26277 320
26278 320
26279 374
26280 374
26281 374
26282 300
26283 417
26284 157
26285 342
26286 342
26287 64
26288 328
26289 157
26290 183
26291 183
26292 183
26293 183
26294 154
26295 154
26296 154
26297 154
26298 32
26299 160
26300 133
26301 133
26302 85
26303 416
26304 49
26305 49
26306 49
26307 359
26308 359
26309 359
26310 359
26311 210
26312 210
26313 404
26314 369
26315 369
26316 252
26317 93
26318 93
26319 421
26320 421
26321 175
26322 167
26323 393
26324 393
26325 216
26326 220
26327 216
26328 217
26329 216
26330 216
26331 216
26332 216
26333 216
26334 70
26335 220
26336 427
26337 259
26338 259
26339 62
26340 62
26341 55
26342 364
26343 364
26344 364
26345 240
26346 282
26347 332
26348 332
26349 313
26350 313
26351 265
26352 142
26353 142
26354 142
26355 145
26356 168
26357 20
26358 428
26359 428
26360 239
26361 239
26362 239
26363 328
26364 47
26365 422
26366 422
26367 362
26368 322
26369 377
26370 400
26371 400
26372 400
26373 400
26374 401
26375 401
26376 401
26377 401
26378 399
26379 399
26380 399
26381 421
26382 420
26383 421
26384 421
26385 52
26386 52
26387 390
26388 52
26389 165
26390 109
26391 109
26392 109
26393 38
26394 133
26395 37
26396 37
26397 196
26398 134
26399 134
26400 396
26401 70
26402 47
26403 297
26404 404
26405 158
26406 158
26407 323
26408 169
26409 169
26410 169
26411 42
26412 340
26413 340
26414 72
26415 72
26416 72
26417 227
26418 227
26419 82
26420 182
26421 420
26422 192
26423 192
26424 137
26425 137
26426 137
26427 154
26428 111
26429 154
26430 154
26431 154
26432 298
26433 200
26434 217
26435 222
26436 163
26437 163
26438 163
26439 163
26440 206
26441 206
26442 206
26443 206
26444 188
26445 188
26446 388
26447 120
26448 120
26449 74
26450 194
26451 194
26452 194
26453 120
26454 120
26455 119
26456 234
26457 407
26458 407
26459 407
26460 407
26461 407
26462 151
26463 151
26464 151
26465 151
26466 89
26467 89
26468 89
26469 89
26470 104
26471 104
26472 182
26473 369
26474 369
26475 370
26476 369
26477 310
26478 62
26479 339
26480 339
26481 339
26482 293
26483 317
26484 396
26485 167
26486 167
26487 167
26488 177
26489 177
26490 177
26491 65
26492 420
26493 420
26494 420
26495 382
26496 379
26497 175
26498 346
26499 286
26500 70
26501 118
26502 118
26503 118
26504 118
26505 118
26506 227
26507 227
26508 323
26509 301
26510 301
26511 301
26512 301
26513 165
26514 158
26515 140
26516 173
26517 173
26518 180
26519 180
26520 180
26521 250
26522 250
26523 250
26524 104
26525 104
26526 299
26527 299
26528 299
26529 299
26530 216
26531 327
26532 303
26533 198
26534 308
26535 408
26536 388
26537 388
26538 340
26539 39
26540 356
26541 308
26542 197
26543 128
26544 126
26545 128
26546 351
26547 351
26548 45
26549 231
26550 231
26551 231
26552 231
26553 207
26554 368
26555 368
26556 146
26557 146
26558 390
26559 193
26560 271
26561 49
26562 49
26563 49
26564 49
26565 60
26566 404
26567 284
26568 272
26569 78
26570 238
26571 238
26572 238
26573 131
26574 253
26575 253
26576 253
26577 366
26578 366
26579 315
26580 233
26581 208
26582 208
26583 66
26584 66
26585 118
26586 34
26587 34
26588 91
26589 243
26590 243
26591 243
26592 243
26593 64
26594 64
26595 139
26596 139
26597 223
26598 378
26599 170
26600 223
26601 378
26602 200
26603 200
26604 390
26605 390
26606 390
26607 390
26608 390
26609 87
26610 90
26611 90
26612 90
26613 90
26614 93
26615 34
26616 34
26617 37
26618 88
26619 88
26620 207
26621 207
26622 84
26623 263
26624 12
26625 13
26626 424
26627 73
26628 420
26629 423
26630 423
26631 265
26632 260
26633 255
26634 214
26635 214
26636 114
26637 256
26638 344
26639 323
26640 66
26641 66
26642 118
26643 113
26644 206
26645 47
26646 113
26647 56
26648 56
26649 166
26650 166
26651 166
26652 29
26653 29
26654 43
26655 427
26656 43
26657 321
26658 43
26659 92
26660 301
26661 134
26662 82
26663 82
26664 377
26665 97
26666 97
26667 97
26668 97
26669 97
26670 371
26671 252
26672 251
26673 252
26674 252
26675 252
26676 369
26677 157
26678 157
26679 337
26680 157
26681 387
26682 387
26683 412
26684 283
26685 412
26686 412
26687 412
26688 331
26689 386
26690 386
26691 6
26692 141
26693 87
26694 180
26695 113
26696 180
26697 111
26698 180
26699 160
26700 160
26701 160
26702 77
26703 77
26704 22
26705 22
26706 321
26707 321
26708 290
26709 369
26710 369
26711 369
26712 294
26713 294
26714 294
26715 301
26716 282
26717 53
26718 301
26719 152
26720 264
26721 264
26722 264
26723 143
26724 143
26725 51
26726 51
26727 289
26728 289
26729 33
26730 62
26731 62
26732 62
26733 230
26734 230
26735 169
26736 169
26737 169
26738 380
26739 408
26740 408
26741 408
26742 273
26743 58
26744 273
26745 36
26746 19
26747 414
26748 414
26749 281
26750 281
26751 157
26752 157
26753 205
26754 205
26755 84
26756 84
26757 84
26758 261
26759 46
26760 46
26761 46
26762 46
26763 381
26764 381
26765 381
26766 381
26767 375
26768 81
26769 81
26770 24
26771 401
26772 401
26773 393
26774 401
26775 52
26776 249
26777 52
26778 346
26779 374
26780 17
26781 335
26782 17
26783 127
26784 127
26785 60
26786 50
26787 192
26788 192
26789 192
26790 192
26791 192
26792 339
26793 339
26794 263
26795 339
26796 339
26797 267
26798 267
26799 104
26800 70
26801 70
26802 70
26803 43
26804 336
26805 104
26806 256
26807 321
26808 256
26809 295
26810 208
26811 415
26812 415
26813 425
26814 89
26815 294
26816 296
26817 294
26818 356
26819 158
26820 158
26821 96
26822 96
26823 86
26824 372
26825 374
26826 372
26827 33
26828 103
26829 103
26830 28
26831 28
26832 373
26833 373
26834 373
26835 386
26836 310
26837 310
26838 53
26839 265
26840 199
26841 265
26842 227
26843 227
26844 227
26845 227
26846 61
26847 61
26848 61
26849 283
26850 260
26851 170
26852 170
26853 170
26854 170
26855 190
26856 156
26857 156
26858 156
26859 176
26860 154
26861 107
26862 107
26863 107
26864 402
26865 325
26866 325
26867 411
26868 112
26869 24
26870 360
26871 360
26872 71
26873 71
26874 384
26875 71
26876 171
26877 147
26878 147
26879 147
26880 230
26881 381
26882 230
26883 230
26884 201
26885 201
26886 243
26887 126
26888 243
26889 243
26890 94
26891 377
26892 356
26893 356
26894 168
26895 168
26896 168
26897 294
26898 294
26899 294
26900 294
26901 298
26902 319
26903 319
26904 340
26905 203
26906 203
26907 349
26908 313
26909 311
26910 313
26911 110
26912 110
26913 182
26914 387
26915 387
26916 375
26917 10
26918 73
26919 276
26920 23
26921 73
26922 393
26923 393
26924 393
26925 393
26926 273
26927 66
26928 317
26929 217
26930 217
26931 340
26932 340
26933 397
26934 340
26935 95
26936 89
26937 101
26938 101
26939 115
26940 115
26941 401
26942 68
26943 68
26944 173
26945 173
26946 417
26947 417
26948 418
26949 31
26950 31
26951 355
26952 238
26953 355
26954 188
26955 188
26956 184
26957 33
26958 33
26959 239
26960 240
26961 239
26962 239
26963 227
26964 236
26965 227
26966 213
26967 213
26968 290
26969 213
26970 157
26971 157
26972 142
26973 142
26974 400
26975 400
26976 92
26977 92
26978 92
26979 92
26980 92
26981 358
26982 358
26983 115
26984 40
26985 40
26986 234
26987 53
26988 234
26989 77
26990 85
26991 341
26992 243
26993 243
26994 247
26995 341
26996 367
26997 395
26998 387
26999 387
27000 378
27001 378
27002 240
27003 240
27004 240
27005 410
27006 410
27007 410
27008 185
27009 185
27010 185
27011 294
27012 294
27013 294
27014 294
27015 329
27016 330
27017 329
27018 329
27019 110
27020 67
27021 364
27022 210
27023 210
27024 252
27025 252
27026 220
27027 270
27028 282
27029 394
27030 106
27031 106
27032 357
27033 357
27034 144
27035 416
27036 182
27037 348
27038 348
27039 348
27040 332
27041 332
27042 332
27043 332
27044 218
27045 218
27046 218
27047 299
27048 299
27049 299
27050 310
27051 75
27052 75
27053 114
27054 114
27055 146
27056 375
27057 375
27058 371
27059 371
27060 371
27061 122
27062 122
27063 122
27064 116
27065 116
27066 315
27067 201
27068 201
27069 199
27070 199
27071 199
27072 408
27073 408
27074 408
27075 408
27076 408
27077 408
27078 408
27079 411
27080 369
27081 127
27082 406
27083 408
27084 406
27085 406
27086 411
27087 229
27088 347
27089 34
27090 391
27091 23
27092 110
27093 110
27094 110
27095 309
27096 304
27097 76
27098 422
27099 422
27100 422
27101 420
27102 420
27103 420
27104 359
27105 62
27106 283
27107 335
27108 306
27109 45
27110 22
27111 281
27112 281
27113 281
27114 115
27115 407
27116 407
27117 407
27118 272
27119 137
27120 137
27121 137
27122 104
27123 70
27124 297
27125 297
27126 408
27127 408
27128 84
27129 84
27130 258
27131 315
27132 247
27133 91
27134 232
27135 232
27136 232
27137 225
27138 232
27139 286
27140 422
27141 422
27142 420
27143 368
27144 368
27145 125
27146 125
27147 169
27148 169
27149 272
27150 87
27151 289
27152 289
27153 283
27154 289
27155 322
27156 322
27157 396
27158 396
27159 196
27160 401
27161 401
27162 74
27163 74
27164 129
27165 129
27166 230
27167 93
27168 230
27169 232
27170 170
27171 170
27172 346
27173 144
27174 64
27175 64
27176 381
27177 34
27178 34
27179 321
27180 54
27181 54
27182 204
27183 204
27184 204
27185 204
27186 204
27187 347
27188 347
27189 226
27190 33
27191 33
27192 273
27193 152
27194 152
27195 152
27196 152
27197 152
27198 152
27199 152
27200 37
27201 159
27202 161
27203 367
27204 266
27205 266
27206 266
27207 394
27208 200
27209 321
27210 328
27211 328
27212 328
27213 328
27214 328
27215 328
27216 328
27217 403
27218 355
27219 355
27220 303
27221 355
27222 149
27223 149
27224 152
27225 173
27226 152
27227 149
27228 32
27229 326
27230 328
27231 328
27232 278
27233 115
27234 115
27235 170
27236 375
27237 78
27238 347
27239 375
27240 371
27241 155
27242 420
27243 420
27244 420
27245 376
27246 20
27247 245
27248 245
27249 245
27250 224
27251 245
27252 334
27253 278
27254 278
27255 45
27256 203
27257 203
27258 193
27259 237
27260 182
27261 187
27262 44
27263 16
27264 239
27265 239
27266 239
27267 335
27268 296
27269 333
27270 174
27271 174
27272 174
27273 173
27274 173
27275 170
27276 170
27277 170
27278 239
27279 239
27280 105
27281 207
27282 207
27283 120
27284 256
27285 389
27286 67
27287 67
27288 301
27289 293
27290 301
27291 133
27292 133
27293 102
27294 102
27295 236
27296 144
27297 179
27298 205
27299 338
27300 338
27301 338
27302 338
27303 144
27304 190
27305 192
27306 221
27307 221
27308 221
27309 44
27310 185
27311 251
27312 251
27313 404
27314 58
27315 58
27316 310
27317 310
27318 309
27319 309
27320 309
27321 309
27322 147
27323 147
27324 147
27325 147
27326 304
27327 304
27328 304
27329 177
27330 177
27331 184
27332 284
27333 284
27334 341
27335 341
27336 341
27337 37
27338 37
27339 37
27340 427
27341 427
27342 427
27343 141
27344 141
27345 312
27346 312
27347 258
27348 258
27349 258
27350 321
27351 321
27352 321
27353 181
27354 124
27355 181
27356 100
27357 100
27358 100
27359 100
27360 329
27361 346
27362 346
27363 96
27364 96
27365 96
27366 96
27367 325
27368 336
27369 325
27370 336
27371 102
27372 102
27373 102
27374 280
27375 280
27376 280
27377 280
27378 94
27379 426
27380 246
27381 354
27382 426
27383 409
27384 409
27385 409
27386 112
27387 112
27388 157
27389 157
27390 157
27391 396
27392 317
27393 25
27394 122
27395 122
27396 127
27397 382
27398 94
27399 94
27400 117
27401 118
27402 117
27403 253
27404 253
27405 78
27406 78
27407 87
27408 171
27409 170
27410 170
27411 170
27412 314
27413 289
27414 13
27415 314
27416 374
27417 374
27418 374
27419 303
27420 303
27421 36
27422 303
27423 102
27424 102
27425 102
27426 314
27427 100
27428 100
27429 100
27430 331
27431 331
27432 189
27433 336
27434 128
27435 416
27436 278
27437 416
27438 55
27439 55
27440 55
27441 55
27442 391
27443 354
27444 354
27445 354
27446 333
27447 422
27448 389
27449 389
27450 389
27451 217
27452 111
27453 35
27454 72
27455 387
27456 387
27457 400
27458 400
27459 400
27460 400
27461 203
27462 203
27463 203
27464 242
27465 269
27466 366
27467 366
27468 216
27469 216
27470 156
27471 156
27472 101
27473 156
27474 157
27475 157
27476 70
27477 287
27478 287
27479 384
27480 181
27481 180
27482 333
27483 333
27484 31
27485 121
27486 195
27487 230
27488 281
27489 230
27490 230
27491 232
27492 232
27493 230
27494 92
27495 389
27496 362
27497 193
27498 193
27499 251
27500 251
27501 251
27502 38
27503 38
27504 38
27505 274
27506 274
27507 274
27508 281
27509 281
27510 281
27511 281
27512 238
27513 238
27514 238
27515 378
27516 378
27517 378
27518 101
27519 101
27520 99
27521 349
27522 397
27523 254
27524 256
27525 254
27526 347
27527 334
27528 334
27529 334
27530 84
27531 206
27532 206
27533 206
27534 366
27535 306
27536 306
27537 306
27538 419
27539 419
27540 23
27541 23
27542 299
27543 299
27544 299
27545 299
27546 124
27547 124
27548 38
27549 38
27550 201
27551 305
27552 312
27553 312
27554 418
27555 303
27556 312
27557 31
27558 240
27559 240
27560 240
27561 242
27562 412
27563 27
27564 27
27565 27
27566 241
27567 275
27568 275
27569 143
27570 143
27571 137
27572 143
27573 92
27574 67
27575 256
27576 230
27577 232
27578 230
27579 369
27580 80
27581 270
27582 296
27583 296
27584 422
27585 422
27586 76
27587 258
27588 258
27589 258
27590 258
27591 258
27592 377
27593 293
27594 83
27595 83
27596 83
27597 83
27598 83
27599 79
27600 79
27601 79
27602 79
27603 125
27604 125
27605 125
27606 390
27607 298
27608 298
27609 298
27610 39
27611 39
27612 110
27613 110
27614 110
27615 403
27616 118
27617 357
27618 275
27619 20
27620 275
27621 95
27622 398
27623 399
27624 246
27625 417
27626 297
27627 297
27628 65
27629 99
27630 318
27631 318
27632 113
27633 113
27634 94
27635 12
27636 35
27637 171
27638 171
27639 171
27640 46
27641 322
27642 398
27643 398
27644 49
27645 49
27646 49
27647 367
27648 367
27649 391
27650 114
27651 212
27652 212
27653 212
27654 297
27655 137
27656 137
27657 137
27658 95
27659 155
27660 39
27661 39
27662 172
27663 197
27664 42
27665 42
27666 284
27667 284
27668 397
27669 397
27670 262
27671 296
27672 262
27673 296
27674 21
27675 281
27676 71
27677 71
27678 236
27679 88
27680 88
27681 37
27682 404
27683 198
27684 52
27685 183
27686 183
27687 183
27688 183
27689 362
27690 116
27691 116
27692 229
27693 87
27694 127
27695 128
27696 142
27697 145
27698 142
27699 142
27700 142
27701 62
27702 62
27703 62
27704 62
27705 398
27706 69
27707 69
27708 284
27709 284
27710 284
27711 284
27712 17
27713 21
27714 204
27715 204
27716 104
27717 104
27718 77
27719 77
27720 77
27721 46
27722 30
27723 30
27724 30
27725 298
27726 298
27727 239
27728 130
27729 239
27730 239
27731 239
27732 154
27733 122
27734 122
27735 254
27736 122
27737 11
27738 122
27739 33
27740 87
27741 173
27742 12
27743 12
27744 224
27745 224
27746 251
27747 224
27748 273
27749 108
27750 250
27751 108
27752 108
27753 357
27754 259
27755 104
27756 147
27757 147
27758 204
27759 209
27760 412
27761 412
27762 297
27763 297
27764 36
27765 36
27766 221
27767 221
27768 203
27769 203
27770 373
27771 373
27772 373
27773 373
27774 373
27775 373
27776 373
27777 297
27778 298
27779 297
27780 301
27781 222
27782 413
27783 413
27784 356
27785 413
27786 297
27787 337
27788 261
27789 261
27790 287
27791 90
27792 90
27793 90
27794 297
27795 297
27796 285
27797 364
27798 364
27799 285
27800 239
27801 239
27802 239
27803 268
27804 317
27805 167
27806 167
27807 167
27808 389
27809 389
27810 126
27811 126
27812 352
27813 340
27814 340
27815 340
27816 377
27817 219
27818 219
27819 219
27820 219
27821 188
27822 290
27823 376
27824 376
27825 403
27826 242
27827 242
27828 242
27829 387
27830 387
27831 387
27832 233
27833 233
27834 233
27835 233
27836 393
27837 393
27838 393
27839 277
27840 277
27841 277
27842 130
27843 130
27844 130
27845 117
27846 117
27847 117
27848 128
27849 128
27850 139
27851 139
27852 100
27853 123
27854 123
27855 77
27856 77
27857 412
27858 412
27859 172
27860 209
27861 158
27862 356
27863 232
27864 30
27865 30
27866 124
27867 124
27868 124
27869 416
27870 79
27871 309
27872 309
27873 282
27874 282
27875 375
27876 375
27877 273
27878 277
27879 277
27880 277
27881 335
27882 335
27883 335
27884 175
27885 283
27886 377
27887 153
27888 153
27889 74
27890 74
27891 68
27892 68
27893 104
27894 369
27895 369
27896 369
27897 74
27898 399
27899 399
27900 399
27901 399
27902 119
27903 276
27904 274
27905 232
27906 70
27907 297
27908 297
27909 331
27910 331
27911 331
27912 31
27913 31
27914 231
27915 171
27916 231
27917 192
27918 192
27919 192
27920 96
27921 96
27922 104
27923 234
27924 96
27925 368
27926 237
27927 35
27928 237
27929 93
27930 119
27931 314
27932 399
27933 362
27934 362
27935 17
27936 17
27937 17
27938 63
27939 126
27940 260
27941 260
27942 265
27943 416
27944 416
27945 197
27946 197
27947 197
27948 197
27949 344
27950 364
27951 85
27952 80
27953 80
27954 359
27955 359
27956 359
27957 270
27958 270
27959 388
27960 388
27961 116
27962 116
27963 23
27964 101
27965 101
27966 101
27967 270
27968 270
27969 270
27970 185
27971 185
27972 87
27973 164
27974 165
27975 164
27976 164
27977 164
27978 45
27979 316
27980 45
27981 40
27982 179
27983 179
27984 280
27985 280
27986 114
27987 162
27988 162
27989 55
27990 55
27991 55
27992 363
27993 363
27994 223
27995 17
27996 223
27997 223
27998 334
27999 405
28000 320
28001 405
28002 320
28003 422
28004 422
28005 295
28006 295
28007 73
28008 87
28009 73
28010 96
28011 70
28012 225
28013 70
28014 151
28015 70
28016 70
28017 236
28018 236
28019 367
28020 203
28021 203
28022 99
28023 203
28024 147
28025 147
28026 274
28027 274
28028 274
28029 252
28030 252
28031 361
28032 361
28033 333
28034 402
28035 402
28036 402
28037 266
28038 52
28039 268
28040 268
28041 141
28042 141
28043 78
28044 78
28045 384
28046 377
28047 391
28048 263
28049 316
28050 316
28051 118
28052 378
28053 380
28054 378
28055 380
28056 303
28057 377
28058 359
28059 359
28060 74
28061 84
28062 221
28063 221
28064 90
28065 90
28066 90
28067 151
28068 382
28069 382
28070 382
28071 202
28072 374
28073 153
28074 48
28075 48
28076 390
28077 390
28078 390
28079 202
28080 21
28081 21
28082 21
28083 21
28084 365
28085 365
28086 196
28087 196
28088 62
28089 62
28090 62
28091 162
28092 162
28093 118
28094 127
28095 118
28096 118
28097 118
28098 208
28099 106
28100 106
28101 106
28102 106
28103 50
28104 343
28105 208
28106 77
28107 81
28108 81
28109 81
28110 81
28111 111
28112 70
28113 369
28114 415
28115 415
28116 415
28117 379
28118 379
28119 251
28120 251
28121 251
28122 86
28123 86
28124 86
28125 159
28126 159
28127 159
28128 290
28129 230
28130 242
28131 230
28132 230
28133 233
28134 233
28135 177
28136 177
28137 177
28138 177
28139 177
28140 293
28141 319
28142 301
28143 301
28144 73
28145 221
28146 221
28147 293
28148 242
28149 180
28150 35
28151 180
28152 180
28153 336
28154 336
28155 306
28156 299
28157 331
28158 289
28159 239
28160 239
28161 134
28162 134
28163 217
28164 217
28165 217
28166 92
28167 9
28168 92
28169 323
28170 141
28171 141
28172 141
28173 132
28174 132
28175 229
28176 256
28177 103
28178 103
28179 103
28180 103
28181 422
28182 422
28183 379
28184 379
28185 379
28186 342
28187 110
28188 110
28189 110
28190 260
28191 260
28192 234
28193 231
28194 393
28195 393
28196 71
28197 147
28198 399
28199 399
28200 399
28201 399
28202 53
28203 86
28204 382
28205 209
28206 382
28207 367
28208 367
28209 367
28210 154
28211 154
28212 154
28213 214
28214 214
28215 372
28216 182
28217 182
28218 273
28219 273
28220 273
28221 331
28222 296
28223 331
28224 331
28225 246
28226 305
28227 305
28228 306
28229 305
28230 219
28231 33
28232 244
28233 402
28234 402
28235 205
28236 162
28237 162
28238 162
28239 168
28240 377
28241 273
28242 273
28243 273
28244 35
28245 320
28246 320
28247 339
28248 339
28249 339
28250 339
28251 100
28252 100
28253 153
28254 153
28255 353
28256 353
28257 353
28258 321
28259 175
28260 321
28261 57
28262 134
28263 322
28264 322
28265 322
28266 24
28267 52
28268 372
28269 372
28270 406
28271 304
28272 304
28273 304
28274 272
28275 304
28276 304
28277 358
28278 361
28279 358
28280 200
28281 207
28282 47
28283 360
28284 239
28285 146
28286 146
28287 157
28288 118
28289 51
28290 363
28291 381
28292 381
28293 381
28294 381
28295 381
28296 244
28297 244
28298 249
28299 244
28300 133
28301 23
28302 81
28303 81
28304 81
28305 81
28306 81
28307 265
28308 119
28309 119
28310 119
28311 119
28312 116
28313 53
28314 54
28315 54
28316 54
28317 54
28318 54
28319 76
28320 377
28321 91
28322 234
28323 141
28324 141
28325 238
28326 315
28327 217
28328 315
28329 315
28330 427
28331 427
28332 427
28333 419
28334 419
28335 332
28336 419
28337 419
28338 389
28339 389
28340 358
28341 389
28342 35
28343 45
28344 45
28345 316
28346 28
28347 28
28348 28
28349 28
28350 200
28351 154
28352 200
28353 200
28354 135
28355 135
28356 135
28357 284
28358 284
28359 329
28360 329
28361 53
28362 53
28363 220
28364 220
28365 45
28366 159
28367 149
28368 149
28369 366
28370 366
28371 366
28372 366
28373 366
28374 374
28375 374
28376 151
28377 371
28378 107
28379 415
28380 415
28381 415
28382 415
28383 337
28384 48
28385 48
28386 68
28387 71
28388 71
28389 68
28390 26
28391 68
28392 153
28393 88
28394 88
28395 95
28396 95
28397 95
28398 410
28399 148
28400 114
28401 185
28402 188
28403 416
28404 275
28405 252
28406 159
28407 153
28408 104
28409 97
28410 97
28411 198
28412 198
28413 198
28414 61
28415 61
28416 61
28417 61
28418 262
28419 220
28420 220
28421 220
28422 54
28423 54
28424 409
28425 409
28426 409
28427 410
28428 357
28429 174
28430 150
28431 150
28432 228
28433 109
28434 109
28435 364
28436 151
28437 46
28438 46
28439 192
28440 192
28441 192
28442 82
28443 82
28444 110
28445 110
28446 110
28447 173
28448 173
28449 42
28450 182
28451 182
28452 422
28453 422
28454 47
28455 47
28456 67
28457 67
28458 67
28459 67
28460 249
28461 249
28462 17
28463 165
28464 424
28465 424
28466 424
28467 49
28468 418
28469 49
28470 49
28471 9
28472 44
28473 37
28474 364
28475 364
28476 188
28477 217
28478 217
28479 217
28480 280
28481 280
28482 179
28483 222
28484 179
28485 361
28486 361
28487 150
28488 150
28489 150
28490 384
28491 367
28492 287
28493 367
28494 367
28495 367
28496 130
28497 130
28498 130
28499 117
28500 117
28501 120
28502 117
28503 74
28504 341
28505 237
28506 237
28507 206
28508 206
28509 280
28510 280
28511 210
28512 210
28513 242
28514 242
28515 307
28516 307
28517 309
28518 261
28519 307
28520 50
28521 50
28522 395
28523 395
28524 414
28525 316
28526 316
28527 51
28528 51
28529 328
28530 328
28531 306
28532 306
28533 359
28534 359
28535 359
28536 384
28537 359
28538 263
28539 209
28540 326
28541 326
28542 58
28543 326
28544 326
28545 407
28546 407
28547 70
28548 392
28549 392
28550 392
28551 279
28552 279
28553 160
28554 160
28555 397
28556 309
28557 161
28558 161
28559 398
28560 228
28561 228
28562 407
28563 169
28564 169
28565 57
28566 57
28567 57
28568 48
28569 48
28570 48
28571 45
28572 45
28573 401
28574 401
28575 399
28576 226
28577 226
28578 220
28579 88
28580 88
28581 88
28582 205
28583 337
28584 378
28585 378
28586 378
28587 225
28588 54
28589 54
28590 54
28591 421
28592 236
28593 417
28594 417
28595 417
28596 128
28597 128
28598 263
28599 263
28600 263
28601 57
28602 93
28603 317
28604 132
28605 210
28606 210
28607 420
28608 420
28609 52
28610 52
28611 115
28612 115
28613 416
28614 359
28615 359
28616 359
28617 359
28618 370
28619 370
28620 370
28621 271
28622 271
28623 271
28624 126
28625 268
28626 126
28627 67
28628 305
28629 305
28630 163
28631 163
28632 163
28633 117
28634 162
28635 162
28636 390
28637 390
28638 390
28639 390
28640 380
28641 380
28642 53
28643 53
28644 61
28645 85
28646 198
28647 107
28648 107
28649 73
28650 73
28651 107
28652 250
28653 250
28654 353
28655 353
28656 353
28657 353
28658 353
28659 312
28660 312
28661 427
28662 282
28663 141
28664 385
28665 342
28666 385
28667 132
28668 132
28669 256
28670 188
28671 188
28672 188
28673 371
28674 371
28675 194
28676 194
28677 106
28678 375
28679 68
28680 68
28681 68
28682 70
28683 114
28684 315
28685 115
28686 115
28687 115
28688 306
28689 98
28690 98
28691 98
28692 184
28693 183
28694 183
28695 116
28696 269
28697 117
28698 116
28699 281
28700 308
28701 259
28702 259
28703 159
28704 159
28705 159
28706 262
28707 12
28708 12
28709 287
28710 261
28711 36
28712 4
28713 268
28714 268
28715 197
28716 47
28717 158
28718 63
28719 63
28720 45
28721 124
28722 124
28723 252
28724 252
28725 252
28726 419
28727 123
28728 403
28729 403
28730 203
28731 87
28732 216
28733 217
28734 216
28735 216
28736 80
28737 45
28738 289
28739 235
28740 396
28741 396
28742 298
28743 56
28744 56
28745 56
28746 178
28747 178
28748 178
28749 346
28750 346
28751 248
28752 49
28753 49
28754 53
28755 61
28756 61
28757 61
28758 213
28759 355
28760 267
28761 267
28762 241
28763 191
28764 85
28765 191
28766 341
28767 60
28768 60
28769 34
28770 34
28771 269
28772 195
28773 159
28774 159
28775 278
28776 278
28777 278
28778 278
28779 275
28780 164
28781 164
28782 94
28783 246
28784 123
28785 123
28786 300
28787 300
28788 300
28789 131
28790 148
28791 406
28792 406
28793 406
28794 406
28795 171
28796 171
28797 171
28798 419
28799 419
28800 207
28801 146
28802 146
28803 146
28804 146
28805 232
28806 234
28807 65
28808 182
28809 15
28810 113
28811 113
28812 405
28813 405
28814 159
28815 391
28816 391
28817 258
28818 367
28819 298
28820 298
28821 298
28822 372
28823 372
28824 372
28825 372
28826 240
28827 252
28828 240
28829 428
28830 201
28831 267
28832 267
28833 207
28834 24
28835 24
28836 98
28837 72
28838 60
28839 409
28840 258
28841 258
28842 258
28843 295
28844 295
28845 229
28846 377
28847 377
28848 387
28849 326
28850 131
28851 354
28852 381
28853 381
28854 381
28855 381
28856 386
28857 411
28858 274
28859 303
28860 274
28861 317
28862 276
28863 276
28864 303
28865 31
28866 232
28867 232
28868 318
28869 382
28870 283
28871 221
28872 221
28873 241
28874 241
28875 241
28876 241
28877 379
28878 379
28879 235
28880 79
28881 79
28882 79
28883 39
28884 194
28885 156
28886 382
28887 336
28888 336
28889 336
28890 36
28891 269
28892 36
28893 332
28894 332
28895 332
28896 332
28897 332
28898 231
28899 242
28900 369
28901 369
28902 141
28903 141
28904 122
28905 122
28906 258
28907 258
28908 124
28909 419
28910 320
28911 90
28912 90
28913 132
28914 123
28915 124
28916 412
28917 412
28918 412
28919 412
28920 298
28921 298
28922 228
28923 228
28924 228
28925 422
28926 422
28927 65
28928 65
28929 65
28930 65
28931 100
28932 305
28933 305
28934 305
28935 360
28936 360
28937 29
28938 29
28939 142
28940 144
28941 142
28942 142
28943 365
28944 365
28945 10
28946 371
28947 365
28948 255
28949 255
28950 255
28951 372
28952 372
28953 372
28954 254
28955 415
28956 415
28957 39
28958 39
28959 39
28960 190
28961 57
28962 280
28963 280
28964 278
28965 44
28966 44
28967 179
28968 224
28969 180
28970 224
28971 224
28972 169
28973 169
28974 320
28975 424
28976 320
28977 424
28978 297
28979 297
28980 426
28981 426
28982 426
28983 426
28984 426
28985 129
28986 131
28987 129
28988 155
28989 144
28990 297
28991 130
28992 130
28993 130
28994 145
28995 145
28996 145
28997 30
28998 30
28999 60
29000 274
29001 274
29002 274
29003 342
29004 424
29005 34
29006 274
29007 33
29008 328
29009 129
29010 194
29011 17
29012 258
29013 253
29014 75
29015 75
29016 159
29017 144
29018 312
29019 312
29020 312
29021 346
29022 346
29023 178
29024 178
29025 178
29026 178
29027 35
29028 35
29029 166
29030 203
29031 203
29032 419
29033 419
29034 98
29035 98
29036 98
29037 69
29038 206
29039 147
29040 216
29041 105
29042 379
29043 379
29044 379
29045 379
29046 380
29047 380
29048 382
29049 380
29050 46
29051 167
29052 386
29053 80
29054 168
29055 168
29056 388
29057 388
29058 388
29059 108
29060 108
29061 187
29062 187
29063 187
29064 108
29065 108
29066 113
29067 108
29068 319
29069 334
29070 158
29071 158
29072 153
29073 158
29074 63
29075 49
29076 189
29077 95
29078 95
29079 114
29080 148
29081 155
29082 39
29083 381
29084 328
29085 329
29086 329
29087 329
29088 93
29089 387
29090 53
29091 13
29092 122
29093 318
29094 96
29095 73
29096 96
29097 244
29098 244
29099 243
29100 179
29101 289
29102 289
29103 290
29104 399
29105 235
29106 241
29107 365
29108 365
29109 259
29110 56
29111 56
29112 56
29113 72
29114 72
29115 132
29116 132
29117 124
29118 124
29119 124
29120 124
29121 124
29122 124
29123 127
29124 396
29125 249
29126 45
29127 45
29128 252
29129 252
29130 426
29131 326
29132 209
29133 296
29134 296
29135 296
29136 101
29137 137
29138 364
29139 289
29140 364
29141 289
29142 403
29143 98
29144 403
29145 403
29146 103
29147 103
29148 103
29149 341
29150 341
29151 27
29152 198
29153 167
29154 167
29155 340
29156 167
29157 164
29158 263
29159 275
29160 275
29161 305
29162 305
29163 305
29164 249
29165 199
29166 422
29167 199
29168 51
29169 142
29170 142
29171 126
29172 126
29173 126
29174 210
29175 210
29176 423
29177 423
29178 423
29179 271
29180 228
29181 228
29182 228
29183 100
29184 100
29185 100
29186 264
29187 122
29188 33
29189 33
29190 33
29191 37
29192 221
29193 221
29194 221
29195 127
29196 127
29197 45
29198 45
29199 355
29200 349
29201 355
29202 355
29203 84
29204 84
29205 106
29206 84
29207 84
29208 158
29209 84
29210 44
29211 37
29212 74
29213 74
29214 34
29215 34
29216 34
29217 206
29218 113
29219 113
29220 55
29221 55
29222 55
29223 55
29224 337
29225 337
29226 191
29227 191
29228 333
29229 191
29230 191
29231 368
29232 320
29233 270
29234 270
29235 270
29236 190
29237 190
29238 228
29239 228
29240 173
29241 173
29242 173
29243 173
29244 113
29245 157
29246 157
29247 157
29248 157
29249 336
29250 336
29251 30
29252 351
29253 351
29254 355
29255 133
29256 55
29257 55
29258 57
29259 55
29260 227
29261 227
29262 224
29263 33
29264 224
29265 224
29266 224
29267 105
29268 362
29269 372
29270 372
29271 261
29272 261
29273 364
29274 78
29275 408
29276 408
29277 408
29278 408
29279 166
29280 131
29281 148
29282 148
29283 16
29284 411
29285 397
29286 294
29287 200
29288 168
29289 10
29290 45
29291 45
29292 45
29293 45
29294 307
29295 307
29296 112
29297 112
29298 112
29299 79
29300 355
29301 144
29302 144
29303 38
29304 38
29305 38
29306 38
29307 38
29308 247
29309 193
29310 403
29311 389
29312 134
29313 134
29314 134
29315 66
29316 265
29317 374
29318 374
29319 381
29320 381
29321 381
29322 54
29323 54
29324 54
29325 178
29326 270
29327 270
29328 93
29329 229
29330 327
29331 219
29332 219
29333 275
29334 14
29335 14
29336 9
29337 372
29338 372
29339 195
29340 256
29341 195
29342 177
29343 177
29344 264
29345 264
29346 264
29347 388
29348 271
29349 271
29350 85
29351 85
29352 175
29353 85
29354 85
29355 405
29356 405
29357 405
29358 405
29359 49
29360 49
29361 404
29362 404
29363 338
29364 243
29365 338
29366 92
29367 79
29368 29
29369 29
29370 29
29371 29
29372 29
29373 195
29374 195
29375 195
29376 195
29377 109
29378 109
29379 238
29380 238
29381 238
29382 238
29383 210
29384 210
29385 210
29386 46
29387 313
29388 228
29389 396
29390 295
29391 384
29392 384
29393 153
29394 67
29395 301
29396 301
29397 301
29398 356
29399 356
29400 109
29401 109
29402 310
29403 319
29404 317
29405 64
29406 64
29407 65
29408 65
29409 319
29410 175
29411 303
29412 175
29413 161
29414 202
29415 76
29416 348
29417 348
29418 424
29419 315
29420 370
29421 190
29422 417
29423 153
29424 195
29425 195
29426 232
29427 232
29428 232
29429 326
29430 326
29431 72
29432 219
29433 72
29434 72
29435 217
29436 220
29437 217
29438 217
29439 217
29440 156
29441 156
29442 156
29443 56
29444 56
29445 366
29446 366
29447 366
29448 44
29449 257
29450 257
29451 257
29452 166
29453 238
29454 238
29455 238
29456 156
29457 156
29458 254
29459 254
29460 381
29461 381
29462 381
29463 234
29464 234
29465 236
29466 234
29467 236
29468 127
29469 26
29470 70
29471 35
29472 35
29473 112
29474 112
29475 196
29476 257
29477 260
29478 257
29479 257
29480 257
29481 151
29482 151
29483 151
29484 151
29485 185
29486 305
29487 305
29488 319
29489 408
29490 319
29491 319
29492 368
29493 368
29494 381
29495 381
29496 381
29497 171
29498 171
29499 171
29500 171
29501 141
29502 428
29503 70
29504 225
29505 27
29506 27
29507 27
29508 27
29509 27
29510 27
29511 33
29512 393
29513 208
29514 158
29515 153
29516 21
29517 21
29518 195
29519 56
29520 56
29521 56
29522 56
29523 56
29524 395
29525 395
29526 334
29527 159
29528 159
29529 255
29530 266
29531 266
29532 248
29533 248
29534 248
29535 391
29536 197
29537 101
29538 149
29539 149
29540 149
29541 149
29542 214
29543 149
29544 174
29545 174
29546 197
29547 197
29548 235
29549 235
29550 158
29551 158
29552 193
29553 193
29554 148
29555 148
29556 418
29557 324
29558 324
29559 70
29560 151
29561 151
29562 151
29563 23
29564 151
29565 180
29566 180
29567 180
29568 180
29569 67
29570 329
29571 344
29572 344
29573 34
29574 34
29575 34
29576 24
29577 301
29578 135
29579 62
29580 176
29581 62
29582 270
29583 126
29584 255
29585 128
29586 126
29587 126
29588 122
29589 122
29590 36
29591 130
29592 381
29593 381
29594 233
29595 233
29596 237
29597 233
29598 233
29599 118
29600 118
29601 118
29602 363
29603 181
29604 34
29605 34
29606 34
29607 46
29608 206
29609 414
29610 414
29611 414
29612 116
29613 116
29614 117
29615 116
29616 114
29617 64
29618 97
29619 360
29620 321
29621 174
29622 174
29623 379
29624 379
29625 379
29626 108
29627 108
29628 33
29629 269
29630 63
29631 63
29632 366
29633 63
29634 347
29635 248
29636 108
29637 49
29638 50
29639 49
29640 248
29641 248
29642 213
29643 159
29644 24
29645 24
29646 19
29647 24
29648 290
29649 344
29650 344
29651 53
29652 53
29653 209
29654 311
29655 311
29656 173
29657 173
29658 160
29659 135
29660 135
29661 135
29662 135
29663 135
29664 264
29665 264
29666 264
29667 369
29668 369
29669 94
29670 129
29671 416
29672 401
29673 401
29674 401
29675 401
29676 181
29677 288
29678 288
29679 337
29680 424
29681 236
29682 358
29683 358
29684 251
29685 251
29686 236
29687 193
29688 255
29689 319
29690 394
29691 7
29692 43
29693 43
29694 177
29695 177
29696 37
29697 37
29698 37
29699 312
29700 312
29701 312
29702 312
29703 312
29704 409
29705 20
29706 105
29707 6
29708 128
29709 197
29710 75
29711 213
29712 213
29713 195
29714 210
29715 409
29716 210
29717 78
29718 160
29719 147
29720 147
29721 294
29722 395
29723 207
29724 207
29725 207
29726 312
29727 312
29728 263
29729 141
29730 192
29731 141
29732 210
29733 210
29734 322
29735 322
29736 229
29737 50
29738 349
29739 6
29740 210
29741 350
29742 350
29743 350
29744 108
29745 108
29746 234
29747 174
29748 174
29749 30
29750 30
29751 30
29752 100
29753 30
29754 30
29755 27
29756 352
29757 357
29758 400
29759 357
29760 234
29761 300
29762 187
29763 132
29764 194
29765 194
29766 194
29767 217
29768 111
29769 117
29770 334
29771 334
29772 307
29773 307
29774 307
29775 307
29776 58
29777 56
29778 58
29779 190
29780 190
29781 379
29782 379
29783 336
29784 225
29785 376
29786 376
29787 427
29788 344
29789 344
29790 43
29791 89
29792 43
29793 43
29794 43
29795 388
29796 388
29797 388
29798 110
29799 110
29800 201
29801 201
29802 47
29803 75
29804 75
29805 75
29806 57
29807 75
29808 316
29809 318
29810 318
29811 51
29812 334
29813 274
29814 274
29815 418
29816 90
29817 397
29818 397
29819 263
29820 123
29821 123
29822 301
29823 376
29824 376
29825 228
29826 88
29827 88
29828 368
29829 205
29830 99
29831 21
29832 99
29833 99
29834 84
29835 129
29836 129
29837 292
29838 5
29839 425
29840 425
29841 241
29842 205
29843 208
29844 399
29845 399
29846 399
29847 399
29848 399
29849 197
29850 332
29851 50
29852 160
29853 258
29854 420
29855 420
29856 420
29857 420
29858 138
29859 138
29860 138
29861 138
29862 229
29863 229
29864 332
29865 332
29866 332
29867 332
29868 332
29869 333
29870 270
29871 270
29872 199
29873 408
29874 74
29875 190
29876 421
29877 421
29878 421
29879 426
29880 426
29881 343
29882 343
29883 343
29884 343
29885 419
29886 419
29887 419
29888 419
29889 196
29890 196
29891 196
29892 59
29893 197
29894 197
29895 175
29896 213
29897 213
29898 86
29899 86
29900 86
29901 258
29902 258
29903 258
29904 258
29905 258
29906 385
29907 251
29908 428
29909 366
29910 46
29911 46
29912 332
29913 354
29914 332
29915 78
29916 361
29917 361
29918 302
29919 409
29920 408
29921 368
29922 409
29923 409
29924 132
29925 325
29926 325
29927 179
29928 384
29929 50
29930 317
29931 317
29932 304
29933 304
29934 59
29935 59
29936 59
29937 30
29938 59
29939 183
29940 84
29941 22
29942 22
29943 318
29944 318
29945 187
29946 43
29947 211
29948 190
29949 311
29950 311
29951 311
29952 194
29953 115
29954 353
29955 375
29956 168
29957 168
29958 269
29959 108
29960 108
29961 147
29962 199
29963 424
29964 385
29965 94
29966 364
29967 364
29968 287
29969 287
29970 244
29971 244
29972 86
29973 397
29974 356
29975 356
29976 356
29977 408
29978 12
29979 185
29980 185
29981 240
29982 197
29983 246
29984 228
29985 228
29986 359
29987 359
29988 197
29989 197
29990 197
29991 197
29992 197
29993 197
29994 397
29995 272
29996 272
29997 272
29998 147
29999 147
