10000 43
10001 211
10002 48
10003 23
10004 33
10005 124
10006 92
10007 41
10008 132
10009 6
10010 113
10011 109
10012 180
10013 99
10014 49
10015 169
10016 170
10017 142
10018 62
10019 166
10020 164
10021 238
10022 41
10023 167
10024 44
10025 43
10026 208
10027 38
10028 239
10029 102
10030 86
10031 66
10032 105
10033 65
10034 230
10035 49
10036 216
10037 89
10038 246
10039 55
10040 38
10041 123
10042 131
10043 191
10044 71
10045 161
10046 46
10047 187
10048 75
10049 145
10050 208
10051 17
10052 237
10053 215
10054 84
10055 98
10056 215
10057 33
10058 118
10059 155
10060 183
10061 145
10062 27
10063 118
10064 146
10065 41
10066 110
10067 192
10068 74
10069 161
10070 100
10071 120
10072 111
10073 79
10074 41
10075 98
10076 40
10077 2
10078 162
10079 114
10080 106
10081 180
10082 66
10083 112
10084 4
10085 95
10086 183
10087 111
10088 25
10089 185
10090 126
10091 190
10092 119
10093 105
10094 168
10095 142
10096 107
10097 110
10098 200
10099 8
10100 170
10101 138
10102 101
10103 208
10104 76
10105 176
10106 88
10107 40
10108 12
10109 158
10110 127
10111 195
10112 31
10113 115
10114 85
10115 120
10116 72
10117 0
10118 114
10119 231
10120 238
10121 0
10122 200
10123 191
10124 218
10125 5
10126 236
10127 27
10128 58
10129 3
10130 177
10131 64
10132 43
10133 180
10134 116
10135 82
10136 235
10137 78
10138 106
10139 27
10140 5
10141 23
10142 227
10143 132
10144 72
10145 0
10146 218
10147 222
10148 159
10149 75
10150 242
10151 110
10152 118
10153 217
10154 140
10155 58
10156 74
10157 54
10158 125
10159 85
10160 235
10161 20
10162 63
10163 238
10164 94
10165 93
10166 41
10167 94
10168 133
10169 35
10170 200
10171 149
10172 64
10173 137
10174 123
10175 166
10176 41
10177 118
10178 198
10179 81
10180 4
10181 17
10182 14
10183 68
10184 168
10185 224
10186 173
10187 161
10188 136
10189 38
10190 175
10191 86
10192 61
10193 74
10194 198
10195 222
10196 2
10197 60
10198 43
10199 64
10200 246
10201 147
10202 144
10203 194
10204 28
10205 210
10206 207
10207 46
10208 27
10209 83
10210 30
10211 118
10212 133
10213 71
10214 77
10215 131
10216 160
10217 127
10218 103
10219 129
10220 135
10221 141
10222 195
10223 224
10224 188
10225 181
10226 211
10227 142
10228 61
10229 12
10230 213
10231 132
10232 60
10233 100
10234 182
10235 2
10236 223
10237 34
10238 194
10239 42
10240 36
10241 175
10242 135
10243 97
10244 3
10245 235
10246 73
10247 129
10248 78
10249 111
10250 20
10251 79
10252 217
10253 190
10254 84
10255 65
10256 67
10257 87
10258 242
10259 117
10260 159
10261 81
10262 119
10263 52
10264 116
10265 52
10266 203
10267 8
10268 154
10269 149
10270 73
10271 54
10272 135
10273 22
10274 177
10275 17
10276 94
10277 174
10278 70
10279 136
10280 108
10281 186
10282 53
10283 232
10284 155
10285 32
10286 248
10287 25
10288 188
10289 212
10290 232
10291 10
10292 59
10293 43
10294 60
10295 115
10296 171
10297 168
10298 174
10299 34
10300 241
10301 110
10302 6
10303 183
10304 71
10305 175
10306 55
10307 63
10308 63
10309 207
10310 51
10311 133
10312 51
10313 37
10314 188
10315 82
10316 87
10317 175
10318 30
10319 54
10320 165
10321 170
10322 91
10323 31
10324 186
10325 15
10326 161
10327 48
10328 218
10329 248
10330 4
10331 92
10332 112
10333 210
10334 140
10335 97
10336 194
10337 174
10338 225
10339 83
10340 180
10341 229
10342 146
10343 61
10344 238
10345 5
10346 174
10347 4
10348 146
10349 185
10350 235
10351 44
10352 14
10353 149
10354 32
10355 201
10356 50
10357 243
10358 136
10359 71
10360 42
10361 40
10362 29
10363 148
10364 140
10365 111
10366 226
10367 116
10368 136
10369 229
10370 63
10371 6
10372 184
10373 175
10374 160
10375 101
10376 159
10377 77
10378 237
10379 161
10380 101
10381 129
10382 188
10383 46
10384 78
10385 52
10386 114
10387 157
10388 195
10389 228
10390 96
10391 213
10392 14
10393 30
10394 182
10395 146
10396 55
10397 126
10398 231
10399 231
10400 155
10401 10
10402 155
10403 240
10404 42
10405 165
10406 100
10407 173
10408 179
10409 60
10410 111
10411 127
10412 71
10413 150
10414 90
10415 23
10416 224
10417 47
10418 165
10419 8
10420 231
10421 160
10422 3
10423 31
10424 180
10425 36
10426 21
10427 153
10428 170
10429 157
10430 167
10431 47
10432 42
10433 55
10434 166
10435 181
10436 54
10437 86
10438 160
10439 173
10440 77
10441 9
10442 11
10443 68
10444 199
10445 169
10446 213
10447 108
10448 75
10449 197
10450 235
10451 123
10452 109
10453 208
10454 189
10455 55
10456 239
10457 70
10458 199
10459 16
10460 27
10461 156
10462 244
10463 202
10464 134
10465 43
10466 190
10467 173
10468 132
10469 234
10470 146
10471 186
10472 205
10473 194
10474 3
10475 107
10476 79
10477 156
10478 211
10479 209
10480 113
10481 73
10482 130
10483 247
10484 152
10485 38
10486 158
10487 17
10488 97
10489 210
10490 90
10491 170
10492 92
10493 220
10494 238
10495 71
10496 19
10497 162
10498 152
10499 10
10500 117
10501 149
10502 117
10503 21
10504 217
10505 146
10506 24
10507 143
10508 142
10509 100
10510 37
10511 206
10512 230
10513 130
10514 85
10515 33
10516 194
10517 238
10518 1
10519 246
10520 180
10521 157
10522 221
10523 177
10524 43
10525 136
10526 64
10527 13
10528 48
10529 22
10530 160
10531 207
10532 204
10533 152
10534 229
10535 215
10536 191
10537 116
10538 62
10539 121
10540 150
10541 79
10542 18
10543 94
10544 164
10545 17
10546 218
10547 225
10548 112
10549 117
10550 15
10551 222
10552 155
10553 149
10554 1
10555 237
10556 33
10557 203
10558 190
10559 69
10560 203
10561 196
10562 73
10563 70
10564 92
10565 168
10566 41
10567 131
10568 103
10569 208
10570 236
10571 137
10572 32
10573 68
10574 33
10575 183
10576 137
10577 109
10578 205
10579 75
10580 76
10581 165
10582 88
10583 133
10584 93
10585 84
10586 34
10587 247
10588 12
10589 193
10590 186
10591 17
10592 104
10593 132
10594 79
10595 77
10596 188
10597 91
10598 83
10599 229
10600 19
10601 232
10602 165
10603 49
10604 102
10605 77
10606 241
10607 10
10608 208
10609 40
10610 152
10611 56
10612 10
10613 187
10614 9
10615 15
10616 125
10617 49
10618 221
10619 88
10620 218
10621 184
10622 131
10623 61
10624 195
10625 119
10626 118
10627 59
10628 145
10629 182
10630 208
10631 177
10632 227
10633 40
10634 11
10635 170
10636 119
10637 88
10638 248
10639 204
10640 213
10641 222
10642 90
10643 135
10644 98
10645 120
10646 145
10647 65
10648 1
10649 204
10650 163
10651 227
10652 221
10653 206
10654 71
10655 231
10656 178
10657 64
10658 222
10659 241
10660 71
10661 131
10662 91
10663 182
10664 69
10665 133
10666 36
10667 40
10668 176
10669 56
10670 208
10671 164
10672 86
10673 242
10674 37
10675 98
10676 39
10677 161
10678 104
10679 52
10680 99
10681 40
10682 171
10683 147
10684 42
10685 168
10686 221
10687 198
10688 28
10689 47
10690 26
10691 111
10692 25
10693 29
10694 166
10695 26
10696 3
10697 16
10698 136
10699 239
10700 105
10701 96
10702 160
10703 214
10704 129
10705 140
10706 38
10707 20
10708 124
10709 52
10710 98
10711 74
10712 224
10713 68
10714 188
10715 86
10716 1
10717 106
10718 151
10719 138
10720 166
10721 109
10722 207
10723 123
10724 90
10725 165
10726 185
10727 202
10728 6
10729 27
10730 45
10731 172
10732 102
10733 153
10734 190
10735 141
10736 0
10737 66
10738 218
10739 18
10740 81
10741 134
10742 23
10743 9
10744 229
10745 78
10746 231
10747 14
10748 31
10749 153
10750 175
10751 15
10752 91
10753 233
10754 83
10755 123
10756 215
10757 206
10758 161
10759 133
10760 218
10761 49
10762 49
10763 94
10764 229
10765 203
10766 187
10767 183
10768 19
10769 126
10770 27
10771 106
10772 12
10773 209
10774 145
10775 50
10776 68
10777 234
10778 182
10779 102
10780 10
10781 77
10782 175
10783 84
10784 114
10785 180
10786 192
10787 158
10788 222
10789 218
10790 155
10791 183
10792 28
10793 244
10794 132
10795 49
10796 113
10797 162
10798 94
10799 25
10800 15
10801 14
10802 94
10803 39
10804 77
10805 146
10806 223
10807 60
10808 133
10809 48
10810 195
10811 73
10812 14
10813 243
10814 41
10815 235
10816 184
10817 59
10818 43
10819 114
10820 76
10821 0
10822 225
10823 26
10824 212
10825 223
10826 92
10827 212
10828 215
10829 32
10830 111
10831 78
10832 200
10833 38
10834 219
10835 218
10836 22
10837 206
10838 156
10839 6
10840 9
10841 13
10842 82
10843 158
10844 209
10845 247
10846 26
10847 223
10848 203
10849 164
10850 13
10851 114
10852 99
10853 28
10854 91
10855 195
10856 146
10857 75
10858 223
10859 22
10860 99
10861 87
10862 134
10863 181
10864 82
10865 189
10866 183
10867 60
10868 129
10869 14
10870 160
10871 68
10872 93
10873 181
10874 176
10875 84
10876 165
10877 46
10878 237
10879 159
10880 33
10881 79
10882 239
10883 193
10884 215
10885 188
10886 238
10887 116
10888 47
10889 167
10890 150
10891 99
10892 177
10893 223
10894 62
10895 179
10896 107
10897 40
10898 188
10899 128
10900 162
10901 4
10902 177
10903 112
10904 155
10905 166
10906 108
10907 206
10908 104
10909 121
10910 80
10911 21
10912 114
10913 115
10914 57
10915 199
10916 54
10917 129
10918 144
10919 107
10920 96
10921 39
10922 223
10923 101
10924 66
10925 15
10926 135
10927 176
10928 22
10929 93
10930 59
10931 15
10932 11
10933 145
10934 200
10935 75
10936 245
10937 134
10938 57
10939 141
10940 236
10941 166
10942 180
10943 23
10944 71
10945 83
10946 82
10947 140
10948 66
10949 21
10950 124
10951 82
10952 45
10953 173
10954 185
10955 159
10956 218
10957 117
10958 241
10959 163
10960 71
10961 234
10962 191
10963 9
10964 49
10965 133
10966 61
10967 133
10968 46
10969 96
10970 162
10971 176
10972 20
10973 134
10974 36
10975 109
10976 69
10977 218
10978 135
10979 92
10980 9
10981 84
10982 189
10983 232
10984 95
10985 99
10986 119
10987 7
10988 68
10989 119
10990 17
10991 53
10992 68
10993 223
10994 114
10995 14
10996 63
10997 33
10998 119
10999 188
11000 112
11001 130
11002 81
11003 148
11004 28
11005 202
11006 87
11007 219
11008 98
11009 138
11010 162
11011 198
11012 85
11013 75
11014 108
11015 226
11016 223
11017 204
11018 23
11019 227
11020 174
11021 165
11022 2
11023 241
11024 103
11025 219
11026 47
11027 80
11028 219
11029 248
11030 76
11031 192
11032 16
11033 128
11034 193
11035 115
11036 202
11037 90
11038 139
11039 75
11040 78
11041 209
11042 169
11043 15
11044 227
11045 71
11046 31
11047 87
11048 60
11049 131
11050 180
11051 80
11052 52
11053 161
11054 163
11055 148
11056 91
11057 75
11058 83
11059 229
11060 177
11061 163
11062 96
11063 68
11064 201
11065 112
11066 33
11067 210
11068 166
11069 185
11070 236
11071 63
11072 168
11073 42
11074 244
11075 36
11076 239
11077 143
11078 19
11079 208
11080 34
11081 216
11082 206
11083 83
11084 113
11085 103
11086 151
11087 138
11088 15
11089 80
11090 49
11091 242
11092 22
11093 113
11094 130
11095 93
11096 205
11097 1
11098 12
11099 209
11100 159
11101 197
11102 230
11103 205
11104 53
11105 89
11106 204
11107 132
11108 238
11109 167
11110 96
11111 131
11112 51
11113 114
11114 154
11115 84
11116 247
11117 109
11118 164
11119 20
11120 103
11121 121
11122 78
11123 142
11124 227
11125 142
11126 160
11127 178
11128 211
11129 20
11130 51
11131 131
11132 147
11133 126
11134 174
11135 171
11136 206
11137 192
11138 48
11139 158
11140 72
11141 184
11142 78
11143 203
11144 177
11145 234
11146 73
11147 78
11148 3
11149 83
11150 45
11151 32
11152 192
11153 141
11154 119
11155 13
11156 72
11157 101
11158 211
11159 105
11160 217
11161 45
11162 150
11163 108
11164 19
11165 243
11166 112
11167 201
11168 147
11169 197
11170 162
11171 194
11172 208
11173 74
11174 163
11175 95
11176 21
11177 191
11178 77
11179 198
11180 197
11181 126
11182 165
11183 130
11184 35
11185 214
11186 101
11187 100
11188 84
11189 102
11190 190
11191 119
11192 181
11193 132
11194 158
11195 200
11196 27
11197 163
11198 131
11199 8
11200 141
11201 67
11202 114
11203 107
11204 96
11205 63
11206 101
11207 3
11208 148
11209 24
11210 243
11211 15
11212 202
11213 54
11214 164
11215 130
11216 54
11217 112
11218 36
11219 13
11220 65
11221 80
11222 54
11223 120
11224 197
11225 32
11226 41
11227 179
11228 211
11229 224
11230 111
11231 185
11232 32
11233 192
11234 72
11235 241
11236 173
11237 101
11238 187
11239 2
11240 120
11241 164
11242 25
11243 222
11244 240
11245 205
11246 119
11247 35
11248 154
11249 214
11250 144
11251 0
11252 178
11253 136
11254 219
11255 244
11256 184
11257 129
11258 48
11259 193
11260 55
11261 210
11262 78
11263 184
11264 139
11265 47
11266 233
11267 63
11268 98
11269 49
11270 41
11271 52
11272 206
11273 197
11274 131
11275 61
11276 36
11277 229
11278 77
11279 228
11280 61
11281 117
11282 87
11283 30
11284 129
11285 131
11286 171
11287 37
11288 33
11289 217
11290 168
11291 154
11292 52
11293 207
11294 129
11295 87
11296 238
11297 173
11298 82
11299 23
11300 135
11301 196
11302 228
11303 140
11304 69
11305 53
11306 209
11307 161
11308 106
11309 245
11310 83
11311 247
11312 157
11313 11
11314 126
11315 64
11316 244
11317 165
11318 227
11319 145
11320 74
11321 237
11322 32
11323 97
11324 201
11325 13
11326 14
11327 26
11328 138
11329 34
11330 4
11331 28
11332 45
11333 142
11334 123
11335 158
11336 114
11337 159
11338 227
11339 158
11340 130
11341 93
11342 168
11343 30
11344 51
11345 164
11346 206
11347 135
11348 244
11349 108
11350 243
11351 183
11352 28
11353 244
11354 100
11355 97
11356 118
11357 80
11358 231
11359 40
11360 76
11361 84
11362 69
11363 51
11364 20
11365 11
11366 40
11367 56
11368 138
11369 29
11370 71
11371 233
11372 170
11373 47
11374 183
11375 72
11376 11
11377 49
11378 227
11379 209
11380 135
11381 104
11382 138
11383 35
11384 179
11385 126
11386 163
11387 105
11388 157
11389 70
11390 132
11391 160
11392 45
11393 224
11394 176
11395 91
11396 192
11397 243
11398 154
11399 202
11400 138
11401 139
11402 144
11403 55
11404 144
11405 202
11406 62
11407 195
11408 177
11409 180
11410 225
11411 207
11412 214
11413 100
11414 203
11415 107
11416 236
11417 109
11418 46
11419 129
11420 23
11421 91
11422 12
11423 234
11424 149
11425 40
11426 111
11427 7
11428 39
11429 105
11430 118
11431 247
11432 120
11433 155
11434 7
11435 13
11436 68
11437 211
11438 131
11439 162
11440 212
11441 56
11442 217
11443 136
11444 155
11445 109
11446 38
11447 214
11448 80
11449 205
11450 224
11451 172
11452 212
11453 130
11454 147
11455 49
11456 81
11457 172
11458 220
11459 33
11460 241
11461 178
11462 94
11463 142
11464 210
11465 182
11466 219
11467 53
11468 86
11469 195
11470 129
11471 200
11472 20
11473 247
11474 5
11475 130
11476 28
11477 214
11478 152
11479 175
11480 98
11481 163
11482 232
11483 78
11484 100
11485 230
11486 26
11487 166
11488 75
11489 205
11490 153
11491 85
11492 77
11493 56
11494 217
11495 157
11496 18
11497 236
11498 85
11499 182
11500 219
11501 221
11502 76
11503 135
11504 176
11505 44
11506 9
11507 200
11508 135
11509 119
11510 168
11511 173
11512 161
11513 220
11514 207
11515 142
11516 1
11517 82
11518 245
11519 148
11520 170
11521 18
11522 81
11523 137
11524 13
11525 161
11526 64
11527 138
11528 209
11529 47
11530 114
11531 166
11532 158
11533 147
11534 15
11535 17
11536 46
11537 152
11538 120
11539 178
11540 176
11541 235
11542 64
11543 208
11544 106
11545 232
11546 170
11547 127
11548 103
11549 44
11550 191
11551 107
11552 137
11553 145
11554 6
11555 241
11556 34
11557 153
11558 222
11559 72
11560 173
11561 2
11562 37
11563 90
11564 217
11565 246
11566 213
11567 197
11568 49
11569 164
11570 107
11571 55
11572 74
11573 224
11574 78
11575 35
11576 130
11577 4
11578 133
11579 201
11580 102
11581 103
11582 196
11583 229
11584 154
11585 234
11586 142
11587 126
11588 214
11589 67
11590 106
11591 239
11592 182
11593 146
11594 160
11595 16
11596 23
11597 57
11598 133
11599 103
11600 158
11601 37
11602 152
11603 13
11604 76
11605 53
11606 124
11607 27
11608 77
11609 247
11610 85
11611 192
11612 193
11613 200
11614 212
11615 53
11616 130
11617 219
11618 30
11619 180
11620 188
11621 72
11622 203
11623 123
11624 12
11625 162
11626 162
11627 111
11628 78
11629 212
11630 72
11631 189
11632 46
11633 30
11634 16
11635 196
11636 244
11637 103
11638 148
11639 33
11640 46
11641 217
11642 248
11643 2
11644 20
11645 21
11646 87
11647 149
11648 56
11649 161
11650 178
11651 175
11652 71
11653 191
11654 188
11655 228
11656 100
11657 75
11658 24
11659 239
11660 195
11661 161
11662 49
11663 17
11664 214
11665 243
11666 182
11667 46
11668 154
11669 50
11670 169
11671 103
11672 213
11673 182
11674 167
11675 68
11676 122
11677 82
11678 100
11679 96
11680 11
11681 157
11682 31
11683 192
11684 173
11685 66
11686 190
11687 210
11688 162
11689 228
11690 189
11691 36
11692 18
11693 73
11694 174
11695 20
11696 103
11697 0
11698 223
11699 164
11700 27
11701 5
11702 157
11703 204
11704 177
11705 249
11706 84
11707 109
11708 26
11709 158
11710 159
11711 173
11712 84
11713 45
11714 78
11715 173
11716 228
11717 8
11718 208
11719 71
11720 34
11721 121
11722 31
11723 113
11724 123
11725 49
11726 206
11727 99
11728 132
11729 190
11730 188
11731 102
11732 47
11733 80
11734 190
11735 50
11736 105
11737 209
11738 197
11739 72
11740 96
11741 136
11742 68
11743 125
11744 80
11745 145
11746 48
11747 190
11748 80
11749 35
11750 245
11751 154
11752 230
11753 126
11754 44
11755 214
11756 121
11757 96
11758 75
11759 226
11760 201
11761 144
11762 93
11763 228
11764 127
11765 186
11766 150
11767 15
11768 26
11769 158
11770 45
11771 158
11772 37
11773 138
11774 147
11775 178
11776 105
11777 64
11778 81
11779 70
11780 129
11781 31
11782 40
11783 222
11784 108
11785 22
11786 114
11787 98
11788 134
11789 233
11790 229
11791 123
11792 97
11793 210
11794 125
11795 236
11796 44
11797 184
11798 222
11799 86
11800 132
11801 194
11802 12
11803 112
11804 10
11805 31
11806 34
11807 196
11808 122
11809 154
11810 65
11811 28
11812 12
11813 55
11814 181
11815 44
11816 102
11817 72
11818 237
11819 181
11820 64
11821 66
11822 214
11823 169
11824 12
11825 240
11826 52
11827 215
11828 131
11829 135
11830 99
11831 34
11832 75
11833 11
11834 92
11835 46
11836 204
11837 216
11838 68
11839 145
11840 95
11841 176
11842 240
11843 114
11844 69
11845 6
11846 122
11847 145
11848 182
11849 243
11850 218
11851 3
11852 48
11853 186
11854 71
11855 193
11856 172
11857 8
11858 248
11859 128
11860 217
11861 226
11862 102
11863 16
11864 18
11865 182
11866 54
11867 65
11868 201
11869 19
11870 109
11871 214
11872 172
11873 3
11874 116
11875 17
11876 17
11877 121
11878 238
11879 53
11880 65
11881 9
11882 101
11883 212
11884 7
11885 50
11886 19
11887 132
11888 14
11889 62
11890 211
11891 5
11892 7
11893 214
11894 173
11895 138
11896 63
11897 135
11898 198
11899 87
11900 2
11901 214
11902 64
11903 66
11904 26
11905 207
11906 19
11907 27
11908 26
11909 72
11910 150
11911 233
11912 126
11913 179
11914 21
11915 200
11916 140
11917 70
11918 192
11919 139
11920 246
11921 203
11922 143
11923 27
11924 243
11925 35
11926 108
11927 184
11928 154
11929 199
11930 100
11931 141
11932 163
11933 87
11934 148
11935 236
11936 5
11937 98
11938 121
11939 113
11940 144
11941 121
11942 37
11943 135
11944 240
11945 60
11946 65
11947 179
11948 114
11949 222
11950 215
11951 20
11952 236
11953 87
11954 8
11955 110
11956 148
11957 210
11958 243
11959 28
11960 24
11961 6
11962 148
11963 181
11964 177
11965 179
11966 104
11967 191
11968 185
11969 226
11970 150
11971 14
11972 106
11973 240
11974 235
11975 119
11976 150
11977 82
11978 231
11979 209
11980 53
11981 234
11982 212
11983 96
11984 232
11985 154
11986 74
11987 184
11988 16
11989 185
11990 47
11991 235
11992 55
11993 61
11994 29
11995 144
11996 152
11997 225
11998 20
11999 231
12000 150
12001 84
12002 130
12003 131
12004 140
12005 61
12006 75
12007 62
12008 79
12009 219
12010 234
12011 160
12012 109
12013 4
12014 56
12015 207
12016 68
12017 198
12018 127
12019 214
12020 47
12021 53
12022 105
12023 64
12024 227
12025 42
12026 226
12027 12
12028 129
12029 66
12030 147
12031 179
12032 236
12033 17
12034 133
12035 32
12036 29
12037 71
12038 150
12039 220
12040 139
12041 110
12042 240
12043 214
12044 31
12045 79
12046 52
12047 41
12048 13
12049 43
12050 162
12051 28
12052 140
12053 245
12054 206
12055 24
12056 150
12057 194
12058 104
12059 127
12060 177
12061 76
12062 150
12063 43
12064 138
12065 148
12066 182
12067 240
12068 80
12069 204
12070 49
12071 7
12072 43
12073 223
12074 119
12075 240
12076 132
12077 34
12078 130
12079 244
12080 38
12081 171
12082 208
12083 164
12084 38
12085 113
12086 233
12087 64
12088 138
12089 186
12090 101
12091 44
12092 29
12093 90
12094 120
12095 142
12096 90
12097 228
12098 15
12099 171
12100 121
12101 232
12102 73
12103 221
12104 125
12105 249
12106 55
12107 11
12108 78
12109 90
12110 173
12111 78
12112 191
12113 106
12114 18
12115 145
12116 81
12117 19
12118 7
12119 20
12120 124
12121 184
12122 60
12123 215
12124 190
12125 58
12126 192
12127 174
12128 26
12129 3
12130 133
12131 125
12132 179
12133 43
12134 239
12135 232
12136 108
12137 66
12138 236
12139 53
12140 15
12141 23
12142 233
12143 1
12144 45
12145 130
12146 176
12147 6
12148 154
12149 7
12150 132
12151 143
12152 171
12153 122
12154 59
12155 225
12156 129
12157 2
12158 63
12159 54
12160 173
12161 188
12162 116
12163 13
12164 161
12165 25
12166 92
12167 111
12168 70
12169 53
12170 11
12171 8
12172 52
12173 55
12174 208
12175 248
12176 5
12177 223
12178 49
12179 203
12180 192
12181 219
12182 32
12183 145
12184 26
12185 228
12186 130
12187 116
12188 241
12189 153
12190 125
12191 193
12192 188
12193 46
12194 67
12195 126
12196 164
12197 92
12198 110
12199 52
12200 223
12201 13
12202 248
12203 115
12204 11
12205 114
12206 6
12207 228
12208 215
12209 182
12210 17
12211 86
12212 194
12213 92
12214 130
12215 134
12216 139
12217 226
12218 43
12219 187
12220 62
12221 58
12222 159
12223 38
12224 248
12225 231
12226 20
12227 168
12228 78
12229 77
12230 240
12231 78
12232 47
12233 143
12234 29
12235 29
12236 110
12237 246
12238 138
12239 230
12240 168
12241 191
12242 207
12243 193
12244 43
12245 29
12246 148
12247 237
12248 112
12249 123
12250 141
12251 160
12252 222
12253 153
12254 205
12255 106
12256 120
12257 156
12258 136
12259 151
12260 172
12261 115
12262 115
12263 234
12264 85
12265 160
12266 27
12267 152
12268 12
12269 227
12270 83
12271 111
12272 45
12273 231
12274 64
12275 134
12276 49
12277 114
12278 156
12279 70
12280 24
12281 54
12282 61
12283 105
12284 48
12285 145
12286 167
12287 129
12288 158
12289 59
12290 198
12291 210
12292 204
12293 141
12294 29
12295 201
12296 62
12297 170
12298 139
12299 116
12300 160
12301 161
12302 168
12303 122
12304 122
12305 183
12306 181
12307 75
12308 244
12309 48
12310 148
12311 51
12312 24
12313 37
12314 220
12315 32
12316 168
12317 32
12318 216
12319 117
12320 34
12321 54
12322 67
12323 22
12324 108
12325 238
12326 16
12327 148
12328 10
12329 237
12330 47
12331 50
12332 84
12333 191
12334 129
12335 166
12336 222
12337 100
12338 0
12339 40
12340 187
12341 232
12342 7
12343 47
12344 239
12345 25
12346 241
12347 158
12348 0
12349 177
12350 79
12351 79
12352 153
12353 183
12354 115
12355 93
12356 74
12357 186
12358 10
12359 59
12360 151
12361 203
12362 176
12363 65
12364 24
12365 156
12366 62
12367 41
12368 215
12369 228
12370 99
12371 197
12372 245
12373 55
12374 175
12375 184
12376 2
12377 157
12378 152
12379 244
12380 203
12381 180
12382 55
12383 244
12384 93
12385 6
12386 202
12387 48
12388 106
12389 68
12390 190
12391 240
12392 152
12393 138
12394 227
12395 114
12396 170
12397 159
12398 1
12399 226
12400 15
12401 172
12402 148
12403 201
12404 46
12405 197
12406 109
12407 89
12408 246
12409 90
12410 178
12411 93
12412 148
12413 210
12414 137
12415 77
12416 174
12417 169
12418 106
12419 34
12420 122
12421 22
12422 110
12423 134
12424 205
12425 154
12426 18
12427 122
12428 197
12429 161
12430 8
12431 146
12432 56
12433 152
12434 169
12435 130
12436 102
12437 131
12438 36
12439 103
12440 43
12441 108
12442 190
12443 3
12444 4
12445 165
12446 4
12447 111
12448 107
12449 78
12450 230
12451 175
12452 9
12453 240
12454 50
12455 154
12456 226
12457 10
12458 92
12459 216
12460 171
12461 225
12462 169
12463 194
12464 89
12465 127
12466 154
12467 0
12468 223
12469 226
12470 155
12471 122
12472 146
12473 97
12474 204
12475 120
12476 18
12477 225
12478 21
12479 161
12480 32
12481 53
12482 243
12483 6
12484 55
12485 34
12486 187
12487 174
12488 178
12489 221
12490 18
12491 94
12492 227
12493 4
12494 181
12495 209
12496 5
12497 162
12498 214
12499 49
12500 128
12501 131
12502 146
12503 185
12504 130
12505 195
12506 141
12507 60
12508 237
12509 26
12510 2
12511 199
12512 240
12513 214
12514 167
12515 30
12516 87
12517 131
12518 174
12519 94
12520 76
12521 72
12522 216
12523 246
12524 87
12525 106
12526 66
12527 174
12528 86
12529 122
12530 60
12531 42
12532 89
12533 72
12534 46
12535 230
12536 248
12537 87
12538 181
12539 141
12540 23
12541 125
12542 87
12543 144
12544 192
12545 170
12546 115
12547 154
12548 5
12549 6
12550 235
12551 243
12552 74
12553 236
12554 112
12555 34
12556 206
12557 53
12558 209
12559 237
12560 149
12561 6
12562 145
12563 208
12564 37
12565 90
12566 150
12567 232
12568 220
12569 153
12570 29
12571 26
12572 90
12573 38
12574 150
12575 144
12576 138
12577 76
12578 218
12579 187
12580 171
12581 81
12582 130
12583 26
12584 8
12585 30
12586 210
12587 34
12588 123
12589 65
12590 48
12591 14
12592 216
12593 219
12594 169
12595 107
12596 61
12597 94
12598 195
12599 71
12600 149
12601 219
12602 89
12603 50
12604 88
12605 26
12606 248
12607 217
12608 175
12609 136
12610 156
12611 136
12612 146
12613 99
12614 56
12615 126
12616 136
12617 224
12618 59
12619 83
12620 247
12621 90
12622 210
12623 107
12624 2
12625 88
12626 114
12627 126
12628 59
12629 87
12630 78
12631 171
12632 229
12633 16
12634 12
12635 149
12636 73
12637 243
12638 110
12639 150
12640 88
12641 203
12642 74
12643 41
12644 172
12645 210
12646 105
12647 74
12648 192
12649 146
12650 5
12651 0
12652 33
12653 94
12654 168
12655 148
12656 224
12657 154
12658 50
12659 209
12660 118
12661 69
12662 52
12663 223
12664 22
12665 181
12666 165
12667 88
12668 223
12669 177
12670 146
12671 59
12672 99
12673 15
12674 79
12675 125
12676 7
12677 148
12678 118
12679 185
12680 155
12681 214
12682 102
12683 114
12684 153
12685 246
12686 195
12687 164
12688 228
12689 212
12690 133
12691 99
12692 49
12693 183
12694 90
12695 54
12696 177
12697 192
12698 192
12699 74
12700 55
12701 44
12702 67
12703 107
12704 135
12705 229
12706 12
12707 237
12708 48
12709 193
12710 193
12711 217
12712 50
12713 17
12714 23
12715 218
12716 84
12717 178
12718 244
12719 146
12720 63
12721 172
12722 47
12723 180
12724 131
12725 8
12726 50
12727 236
12728 122
12729 185
12730 74
12731 190
12732 169
12733 28
12734 104
12735 116
12736 3
12737 71
12738 6
12739 202
12740 113
12741 226
12742 17
12743 233
12744 124
12745 163
12746 225
12747 39
12748 157
12749 153
12750 135
12751 56
12752 184
12753 49
12754 243
12755 196
12756 33
12757 162
12758 152
12759 85
12760 79
12761 170
12762 132
12763 78
12764 16
12765 17
12766 94
12767 116
12768 27
12769 12
12770 146
12771 211
12772 183
12773 170
12774 26
12775 54
12776 73
12777 185
12778 71
12779 80
12780 174
12781 7
12782 8
12783 76
12784 203
12785 100
12786 248
12787 243
12788 225
12789 146
12790 3
12791 196
12792 150
12793 164
12794 185
12795 178
12796 127
12797 121
12798 227
12799 68
12800 95
12801 114
12802 38
12803 29
12804 106
12805 4
12806 169
12807 5
12808 83
12809 169
12810 67
12811 23
12812 28
12813 228
12814 238
12815 186
12816 134
12817 22
12818 183
12819 206
12820 184
12821 243
12822 86
12823 111
12824 216
12825 201
12826 249
12827 102
12828 176
12829 204
12830 139
12831 62
12832 8
12833 108
12834 2
12835 53
12836 108
12837 48
12838 33
12839 171
12840 173
12841 9
12842 149
12843 123
12844 20
12845 219
12846 68
12847 27
12848 175
12849 211
12850 174
12851 207
12852 1
12853 119
12854 224
12855 50
12856 59
12857 29
12858 205
12859 123
12860 126
12861 241
12862 184
12863 24
12864 0
12865 54
12866 236
12867 28
12868 195
12869 27
12870 5
12871 77
12872 16
12873 205
12874 33
12875 89
12876 70
12877 26
12878 101
12879 175
12880 38
12881 125
12882 49
12883 164
12884 59
12885 228
12886 117
12887 71
12888 200
12889 108
12890 157
12891 33
12892 106
12893 247
12894 192
12895 113
12896 31
12897 111
12898 145
12899 135
12900 37
12901 125
12902 192
12903 8
12904 236
12905 84
12906 174
12907 100
12908 127
12909 87
12910 121
12911 148
12912 19
12913 101
12914 127
12915 83
12916 62
12917 143
12918 221
12919 171
12920 176
12921 139
12922 155
12923 164
12924 8
12925 161
12926 242
12927 178
12928 1
12929 114
12930 236
12931 75
12932 142
12933 119
12934 161
12935 199
12936 217
12937 126
12938 67
12939 55
12940 241
12941 85
12942 12
12943 2
12944 98
12945 233
12946 153
12947 39
12948 17
12949 98
12950 85
12951 44
12952 167
12953 82
12954 220
12955 160
12956 20
12957 11
12958 181
12959 146
12960 12
12961 8
12962 66
12963 141
12964 42
12965 141
12966 198
12967 24
12968 110
12969 35
12970 148
12971 168
12972 11
12973 11
12974 203
12975 99
12976 164
12977 98
12978 88
12979 153
12980 86
12981 203
12982 45
12983 178
12984 174
12985 183
12986 190
12987 5
12988 35
12989 5
12990 2
12991 36
12992 64
12993 179
12994 244
12995 36
12996 1
12997 11
12998 217
12999 66
13000 229
13001 2
13002 97
13003 29
13004 197
13005 244
13006 8
13007 174
13008 73
13009 66
13010 76
13011 210
13012 49
13013 143
13014 175
13015 240
13016 212
13017 168
13018 155
13019 236
13020 65
13021 85
13022 137
13023 51
13024 70
13025 198
13026 55
13027 44
13028 225
13029 21
13030 85
13031 120
13032 101
13033 214
13034 178
13035 54
13036 41
13037 47
13038 33
13039 12
13040 98
13041 96
13042 244
13043 100
13044 60
13045 229
13046 50
13047 161
13048 178
13049 9
13050 110
13051 0
13052 5
13053 15
13054 126
13055 121
13056 117
13057 1
13058 43
13059 209
13060 73
13061 181
13062 203
13063 228
13064 245
13065 64
13066 160
13067 12
13068 229
13069 76
13070 111
13071 67
13072 24
13073 152
13074 238
13075 163
13076 150
13077 11
13078 173
13079 184
13080 100
13081 159
13082 229
13083 212
13084 232
13085 106
13086 80
13087 43
13088 81
13089 65
13090 212
13091 23
13092 195
13093 21
13094 72
13095 221
13096 248
13097 104
13098 171
13099 237
13100 192
13101 29
13102 206
13103 86
13104 212
13105 40
13106 161
13107 23
13108 191
13109 11
13110 194
13111 76
13112 131
13113 105
13114 208
13115 191
13116 55
13117 188
13118 112
13119 208
13120 90
13121 90
13122 237
13123 126
13124 139
13125 22
13126 176
13127 197
13128 119
13129 133
13130 194
13131 2
13132 97
13133 202
13134 126
13135 93
13136 233
13137 148
13138 31
13139 186
13140 116
13141 135
13142 110
13143 204
13144 178
13145 142
13146 113
13147 126
13148 240
13149 29
13150 154
13151 189
13152 219
13153 104
13154 182
13155 10
13156 210
13157 52
13158 199
13159 177
13160 142
13161 31
13162 83
13163 155
13164 126
13165 144
13166 204
13167 234
13168 126
13169 160
13170 35
13171 70
13172 111
13173 69
13174 117
13175 183
13176 194
13177 210
13178 189
13179 239
13180 89
13181 30
13182 203
13183 95
13184 194
13185 113
13186 138
13187 8
13188 179
13189 224
13190 242
13191 99
13192 172
13193 180
13194 7
13195 128
13196 111
13197 173
13198 158
13199 54
13200 179
13201 102
13202 1
13203 105
13204 134
13205 166
13206 69
13207 67
13208 32
13209 218
13210 47
13211 27
13212 173
13213 135
13214 6
13215 166
13216 247
13217 64
13218 195
13219 137
13220 95
13221 142
13222 249
13223 202
13224 96
13225 46
13226 172
13227 229
13228 170
13229 181
13230 190
13231 34
13232 16
13233 235
13234 83
13235 186
13236 145
13237 144
13238 158
13239 73
13240 244
13241 246
13242 36
13243 151
13244 60
13245 219
13246 55
13247 175
13248 246
13249 202
13250 102
13251 116
13252 176
13253 103
13254 47
13255 239
13256 9
13257 157
13258 181
13259 31
13260 3
13261 28
13262 125
13263 60
13264 9
13265 164
13266 119
13267 126
13268 148
13269 214
13270 138
13271 188
13272 97
13273 28
13274 5
13275 11
13276 8
13277 94
13278 218
13279 229
13280 15
13281 77
13282 229
13283 144
13284 169
13285 72
13286 95
13287 99
13288 164
13289 228
13290 96
13291 168
13292 236
13293 150
13294 125
13295 215
13296 136
13297 123
13298 171
13299 31
13300 160
13301 159
13302 36
13303 103
13304 34
13305 151
13306 191
13307 232
13308 29
13309 197
13310 210
13311 142
13312 222
13313 66
13314 169
13315 172
13316 80
13317 27
13318 77
13319 126
13320 217
13321 200
13322 133
13323 92
13324 203
13325 13
13326 84
13327 127
13328 34
13329 90
13330 192
13331 167
13332 138
13333 137
13334 166
13335 112
13336 37
13337 157
13338 103
13339 161
13340 84
13341 82
13342 110
13343 50
13344 186
13345 61
13346 106
13347 198
13348 42
13349 129
13350 189
13351 156
13352 190
13353 228
13354 37
13355 208
13356 212
13357 102
13358 25
13359 89
13360 216
13361 219
13362 139
13363 171
13364 66
13365 150
13366 4
13367 183
13368 142
13369 232
13370 189
13371 212
13372 115
13373 146
13374 15
13375 125
13376 33
13377 172
13378 110
13379 78
13380 175
13381 182
13382 177
13383 47
13384 25
13385 195
13386 200
13387 59
13388 101
13389 197
13390 119
13391 4
13392 231
13393 28
13394 40
13395 122
13396 115
13397 22
13398 155
13399 104
13400 125
13401 151
13402 113
13403 5
13404 238
13405 216
13406 104
13407 96
13408 132
13409 132
13410 58
13411 213
13412 212
13413 59
13414 93
13415 117
13416 29
13417 223
13418 18
13419 220
13420 55
13421 158
13422 199
13423 78
13424 114
13425 193
13426 154
13427 120
13428 199
13429 154
13430 87
13431 55
13432 102
13433 90
13434 24
13435 191
13436 37
13437 49
13438 195
13439 157
13440 222
13441 108
13442 98
13443 139
13444 149
13445 142
13446 198
13447 146
13448 232
13449 46
13450 232
13451 244
13452 196
13453 24
13454 151
13455 245
13456 58
13457 54
13458 16
13459 147
13460 229
13461 28
13462 38
13463 37
13464 30
13465 49
13466 203
13467 148
13468 74
13469 103
13470 34
13471 51
13472 211
13473 50
13474 57
13475 24
13476 95
13477 147
13478 59
13479 27
13480 49
13481 230
13482 34
13483 228
13484 198
13485 75
13486 158
13487 53
13488 61
13489 12
13490 116
13491 233
13492 52
13493 63
13494 157
13495 67
13496 148
13497 162
13498 98
13499 177
13500 192
13501 106
13502 190
13503 161
13504 248
13505 166
13506 193
13507 183
13508 1
13509 183
13510 158
13511 185
13512 210
13513 130
13514 72
13515 233
13516 42
13517 16
13518 71
13519 119
13520 91
13521 171
13522 243
13523 241
13524 193
13525 9
13526 16
13527 45
13528 53
13529 79
13530 93
13531 76
13532 179
13533 3
13534 75
13535 166
13536 118
13537 1
13538 62
13539 71
13540 18
13541 68
13542 97
13543 42
13544 154
13545 51
13546 176
13547 69
13548 93
13549 105
13550 86
13551 83
13552 230
13553 211
13554 43
13555 131
13556 140
13557 0
13558 79
13559 89
13560 37
13561 32
13562 164
13563 16
13564 126
13565 125
13566 35
13567 42
13568 10
13569 118
13570 136
13571 171
13572 40
13573 232
13574 117
13575 226
13576 37
13577 80
13578 108
13579 153
13580 132
13581 134
13582 29
13583 68
13584 48
13585 146
13586 232
13587 43
13588 50
13589 141
13590 238
13591 50
13592 49
13593 74
13594 134
13595 165
13596 16
13597 211
13598 158
13599 196
13600 190
13601 54
13602 114
13603 42
13604 122
13605 222
13606 176
13607 72
13608 104
13609 161
13610 208
13611 51
13612 7
13613 2
13614 194
13615 64
13616 116
13617 104
13618 56
13619 76
13620 243
13621 162
13622 66
13623 75
13624 137
13625 189
13626 164
13627 222
13628 25
13629 36
13630 18
13631 117
13632 121
13633 235
13634 97
13635 232
13636 134
13637 5
13638 72
13639 154
13640 189
13641 29
13642 246
13643 65
13644 19
13645 147
13646 35
13647 25
13648 223
13649 80
13650 180
13651 193
13652 42
13653 158
13654 140
13655 247
13656 228
13657 61
13658 174
13659 102
13660 247
13661 171
13662 147
13663 216
13664 182
13665 89
13666 40
13667 149
13668 113
13669 245
13670 5
13671 156
13672 171
13673 20
13674 155
13675 155
13676 128
13677 227
13678 142
13679 73
13680 146
13681 222
13682 136
13683 110
13684 6
13685 74
13686 212
13687 231
13688 224
13689 107
13690 87
13691 227
13692 38
13693 133
13694 30
13695 8
13696 33
13697 205
13698 234
13699 218
13700 201
13701 112
13702 247
13703 60
13704 230
13705 61
13706 178
13707 94
13708 80
13709 102
13710 44
13711 73
13712 102
13713 122
13714 30
13715 20
13716 109
13717 158
13718 114
13719 242
13720 48
13721 93
13722 93
13723 38
13724 47
13725 39
13726 60
13727 92
13728 93
13729 90
13730 191
13731 65
13732 2
13733 48
13734 144
13735 216
13736 158
13737 195
13738 172
13739 132
13740 53
13741 246
13742 55
13743 25
13744 175
13745 239
13746 230
13747 212
13748 18
13749 92
13750 125
13751 19
13752 169
13753 194
13754 18
13755 220
13756 140
13757 82
13758 16
13759 166
13760 107
13761 2
13762 94
13763 62
13764 95
13765 211
13766 134
13767 74
13768 231
13769 157
13770 14
13771 27
13772 134
13773 50
13774 189
13775 78
13776 196
13777 203
13778 236
13779 51
13780 153
13781 33
13782 5
13783 232
13784 168
13785 171
13786 66
13787 62
13788 116
13789 116
13790 130
13791 193
13792 183
13793 135
13794 115
13795 73
13796 8
13797 197
13798 159
13799 146
13800 129
13801 105
13802 62
13803 19
13804 102
13805 111
13806 35
13807 238
13808 3
13809 193
13810 189
13811 120
13812 22
13813 52
13814 152
13815 105
13816 38
13817 158
13818 162
13819 230
13820 181
13821 177
13822 175
13823 61
13824 167
13825 130
13826 86
13827 153
13828 78
13829 162
13830 72
13831 153
13832 116
13833 52
13834 51
13835 53
13836 0
13837 217
13838 114
13839 130
13840 121
13841 165
13842 43
13843 85
13844 77
13845 27
13846 4
13847 185
13848 204
13849 84
13850 35
13851 197
13852 181
13853 87
13854 213
13855 108
13856 168
13857 235
13858 48
13859 150
13860 183
13861 109
13862 148
13863 77
13864 156
13865 118
13866 167
13867 207
13868 111
13869 80
13870 65
13871 227
13872 175
13873 242
13874 37
13875 151
13876 40
13877 92
13878 184
13879 92
13880 4
13881 188
13882 41
13883 116
13884 115
13885 65
13886 134
13887 205
13888 191
13889 44
13890 184
13891 77
13892 88
13893 117
13894 115
13895 3
13896 17
13897 71
13898 13
13899 42
13900 61
13901 127
13902 69
13903 47
13904 0
13905 0
13906 50
13907 199
13908 149
13909 102
13910 131
13911 46
13912 54
13913 105
13914 0
13915 153
13916 68
13917 11
13918 203
13919 138
13920 35
13921 164
13922 123
13923 180
13924 136
13925 81
13926 77
13927 95
13928 86
13929 167
13930 109
13931 78
13932 200
13933 37
13934 184
13935 27
13936 112
13937 102
13938 244
13939 58
13940 39
13941 85
13942 166
13943 240
13944 22
13945 214
13946 133
13947 117
13948 98
13949 112
13950 0
13951 83
13952 98
13953 172
13954 182
13955 183
13956 230
13957 126
13958 212
13959 143
13960 144
13961 76
13962 104
13963 97
13964 176
13965 181
13966 105
13967 4
13968 84
13969 211
13970 229
13971 132
13972 142
13973 121
13974 138
13975 51
13976 191
13977 125
13978 167
13979 182
13980 67
13981 212
13982 75
13983 177
13984 200
13985 62
13986 210
13987 212
13988 39
13989 122
13990 132
13991 56
13992 128
13993 85
13994 80
13995 222
13996 48
13997 114
13998 232
13999 8
14000 96
14001 243
14002 114
14003 191
14004 231
14005 105
14006 142
14007 51
14008 224
14009 202
14010 25
14011 137
14012 110
14013 147
14014 33
14015 120
14016 105
14017 206
14018 215
14019 112
14020 49
14021 3
14022 91
14023 216
14024 217
14025 88
14026 95
14027 166
14028 77
14029 16
14030 189
14031 69
14032 248
14033 20
14034 119
14035 230
14036 48
14037 143
14038 12
14039 216
14040 113
14041 51
14042 193
14043 85
14044 49
14045 62
14046 161
14047 246
14048 109
14049 116
14050 175
14051 184
14052 89
14053 201
14054 218
14055 26
14056 111
14057 68
14058 202
14059 147
14060 23
14061 164
14062 209
14063 137
14064 247
14065 219
14066 7
14067 179
14068 124
14069 197
14070 36
14071 129
14072 143
14073 108
14074 45
14075 3
14076 13
14077 199
14078 107
14079 143
14080 103
14081 112
14082 218
14083 117
14084 152
14085 8
14086 38
14087 238
14088 19
14089 174
14090 21
14091 237
14092 12
14093 106
14094 95
14095 75
14096 220
14097 53
14098 119
14099 137
14100 84
14101 75
14102 34
14103 38
14104 196
14105 6
14106 43
14107 142
14108 176
14109 43
14110 1
14111 138
14112 218
14113 45
14114 58
14115 197
14116 58
14117 244
14118 215
14119 8
14120 63
14121 34
14122 92
14123 155
14124 126
14125 40
14126 156
14127 148
14128 89
14129 200
14130 99
14131 0
14132 157
14133 81
14134 77
14135 152
14136 186
14137 19
14138 132
14139 5
14140 171
14141 117
14142 115
14143 99
14144 207
14145 39
14146 12
14147 7
14148 114
14149 75
14150 207
14151 107
14152 153
14153 180
14154 179
14155 92
14156 33
14157 83
14158 91
14159 155
14160 16
14161 166
14162 135
14163 242
14164 113
14165 188
14166 28
14167 37
14168 32
14169 187
14170 61
14171 161
14172 23
14173 172
14174 227
14175 28
14176 163
14177 111
14178 216
14179 160
14180 229
14181 97
14182 94
14183 150
14184 49
14185 214
14186 56
14187 123
14188 91
14189 174
14190 52
14191 244
14192 184
14193 226
14194 121
14195 230
14196 0
14197 14
14198 166
14199 115
14200 163
14201 130
14202 86
14203 152
14204 7
14205 51
14206 132
14207 184
14208 47
14209 81
14210 20
14211 144
14212 206
14213 115
14214 74
14215 221
14216 45
14217 11
14218 158
14219 11
14220 43
14221 20
14222 38
14223 130
14224 8
14225 5
14226 79
14227 70
14228 220
14229 234
14230 137
14231 158
14232 4
14233 238
14234 158
14235 215
14236 202
14237 200
14238 200
14239 135
14240 176
14241 12
14242 200
14243 56
14244 141
14245 184
14246 63
14247 62
14248 146
14249 213
14250 189
14251 135
14252 31
14253 243
14254 117
14255 177
14256 211
14257 103
14258 109
14259 63
14260 19
14261 181
14262 116
14263 181
14264 211
14265 112
14266 164
14267 223
14268 61
14269 224
14270 131
14271 125
14272 101
14273 136
14274 40
14275 153
14276 174
14277 246
14278 103
14279 33
14280 210
14281 199
14282 214
14283 229
14284 0
14285 0
14286 157
14287 197
14288 19
14289 156
14290 196
14291 214
14292 84
14293 126
14294 230
14295 151
14296 70
14297 99
14298 225
14299 217
14300 22
14301 13
14302 44
14303 53
14304 146
14305 221
14306 71
14307 55
14308 1
14309 101
14310 141
14311 13
14312 155
14313 42
14314 13
14315 240
14316 103
14317 38
14318 171
14319 95
14320 127
14321 40
14322 80
14323 155
14324 5
14325 105
14326 226
14327 232
14328 165
14329 1
14330 197
14331 148
14332 168
14333 225
14334 118
14335 181
14336 57
14337 59
14338 163
14339 242
14340 39
14341 13
14342 157
14343 227
14344 56
14345 51
14346 239
14347 192
14348 95
14349 216
14350 122
14351 241
14352 184
14353 223
14354 14
14355 146
14356 189
14357 206
14358 213
14359 247
14360 12
14361 192
14362 89
14363 6
14364 97
14365 124
14366 40
14367 105
14368 240
14369 183
14370 125
14371 7
14372 58
14373 219
14374 186
14375 243
14376 232
14377 244
14378 9
14379 95
14380 192
14381 2
14382 212
14383 157
14384 194
14385 220
14386 120
14387 174
14388 157
14389 223
14390 86
14391 194
14392 130
14393 76
14394 102
14395 135
14396 74
14397 59
14398 175
14399 230
14400 208
14401 95
14402 132
14403 131
14404 125
14405 154
14406 166
14407 3
14408 98
14409 232
14410 31
14411 122
14412 174
14413 150
14414 189
14415 209
14416 35
14417 169
14418 77
14419 50
14420 54
14421 3
14422 153
14423 1
14424 108
14425 64
14426 208
14427 227
14428 184
14429 158
14430 59
14431 4
14432 175
14433 224
14434 96
14435 209
14436 233
14437 135
14438 245
14439 38
14440 243
14441 152
14442 16
14443 139
14444 103
14445 33
14446 22
14447 97
14448 177
14449 155
14450 183
14451 24
14452 16
14453 196
14454 153
14455 94
14456 141
14457 79
14458 244
14459 147
14460 161
14461 234
14462 233
14463 98
14464 155
14465 132
14466 242
14467 165
14468 116
14469 246
14470 31
14471 210
14472 132
14473 37
14474 45
14475 196
14476 53
14477 13
14478 117
14479 220
14480 69
14481 6
14482 96
14483 71
14484 10
14485 245
14486 108
14487 226
14488 35
14489 137
14490 249
14491 17
14492 8
14493 69
14494 33
14495 124
14496 36
14497 139
14498 190
14499 164
14500 128
14501 5
14502 7
14503 240
14504 242
14505 107
14506 195
14507 73
14508 152
14509 167
14510 225
14511 0
14512 200
14513 21
14514 215
14515 68
14516 68
14517 209
14518 205
14519 52
14520 172
14521 65
14522 154
14523 6
14524 159
14525 33
14526 41
14527 74
14528 56
14529 195
14530 227
14531 9
14532 240
14533 93
14534 92
14535 96
14536 123
14537 15
14538 125
14539 96
14540 35
14541 6
14542 28
14543 102
14544 25
14545 50
14546 48
14547 37
14548 170
14549 64
14550 169
14551 76
14552 143
14553 109
14554 236
14555 45
14556 29
14557 102
14558 202
14559 69
14560 166
14561 96
14562 42
14563 14
14564 232
14565 232
14566 89
14567 248
14568 233
14569 46
14570 149
14571 163
14572 80
14573 27
14574 154
14575 38
14576 77
14577 193
14578 181
14579 89
14580 23
14581 174
14582 33
14583 76
14584 145
14585 144
14586 18
14587 87
14588 48
14589 101
14590 99
14591 69
14592 151
14593 136
14594 65
14595 117
14596 12
14597 70
14598 235
14599 36
14600 110
14601 113
14602 31
14603 137
14604 248
14605 167
14606 31
14607 228
14608 155
14609 228
14610 24
14611 104
14612 140
14613 175
14614 166
14615 231
14616 165
14617 142
14618 86
14619 69
14620 134
14621 235
14622 57
14623 111
14624 60
14625 139
14626 218
14627 87
14628 185
14629 247
14630 169
14631 130
14632 52
14633 106
14634 26
14635 210
14636 199
14637 246
14638 203
14639 13
14640 116
14641 197
14642 231
14643 37
14644 213
14645 48
14646 90
14647 116
14648 53
14649 116
14650 35
14651 237
14652 79
14653 97
14654 185
14655 115
14656 18
14657 48
14658 178
14659 81
14660 81
14661 11
14662 44
14663 210
14664 168
14665 123
14666 9
14667 143
14668 94
14669 178
14670 7
14671 122
14672 147
14673 22
14674 40
14675 73
14676 135
14677 21
14678 72
14679 144
14680 242
14681 53
14682 73
14683 154
14684 111
14685 62
14686 133
14687 199
14688 81
14689 48
14690 98
14691 150
14692 235
14693 143
14694 39
14695 39
14696 12
14697 57
14698 21
14699 120
14700 242
14701 175
14702 35
14703 14
14704 190
14705 39
14706 175
14707 122
14708 5
14709 77
14710 111
14711 144
14712 198
14713 76
14714 10
14715 173
14716 157
14717 186
14718 44
14719 63
14720 103
14721 169
14722 162
14723 1
14724 243
14725 54
14726 90
14727 143
14728 158
14729 129
14730 151
14731 152
14732 31
14733 142
14734 222
14735 213
14736 67
14737 35
14738 29
14739 97
14740 115
14741 101
14742 181
14743 131
14744 201
14745 43
14746 94
14747 54
14748 35
14749 170
14750 247
14751 161
14752 46
14753 184
14754 26
14755 178
14756 6
14757 54
14758 154
14759 239
14760 125
14761 20
14762 4
14763 209
14764 92
14765 159
14766 78
14767 131
14768 188
14769 155
14770 46
14771 53
14772 57
14773 36
14774 3
14775 7
14776 119
14777 169
14778 8
14779 44
14780 141
14781 83
14782 1
14783 248
14784 123
14785 146
14786 48
14787 234
14788 158
14789 144
14790 12
14791 210
14792 140
14793 58
14794 81
14795 168
14796 155
14797 123
14798 139
14799 224
14800 235
14801 53
14802 119
14803 5
14804 101
14805 134
14806 203
14807 176
14808 230
14809 186
14810 145
14811 133
14812 16
14813 101
14814 11
14815 162
14816 13
14817 55
14818 0
14819 230
14820 230
14821 188
14822 84
14823 247
14824 136
14825 118
14826 83
14827 65
14828 231
14829 9
14830 188
14831 133
14832 190
14833 12
14834 16
14835 106
14836 130
14837 41
14838 47
14839 91
14840 191
14841 237
14842 243
14843 193
14844 40
14845 39
14846 217
14847 137
14848 212
14849 209
14850 233
14851 224
14852 65
14853 229
14854 97
14855 147
14856 188
14857 27
14858 180
14859 192
14860 87
14861 11
14862 130
14863 24
14864 44
14865 143
14866 217
14867 193
14868 182
14869 89
14870 28
14871 235
14872 162
14873 75
14874 55
14875 137
14876 34
14877 190
14878 174
14879 12
14880 192
14881 201
14882 199
14883 201
14884 68
14885 32
14886 25
14887 91
14888 19
14889 184
14890 87
14891 247
14892 244
14893 89
14894 226
14895 193
14896 158
14897 232
14898 42
14899 246
14900 204
14901 206
14902 183
14903 26
14904 238
14905 125
14906 248
14907 86
14908 9
14909 86
14910 76
14911 40
14912 168
14913 230
14914 93
14915 9
14916 56
14917 52
14918 103
14919 57
14920 239
14921 135
14922 117
14923 82
14924 149
14925 115
14926 36
14927 56
14928 199
14929 57
14930 235
14931 242
14932 127
14933 218
14934 241
14935 48
14936 235
14937 23
14938 41
14939 36
14940 134
14941 171
14942 38
14943 216
14944 186
14945 45
14946 128
14947 153
14948 27
14949 53
14950 111
14951 80
14952 249
14953 69
14954 130
14955 103
14956 232
14957 147
14958 20
14959 130
14960 186
14961 237
14962 187
14963 191
14964 154
14965 179
14966 175
14967 248
14968 14
14969 130
14970 231
14971 76
14972 6
14973 197
14974 31
14975 60
14976 215
14977 130
14978 143
14979 91
14980 151
14981 193
14982 235
14983 202
14984 194
14985 175
14986 192
14987 234
14988 166
14989 172
14990 61
14991 227
14992 114
14993 191
14994 136
14995 115
14996 85
14997 214
14998 30
14999 118
