5000 70
5001 239
5002 122
5003 13
5004 1
5005 221
5006 2
5007 135
5008 158
5009 34
5010 84
5011 221
5012 103
5013 142
5014 233
5015 198
5016 159
5017 153
5018 205
5019 193
5020 0
5021 136
5022 161
5023 170
5024 128
5025 73
5026 147
5027 36
5028 177
5029 34
5030 190
5031 158
5032 47
5033 156
5034 236
5035 167
5036 182
5037 151
5038 115
5039 221
5040 133
5041 151
5042 213
5043 57
5044 211
5045 225
5046 5
5047 182
5048 157
5049 149
5050 146
5051 219
5052 68
5053 31
5054 118
5055 48
5056 212
5057 88
5058 119
5059 210
5060 234
5061 142
5062 146
5063 84
5064 194
5065 194
5066 121
5067 97
5068 160
5069 56
5070 0
5071 170
5072 227
5073 21
5074 152
5075 233
5076 142
5077 72
5078 39
5079 35
5080 9
5081 217
5082 75
5083 190
5084 223
5085 211
5086 209
5087 74
5088 246
5089 50
5090 198
5091 59
5092 107
5093 43
5094 198
5095 77
5096 210
5097 66
5098 98
5099 133
5100 186
5101 171
5102 10
5103 191
5104 87
5105 60
5106 223
5107 232
5108 229
5109 156
5110 110
5111 176
5112 61
5113 32
5114 177
5115 170
5116 107
5117 40
5118 104
5119 223
5120 244
5121 148
5122 221
5123 174
5124 198
5125 83
5126 77
5127 168
5128 100
5129 177
5130 51
5131 248
5132 24
5133 1
5134 225
5135 166
5136 221
5137 106
5138 196
5139 206
5140 232
5141 134
5142 201
5143 193
5144 137
5145 74
5146 188
5147 52
5148 203
5149 178
5150 168
5151 106
5152 133
5153 79
5154 133
5155 37
5156 120
5157 214
5158 176
5159 145
5160 38
5161 239
5162 42
5163 57
5164 74
5165 64
5166 161
5167 39
5168 180
5169 163
5170 89
5171 59
5172 25
5173 136
5174 13
5175 203
5176 72
5177 45
5178 123
5179 36
5180 224
5181 125
5182 58
5183 125
5184 140
5185 80
5186 206
5187 140
5188 8
5189 147
5190 62
5191 221
5192 221
5193 198
5194 31
5195 107
5196 213
5197 150
5198 12
5199 22
5200 219
5201 67
5202 89
5203 160
5204 184
5205 68
5206 146
5207 138
5208 85
5209 83
5210 237
5211 86
5212 1
5213 236
5214 220
5215 20
5216 178
5217 16
5218 172
5219 66
5220 10
5221 94
5222 97
5223 70
5224 140
5225 47
5226 119
5227 82
5228 5
5229 57
5230 163
5231 190
5232 141
5233 133
5234 82
5235 163
5236 100
5237 86
5238 104
5239 51
5240 33
5241 188
5242 221
5243 158
5244 175
5245 217
5246 197
5247 73
5248 92
5249 13
5250 229
5251 247
5252 110
5253 8
5254 214
5255 131
5256 242
5257 211
5258 226
5259 3
5260 125
5261 204
5262 180
5263 95
5264 146
5265 85
5266 165
5267 80
5268 137
5269 27
5270 3
5271 57
5272 46
5273 58
5274 114
5275 213
5276 201
5277 225
5278 40
5279 193
5280 108
5281 26
5282 104
5283 238
5284 99
5285 100
5286 126
5287 110
5288 88
5289 188
5290 227
5291 150
5292 158
5293 240
5294 120
5295 222
5296 233
5297 5
5298 189
5299 223
5300 68
5301 4
5302 8
5303 127
5304 129
5305 56
5306 82
5307 138
5308 174
5309 10
5310 53
5311 45
5312 15
5313 53
5314 177
5315 131
5316 105
5317 135
5318 38
5319 245
5320 71
5321 38
5322 37
5323 199
5324 114
5325 70
5326 33
5327 136
5328 38
5329 150
5330 155
5331 60
5332 104
5333 93
5334 49
5335 176
5336 217
5337 212
5338 23
5339 150
5340 167
5341 116
5342 122
5343 50
5344 204
5345 182
5346 120
5347 76
5348 231
5349 82
5350 88
5351 109
5352 186
5353 119
5354 224
5355 88
5356 76
5357 10
5358 39
5359 223
5360 112
5361 134
5362 124
5363 12
5364 5
5365 223
5366 155
5367 9
5368 25
5369 175
5370 57
5371 98
5372 20
5373 47
5374 248
5375 44
5376 174
5377 40
5378 94
5379 219
5380 9
5381 116
5382 101
5383 229
5384 56
5385 89
5386 158
5387 178
5388 48
5389 94
5390 6
5391 38
5392 98
5393 111
5394 99
5395 164
5396 25
5397 194
5398 190
5399 133
5400 57
5401 61
5402 113
5403 232
5404 23
5405 213
5406 187
5407 23
5408 123
5409 202
5410 66
5411 90
5412 84
5413 198
5414 82
5415 22
5416 131
5417 182
5418 246
5419 56
5420 146
5421 162
5422 92
5423 154
5424 54
5425 47
5426 93
5427 206
5428 199
5429 36
5430 231
5431 223
5432 31
5433 153
5434 22
5435 5
5436 166
5437 146
5438 80
5439 160
5440 139
5441 39
5442 23
5443 0
5444 14
5445 49
5446 149
5447 49
5448 117
5449 12
5450 160
5451 30
5452 141
5453 19
5454 249
5455 216
5456 45
5457 105
5458 117
5459 212
5460 199
5461 197
5462 75
5463 133
5464 66
5465 75
5466 70
5467 188
5468 144
5469 109
5470 113
5471 118
5472 56
5473 216
5474 102
5475 58
5476 247
5477 95
5478 27
5479 146
5480 10
5481 247
5482 103
5483 177
5484 63
5485 27
5486 93
5487 125
5488 229
5489 187
5490 246
5491 44
5492 207
5493 121
5494 213
5495 96
5496 240
5497 226
5498 100
5499 233
5500 195
5501 221
5502 115
5503 165
5504 222
5505 47
5506 219
5507 224
5508 139
5509 228
5510 225
5511 102
5512 87
5513 31
5514 104
5515 7
5516 73
5517 198
5518 211
5519 19
5520 78
5521 243
5522 113
5523 13
5524 80
5525 237
5526 2
5527 207
5528 107
5529 226
5530 180
5531 127
5532 237
5533 163
5534 182
5535 16
5536 31
5537 116
5538 13
5539 152
5540 229
5541 93
5542 63
5543 51
5544 45
5545 169
5546 181
5547 20
5548 193
5549 94
5550 46
5551 229
5552 181
5553 31
5554 221
5555 91
5556 1
5557 57
5558 55
5559 42
5560 27
5561 203
5562 227
5563 237
5564 221
5565 43
5566 172
5567 129
5568 37
5569 213
5570 231
5571 150
5572 185
5573 209
5574 131
5575 64
5576 134
5577 196
5578 183
5579 66
5580 45
5581 178
5582 47
5583 235
5584 215
5585 97
5586 96
5587 229
5588 6
5589 7
5590 219
5591 220
5592 182
5593 242
5594 47
5595 152
5596 126
5597 176
5598 120
5599 227
5600 25
5601 229
5602 79
5603 233
5604 133
5605 20
5606 54
5607 73
5608 149
5609 58
5610 167
5611 135
5612 129
5613 174
5614 227
5615 139
5616 215
5617 93
5618 100
5619 204
5620 63
5621 222
5622 5
5623 63
5624 87
5625 111
5626 113
5627 93
5628 218
5629 13
5630 163
5631 127
5632 79
5633 39
5634 98
5635 106
5636 178
5637 89
5638 173
5639 140
5640 153
5641 43
5642 107
5643 240
5644 93
5645 216
5646 41
5647 150
5648 200
5649 72
5650 27
5651 70
5652 17
5653 142
5654 21
5655 42
5656 45
5657 74
5658 83
5659 71
5660 26
5661 185
5662 14
5663 161
5664 205
5665 109
5666 98
5667 67
5668 86
5669 34
5670 118
5671 68
5672 123
5673 163
5674 162
5675 134
5676 43
5677 146
5678 156
5679 204
5680 27
5681 234
5682 128
5683 143
5684 193
5685 162
5686 233
5687 249
5688 245
5689 21
5690 194
5691 52
5692 65
5693 243
5694 27
5695 87
5696 210
5697 25
5698 2
5699 217
5700 154
5701 151
5702 241
5703 127
5704 202
5705 162
5706 32
5707 198
5708 194
5709 212
5710 219
5711 118
5712 64
5713 179
5714 143
5715 211
5716 160
5717 143
5718 192
5719 28
5720 7
5721 45
5722 247
5723 227
5724 52
5725 137
5726 27
5727 163
5728 62
5729 34
5730 153
5731 161
5732 184
5733 3
5734 154
5735 159
5736 141
5737 179
5738 109
5739 234
5740 92
5741 195
5742 234
5743 248
5744 66
5745 122
5746 57
5747 191
5748 114
5749 205
5750 126
5751 10
5752 23
5753 72
5754 147
5755 215
5756 190
5757 79
5758 32
5759 205
5760 3
5761 204
5762 133
5763 139
5764 55
5765 22
5766 143
5767 128
5768 19
5769 30
5770 43
5771 20
5772 237
5773 65
5774 5
5775 94
5776 92
5777 64
5778 180
5779 13
5780 97
5781 27
5782 70
5783 33
5784 244
5785 31
5786 17
5787 188
5788 225
5789 196
5790 170
5791 211
5792 168
5793 146
5794 18
5795 223
5796 91
5797 179
5798 159
5799 111
5800 140
5801 235
5802 240
5803 103
5804 198
5805 162
5806 106
5807 205
5808 35
5809 221
5810 185
5811 26
5812 121
5813 118
5814 204
5815 183
5816 146
5817 142
5818 150
5819 15
5820 20
5821 55
5822 145
5823 170
5824 68
5825 67
5826 17
5827 174
5828 205
5829 235
5830 143
5831 67
5832 97
5833 106
5834 46
5835 111
5836 21
5837 10
5838 173
5839 140
5840 18
5841 16
5842 116
5843 58
5844 3
5845 28
5846 249
5847 137
5848 220
5849 96
5850 10
5851 6
5852 66
5853 112
5854 108
5855 40
5856 218
5857 121
5858 194
5859 132
5860 118
5861 64
5862 179
5863 150
5864 215
5865 77
5866 71
5867 167
5868 159
5869 213
5870 179
5871 25
5872 15
5873 198
5874 158
5875 57
5876 63
5877 132
5878 193
5879 193
5880 207
5881 46
5882 95
5883 70
5884 11
5885 184
5886 37
5887 139
5888 81
5889 94
5890 58
5891 9
5892 4
5893 60
5894 164
5895 186
5896 246
5897 68
5898 137
5899 61
5900 137
5901 151
5902 193
5903 203
5904 176
5905 119
5906 113
5907 123
5908 90
5909 91
5910 228
5911 30
5912 181
5913 112
5914 40
5915 247
5916 122
5917 3
5918 117
5919 196
5920 165
5921 121
5922 3
5923 232
5924 59
5925 160
5926 16
5927 208
5928 126
5929 154
5930 59
5931 240
5932 235
5933 216
5934 245
5935 164
5936 53
5937 34
5938 239
5939 86
5940 155
5941 90
5942 97
5943 89
5944 63
5945 54
5946 121
5947 215
5948 75
5949 32
5950 162
5951 228
5952 219
5953 188
5954 221
5955 11
5956 214
5957 217
5958 175
5959 143
5960 107
5961 28
5962 240
5963 166
5964 119
5965 56
5966 248
5967 41
5968 50
5969 148
5970 35
5971 99
5972 6
5973 26
5974 56
5975 55
5976 70
5977 199
5978 25
5979 243
5980 203
5981 83
5982 177
5983 13
5984 117
5985 61
5986 107
5987 52
5988 99
5989 123
5990 227
5991 101
5992 186
5993 36
5994 175
5995 51
5996 165
5997 208
5998 217
5999 230
6000 86
6001 185
6002 23
6003 81
6004 168
6005 247
6006 120
6007 89
6008 180
6009 188
6010 48
6011 198
6012 119
6013 20
6014 84
6015 223
6016 80
6017 219
6018 165
6019 42
6020 201
6021 35
6022 9
6023 156
6024 41
6025 52
6026 144
6027 107
6028 215
6029 184
6030 56
6031 113
6032 206
6033 3
6034 185
6035 5
6036 42
6037 230
6038 183
6039 196
6040 36
6041 154
6042 226
6043 16
6044 111
6045 23
6046 117
6047 164
6048 70
6049 70
6050 101
6051 156
6052 75
6053 107
6054 89
6055 25
6056 117
6057 25
6058 13
6059 155
6060 154
6061 3
6062 65
6063 103
6064 24
6065 106
6066 92
6067 160
6068 33
6069 32
6070 6
6071 211
6072 1
6073 235
6074 219
6075 156
6076 216
6077 11
6078 56
6079 234
6080 235
6081 221
6082 173
6083 70
6084 73
6085 41
6086 91
6087 10
6088 44
6089 177
6090 167
6091 120
6092 75
6093 58
6094 85
6095 67
6096 189
6097 111
6098 85
6099 104
6100 140
6101 155
6102 149
6103 217
6104 115
6105 138
6106 68
6107 139
6108 196
6109 13
6110 215
6111 170
6112 234
6113 91
6114 71
6115 104
6116 52
6117 33
6118 133
6119 34
6120 9
6121 54
6122 235
6123 155
6124 204
6125 218
6126 146
6127 185
6128 128
6129 106
6130 184
6131 213
6132 37
6133 71
6134 45
6135 133
6136 240
6137 133
6138 240
6139 122
6140 196
6141 120
6142 194
6143 75
6144 15
6145 133
6146 117
6147 27
6148 65
6149 56
6150 61
6151 212
6152 97
6153 44
6154 9
6155 166
6156 72
6157 127
6158 67
6159 7
6160 32
6161 127
6162 225
6163 114
6164 144
6165 2
6166 131
6167 144
6168 112
6169 233
6170 160
6171 27
6172 189
6173 226
6174 35
6175 80
6176 100
6177 42
6178 229
6179 101
6180 136
6181 106
6182 141
6183 50
6184 77
6185 134
6186 28
6187 249
6188 105
6189 19
6190 107
6191 209
6192 176
6193 141
6194 57
6195 177
6196 204
6197 164
6198 7
6199 114
6200 62
6201 169
6202 206
6203 246
6204 4
6205 91
6206 158
6207 13
6208 226
6209 211
6210 211
6211 242
6212 74
6213 129
6214 99
6215 200
6216 142
6217 178
6218 178
6219 159
6220 119
6221 177
6222 73
6223 92
6224 30
6225 69
6226 162
6227 230
6228 146
6229 86
6230 215
6231 110
6232 163
6233 201
6234 207
6235 206
6236 57
6237 92
6238 201
6239 96
6240 94
6241 159
6242 86
6243 172
6244 104
6245 30
6246 4
6247 143
6248 231
6249 86
6250 32
6251 138
6252 107
6253 127
6254 129
6255 190
6256 245
6257 11
6258 69
6259 44
6260 54
6261 144
6262 24
6263 129
6264 14
6265 175
6266 118
6267 148
6268 217
6269 192
6270 96
6271 16
6272 66
6273 189
6274 223
6275 98
6276 66
6277 199
6278 67
6279 245
6280 44
6281 29
6282 68
6283 249
6284 1
6285 120
6286 199
6287 161
6288 244
6289 144
6290 246
6291 77
6292 244
6293 232
6294 75
6295 80
6296 92
6297 15
6298 56
6299 134
6300 43
6301 70
6302 193
6303 94
6304 84
6305 29
6306 184
6307 125
6308 106
6309 161
6310 213
6311 36
6312 151
6313 33
6314 167
6315 98
6316 66
6317 72
6318 4
6319 79
6320 207
6321 92
6322 226
6323 175
6324 38
6325 33
6326 70
6327 227
6328 112
6329 79
6330 74
6331 109
6332 129
6333 88
6334 160
6335 112
6336 35
6337 154
6338 43
6339 0
6340 107
6341 103
6342 110
6343 4
6344 22
6345 219
6346 198
6347 106
6348 98
6349 230
6350 3
6351 83
6352 30
6353 190
6354 60
6355 101
6356 32
6357 45
6358 31
6359 226
6360 92
6361 215
6362 89
6363 202
6364 231
6365 19
6366 88
6367 54
6368 97
6369 196
6370 127
6371 26
6372 140
6373 14
6374 136
6375 46
6376 86
6377 191
6378 147
6379 131
6380 35
6381 53
6382 61
6383 222
6384 61
6385 39
6386 102
6387 205
6388 237
6389 87
6390 48
6391 72
6392 83
6393 169
6394 221
6395 245
6396 77
6397 99
6398 9
6399 23
6400 58
6401 128
6402 3
6403 140
6404 41
6405 17
6406 14
6407 183
6408 216
6409 162
6410 137
6411 221
6412 162
6413 179
6414 160
6415 56
6416 224
6417 77
6418 75
6419 181
6420 71
6421 23
6422 98
6423 27
6424 78
6425 64
6426 126
6427 55
6428 118
6429 1
6430 73
6431 114
6432 134
6433 206
6434 118
6435 149
6436 165
6437 106
6438 214
6439 9
6440 18
6441 166
6442 85
6443 249
6444 8
6445 233
6446 108
6447 172
6448 35
6449 77
6450 129
6451 151
6452 97
6453 200
6454 220
6455 90
6456 98
6457 45
6458 145
6459 35
6460 81
6461 71
6462 196
6463 101
6464 215
6465 98
6466 64
6467 89
6468 2
6469 133
6470 165
6471 239
6472 174
6473 179
6474 77
6475 241
6476 149
6477 71
6478 41
6479 22
6480 228
6481 170
6482 193
6483 160
6484 0
6485 95
6486 4
6487 77
6488 168
6489 196
6490 147
6491 195
6492 229
6493 234
6494 76
6495 135
6496 94
6497 217
6498 76
6499 46
6500 96
6501 196
6502 58
6503 241
6504 57
6505 199
6506 53
6507 94
6508 212
6509 18
6510 79
6511 68
6512 112
6513 221
6514 176
6515 73
6516 9
6517 221
6518 177
6519 231
6520 211
6521 20
6522 125
6523 51
6524 186
6525 140
6526 15
6527 118
6528 99
6529 71
6530 53
6531 116
6532 13
6533 35
6534 204
6535 96
6536 164
6537 170
6538 194
6539 50
6540 12
6541 152
6542 220
6543 111
6544 163
6545 65
6546 156
6547 222
6548 98
6549 181
6550 116
6551 38
6552 224
6553 183
6554 130
6555 220
6556 133
6557 153
6558 216
6559 146
6560 100
6561 167
6562 132
6563 84
6564 190
6565 242
6566 217
6567 149
6568 79
6569 78
6570 224
6571 47
6572 27
6573 39
6574 194
6575 205
6576 138
6577 178
6578 140
6579 7
6580 220
6581 154
6582 161
6583 6
6584 116
6585 30
6586 66
6587 179
6588 247
6589 137
6590 211
6591 219
6592 226
6593 21
6594 7
6595 150
6596 43
6597 108
6598 75
6599 236
6600 114
6601 54
6602 210
6603 110
6604 153
6605 134
6606 148
6607 34
6608 140
6609 65
6610 193
6611 136
6612 187
6613 119
6614 24
6615 19
6616 114
6617 160
6618 140
6619 206
6620 156
6621 207
6622 135
6623 238
6624 77
6625 2
6626 240
6627 202
6628 102
6629 102
6630 132
6631 69
6632 189
6633 203
6634 235
6635 0
6636 232
6637 24
6638 50
6639 14
6640 163
6641 222
6642 205
6643 71
6644 237
6645 199
6646 143
6647 162
6648 210
6649 233
6650 36
6651 128
6652 154
6653 225
6654 228
6655 183
6656 126
6657 77
6658 186
6659 20
6660 180
6661 10
6662 24
6663 57
6664 151
6665 136
6666 98
6667 41
6668 97
6669 98
6670 141
6671 112
6672 163
6673 27
6674 93
6675 225
6676 230
6677 168
6678 65
6679 185
6680 38
6681 117
6682 220
6683 59
6684 181
6685 189
6686 26
6687 152
6688 116
6689 222
6690 174
6691 155
6692 182
6693 170
6694 226
6695 217
6696 228
6697 17
6698 119
6699 86
6700 52
6701 207
6702 10
6703 90
6704 79
6705 140
6706 115
6707 97
6708 235
6709 82
6710 244
6711 173
6712 119
6713 194
6714 215
6715 163
6716 67
6717 53
6718 122
6719 242
6720 202
6721 92
6722 133
6723 49
6724 22
6725 218
6726 56
6727 185
6728 180
6729 175
6730 151
6731 15
6732 247
6733 68
6734 59
6735 0
6736 153
6737 38
6738 40
6739 129
6740 35
6741 234
6742 72
6743 102
6744 191
6745 28
6746 44
6747 137
6748 32
6749 236
6750 232
6751 30
6752 210
6753 52
6754 129
6755 21
6756 32
6757 76
6758 148
6759 3
6760 33
6761 175
6762 14
6763 19
6764 49
6765 176
6766 118
6767 196
6768 242
6769 142
6770 176
6771 40
6772 14
6773 17
6774 16
6775 111
6776 142
6777 62
6778 23
6779 134
6780 85
6781 236
6782 137
6783 197
6784 132
6785 134
6786 45
6787 113
6788 3
6789 6
6790 6
6791 112
6792 243
6793 164
6794 231
6795 4
6796 101
6797 51
6798 191
6799 74
6800 132
6801 163
6802 245
6803 122
6804 143
6805 165
6806 36
6807 89
6808 62
6809 164
6810 39
6811 185
6812 127
6813 88
6814 108
6815 34
6816 16
6817 55
6818 199
6819 240
6820 200
6821 199
6822 164
6823 155
6824 169
6825 207
6826 26
6827 9
6828 151
6829 192
6830 240
6831 204
6832 175
6833 13
6834 26
6835 174
6836 143
6837 94
6838 129
6839 219
6840 178
6841 3
6842 84
6843 114
6844 130
6845 21
6846 61
6847 230
6848 38
6849 208
6850 20
6851 209
6852 101
6853 249
6854 36
6855 9
6856 42
6857 11
6858 44
6859 55
6860 138
6861 223
6862 70
6863 62
6864 185
6865 77
6866 91
6867 209
6868 64
6869 71
6870 95
6871 178
6872 180
6873 245
6874 122
6875 98
6876 161
6877 131
6878 175
6879 151
6880 67
6881 236
6882 48
6883 119
6884 153
6885 119
6886 44
6887 29
6888 216
6889 172
6890 194
6891 56
6892 221
6893 143
6894 109
6895 143
6896 139
6897 190
6898 55
6899 45
6900 190
6901 126
6902 21
6903 248
6904 34
6905 199
6906 214
6907 207
6908 87
6909 180
6910 205
6911 142
6912 38
6913 192
6914 122
6915 89
6916 104
6917 167
6918 90
6919 202
6920 95
6921 24
6922 152
6923 7
6924 181
6925 144
6926 175
6927 86
6928 10
6929 62
6930 39
6931 8
6932 145
6933 171
6934 223
6935 74
6936 173
6937 89
6938 39
6939 23
6940 128
6941 41
6942 249
6943 53
6944 239
6945 245
6946 78
6947 64
6948 173
6949 227
6950 111
6951 10
6952 147
6953 244
6954 188
6955 96
6956 108
6957 46
6958 18
6959 189
6960 175
6961 235
6962 116
6963 244
6964 160
6965 187
6966 2
6967 236
6968 110
6969 152
6970 216
6971 172
6972 28
6973 73
6974 222
6975 108
6976 186
6977 244
6978 76
6979 65
6980 178
6981 25
6982 160
6983 191
6984 172
6985 43
6986 143
6987 176
6988 213
6989 63
6990 249
6991 221
6992 243
6993 195
6994 10
6995 11
6996 70
6997 223
6998 86
6999 108
7000 112
7001 209
7002 69
7003 90
7004 127
7005 65
7006 94
7007 130
7008 213
7009 140
7010 109
7011 137
7012 51
7013 65
7014 15
7015 70
7016 132
7017 205
7018 151
7019 141
7020 147
7021 19
7022 207
7023 207
7024 221
7025 121
7026 70
7027 176
7028 128
7029 109
7030 126
7031 183
7032 18
7033 95
7034 12
7035 32
7036 31
7037 130
7038 12
7039 63
7040 215
7041 15
7042 1
7043 239
7044 70
7045 196
7046 92
7047 59
7048 43
7049 29
7050 174
7051 55
7052 202
7053 150
7054 153
7055 29
7056 26
7057 204
7058 167
7059 31
7060 69
7061 209
7062 94
7063 199
7064 108
7065 48
7066 4
7067 227
7068 208
7069 88
7070 210
7071 191
7072 67
7073 157
7074 7
7075 95
7076 36
7077 227
7078 218
7079 23
7080 226
7081 67
7082 44
7083 11
7084 199
7085 177
7086 190
7087 3
7088 201
7089 70
7090 44
7091 237
7092 42
7093 235
7094 43
7095 17
7096 176
7097 46
7098 105
7099 139
7100 22
7101 21
7102 16
7103 70
7104 204
7105 100
7106 106
7107 102
7108 137
7109 242
7110 72
7111 201
7112 192
7113 122
7114 30
7115 92
7116 30
7117 39
7118 130
7119 205
7120 241
7121 78
7122 93
7123 162
7124 161
7125 106
7126 68
7127 29
7128 41
7129 181
7130 212
7131 191
7132 91
7133 42
7134 223
7135 242
7136 19
7137 162
7138 129
7139 210
7140 12
7141 90
7142 4
7143 40
7144 39
7145 23
7146 225
7147 43
7148 166
7149 175
7150 210
7151 208
7152 115
7153 188
7154 172
7155 30
7156 238
7157 197
7158 229
7159 23
7160 189
7161 158
7162 26
7163 152
7164 134
7165 159
7166 203
7167 119
7168 195
7169 104
7170 55
7171 105
7172 84
7173 17
7174 168
7175 161
7176 42
7177 20
7178 40
7179 32
7180 66
7181 107
7182 170
7183 245
7184 203
7185 46
7186 178
7187 147
7188 170
7189 55
7190 244
7191 33
7192 27
7193 148
7194 63
7195 95
7196 198
7197 36
7198 35
7199 74
7200 139
7201 211
7202 101
7203 205
7204 39
7205 228
7206 210
7207 115
7208 94
7209 91
7210 98
7211 209
7212 170
7213 14
7214 80
7215 25
7216 200
7217 97
7218 154
7219 150
7220 154
7221 70
7222 185
7223 247
7224 7
7225 164
7226 120
7227 60
7228 21
7229 208
7230 218
7231 217
7232 158
7233 67
7234 110
7235 25
7236 197
7237 69
7238 51
7239 213
7240 173
7241 75
7242 209
7243 230
7244 111
7245 32
7246 48
7247 151
7248 194
7249 155
7250 156
7251 151
7252 49
7253 23
7254 100
7255 153
7256 22
7257 163
7258 45
7259 68
7260 21
7261 197
7262 88
7263 212
7264 191
7265 225
7266 10
7267 45
7268 175
7269 161
7270 148
7271 31
7272 162
7273 234
7274 139
7275 243
7276 233
7277 54
7278 34
7279 116
7280 52
7281 0
7282 190
7283 166
7284 22
7285 115
7286 123
7287 225
7288 42
7289 4
7290 118
7291 23
7292 134
7293 245
7294 52
7295 77
7296 39
7297 200
7298 158
7299 173
7300 117
7301 90
7302 234
7303 74
7304 47
7305 236
7306 156
7307 139
7308 87
7309 110
7310 141
7311 11
7312 15
7313 247
7314 122
7315 53
7316 96
7317 248
7318 159
7319 174
7320 206
7321 88
7322 205
7323 218
7324 128
7325 163
7326 143
7327 162
7328 236
7329 89
7330 125
7331 32
7332 75
7333 63
7334 47
7335 121
7336 2
7337 205
7338 200
7339 169
7340 122
7341 138
7342 212
7343 242
7344 46
7345 211
7346 163
7347 93
7348 23
7349 225
7350 153
7351 93
7352 24
7353 55
7354 30
7355 50
7356 113
7357 55
7358 87
7359 106
7360 41
7361 197
7362 136
7363 128
7364 141
7365 72
7366 43
7367 76
7368 15
7369 51
7370 172
7371 96
7372 113
7373 229
7374 118
7375 130
7376 185
7377 157
7378 173
7379 150
7380 80
7381 194
7382 207
7383 157
7384 123
7385 149
7386 10
7387 166
7388 208
7389 52
7390 199
7391 47
7392 76
7393 29
7394 82
7395 220
7396 65
7397 98
7398 208
7399 158
7400 113
7401 38
7402 81
7403 158
7404 214
7405 106
7406 127
7407 187
7408 71
7409 49
7410 221
7411 240
7412 64
7413 50
7414 119
7415 119
7416 178
7417 200
7418 75
7419 149
7420 32
7421 117
7422 196
7423 148
7424 109
7425 38
7426 23
7427 88
7428 63
7429 55
7430 8
7431 189
7432 85
7433 25
7434 0
7435 82
7436 25
7437 21
7438 119
7439 25
7440 182
7441 241
7442 80
7443 184
7444 112
7445 222
7446 135
7447 218
7448 5
7449 13
7450 231
7451 69
7452 194
7453 118
7454 207
7455 240
7456 218
7457 80
7458 177
7459 183
7460 11
7461 160
7462 56
7463 71
7464 246
7465 231
7466 51
7467 210
7468 179
7469 167
7470 133
7471 83
7472 62
7473 109
7474 67
7475 110
7476 96
7477 183
7478 158
7479 88
7480 197
7481 142
7482 117
7483 139
7484 1
7485 217
7486 27
7487 69
7488 75
7489 75
7490 92
7491 144
7492 39
7493 199
7494 34
7495 29
7496 96
7497 66
7498 35
7499 190
7500 142
7501 162
7502 112
7503 104
7504 227
7505 133
7506 210
7507 67
7508 35
7509 246
7510 18
7511 24
7512 155
7513 19
7514 128
7515 159
7516 13
7517 25
7518 25
7519 78
7520 209
7521 26
7522 18
7523 77
7524 204
7525 69
7526 127
7527 195
7528 120
7529 3
7530 220
7531 138
7532 165
7533 128
7534 30
7535 245
7536 147
7537 244
7538 94
7539 46
7540 47
7541 39
7542 165
7543 58
7544 121
7545 235
7546 151
7547 129
7548 127
7549 66
7550 189
7551 46
7552 125
7553 228
7554 160
7555 148
7556 199
7557 146
7558 168
7559 124
7560 106
7561 226
7562 125
7563 197
7564 118
7565 239
7566 165
7567 90
7568 58
7569 170
7570 99
7571 60
7572 235
7573 122
7574 154
7575 42
7576 149
7577 49
7578 47
7579 83
7580 151
7581 225
7582 169
7583 111
7584 41
7585 40
7586 83
7587 4
7588 1
7589 36
7590 57
7591 65
7592 207
7593 65
7594 213
7595 141
7596 114
7597 249
7598 218
7599 242
7600 134
7601 122
7602 56
7603 147
7604 218
7605 138
7606 134
7607 157
7608 210
7609 239
7610 174
7611 10
7612 246
7613 219
7614 195
7615 14
7616 247
7617 88
7618 139
7619 119
7620 169
7621 200
7622 245
7623 64
7624 149
7625 131
7626 74
7627 185
7628 138
7629 58
7630 49
7631 234
7632 141
7633 59
7634 8
7635 81
7636 72
7637 77
7638 28
7639 166
7640 119
7641 246
7642 174
7643 191
7644 248
7645 37
7646 172
7647 198
7648 203
7649 47
7650 143
7651 69
7652 152
7653 72
7654 109
7655 119
7656 228
7657 16
7658 82
7659 209
7660 37
7661 219
7662 38
7663 234
7664 192
7665 172
7666 48
7667 128
7668 21
7669 170
7670 72
7671 173
7672 31
7673 14
7674 151
7675 223
7676 24
7677 77
7678 38
7679 6
7680 18
7681 95
7682 65
7683 131
7684 188
7685 211
7686 239
7687 167
7688 159
7689 41
7690 239
7691 188
7692 179
7693 87
7694 124
7695 22
7696 5
7697 121
7698 73
7699 170
7700 142
7701 57
7702 247
7703 1
7704 109
7705 52
7706 36
7707 211
7708 161
7709 24
7710 155
7711 241
7712 195
7713 137
7714 59
7715 231
7716 226
7717 98
7718 99
7719 45
7720 195
7721 63
7722 168
7723 150
7724 148
7725 178
7726 31
7727 147
7728 95
7729 20
7730 133
7731 33
7732 78
7733 71
7734 37
7735 207
7736 183
7737 195
7738 149
7739 234
7740 153
7741 200
7742 21
7743 36
7744 101
7745 58
7746 217
7747 229
7748 188
7749 166
7750 119
7751 185
7752 227
7753 91
7754 2
7755 2
7756 208
7757 228
7758 87
7759 102
7760 64
7761 207
7762 159
7763 48
7764 210
7765 140
7766 62
7767 11
7768 171
7769 217
7770 197
7771 232
7772 92
7773 9
7774 61
7775 189
7776 57
7777 102
7778 44
7779 129
7780 21
7781 73
7782 106
7783 137
7784 153
7785 13
7786 193
7787 207
7788 95
7789 232
7790 4
7791 195
7792 166
7793 104
7794 30
7795 107
7796 229
7797 119
7798 136
7799 45
7800 216
7801 84
7802 116
7803 168
7804 44
7805 166
7806 248
7807 240
7808 128
7809 241
7810 21
7811 42
7812 160
7813 117
7814 139
7815 30
7816 58
7817 217
7818 219
7819 49
7820 140
7821 166
7822 161
7823 88
7824 248
7825 98
7826 195
7827 170
7828 8
7829 229
7830 206
7831 103
7832 100
7833 109
7834 234
7835 231
7836 23
7837 158
7838 219
7839 179
7840 224
7841 9
7842 13
7843 156
7844 246
7845 194
7846 34
7847 181
7848 231
7849 69
7850 148
7851 208
7852 135
7853 118
7854 108
7855 95
7856 109
7857 86
7858 236
7859 17
7860 18
7861 207
7862 23
7863 61
7864 140
7865 102
7866 148
7867 200
7868 170
7869 132
7870 101
7871 119
7872 17
7873 63
7874 9
7875 63
7876 171
7877 98
7878 37
7879 218
7880 211
7881 58
7882 189
7883 117
7884 184
7885 246
7886 115
7887 146
7888 136
7889 152
7890 89
7891 87
7892 164
7893 240
7894 196
7895 42
7896 241
7897 12
7898 193
7899 90
7900 192
7901 213
7902 244
7903 126
7904 52
7905 48
7906 224
7907 198
7908 75
7909 80
7910 12
7911 97
7912 104
7913 206
7914 19
7915 8
7916 91
7917 74
7918 36
7919 186
7920 173
7921 39
7922 28
7923 195
7924 207
7925 129
7926 14
7927 96
7928 114
7929 182
7930 99
7931 219
7932 227
7933 159
7934 90
7935 184
7936 126
7937 213
7938 54
7939 152
7940 241
7941 39
7942 55
7943 24
7944 43
7945 245
7946 102
7947 69
7948 243
7949 185
7950 90
7951 48
7952 135
7953 207
7954 74
7955 106
7956 171
7957 242
7958 235
7959 205
7960 247
7961 26
7962 158
7963 208
7964 232
7965 243
7966 197
7967 108
7968 220
7969 71
7970 214
7971 2
7972 188
7973 67
7974 206
7975 84
7976 72
7977 48
7978 89
7979 148
7980 131
7981 217
7982 19
7983 28
7984 26
7985 27
7986 161
7987 15
7988 124
7989 56
7990 94
7991 106
7992 203
7993 103
7994 155
7995 27
7996 193
7997 114
7998 244
7999 133
8000 225
8001 50
8002 102
8003 89
8004 14
8005 182
8006 36
8007 211
8008 60
8009 10
8010 110
8011 100
8012 242
8013 154
8014 181
8015 189
8016 237
8017 148
8018 57
8019 66
8020 243
8021 118
8022 83
8023 97
8024 10
8025 88
8026 154
8027 223
8028 26
8029 109
8030 196
8031 90
8032 59
8033 201
8034 0
8035 91
8036 3
8037 131
8038 168
8039 182
8040 119
8041 232
8042 55
8043 227
8044 146
8045 145
8046 40
8047 199
8048 57
8049 211
8050 96
8051 196
8052 221
8053 136
8054 86
8055 190
8056 88
8057 179
8058 58
8059 182
8060 53
8061 86
8062 60
8063 228
8064 243
8065 166
8066 248
8067 37
8068 89
8069 159
8070 91
8071 126
8072 244
8073 127
8074 118
8075 23
8076 77
8077 213
8078 37
8079 29
8080 111
8081 11
8082 55
8083 42
8084 169
8085 3
8086 113
8087 28
8088 149
8089 16
8090 140
8091 113
8092 97
8093 233
8094 7
8095 101
8096 19
8097 221
8098 52
8099 109
8100 116
8101 37
8102 57
8103 69
8104 140
8105 160
8106 11
8107 191
8108 133
8109 158
8110 18
8111 125
8112 204
8113 220
8114 99
8115 159
8116 102
8117 22
8118 68
8119 82
8120 77
8121 195
8122 69
8123 227
8124 249
8125 147
8126 79
8127 237
8128 81
8129 220
8130 36
8131 41
8132 19
8133 169
8134 175
8135 41
8136 87
8137 176
8138 173
8139 151
8140 91
8141 159
8142 35
8143 22
8144 219
8145 133
8146 127
8147 173
8148 168
8149 199
8150 244
8151 64
8152 77
8153 167
8154 87
8155 230
8156 115
8157 10
8158 144
8159 24
8160 8
8161 93
8162 104
8163 154
8164 104
8165 41
8166 101
8167 108
8168 208
8169 121
8170 35
8171 73
8172 206
8173 68
8174 75
8175 227
8176 169
8177 67
8178 72
8179 145
8180 181
8181 136
8182 105
8183 57
8184 193
8185 129
8186 68
8187 89
8188 210
8189 141
8190 134
8191 43
8192 114
8193 235
8194 51
8195 103
8196 223
8197 186
8198 156
8199 123
8200 131
8201 5
8202 230
8203 35
8204 4
8205 84
8206 126
8207 160
8208 53
8209 162
8210 141
8211 120
8212 189
8213 84
8214 231
8215 233
8216 139
8217 172
8218 12
8219 171
8220 66
8221 241
8222 197
8223 131
8224 97
8225 164
8226 39
8227 220
8228 157
8229 101
8230 42
8231 204
8232 135
8233 119
8234 113
8235 233
8236 238
8237 81
8238 73
8239 60
8240 40
8241 173
8242 15
8243 218
8244 203
8245 243
8246 249
8247 59
8248 84
8249 45
8250 191
8251 211
8252 95
8253 141
8254 131
8255 230
8256 65
8257 185
8258 31
8259 195
8260 167
8261 147
8262 167
8263 65
8264 173
8265 181
8266 245
8267 38
8268 169
8269 39
8270 29
8271 221
8272 115
8273 165
8274 104
8275 242
8276 76
8277 195
8278 156
8279 238
8280 249
8281 143
8282 53
8283 37
8284 127
8285 211
8286 219
8287 73
8288 187
8289 216
8290 85
8291 67
8292 224
8293 84
8294 3
8295 4
8296 129
8297 197
8298 203
8299 171
8300 237
8301 215
8302 60
8303 99
8304 150
8305 67
8306 244
8307 236
8308 194
8309 237
8310 222
8311 132
8312 60
8313 169
8314 224
8315 233
8316 113
8317 65
8318 121
8319 231
8320 217
8321 36
8322 201
8323 228
8324 8
8325 74
8326 185
8327 225
8328 159
8329 92
8330 157
8331 12
8332 125
8333 129
8334 112
8335 20
8336 14
8337 77
8338 210
8339 149
8340 191
8341 209
8342 49
8343 177
8344 199
8345 139
8346 119
8347 169
8348 13
8349 203
8350 142
8351 97
8352 146
8353 135
8354 122
8355 65
8356 26
8357 6
8358 228
8359 93
8360 210
8361 228
8362 222
8363 134
8364 133
8365 44
8366 212
8367 15
8368 127
8369 105
8370 152
8371 30
8372 98
8373 46
8374 157
8375 95
8376 60
8377 194
8378 193
8379 239
8380 241
8381 149
8382 156
8383 110
8384 238
8385 200
8386 7
8387 7
8388 6
8389 10
8390 99
8391 45
8392 53
8393 2
8394 192
8395 39
8396 214
8397 10
8398 63
8399 30
8400 236
8401 81
8402 40
8403 96
8404 98
8405 245
8406 189
8407 145
8408 143
8409 211
8410 54
8411 185
8412 194
8413 22
8414 193
8415 51
8416 185
8417 227
8418 184
8419 65
8420 35
8421 23
8422 193
8423 62
8424 172
8425 20
8426 29
8427 196
8428 108
8429 77
8430 92
8431 42
8432 105
8433 183
8434 182
8435 81
8436 132
8437 179
8438 8
8439 169
8440 240
8441 137
8442 103
8443 151
8444 72
8445 237
8446 161
8447 225
8448 102
8449 77
8450 58
8451 113
8452 244
8453 106
8454 95
8455 194
8456 188
8457 184
8458 148
8459 173
8460 116
8461 249
8462 146
8463 98
8464 207
8465 111
8466 153
8467 78
8468 117
8469 8
8470 178
8471 198
8472 239
8473 236
8474 106
8475 48
8476 110
8477 108
8478 12
8479 37
8480 26
8481 66
8482 40
8483 160
8484 29
8485 153
8486 82
8487 212
8488 191
8489 50
8490 54
8491 46
8492 63
8493 150
8494 193
8495 50
8496 195
8497 98
8498 189
8499 237
8500 128
8501 236
8502 7
8503 67
8504 0
8505 218
8506 10
8507 201
8508 108
8509 81
8510 212
8511 137
8512 120
8513 126
8514 126
8515 41
8516 205
8517 182
8518 31
8519 202
8520 76
8521 116
8522 224
8523 204
8524 241
8525 109
8526 186
8527 2
8528 238
8529 230
8530 190
8531 115
8532 244
8533 188
8534 131
8535 126
8536 165
8537 167
8538 236
8539 9
8540 14
8541 226
8542 247
8543 34
8544 179
8545 30
8546 173
8547 126
8548 147
8549 152
8550 73
8551 160
8552 214
8553 49
8554 93
8555 26
8556 91
8557 17
8558 230
8559 84
8560 13
8561 161
8562 222
8563 134
8564 68
8565 83
8566 71
8567 31
8568 228
8569 228
8570 84
8571 67
8572 220
8573 167
8574 165
8575 66
8576 238
8577 137
8578 72
8579 120
8580 101
8581 119
8582 183
8583 206
8584 44
8585 201
8586 103
8587 103
8588 62
8589 249
8590 29
8591 6
8592 131
8593 104
8594 3
8595 182
8596 81
8597 227
8598 210
8599 135
8600 182
8601 108
8602 248
8603 157
8604 94
8605 184
8606 15
8607 144
8608 46
8609 135
8610 6
8611 147
8612 151
8613 162
8614 166
8615 138
8616 145
8617 37
8618 127
8619 208
8620 13
8621 4
8622 212
8623 116
8624 74
8625 179
8626 235
8627 231
8628 237
8629 3
8630 76
8631 203
8632 140
8633 120
8634 77
8635 109
8636 15
8637 102
8638 245
8639 46
8640 63
8641 174
8642 18
8643 213
8644 243
8645 120
8646 220
8647 42
8648 122
8649 98
8650 20
8651 56
8652 228
8653 83
8654 3
8655 10
8656 91
8657 233
8658 99
8659 230
8660 129
8661 135
8662 51
8663 97
8664 230
8665 186
8666 183
8667 0
8668 118
8669 245
8670 24
8671 32
8672 231
8673 72
8674 43
8675 205
8676 36
8677 105
8678 33
8679 231
8680 33
8681 81
8682 34
8683 13
8684 19
8685 150
8686 119
8687 21
8688 161
8689 60
8690 234
8691 94
8692 30
8693 17
8694 89
8695 41
8696 110
8697 203
8698 137
8699 106
8700 180
8701 238
8702 72
8703 207
8704 51
8705 249
8706 101
8707 9
8708 102
8709 49
8710 246
8711 143
8712 31
8713 166
8714 104
8715 228
8716 249
8717 110
8718 212
8719 13
8720 243
8721 241
8722 65
8723 123
8724 243
8725 230
8726 151
8727 29
8728 128
8729 182
8730 81
8731 186
8732 178
8733 37
8734 149
8735 212
8736 176
8737 129
8738 141
8739 82
8740 200
8741 215
8742 2
8743 8
8744 210
8745 72
8746 200
8747 221
8748 226
8749 216
8750 214
8751 237
8752 186
8753 21
8754 83
8755 85
8756 197
8757 9
8758 124
8759 189
8760 136
8761 173
8762 49
8763 228
8764 29
8765 192
8766 172
8767 235
8768 119
8769 66
8770 165
8771 234
8772 132
8773 52
8774 51
8775 117
8776 139
8777 231
8778 112
8779 246
8780 117
8781 166
8782 53
8783 77
8784 227
8785 177
8786 82
8787 230
8788 50
8789 149
8790 247
8791 66
8792 168
8793 187
8794 175
8795 111
8796 37
8797 197
8798 26
8799 205
8800 210
8801 57
8802 67
8803 151
8804 147
8805 127
8806 244
8807 213
8808 74
8809 3
8810 78
8811 159
8812 138
8813 56
8814 223
8815 93
8816 219
8817 26
8818 122
8819 186
8820 4
8821 217
8822 2
8823 131
8824 44
8825 186
8826 204
8827 245
8828 184
8829 170
8830 239
8831 123
8832 241
8833 138
8834 17
8835 107
8836 148
8837 100
8838 239
8839 18
8840 18
8841 221
8842 48
8843 98
8844 79
8845 51
8846 230
8847 154
8848 149
8849 112
8850 228
8851 62
8852 29
8853 106
8854 232
8855 58
8856 224
8857 75
8858 42
8859 47
8860 10
8861 239
8862 188
8863 116
8864 82
8865 116
8866 201
8867 34
8868 127
8869 132
8870 233
8871 44
8872 162
8873 1
8874 30
8875 88
8876 60
8877 136
8878 19
8879 149
8880 113
8881 109
8882 202
8883 173
8884 5
8885 183
8886 105
8887 27
8888 41
8889 217
8890 141
8891 142
8892 18
8893 3
8894 166
8895 61
8896 118
8897 222
8898 43
8899 116
8900 234
8901 5
8902 229
8903 210
8904 151
8905 171
8906 164
8907 6
8908 116
8909 178
8910 163
8911 79
8912 169
8913 8
8914 12
8915 246
8916 231
8917 186
8918 60
8919 113
8920 20
8921 1
8922 8
8923 46
8924 186
8925 157
8926 147
8927 244
8928 24
8929 22
8930 203
8931 235
8932 140
8933 227
8934 236
8935 87
8936 160
8937 239
8938 127
8939 201
8940 212
8941 75
8942 170
8943 79
8944 120
8945 195
8946 26
8947 88
8948 226
8949 91
8950 143
8951 89
8952 37
8953 228
8954 217
8955 40
8956 59
8957 128
8958 29
8959 42
8960 102
8961 174
8962 102
8963 14
8964 181
8965 35
8966 212
8967 129
8968 30
8969 234
8970 164
8971 233
8972 117
8973 197
8974 246
8975 243
8976 91
8977 100
8978 156
8979 179
8980 83
8981 218
8982 145
8983 140
8984 246
8985 70
8986 89
8987 242
8988 4
8989 81
8990 155
8991 170
8992 133
8993 159
8994 160
8995 63
8996 133
8997 114
8998 130
8999 101
9000 70
9001 29
9002 95
9003 93
9004 52
9005 141
9006 152
9007 205
9008 132
9009 209
9010 0
9011 53
9012 83
9013 11
9014 70
9015 74
9016 58
9017 21
9018 147
9019 167
9020 106
9021 30
9022 83
9023 29
9024 212
9025 233
9026 55
9027 242
9028 221
9029 28
9030 37
9031 224
9032 85
9033 4
9034 132
9035 152
9036 223
9037 67
9038 95
9039 182
9040 200
9041 108
9042 167
9043 28
9044 151
9045 47
9046 148
9047 184
9048 207
9049 194
9050 103
9051 238
9052 188
9053 57
9054 168
9055 130
9056 78
9057 26
9058 159
9059 222
9060 97
9061 188
9062 158
9063 110
9064 201
9065 127
9066 28
9067 131
9068 70
9069 108
9070 145
9071 181
9072 34
9073 160
9074 213
9075 59
9076 231
9077 199
9078 63
9079 151
9080 1
9081 86
9082 118
9083 75
9084 93
9085 70
9086 82
9087 168
9088 42
9089 78
9090 143
9091 36
9092 81
9093 0
9094 229
9095 106
9096 48
9097 183
9098 240
9099 113
9100 84
9101 47
9102 88
9103 196
9104 82
9105 212
9106 100
9107 23
9108 162
9109 52
9110 230
9111 168
9112 47
9113 46
9114 248
9115 172
9116 46
9117 25
9118 92
9119 245
9120 23
9121 33
9122 69
9123 7
9124 88
9125 40
9126 69
9127 120
9128 245
9129 180
9130 249
9131 80
9132 238
9133 214
9134 150
9135 126
9136 73
9137 38
9138 99
9139 204
9140 14
9141 176
9142 118
9143 241
9144 91
9145 115
9146 6
9147 191
9148 95
9149 24
9150 108
9151 122
9152 235
9153 136
9154 10
9155 160
9156 177
9157 193
9158 45
9159 73
9160 149
9161 86
9162 245
9163 218
9164 163
9165 48
9166 125
9167 85
9168 45
9169 242
9170 17
9171 5
9172 116
9173 157
9174 41
9175 199
9176 104
9177 224
9178 65
9179 176
9180 204
9181 199
9182 171
9183 100
9184 93
9185 57
9186 240
9187 239
9188 181
9189 189
9190 56
9191 167
9192 98
9193 23
9194 165
9195 89
9196 221
9197 1
9198 146
9199 80
9200 96
9201 30
9202 14
9203 195
9204 85
9205 59
9206 158
9207 152
9208 89
9209 197
9210 54
9211 244
9212 111
9213 135
9214 92
9215 18
9216 36
9217 223
9218 145
9219 173
9220 37
9221 194
9222 94
9223 147
9224 12
9225 147
9226 46
9227 69
9228 201
9229 24
9230 8
9231 68
9232 241
9233 167
9234 52
9235 107
9236 0
9237 110
9238 246
9239 218
9240 10
9241 210
9242 94
9243 198
9244 157
9245 39
9246 159
9247 205
9248 110
9249 161
9250 94
9251 134
9252 143
9253 139
9254 211
9255 243
9256 127
9257 67
9258 199
9259 190
9260 76
9261 247
9262 129
9263 114
9264 44
9265 159
9266 50
9267 131
9268 106
9269 204
9270 110
9271 57
9272 165
9273 54
9274 241
9275 241
9276 50
9277 97
9278 160
9279 135
9280 62
9281 118
9282 14
9283 221
9284 21
9285 79
9286 198
9287 203
9288 176
9289 205
9290 111
9291 177
9292 22
9293 227
9294 82
9295 85
9296 81
9297 20
9298 30
9299 54
9300 160
9301 118
9302 74
9303 190
9304 24
9305 167
9306 223
9307 198
9308 198
9309 20
9310 26
9311 77
9312 50
9313 33
9314 51
9315 121
9316 187
9317 69
9318 28
9319 141
9320 189
9321 189
9322 60
9323 75
9324 220
9325 8
9326 30
9327 201
9328 61
9329 198
9330 55
9331 78
9332 219
9333 104
9334 3
9335 65
9336 39
9337 57
9338 135
9339 65
9340 74
9341 24
9342 142
9343 36
9344 178
9345 233
9346 211
9347 112
9348 245
9349 137
9350 76
9351 156
9352 18
9353 150
9354 189
9355 116
9356 164
9357 176
9358 160
9359 4
9360 53
9361 107
9362 27
9363 177
9364 224
9365 72
9366 125
9367 234
9368 193
9369 177
9370 244
9371 1
9372 99
9373 131
9374 216
9375 27
9376 69
9377 136
9378 116
9379 234
9380 86
9381 225
9382 221
9383 167
9384 220
9385 3
9386 96
9387 181
9388 164
9389 95
9390 209
9391 181
9392 244
9393 161
9394 107
9395 226
9396 225
9397 60
9398 116
9399 67
9400 157
9401 24
9402 159
9403 174
9404 240
9405 23
9406 58
9407 16
9408 141
9409 38
9410 143
9411 243
9412 204
9413 5
9414 72
9415 62
9416 238
9417 89
9418 7
9419 4
9420 143
9421 190
9422 232
9423 12
9424 202
9425 210
9426 126
9427 243
9428 215
9429 141
9430 237
9431 22
9432 54
9433 220
9434 37
9435 87
9436 13
9437 94
9438 89
9439 238
9440 162
9441 240
9442 143
9443 238
9444 93
9445 216
9446 78
9447 166
9448 217
9449 43
9450 234
9451 234
9452 70
9453 49
9454 123
9455 76
9456 172
9457 71
9458 129
9459 71
9460 227
9461 210
9462 126
9463 120
9464 25
9465 90
9466 54
9467 25
9468 245
9469 7
9470 113
9471 11
9472 233
9473 36
9474 154
9475 113
9476 16
9477 64
9478 235
9479 85
9480 38
9481 74
9482 224
9483 146
9484 93
9485 4
9486 70
9487 228
9488 46
9489 241
9490 202
9491 9
9492 118
9493 139
9494 13
9495 216
9496 32
9497 176
9498 137
9499 17
9500 134
9501 214
9502 202
9503 157
9504 117
9505 76
9506 38
9507 187
9508 114
9509 31
9510 110
9511 170
9512 75
9513 82
9514 176
9515 86
9516 11
9517 63
9518 31
9519 140
9520 170
9521 215
9522 183
9523 126
9524 136
9525 165
9526 140
9527 211
9528 148
9529 220
9530 189
9531 92
9532 160
9533 91
9534 0
9535 199
9536 36
9537 60
9538 127
9539 204
9540 97
9541 192
9542 80
9543 15
9544 88
9545 241
9546 87
9547 75
9548 74
9549 161
9550 152
9551 208
9552 24
9553 29
9554 106
9555 39
9556 218
9557 125
9558 68
9559 166
9560 106
9561 220
9562 72
9563 134
9564 72
9565 224
9566 156
9567 35
9568 33
9569 34
9570 189
9571 239
9572 189
9573 93
9574 207
9575 182
9576 221
9577 136
9578 51
9579 138
9580 115
9581 214
9582 234
9583 208
9584 111
9585 34
9586 205
9587 233
9588 52
9589 101
9590 27
9591 209
9592 232
9593 207
9594 24
9595 245
9596 57
9597 75
9598 192
9599 141
9600 211
9601 127
9602 207
9603 58
9604 12
9605 158
9606 61
9607 198
9608 63
9609 95
9610 14
9611 199
9612 53
9613 193
9614 153
9615 103
9616 62
9617 145
9618 7
9619 98
9620 117
9621 108
9622 224
9623 18
9624 207
9625 48
9626 54
9627 160
9628 145
9629 156
9630 136
9631 79
9632 240
9633 203
9634 26
9635 191
9636 195
9637 1
9638 195
9639 195
9640 125
9641 57
9642 166
9643 123
9644 125
9645 215
9646 11
9647 236
9648 23
9649 74
9650 238
9651 121
9652 219
9653 127
9654 88
9655 198
9656 149
9657 31
9658 26
9659 172
9660 90
9661 177
9662 87
9663 20
9664 11
9665 4
9666 75
9667 50
9668 23
9669 235
9670 246
9671 4
9672 197
9673 97
9674 162
9675 71
9676 30
9677 240
9678 241
9679 132
9680 65
9681 124
9682 154
9683 179
9684 174
9685 0
9686 66
9687 185
9688 152
9689 157
9690 214
9691 196
9692 234
9693 124
9694 186
9695 192
9696 143
9697 130
9698 120
9699 128
9700 26
9701 85
9702 198
9703 121
9704 219
9705 108
9706 85
9707 74
9708 216
9709 60
9710 45
9711 99
9712 43
9713 164
9714 22
9715 88
9716 37
9717 19
9718 232
9719 160
9720 12
9721 78
9722 35
9723 166
9724 212
9725 32
9726 100
9727 81
9728 155
9729 49
9730 58
9731 128
9732 194
9733 52
9734 41
9735 238
9736 120
9737 84
9738 220
9739 178
9740 94
9741 200
9742 166
9743 80
9744 150
9745 136
9746 57
9747 167
9748 16
9749 182
9750 170
9751 75
9752 90
9753 92
9754 117
9755 228
9756 50
9757 163
9758 171
9759 97
9760 218
9761 87
9762 2
9763 115
9764 130
9765 41
9766 144
9767 183
9768 204
9769 130
9770 164
9771 172
9772 111
9773 51
9774 221
9775 200
9776 173
9777 228
9778 2
9779 25
9780 58
9781 232
9782 178
9783 95
9784 170
9785 87
9786 47
9787 113
9788 208
9789 169
9790 214
9791 208
9792 35
9793 48
9794 16
9795 237
9796 151
9797 200
9798 133
9799 23
9800 77
9801 171
9802 208
9803 42
9804 17
9805 92
9806 81
9807 111
9808 11
9809 34
9810 232
9811 65
9812 76
9813 83
9814 117
9815 116
9816 42
9817 25
9818 117
9819 139
9820 11
9821 109
9822 175
9823 142
9824 182
9825 58
9826 183
9827 204
9828 8
9829 151
9830 81
9831 47
9832 176
9833 6
9834 133
9835 138
9836 235
9837 92
9838 90
9839 81
9840 168
9841 54
9842 128
9843 162
9844 205
9845 197
9846 246
9847 150
9848 137
9849 11
9850 80
9851 135
9852 83
9853 151
9854 13
9855 40
9856 77
9857 222
9858 238
9859 75
9860 186
9861 35
9862 27
9863 15
9864 201
9865 69
9866 99
9867 186
9868 0
9869 247
9870 107
9871 145
9872 71
9873 237
9874 52
9875 135
9876 91
9877 138
9878 191
9879 190
9880 33
9881 15
9882 32
9883 86
9884 14
9885 15
9886 126
9887 223
9888 119
9889 22
9890 232
9891 156
9892 141
9893 147
9894 26
9895 239
9896 80
9897 199
9898 230
9899 7
9900 20
9901 179
9902 152
9903 99
9904 164
9905 241
9906 41
9907 17
9908 175
9909 167
9910 193
9911 73
9912 90
9913 140
9914 245
9915 150
9916 188
9917 243
9918 127
9919 47
9920 216
9921 56
9922 43
9923 208
9924 64
9925 114
9926 81
9927 54
9928 50
9929 6
9930 13
9931 178
9932 191
9933 187
9934 205
9935 84
9936 224
9937 176
9938 166
9939 174
9940 239
9941 164
9942 79
9943 202
9944 132
9945 0
9946 108
9947 148
9948 138
9949 93
9950 219
9951 184
9952 50
9953 69
9954 247
9955 172
9956 141
9957 146
9958 21
9959 158
9960 3
9961 68
9962 60
9963 83
9964 100
9965 46
9966 171
9967 125
9968 58
9969 202
9970 112
9971 161
9972 242
9973 99
9974 43
9975 63
9976 3
9977 187
9978 102
9979 158
9980 205
9981 82
9982 223
9983 236
9984 229
9985 186
9986 177
9987 165
9988 233
9989 84
9990 132
9991 12
9992 227
9993 193
9994 89
9995 180
9996 105
9997 149
9998 153
9999 224
