0 15
1 191
2 23
3 92
4 225
5 49
6 81
7 85
8 208
9 88
10 163
11 177
12 149
13 84
14 212
15 99
16 123
17 50
18 6
19 63
20 201
21 152
22 236
23 61
24 145
25 191
26 241
27 69
28 198
29 208
30 234
31 142
32 204
33 51
34 5
35 11
36 116
37 87
38 176
39 181
40 52
41 15
42 59
43 189
44 216
45 91
46 111
47 202
48 41
49 111
50 176
51 98
52 199
53 123
54 175
55 39
56 67
57 52
58 139
59 57
60 109
61 231
62 218
63 24
64 222
65 216
66 36
67 125
68 64
69 37
70 171
71 173
72 169
73 214
74 220
75 183
76 34
77 65
78 73
79 132
80 2
81 109
82 56
83 104
84 54
85 163
86 248
87 0
88 201
89 227
90 153
91 107
92 115
93 176
94 138
95 143
96 56
97 190
98 26
99 198
100 102
101 54
102 247
103 111
104 190
105 171
106 67
107 139
108 151
109 234
110 227
111 87
112 169
113 18
114 154
115 188
116 41
117 176
118 18
119 159
120 125
121 243
122 114
123 173
124 175
125 82
126 14
127 241
128 187
129 227
130 216
131 182
132 205
133 219
134 59
135 28
136 41
137 90
138 75
139 50
140 161
141 234
142 149
143 180
144 26
145 221
146 171
147 157
148 128
149 153
150 48
151 62
152 4
153 55
154 25
155 233
156 205
157 178
158 1
159 190
160 185
161 19
162 208
163 109
164 82
165 227
166 72
167 110
168 104
169 233
170 230
171 241
172 103
173 120
174 221
175 239
176 168
177 49
178 104
179 215
180 23
181 27
182 55
183 45
184 153
185 227
186 221
187 36
188 16
189 95
190 25
191 24
192 78
193 214
194 135
195 88
196 213
197 93
198 212
199 73
200 211
201 37
202 216
203 90
204 61
205 117
206 87
207 115
208 169
209 121
210 191
211 186
212 56
213 116
214 86
215 63
216 182
217 95
218 149
219 103
220 202
221 126
222 59
223 168
224 79
225 29
226 186
227 121
228 173
229 184
230 158
231 80
232 89
233 44
234 74
235 190
236 185
237 184
238 9
239 172
240 111
241 118
242 27
243 85
244 147
245 203
246 142
247 109
248 87
249 122
250 57
251 148
252 148
253 155
254 234
255 138
256 139
257 249
258 161
259 188
260 217
261 237
262 63
263 31
264 226
265 127
266 86
267 203
268 122
269 59
270 182
271 41
272 33
273 238
274 186
275 125
276 88
277 200
278 81
279 197
280 163
281 183
282 188
283 196
284 99
285 157
286 134
287 215
288 181
289 88
290 199
291 149
292 19
293 2
294 180
295 208
296 35
297 4
298 127
299 14
300 37
301 47
302 25
303 71
304 95
305 50
306 115
307 43
308 162
309 200
310 218
311 211
312 55
313 211
314 74
315 87
316 207
317 218
318 156
319 52
320 228
321 165
322 97
323 53
324 112
325 240
326 17
327 202
328 16
329 67
330 143
331 217
332 22
333 142
334 144
335 209
336 140
337 70
338 28
339 69
340 245
341 104
342 246
343 164
344 41
345 76
346 86
347 232
348 228
349 238
350 206
351 37
352 25
353 74
354 6
355 56
356 233
357 115
358 242
359 94
360 222
361 153
362 139
363 217
364 123
365 40
366 115
367 106
368 150
369 34
370 63
371 102
372 134
373 164
374 49
375 155
376 216
377 153
378 201
379 85
380 145
381 15
382 182
383 74
384 112
385 149
386 112
387 64
388 66
389 72
390 197
391 113
392 93
393 56
394 65
395 119
396 89
397 181
398 152
399 67
400 25
401 136
402 247
403 190
404 64
405 23
406 83
407 203
408 244
409 30
410 198
411 239
412 56
413 182
414 187
415 141
416 46
417 21
418 234
419 2
420 78
421 246
422 234
423 174
424 138
425 50
426 109
427 16
428 226
429 187
430 29
431 110
432 200
433 18
434 95
435 199
436 20
437 215
438 82
439 247
440 38
441 149
442 119
443 182
444 241
445 54
446 225
447 11
448 52
449 180
450 247
451 178
452 135
453 149
454 53
455 21
456 86
457 100
458 55
459 189
460 31
461 181
462 238
463 22
464 11
465 69
466 103
467 12
468 58
469 17
470 64
471 221
472 184
473 173
474 49
475 17
476 139
477 123
478 164
479 155
480 147
481 194
482 16
483 65
484 160
485 62
486 190
487 145
488 40
489 103
490 22
491 224
492 123
493 183
494 159
495 46
496 120
497 225
498 70
499 170
500 117
501 204
502 16
503 42
504 130
505 68
506 222
507 134
508 209
509 22
510 125
511 109
512 59
513 222
514 149
515 92
516 157
517 189
518 136
519 180
520 48
521 206
522 85
523 145
524 42
525 71
526 179
527 86
528 105
529 66
530 157
531 5
532 83
533 83
534 149
535 22
536 194
537 102
538 20
539 167
540 230
541 78
542 224
543 73
544 86
545 179
546 109
547 245
548 242
549 134
550 163
551 132
552 32
553 127
554 173
555 100
556 112
557 154
558 132
559 183
560 195
561 230
562 217
563 98
564 115
565 225
566 225
567 153
568 102
569 193
570 238
571 178
572 236
573 216
574 196
575 92
576 109
577 74
578 27
579 49
580 56
581 23
582 84
583 39
584 44
585 150
586 184
587 135
588 202
589 155
590 44
591 145
592 125
593 143
594 1
595 173
596 133
597 138
598 188
599 22
600 121
601 218
602 168
603 143
604 31
605 189
606 84
607 223
608 4
609 152
610 91
611 230
612 175
613 144
614 103
615 118
616 170
617 76
618 162
619 10
620 131
621 142
622 122
623 66
624 236
625 196
626 118
627 74
628 67
629 186
630 190
631 21
632 4
633 60
634 79
635 44
636 225
637 63
638 101
639 115
640 90
641 165
642 152
643 145
644 162
645 249
646 77
647 5
648 7
649 102
650 179
651 201
652 217
653 116
654 220
655 33
656 116
657 108
658 131
659 76
660 18
661 120
662 79
663 82
664 181
665 219
666 35
667 136
668 15
669 156
670 170
671 209
672 248
673 2
674 206
675 128
676 165
677 38
678 19
679 152
680 212
681 224
682 85
683 222
684 239
685 212
686 99
687 67
688 189
689 3
690 81
691 240
692 229
693 185
694 4
695 40
696 126
697 186
698 241
699 96
700 40
701 130
702 139
703 232
704 129
705 73
706 64
707 205
708 55
709 248
710 0
711 176
712 225
713 156
714 128
715 139
716 2
717 219
718 50
719 101
720 137
721 186
722 238
723 132
724 94
725 22
726 116
727 55
728 171
729 224
730 53
731 87
732 147
733 21
734 236
735 203
736 21
737 155
738 75
739 130
740 1
741 170
742 187
743 219
744 29
745 101
746 219
747 32
748 168
749 22
750 93
751 100
752 48
753 173
754 156
755 242
756 94
757 23
758 105
759 234
760 170
761 234
762 125
763 85
764 3
765 95
766 3
767 206
768 7
769 180
770 236
771 13
772 108
773 248
774 136
775 156
776 114
777 207
778 73
779 176
780 39
781 201
782 215
783 171
784 118
785 0
786 204
787 50
788 72
789 173
790 178
791 204
792 110
793 80
794 228
795 205
796 68
797 174
798 140
799 172
800 138
801 18
802 140
803 112
804 38
805 240
806 232
807 36
808 71
809 244
810 205
811 52
812 131
813 1
814 239
815 15
816 115
817 41
818 54
819 66
820 135
821 159
822 182
823 143
824 85
825 143
826 115
827 197
828 245
829 215
830 196
831 213
832 192
833 194
834 224
835 149
836 230
837 180
838 55
839 13
840 40
841 33
842 29
843 112
844 247
845 43
846 187
847 2
848 193
849 96
850 131
851 83
852 237
853 53
854 145
855 25
856 86
857 127
858 5
859 162
860 93
861 22
862 63
863 106
864 197
865 201
866 48
867 224
868 14
869 196
870 120
871 224
872 16
873 146
874 212
875 9
876 3
877 22
878 44
879 18
880 79
881 89
882 6
883 225
884 46
885 107
886 126
887 8
888 24
889 180
890 174
891 33
892 229
893 9
894 70
895 115
896 240
897 199
898 117
899 95
900 114
901 109
902 178
903 38
904 185
905 24
906 39
907 153
908 183
909 132
910 31
911 110
912 10
913 169
914 26
915 159
916 38
917 63
918 236
919 21
920 85
921 160
922 38
923 78
924 59
925 38
926 17
927 197
928 140
929 207
930 106
931 4
932 44
933 193
934 152
935 72
936 129
937 88
938 141
939 109
940 106
941 115
942 172
943 78
944 151
945 53
946 174
947 71
948 70
949 156
950 80
951 247
952 28
953 225
954 33
955 147
956 50
957 70
958 34
959 10
960 1
961 239
962 146
963 25
964 243
965 115
966 29
967 141
968 192
969 74
970 200
971 178
972 107
973 232
974 30
975 168
976 96
977 83
978 87
979 37
980 39
981 68
982 90
983 27
984 147
985 210
986 92
987 142
988 184
989 155
990 82
991 235
992 197
993 105
994 234
995 4
996 228
997 54
998 6
999 234
1000 62
1001 96
1002 74
1003 217
1004 182
1005 111
1006 134
1007 248
1008 119
1009 221
1010 69
1011 82
1012 34
1013 98
1014 72
1015 73
1016 31
1017 15
1018 46
1019 129
1020 112
1021 215
1022 85
1023 7
1024 216
1025 126
1026 233
1027 129
1028 46
1029 150
1030 113
1031 193
1032 14
1033 80
1034 123
1035 84
1036 21
1037 211
1038 200
1039 239
1040 107
1041 130
1042 181
1043 42
1044 113
1045 151
1046 6
1047 98
1048 185
1049 181
1050 180
1051 122
1052 33
1053 149
1054 172
1055 10
1056 35
1057 138
1058 36
1059 19
1060 205
1061 221
1062 208
1063 145
1064 112
1065 101
1066 32
1067 55
1068 46
1069 64
1070 192
1071 19
1072 181
1073 190
1074 102
1075 28
1076 208
1077 209
1078 137
1079 0
1080 154
1081 227
1082 85
1083 53
1084 72
1085 12
1086 111
1087 236
1088 150
1089 192
1090 207
1091 113
1092 157
1093 152
1094 180
1095 51
1096 18
1097 72
1098 162
1099 17
1100 64
1101 4
1102 142
1103 171
1104 20
1105 32
1106 112
1107 152
1108 154
1109 151
1110 72
1111 167
1112 233
1113 125
1114 153
1115 125
1116 12
1117 103
1118 189
1119 246
1120 83
1121 223
1122 56
1123 188
1124 129
1125 215
1126 237
1127 27
1128 185
1129 23
1130 236
1131 15
1132 85
1133 172
1134 233
1135 234
1136 134
1137 129
1138 18
1139 112
1140 125
1141 228
1142 32
1143 82
1144 102
1145 212
1146 53
1147 57
1148 157
1149 51
1150 191
1151 113
1152 125
1153 25
1154 231
1155 127
1156 9
1157 78
1158 152
1159 156
1160 196
1161 85
1162 196
1163 170
1164 230
1165 75
1166 191
1167 200
1168 3
1169 32
1170 65
1171 217
1172 221
1173 107
1174 148
1175 106
1176 157
1177 216
1178 179
1179 29
1180 143
1181 130
1182 236
1183 143
1184 185
1185 221
1186 38
1187 118
1188 203
1189 79
1190 211
1191 172
1192 222
1193 66
1194 41
1195 233
1196 139
1197 168
1198 119
1199 196
1200 209
1201 216
1202 245
1203 199
1204 16
1205 22
1206 60
1207 18
1208 158
1209 73
1210 222
1211 37
1212 171
1213 45
1214 105
1215 30
1216 195
1217 5
1218 223
1219 42
1220 224
1221 51
1222 138
1223 190
1224 78
1225 155
1226 217
1227 56
1228 134
1229 81
1230 39
1231 41
1232 222
1233 99
1234 141
1235 183
1236 81
1237 202
1238 49
1239 235
1240 83
1241 109
1242 194
1243 37
1244 68
1245 116
1246 118
1247 214
1248 161
1249 67
1250 0
1251 64
1252 215
1253 155
1254 198
1255 142
1256 213
1257 197
1258 246
1259 71
1260 31
1261 40
1262 94
1263 223
1264 19
1265 39
1266 239
1267 219
1268 166
1269 137
1270 217
1271 169
1272 114
1273 223
1274 162
1275 182
1276 161
1277 37
1278 228
1279 104
1280 18
1281 235
1282 220
1283 201
1284 176
1285 4
1286 92
1287 209
1288 41
1289 216
1290 1
1291 8
1292 219
1293 111
1294 221
1295 135
1296 164
1297 21
1298 70
1299 7
1300 140
1301 169
1302 117
1303 83
1304 174
1305 230
1306 108
1307 168
1308 214
1309 29
1310 132
1311 100
1312 175
1313 196
1314 228
1315 62
1316 172
1317 37
1318 52
1319 67
1320 53
1321 200
1322 225
1323 151
1324 211
1325 71
1326 74
1327 35
1328 46
1329 118
1330 36
1331 236
1332 75
1333 176
1334 20
1335 120
1336 239
1337 148
1338 198
1339 158
1340 43
1341 215
1342 68
1343 160
1344 220
1345 205
1346 205
1347 37
1348 207
1349 216
1350 8
1351 128
1352 113
1353 228
1354 65
1355 75
1356 75
1357 139
1358 171
1359 237
1360 246
1361 44
1362 48
1363 168
1364 83
1365 206
1366 3
1367 6
1368 50
1369 166
1370 180
1371 93
1372 162
1373 153
1374 232
1375 162
1376 179
1377 199
1378 230
1379 206
1380 69
1381 107
1382 105
1383 18
1384 132
1385 242
1386 121
1387 181
1388 128
1389 144
1390 240
1391 9
1392 80
1393 160
1394 83
1395 12
1396 118
1397 15
1398 237
1399 75
1400 208
1401 8
1402 27
1403 113
1404 226
1405 239
1406 78
1407 26
1408 4
1409 70
1410 69
1411 189
1412 81
1413 53
1414 110
1415 238
1416 94
1417 66
1418 206
1419 68
1420 7
1421 173
1422 204
1423 12
1424 122
1425 67
1426 162
1427 23
1428 29
1429 197
1430 68
1431 155
1432 167
1433 34
1434 151
1435 212
1436 139
1437 10
1438 93
1439 125
1440 59
1441 69
1442 5
1443 180
1444 194
1445 128
1446 202
1447 108
1448 155
1449 213
1450 9
1451 160
1452 227
1453 243
1454 23
1455 115
1456 188
1457 156
1458 207
1459 43
1460 42
1461 92
1462 229
1463 193
1464 15
1465 68
1466 53
1467 123
1468 223
1469 183
1470 73
1471 109
1472 111
1473 60
1474 42
1475 219
1476 195
1477 157
1478 195
1479 69
1480 242
1481 166
1482 0
1483 137
1484 139
1485 155
1486 106
1487 59
1488 11
1489 5
1490 30
1491 67
1492 97
1493 178
1494 221
1495 20
1496 155
1497 56
1498 173
1499 208
1500 248
1501 166
1502 247
1503 199
1504 208
1505 69
1506 79
1507 232
1508 4
1509 239
1510 131
1511 134
1512 36
1513 222
1514 99
1515 249
1516 136
1517 183
1518 189
1519 89
1520 15
1521 222
1522 221
1523 69
1524 65
1525 34
1526 218
1527 16
1528 103
1529 201
1530 238
1531 67
1532 82
1533 95
1534 105
1535 192
1536 26
1537 87
1538 85
1539 75
1540 184
1541 91
1542 32
1543 230
1544 25
1545 205
1546 181
1547 224
1548 79
1549 128
1550 236
1551 151
1552 226
1553 124
1554 125
1555 115
1556 238
1557 56
1558 161
1559 219
1560 244
1561 95
1562 201
1563 233
1564 229
1565 233
1566 123
1567 15
1568 27
1569 15
1570 222
1571 173
1572 43
1573 153
1574 165
1575 51
1576 127
1577 89
1578 81
1579 136
1580 117
1581 80
1582 70
1583 25
1584 134
1585 2
1586 102
1587 21
1588 222
1589 194
1590 215
1591 7
1592 55
1593 108
1594 18
1595 147
1596 159
1597 38
1598 21
1599 116
1600 81
1601 123
1602 88
1603 59
1604 116
1605 127
1606 230
1607 170
1608 54
1609 193
1610 7
1611 184
1612 23
1613 124
1614 69
1615 194
1616 175
1617 6
1618 133
1619 184
1620 233
1621 139
1622 199
1623 43
1624 127
1625 150
1626 203
1627 109
1628 122
1629 49
1630 102
1631 59
1632 176
1633 6
1634 181
1635 113
1636 37
1637 213
1638 161
1639 203
1640 88
1641 168
1642 110
1643 8
1644 131
1645 237
1646 37
1647 22
1648 165
1649 230
1650 242
1651 101
1652 9
1653 122
1654 103
1655 193
1656 29
1657 180
1658 103
1659 201
1660 187
1661 249
1662 138
1663 226
1664 95
1665 65
1666 70
1667 141
1668 202
1669 24
1670 63
1671 158
1672 214
1673 108
1674 166
1675 118
1676 53
1677 176
1678 89
1679 196
1680 22
1681 99
1682 101
1683 217
1684 40
1685 73
1686 86
1687 134
1688 65
1689 109
1690 5
1691 194
1692 195
1693 91
1694 24
1695 67
1696 20
1697 182
1698 4
1699 97
1700 25
1701 97
1702 54
1703 224
1704 115
1705 233
1706 7
1707 81
1708 9
1709 210
1710 16
1711 201
1712 29
1713 197
1714 74
1715 233
1716 218
1717 248
1718 223
1719 97
1720 47
1721 62
1722 159
1723 8
1724 128
1725 173
1726 106
1727 226
1728 157
1729 232
1730 6
1731 1
1732 123
1733 192
1734 106
1735 8
1736 26
1737 163
1738 144
1739 128
1740 135
1741 217
1742 111
1743 186
1744 38
1745 164
1746 66
1747 244
1748 175
1749 61
1750 164
1751 79
1752 172
1753 215
1754 97
1755 28
1756 41
1757 150
1758 148
1759 64
1760 86
1761 109
1762 215
1763 178
1764 5
1765 244
1766 157
1767 207
1768 148
1769 155
1770 147
1771 40
1772 239
1773 138
1774 53
1775 219
1776 84
1777 164
1778 170
1779 45
1780 209
1781 153
1782 71
1783 210
1784 213
1785 18
1786 204
1787 48
1788 169
1789 136
1790 38
1791 80
1792 10
1793 130
1794 64
1795 119
1796 64
1797 57
1798 206
1799 72
1800 199
1801 216
1802 78
1803 96
1804 209
1805 149
1806 48
1807 160
1808 5
1809 147
1810 137
1811 180
1812 128
1813 150
1814 223
1815 175
1816 133
1817 203
1818 136
1819 174
1820 204
1821 218
1822 165
1823 109
1824 87
1825 147
1826 11
1827 66
1828 37
1829 106
1830 81
1831 34
1832 118
1833 8
1834 124
1835 154
1836 104
1837 71
1838 135
1839 149
1840 162
1841 36
1842 105
1843 240
1844 165
1845 171
1846 126
1847 155
1848 178
1849 122
1850 248
1851 35
1852 41
1853 222
1854 76
1855 62
1856 86
1857 1
1858 35
1859 214
1860 244
1861 190
1862 205
1863 230
1864 85
1865 54
1866 233
1867 90
1868 34
1869 129
1870 61
1871 4
1872 144
1873 161
1874 146
1875 146
1876 146
1877 173
1878 237
1879 35
1880 113
1881 133
1882 155
1883 74
1884 89
1885 220
1886 220
1887 48
1888 123
1889 21
1890 244
1891 171
1892 98
1893 105
1894 11
1895 239
1896 17
1897 51
1898 19
1899 1
1900 176
1901 69
1902 169
1903 166
1904 174
1905 2
1906 97
1907 218
1908 15
1909 164
1910 96
1911 202
1912 204
1913 9
1914 13
1915 245
1916 93
1917 114
1918 39
1919 221
1920 28
1921 145
1922 196
1923 206
1924 22
1925 228
1926 46
1927 143
1928 180
1929 26
1930 51
1931 118
1932 172
1933 93
1934 246
1935 72
1936 137
1937 74
1938 144
1939 131
1940 52
1941 242
1942 123
1943 196
1944 202
1945 120
1946 81
1947 118
1948 28
1949 40
1950 86
1951 103
1952 0
1953 236
1954 59
1955 206
1956 23
1957 67
1958 26
1959 169
1960 200
1961 156
1962 77
1963 235
1964 47
1965 165
1966 61
1967 39
1968 12
1969 54
1970 188
1971 127
1972 211
1973 28
1974 113
1975 128
1976 127
1977 86
1978 61
1979 5
1980 204
1981 216
1982 142
1983 144
1984 222
1985 223
1986 231
1987 84
1988 105
1989 242
1990 189
1991 209
1992 152
1993 87
1994 71
1995 234
1996 5
1997 56
1998 132
1999 20
2000 92
2001 243
2002 198
2003 219
2004 141
2005 81
2006 30
2007 191
2008 79
2009 10
2010 5
2011 104
2012 83
2013 9
2014 157
2015 33
2016 151
2017 106
2018 140
2019 207
2020 216
2021 156
2022 141
2023 220
2024 211
2025 14
2026 183
2027 191
2028 170
2029 64
2030 173
2031 72
2032 74
2033 194
2034 32
2035 215
2036 191
2037 234
2038 236
2039 222
2040 73
2041 16
2042 233
2043 71
2044 225
2045 153
2046 11
2047 196
2048 192
2049 238
2050 194
2051 205
2052 140
2053 106
2054 140
2055 78
2056 62
2057 57
2058 180
2059 165
2060 6
2061 38
2062 166
2063 133
2064 1
2065 199
2066 89
2067 99
2068 95
2069 83
2070 116
2071 83
2072 3
2073 208
2074 200
2075 38
2076 64
2077 95
2078 159
2079 65
2080 218
2081 199
2082 195
2083 4
2084 128
2085 22
2086 97
2087 181
2088 156
2089 126
2090 137
2091 181
2092 186
2093 127
2094 24
2095 43
2096 56
2097 36
2098 89
2099 140
2100 161
2101 35
2102 49
2103 101
2104 122
2105 121
2106 42
2107 4
2108 103
2109 69
2110 188
2111 72
2112 110
2113 9
2114 140
2115 165
2116 9
2117 107
2118 45
2119 236
2120 62
2121 138
2122 176
2123 93
2124 95
2125 174
2126 1
2127 215
2128 5
2129 217
2130 198
2131 38
2132 107
2133 157
2134 219
2135 53
2136 197
2137 197
2138 207
2139 112
2140 190
2141 245
2142 235
2143 172
2144 153
2145 56
2146 204
2147 92
2148 175
2149 138
2150 213
2151 37
2152 68
2153 84
2154 49
2155 43
2156 184
2157 63
2158 88
2159 89
2160 208
2161 138
2162 209
2163 226
2164 135
2165 133
2166 134
2167 12
2168 123
2169 127
2170 215
2171 53
2172 46
2173 231
2174 54
2175 213
2176 23
2177 119
2178 83
2179 84
2180 160
2181 81
2182 44
2183 83
2184 179
2185 232
2186 7
2187 123
2188 128
2189 4
2190 203
2191 132
2192 85
2193 109
2194 32
2195 157
2196 217
2197 245
2198 74
2199 240
2200 243
2201 5
2202 132
2203 246
2204 206
2205 88
2206 209
2207 210
2208 235
2209 128
2210 107
2211 135
2212 195
2213 118
2214 178
2215 201
2216 213
2217 107
2218 189
2219 124
2220 249
2221 40
2222 105
2223 57
2224 231
2225 126
2226 49
2227 9
2228 222
2229 44
2230 53
2231 138
2232 162
2233 129
2234 47
2235 240
2236 181
2237 235
2238 243
2239 22
2240 159
2241 197
2242 102
2243 226
2244 88
2245 167
2246 75
2247 123
2248 91
2249 63
2250 97
2251 216
2252 146
2253 201
2254 93
2255 232
2256 159
2257 17
2258 199
2259 46
2260 109
2261 172
2262 89
2263 126
2264 222
2265 211
2266 0
2267 10
2268 216
2269 31
2270 155
2271 143
2272 173
2273 18
2274 162
2275 82
2276 91
2277 142
2278 215
2279 195
2280 21
2281 164
2282 86
2283 232
2284 173
2285 73
2286 198
2287 114
2288 241
2289 24
2290 84
2291 189
2292 53
2293 153
2294 115
2295 157
2296 111
2297 225
2298 101
2299 69
2300 154
2301 225
2302 207
2303 90
2304 238
2305 103
2306 40
2307 192
2308 10
2309 175
2310 211
2311 31
2312 103
2313 157
2314 33
2315 155
2316 34
2317 214
2318 56
2319 147
2320 10
2321 209
2322 229
2323 41
2324 192
2325 5
2326 172
2327 73
2328 58
2329 47
2330 153
2331 224
2332 122
2333 117
2334 100
2335 239
2336 111
2337 138
2338 164
2339 83
2340 199
2341 64
2342 83
2343 230
2344 194
2345 74
2346 229
2347 206
2348 51
2349 2
2350 188
2351 212
2352 222
2353 111
2354 196
2355 180
2356 172
2357 8
2358 235
2359 18
2360 207
2361 213
2362 44
2363 221
2364 196
2365 91
2366 179
2367 203
2368 89
2369 36
2370 100
2371 237
2372 142
2373 31
2374 188
2375 159
2376 63
2377 11
2378 205
2379 81
2380 219
2381 84
2382 56
2383 10
2384 187
2385 216
2386 245
2387 57
2388 222
2389 229
2390 209
2391 119
2392 212
2393 148
2394 79
2395 179
2396 150
2397 25
2398 123
2399 196
2400 217
2401 5
2402 125
2403 158
2404 103
2405 229
2406 94
2407 165
2408 115
2409 20
2410 202
2411 60
2412 29
2413 121
2414 145
2415 129
2416 37
2417 190
2418 155
2419 221
2420 181
2421 195
2422 86
2423 241
2424 170
2425 134
2426 64
2427 17
2428 135
2429 64
2430 231
2431 223
2432 188
2433 195
2434 28
2435 152
2436 131
2437 187
2438 67
2439 43
2440 14
2441 186
2442 100
2443 220
2444 44
2445 107
2446 132
2447 82
2448 231
2449 219
2450 232
2451 202
2452 74
2453 58
2454 155
2455 88
2456 79
2457 35
2458 167
2459 69
2460 108
2461 116
2462 100
2463 100
2464 121
2465 244
2466 64
2467 144
2468 192
2469 246
2470 6
2471 80
2472 226
2473 98
2474 39
2475 146
2476 170
2477 2
2478 14
2479 192
2480 171
2481 80
2482 193
2483 212
2484 173
2485 190
2486 128
2487 215
2488 159
2489 207
2490 241
2491 99
2492 45
2493 187
2494 180
2495 93
2496 31
2497 36
2498 113
2499 210
2500 82
2501 227
2502 153
2503 3
2504 63
2505 69
2506 177
2507 241
2508 63
2509 114
2510 225
2511 68
2512 60
2513 53
2514 105
2515 68
2516 112
2517 147
2518 244
2519 97
2520 92
2521 145
2522 56
2523 94
2524 43
2525 123
2526 127
2527 237
2528 190
2529 79
2530 240
2531 54
2532 51
2533 140
2534 59
2535 132
2536 214
2537 42
2538 5
2539 190
2540 91
2541 131
2542 241
2543 231
2544 155
2545 151
2546 119
2547 19
2548 28
2549 37
2550 190
2551 65
2552 71
2553 85
2554 208
2555 42
2556 109
2557 234
2558 100
2559 39
2560 139
2561 135
2562 52
2563 2
2564 204
2565 15
2566 19
2567 85
2568 138
2569 134
2570 79
2571 117
2572 53
2573 151
2574 7
2575 32
2576 233
2577 128
2578 159
2579 50
2580 226
2581 81
2582 197
2583 117
2584 156
2585 3
2586 145
2587 210
2588 6
2589 59
2590 52
2591 141
2592 137
2593 184
2594 9
2595 2
2596 51
2597 241
2598 106
2599 21
2600 152
2601 96
2602 151
2603 9
2604 116
2605 57
2606 85
2607 67
2608 186
2609 155
2610 61
2611 115
2612 226
2613 91
2614 152
2615 21
2616 19
2617 4
2618 42
2619 59
2620 162
2621 16
2622 140
2623 100
2624 243
2625 219
2626 90
2627 126
2628 243
2629 31
2630 48
2631 14
2632 245
2633 172
2634 224
2635 133
2636 212
2637 206
2638 181
2639 214
2640 68
2641 205
2642 72
2643 125
2644 99
2645 7
2646 227
2647 247
2648 52
2649 164
2650 29
2651 42
2652 1
2653 219
2654 128
2655 168
2656 125
2657 175
2658 84
2659 209
2660 62
2661 233
2662 196
2663 64
2664 249
2665 248
2666 116
2667 40
2668 110
2669 198
2670 160
2671 190
2672 160
2673 4
2674 229
2675 28
2676 182
2677 134
2678 241
2679 151
2680 18
2681 103
2682 109
2683 204
2684 227
2685 1
2686 240
2687 223
2688 112
2689 58
2690 166
2691 146
2692 236
2693 196
2694 183
2695 44
2696 85
2697 246
2698 25
2699 99
2700 165
2701 122
2702 213
2703 64
2704 230
2705 140
2706 185
2707 41
2708 205
2709 20
2710 213
2711 9
2712 22
2713 234
2714 73
2715 237
2716 162
2717 121
2718 164
2719 224
2720 103
2721 140
2722 22
2723 235
2724 179
2725 2
2726 162
2727 186
2728 222
2729 44
2730 54
2731 63
2732 84
2733 113
2734 27
2735 216
2736 245
2737 148
2738 153
2739 164
2740 103
2741 67
2742 148
2743 81
2744 237
2745 172
2746 131
2747 147
2748 40
2749 21
2750 20
2751 133
2752 0
2753 103
2754 47
2755 149
2756 166
2757 91
2758 86
2759 163
2760 49
2761 22
2762 169
2763 182
2764 32
2765 115
2766 172
2767 100
2768 185
2769 211
2770 43
2771 240
2772 178
2773 173
2774 18
2775 188
2776 224
2777 18
2778 108
2779 151
2780 48
2781 198
2782 217
2783 159
2784 80
2785 185
2786 157
2787 241
2788 148
2789 87
2790 0
2791 131
2792 71
2793 9
2794 207
2795 57
2796 110
2797 150
2798 219
2799 110
2800 18
2801 62
2802 27
2803 234
2804 88
2805 145
2806 109
2807 229
2808 112
2809 96
2810 198
2811 173
2812 174
2813 114
2814 42
2815 33
2816 111
2817 33
2818 230
2819 183
2820 201
2821 174
2822 143
2823 17
2824 46
2825 35
2826 75
2827 199
2828 213
2829 18
2830 166
2831 206
2832 110
2833 243
2834 45
2835 236
2836 20
2837 83
2838 104
2839 162
2840 12
2841 29
2842 171
2843 51
2844 80
2845 173
2846 152
2847 1
2848 242
2849 111
2850 3
2851 199
2852 63
2853 211
2854 72
2855 62
2856 240
2857 158
2858 223
2859 12
2860 0
2861 118
2862 65
2863 13
2864 172
2865 169
2866 2
2867 143
2868 94
2869 178
2870 142
2871 102
2872 14
2873 192
2874 219
2875 200
2876 216
2877 177
2878 235
2879 129
2880 43
2881 57
2882 82
2883 211
2884 45
2885 151
2886 144
2887 224
2888 236
2889 37
2890 136
2891 200
2892 115
2893 216
2894 242
2895 228
2896 241
2897 202
2898 20
2899 205
2900 191
2901 185
2902 241
2903 168
2904 179
2905 62
2906 184
2907 174
2908 67
2909 104
2910 8
2911 205
2912 207
2913 19
2914 29
2915 88
2916 80
2917 190
2918 64
2919 231
2920 219
2921 31
2922 7
2923 247
2924 121
2925 233
2926 226
2927 217
2928 73
2929 15
2930 242
2931 225
2932 153
2933 198
2934 233
2935 215
2936 247
2937 82
2938 89
2939 104
2940 130
2941 236
2942 93
2943 86
2944 93
2945 245
2946 119
2947 212
2948 42
2949 187
2950 226
2951 23
2952 85
2953 173
2954 188
2955 182
2956 203
2957 179
2958 179
2959 186
2960 40
2961 44
2962 204
2963 128
2964 88
2965 31
2966 215
2967 115
2968 194
2969 171
2970 136
2971 207
2972 248
2973 74
2974 79
2975 17
2976 29
2977 3
2978 234
2979 200
2980 116
2981 225
2982 6
2983 113
2984 209
2985 121
2986 16
2987 31
2988 212
2989 162
2990 25
2991 32
2992 88
2993 17
2994 11
2995 54
2996 133
2997 202
2998 169
2999 128
3000 204
3001 182
3002 212
3003 60
3004 100
3005 137
3006 148
3007 112
3008 170
3009 188
3010 195
3011 50
3012 150
3013 140
3014 67
3015 246
3016 156
3017 47
3018 190
3019 1
3020 49
3021 213
3022 69
3023 194
3024 45
3025 229
3026 83
3027 60
3028 35
3029 81
3030 132
3031 246
3032 24
3033 163
3034 178
3035 39
3036 83
3037 17
3038 31
3039 226
3040 117
3041 98
3042 130
3043 236
3044 232
3045 84
3046 109
3047 73
3048 115
3049 67
3050 72
3051 161
3052 231
3053 135
3054 2
3055 191
3056 153
3057 132
3058 163
3059 73
3060 152
3061 57
3062 20
3063 177
3064 183
3065 44
3066 55
3067 204
3068 39
3069 70
3070 94
3071 32
3072 178
3073 202
3074 133
3075 248
3076 170
3077 49
3078 97
3079 152
3080 216
3081 38
3082 90
3083 23
3084 112
3085 217
3086 224
3087 31
3088 172
3089 101
3090 200
3091 58
3092 113
3093 163
3094 23
3095 143
3096 56
3097 12
3098 30
3099 115
3100 182
3101 182
3102 107
3103 62
3104 150
3105 82
3106 169
3107 99
3108 226
3109 15
3110 112
3111 14
3112 138
3113 59
3114 13
3115 177
3116 30
3117 170
3118 36
3119 105
3120 246
3121 60
3122 4
3123 234
3124 100
3125 169
3126 173
3127 88
3128 204
3129 165
3130 96
3131 53
3132 69
3133 21
3134 55
3135 159
3136 116
3137 144
3138 238
3139 49
3140 48
3141 142
3142 94
3143 186
3144 174
3145 199
3146 209
3147 166
3148 246
3149 181
3150 238
3151 13
3152 168
3153 216
3154 41
3155 238
3156 181
3157 247
3158 25
3159 220
3160 33
3161 163
3162 139
3163 99
3164 51
3165 153
3166 177
3167 51
3168 3
3169 165
3170 148
3171 218
3172 86
3173 120
3174 165
3175 241
3176 33
3177 232
3178 71
3179 190
3180 153
3181 232
3182 140
3183 174
3184 89
3185 232
3186 87
3187 37
3188 1
3189 207
3190 204
3191 245
3192 150
3193 134
3194 158
3195 66
3196 191
3197 109
3198 134
3199 219
3200 5
3201 170
3202 217
3203 90
3204 51
3205 80
3206 138
3207 192
3208 105
3209 194
3210 230
3211 33
3212 132
3213 50
3214 31
3215 161
3216 215
3217 63
3218 205
3219 30
3220 45
3221 43
3222 91
3223 128
3224 30
3225 244
3226 5
3227 156
3228 138
3229 22
3230 28
3231 180
3232 199
3233 15
3234 188
3235 75
3236 103
3237 205
3238 186
3239 167
3240 52
3241 234
3242 237
3243 132
3244 12
3245 222
3246 134
3247 2
3248 82
3249 242
3250 209
3251 9
3252 17
3253 164
3254 30
3255 146
3256 11
3257 187
3258 18
3259 94
3260 34
3261 78
3262 231
3263 48
3264 212
3265 25
3266 221
3267 171
3268 34
3269 157
3270 40
3271 126
3272 193
3273 22
3274 179
3275 143
3276 122
3277 72
3278 118
3279 82
3280 247
3281 110
3282 162
3283 200
3284 117
3285 125
3286 31
3287 193
3288 31
3289 103
3290 185
3291 154
3292 155
3293 174
3294 92
3295 4
3296 155
3297 126
3298 19
3299 129
3300 14
3301 102
3302 164
3303 45
3304 11
3305 104
3306 141
3307 180
3308 212
3309 29
3310 42
3311 206
3312 97
3313 42
3314 159
3315 75
3316 65
3317 238
3318 172
3319 177
3320 80
3321 150
3322 190
3323 131
3324 167
3325 67
3326 77
3327 20
3328 10
3329 146
3330 228
3331 174
3332 154
3333 46
3334 79
3335 77
3336 224
3337 161
3338 119
3339 181
3340 93
3341 34
3342 117
3343 26
3344 9
3345 160
3346 52
3347 47
3348 85
3349 160
3350 107
3351 82
3352 45
3353 111
3354 127
3355 39
3356 75
3357 187
3358 135
3359 11
3360 94
3361 137
3362 61
3363 26
3364 222
3365 105
3366 14
3367 178
3368 132
3369 171
3370 17
3371 152
3372 227
3373 213
3374 210
3375 235
3376 119
3377 84
3378 1
3379 137
3380 14
3381 10
3382 215
3383 31
3384 67
3385 57
3386 95
3387 28
3388 78
3389 97
3390 137
3391 126
3392 144
3393 168
3394 170
3395 104
3396 149
3397 150
3398 121
3399 130
3400 90
3401 25
3402 152
3403 164
3404 178
3405 92
3406 195
3407 210
3408 159
3409 99
3410 220
3411 55
3412 137
3413 67
3414 169
3415 130
3416 125
3417 133
3418 54
3419 64
3420 68
3421 14
3422 20
3423 168
3424 9
3425 6
3426 13
3427 44
3428 7
3429 51
3430 241
3431 95
3432 89
3433 215
3434 69
3435 43
3436 39
3437 226
3438 109
3439 191
3440 85
3441 235
3442 20
3443 83
3444 91
3445 157
3446 84
3447 120
3448 246
3449 139
3450 202
3451 88
3452 70
3453 210
3454 8
3455 58
3456 188
3457 141
3458 3
3459 161
3460 151
3461 181
3462 174
3463 179
3464 3
3465 42
3466 32
3467 186
3468 17
3469 206
3470 202
3471 76
3472 171
3473 55
3474 130
3475 108
3476 111
3477 89
3478 221
3479 96
3480 151
3481 109
3482 240
3483 23
3484 62
3485 5
3486 12
3487 31
3488 21
3489 10
3490 239
3491 71
3492 110
3493 103
3494 235
3495 242
3496 207
3497 20
3498 189
3499 20
3500 203
3501 144
3502 180
3503 238
3504 198
3505 201
3506 176
3507 49
3508 163
3509 144
3510 223
3511 6
3512 126
3513 0
3514 177
3515 33
3516 151
3517 224
3518 34
3519 191
3520 128
3521 46
3522 59
3523 142
3524 83
3525 102
3526 43
3527 96
3528 52
3529 172
3530 248
3531 234
3532 28
3533 22
3534 113
3535 209
3536 97
3537 128
3538 213
3539 228
3540 172
3541 149
3542 145
3543 242
3544 102
3545 144
3546 231
3547 136
3548 71
3549 152
3550 84
3551 110
3552 213
3553 188
3554 214
3555 219
3556 16
3557 10
3558 228
3559 13
3560 233
3561 9
3562 27
3563 21
3564 113
3565 40
3566 231
3567 110
3568 151
3569 228
3570 71
3571 198
3572 21
3573 174
3574 116
3575 179
3576 113
3577 151
3578 51
3579 91
3580 168
3581 164
3582 177
3583 68
3584 43
3585 100
3586 221
3587 203
3588 183
3589 77
3590 205
3591 53
3592 211
3593 236
3594 7
3595 75
3596 180
3597 51
3598 186
3599 197
3600 206
3601 133
3602 90
3603 105
3604 227
3605 63
3606 31
3607 76
3608 192
3609 163
3610 121
3611 65
3612 90
3613 30
3614 143
3615 104
3616 205
3617 190
3618 107
3619 92
3620 15
3621 39
3622 22
3623 202
3624 237
3625 165
3626 196
3627 86
3628 95
3629 113
3630 104
3631 174
3632 70
3633 115
3634 49
3635 245
3636 7
3637 117
3638 186
3639 116
3640 59
3641 91
3642 196
3643 155
3644 145
3645 56
3646 82
3647 77
3648 194
3649 203
3650 156
3651 201
3652 28
3653 96
3654 53
3655 189
3656 76
3657 154
3658 118
3659 178
3660 135
3661 17
3662 78
3663 179
3664 70
3665 193
3666 216
3667 222
3668 1
3669 202
3670 119
3671 82
3672 207
3673 46
3674 116
3675 151
3676 128
3677 163
3678 25
3679 192
3680 159
3681 243
3682 80
3683 150
3684 1
3685 37
3686 122
3687 77
3688 44
3689 158
3690 170
3691 99
3692 101
3693 154
3694 9
3695 236
3696 240
3697 27
3698 17
3699 83
3700 243
3701 77
3702 163
3703 144
3704 68
3705 222
3706 154
3707 141
3708 249
3709 159
3710 169
3711 179
3712 73
3713 132
3714 199
3715 0
3716 164
3717 48
3718 22
3719 100
3720 11
3721 143
3722 66
3723 39
3724 170
3725 28
3726 242
3727 132
3728 188
3729 142
3730 231
3731 108
3732 220
3733 217
3734 115
3735 220
3736 50
3737 144
3738 122
3739 198
3740 129
3741 194
3742 92
3743 229
3744 214
3745 13
3746 182
3747 96
3748 201
3749 198
3750 208
3751 97
3752 92
3753 77
3754 213
3755 192
3756 127
3757 247
3758 166
3759 61
3760 20
3761 218
3762 202
3763 46
3764 139
3765 178
3766 10
3767 156
3768 133
3769 31
3770 127
3771 185
3772 246
3773 39
3774 212
3775 41
3776 8
3777 27
3778 111
3779 28
3780 222
3781 162
3782 108
3783 42
3784 28
3785 185
3786 40
3787 231
3788 196
3789 37
3790 184
3791 137
3792 5
3793 96
3794 171
3795 223
3796 0
3797 16
3798 240
3799 117
3800 228
3801 112
3802 17
3803 244
3804 73
3805 111
3806 152
3807 183
3808 122
3809 93
3810 22
3811 202
3812 30
3813 218
3814 234
3815 234
3816 31
3817 11
3818 42
3819 98
3820 69
3821 182
3822 37
3823 115
3824 155
3825 39
3826 76
3827 126
3828 100
3829 239
3830 188
3831 25
3832 230
3833 230
3834 104
3835 179
3836 19
3837 65
3838 136
3839 63
3840 15
3841 27
3842 99
3843 208
3844 161
3845 248
3846 51
3847 244
3848 214
3849 158
3850 241
3851 76
3852 144
3853 172
3854 239
3855 109
3856 241
3857 230
3858 199
3859 97
3860 136
3861 23
3862 216
3863 227
3864 199
3865 177
3866 59
3867 191
3868 113
3869 85
3870 191
3871 212
3872 242
3873 21
3874 199
3875 35
3876 56
3877 79
3878 146
3879 246
3880 163
3881 89
3882 35
3883 245
3884 208
3885 23
3886 154
3887 49
3888 210
3889 223
3890 167
3891 234
3892 181
3893 103
3894 17
3895 231
3896 139
3897 197
3898 160
3899 105
3900 53
3901 20
3902 248
3903 50
3904 172
3905 241
3906 49
3907 191
3908 184
3909 50
3910 234
3911 100
3912 108
3913 66
3914 101
3915 9
3916 176
3917 90
3918 63
3919 211
3920 96
3921 184
3922 182
3923 119
3924 104
3925 231
3926 103
3927 117
3928 45
3929 129
3930 161
3931 69
3932 86
3933 186
3934 169
3935 189
3936 79
3937 245
3938 158
3939 41
3940 51
3941 7
3942 76
3943 60
3944 156
3945 218
3946 134
3947 220
3948 109
3949 149
3950 196
3951 167
3952 180
3953 79
3954 45
3955 129
3956 46
3957 35
3958 79
3959 70
3960 216
3961 16
3962 190
3963 99
3964 48
3965 237
3966 31
3967 245
3968 179
3969 72
3970 76
3971 139
3972 34
3973 176
3974 218
3975 60
3976 30
3977 25
3978 93
3979 59
3980 63
3981 48
3982 225
3983 166
3984 108
3985 237
3986 108
3987 171
3988 127
3989 237
3990 111
3991 163
3992 167
3993 123
3994 76
3995 30
3996 89
3997 36
3998 66
3999 64
4000 114
4001 32
4002 126
4003 2
4004 22
4005 28
4006 79
4007 214
4008 169
4009 141
4010 177
4011 16
4012 140
4013 233
4014 34
4015 184
4016 36
4017 110
4018 86
4019 42
4020 18
4021 201
4022 19
4023 134
4024 178
4025 118
4026 177
4027 96
4028 127
4029 123
4030 220
4031 222
4032 2
4033 169
4034 167
4035 130
4036 37
4037 208
4038 233
4039 133
4040 109
4041 60
4042 1
4043 213
4044 105
4045 242
4046 120
4047 55
4048 96
4049 84
4050 52
4051 103
4052 246
4053 48
4054 203
4055 220
4056 213
4057 89
4058 67
4059 126
4060 10
4061 95
4062 223
4063 17
4064 58
4065 212
4066 116
4067 61
4068 90
4069 116
4070 227
4071 41
4072 165
4073 74
4074 229
4075 175
4076 188
4077 191
4078 154
4079 74
4080 112
4081 63
4082 218
4083 188
4084 169
4085 130
4086 173
4087 161
4088 239
4089 191
4090 6
4091 161
4092 2
4093 150
4094 210
4095 95
4096 235
4097 95
4098 51
4099 178
4100 218
4101 123
4102 40
4103 62
4104 24
4105 46
4106 37
4107 47
4108 193
4109 17
4110 89
4111 101
4112 22
4113 10
4114 45
4115 144
4116 147
4117 221
4118 137
4119 201
4120 26
4121 97
4122 133
4123 107
4124 106
4125 23
4126 179
4127 89
4128 138
4129 189
4130 47
4131 59
4132 75
4133 20
4134 240
4135 89
4136 86
4137 19
4138 187
4139 70
4140 123
4141 138
4142 138
4143 11
4144 235
4145 151
4146 211
4147 233
4148 49
4149 138
4150 92
4151 241
4152 72
4153 87
4154 140
4155 157
4156 228
4157 215
4158 112
4159 177
4160 234
4161 83
4162 209
4163 219
4164 71
4165 130
4166 141
4167 128
4168 220
4169 115
4170 198
4171 139
4172 193
4173 4
4174 13
4175 184
4176 244
4177 130
4178 104
4179 63
4180 78
4181 105
4182 240
4183 99
4184 241
4185 173
4186 213
4187 218
4188 237
4189 135
4190 173
4191 154
4192 39
4193 217
4194 75
4195 127
4196 2
4197 207
4198 202
4199 67
4200 247
4201 223
4202 141
4203 106
4204 59
4205 123
4206 169
4207 141
4208 92
4209 147
4210 41
4211 229
4212 228
4213 225
4214 167
4215 27
4216 133
4217 105
4218 175
4219 201
4220 199
4221 182
4222 74
4223 178
4224 97
4225 176
4226 154
4227 142
4228 87
4229 111
4230 38
4231 210
4232 28
4233 69
4234 120
4235 52
4236 1
4237 207
4238 105
4239 190
4240 225
4241 66
4242 57
4243 92
4244 95
4245 163
4246 139
4247 123
4248 224
4249 101
4250 234
4251 52
4252 139
4253 187
4254 47
4255 207
4256 193
4257 222
4258 179
4259 79
4260 204
4261 192
4262 95
4263 149
4264 77
4265 35
4266 242
4267 165
4268 58
4269 199
4270 174
4271 89
4272 98
4273 170
4274 35
4275 132
4276 111
4277 92
4278 171
4279 35
4280 80
4281 191
4282 179
4283 95
4284 217
4285 240
4286 159
4287 168
4288 167
4289 45
4290 206
4291 153
4292 239
4293 7
4294 128
4295 212
4296 177
4297 190
4298 62
4299 41
4300 72
4301 163
4302 54
4303 136
4304 156
4305 127
4306 41
4307 117
4308 90
4309 79
4310 186
4311 126
4312 222
4313 44
4314 1
4315 243
4316 153
4317 85
4318 83
4319 153
4320 163
4321 78
4322 167
4323 100
4324 75
4325 180
4326 38
4327 72
4328 180
4329 180
4330 166
4331 164
4332 217
4333 128
4334 30
4335 235
4336 54
4337 127
4338 232
4339 197
4340 198
4341 7
4342 181
4343 232
4344 110
4345 108
4346 144
4347 127
4348 24
4349 136
4350 133
4351 108
4352 191
4353 72
4354 113
4355 205
4356 120
4357 22
4358 33
4359 207
4360 127
4361 96
4362 235
4363 4
4364 153
4365 199
4366 95
4367 180
4368 172
4369 170
4370 235
4371 131
4372 70
4373 56
4374 237
4375 112
4376 164
4377 231
4378 203
4379 39
4380 96
4381 130
4382 66
4383 119
4384 189
4385 128
4386 14
4387 191
4388 64
4389 6
4390 39
4391 32
4392 32
4393 157
4394 112
4395 187
4396 123
4397 66
4398 228
4399 215
4400 13
4401 158
4402 184
4403 78
4404 141
4405 20
4406 188
4407 10
4408 175
4409 28
4410 92
4411 91
4412 32
4413 162
4414 229
4415 62
4416 129
4417 51
4418 123
4419 215
4420 79
4421 171
4422 232
4423 105
4424 239
4425 27
4426 214
4427 156
4428 6
4429 80
4430 211
4431 175
4432 104
4433 8
4434 212
4435 100
4436 43
4437 99
4438 112
4439 242
4440 6
4441 55
4442 18
4443 136
4444 120
4445 114
4446 121
4447 232
4448 134
4449 0
4450 193
4451 37
4452 46
4453 245
4454 206
4455 126
4456 241
4457 137
4458 92
4459 239
4460 238
4461 119
4462 161
4463 6
4464 13
4465 8
4466 232
4467 233
4468 164
4469 86
4470 45
4471 219
4472 194
4473 10
4474 209
4475 6
4476 5
4477 57
4478 81
4479 103
4480 98
4481 16
4482 116
4483 152
4484 22
4485 101
4486 29
4487 38
4488 169
4489 120
4490 127
4491 177
4492 67
4493 11
4494 238
4495 139
4496 63
4497 227
4498 84
4499 7
4500 73
4501 161
4502 141
4503 91
4504 179
4505 109
4506 201
4507 172
4508 38
4509 58
4510 33
4511 66
4512 16
4513 88
4514 120
4515 70
4516 35
4517 55
4518 98
4519 148
4520 202
4521 150
4522 64
4523 137
4524 53
4525 147
4526 30
4527 126
4528 8
4529 45
4530 98
4531 83
4532 196
4533 150
4534 205
4535 248
4536 105
4537 217
4538 73
4539 43
4540 212
4541 202
4542 76
4543 102
4544 96
4545 52
4546 231
4547 59
4548 56
4549 76
4550 248
4551 226
4552 144
4553 90
4554 244
4555 106
4556 201
4557 16
4558 109
4559 246
4560 167
4561 171
4562 14
4563 161
4564 248
4565 130
4566 94
4567 238
4568 75
4569 197
4570 27
4571 185
4572 144
4573 31
4574 9
4575 128
4576 216
4577 247
4578 6
4579 40
4580 145
4581 82
4582 20
4583 191
4584 68
4585 147
4586 112
4587 187
4588 44
4589 177
4590 129
4591 229
4592 184
4593 2
4594 226
4595 244
4596 152
4597 14
4598 221
4599 24
4600 17
4601 93
4602 179
4603 163
4604 204
4605 123
4606 135
4607 203
4608 32
4609 156
4610 237
4611 36
4612 154
4613 121
4614 97
4615 198
4616 231
4617 95
4618 97
4619 17
4620 165
4621 220
4622 127
4623 219
4624 238
4625 11
4626 39
4627 143
4628 86
4629 62
4630 51
4631 157
4632 118
4633 243
4634 184
4635 180
4636 238
4637 214
4638 203
4639 51
4640 79
4641 120
4642 217
4643 104
4644 185
4645 51
4646 237
4647 164
4648 235
4649 185
4650 16
4651 28
4652 96
4653 56
4654 153
4655 15
4656 106
4657 121
4658 35
4659 24
4660 210
4661 159
4662 219
4663 81
4664 70
4665 189
4666 158
4667 118
4668 11
4669 192
4670 160
4671 175
4672 53
4673 176
4674 10
4675 66
4676 168
4677 112
4678 158
4679 234
4680 229
4681 142
4682 45
4683 90
4684 158
4685 185
4686 228
4687 19
4688 204
4689 175
4690 200
4691 121
4692 2
4693 17
4694 163
4695 176
4696 166
4697 136
4698 199
4699 57
4700 145
4701 66
4702 220
4703 152
4704 170
4705 97
4706 200
4707 23
4708 211
4709 28
4710 192
4711 109
4712 7
4713 26
4714 23
4715 221
4716 43
4717 214
4718 39
4719 212
4720 235
4721 67
4722 93
4723 9
4724 56
4725 61
4726 85
4727 14
4728 22
4729 156
4730 184
4731 97
4732 80
4733 116
4734 94
4735 82
4736 137
4737 141
4738 53
4739 215
4740 214
4741 197
4742 58
4743 233
4744 28
4745 43
4746 202
4747 196
4748 21
4749 18
4750 78
4751 45
4752 32
4753 35
4754 95
4755 119
4756 170
4757 123
4758 181
4759 208
4760 163
4761 184
4762 196
4763 30
4764 88
4765 169
4766 248
4767 242
4768 125
4769 10
4770 156
4771 56
4772 155
4773 63
4774 80
4775 90
4776 146
4777 211
4778 14
4779 147
4780 201
4781 183
4782 142
4783 20
4784 67
4785 200
4786 134
4787 76
4788 15
4789 117
4790 163
4791 11
4792 170
4793 95
4794 50
4795 167
4796 209
4797 75
4798 107
4799 236
4800 216
4801 192
4802 52
4803 12
4804 144
4805 129
4806 89
4807 54
4808 41
4809 149
4810 235
4811 232
4812 101
4813 100
4814 147
4815 105
4816 79
4817 82
4818 240
4819 14
4820 145
4821 127
4822 217
4823 175
4824 121
4825 183
4826 152
4827 1
4828 213
4829 19
4830 239
4831 199
4832 200
4833 24
4834 74
4835 45
4836 67
4837 125
4838 102
4839 37
4840 192
4841 158
4842 22
4843 205
4844 198
4845 11
4846 196
4847 120
4848 165
4849 110
4850 160
4851 21
4852 178
4853 157
4854 28
4855 0
4856 153
4857 239
4858 193
4859 23
4860 58
4861 195
4862 10
4863 28
4864 89
4865 186
4866 57
4867 106
4868 160
4869 99
4870 101
4871 120
4872 225
4873 190
4874 145
4875 38
4876 44
4877 130
4878 197
4879 105
4880 177
4881 25
4882 238
4883 142
4884 25
4885 216
4886 134
4887 90
4888 245
4889 21
4890 64
4891 128
4892 186
4893 180
4894 111
4895 131
4896 69
4897 105
4898 79
4899 102
4900 46
4901 73
4902 33
4903 110
4904 231
4905 10
4906 69
4907 148
4908 241
4909 199
4910 44
4911 77
4912 115
4913 88
4914 63
4915 119
4916 222
4917 63
4918 117
4919 75
4920 197
4921 50
4922 233
4923 240
4924 245
4925 42
4926 214
4927 23
4928 89
4929 159
4930 193
4931 163
4932 170
4933 154
4934 159
4935 9
4936 23
4937 220
4938 65
4939 58
4940 0
4941 18
4942 149
4943 193
4944 43
4945 161
4946 150
4947 85
4948 115
4949 96
4950 114
4951 81
4952 37
4953 173
4954 67
4955 168
4956 188
4957 127
4958 86
4959 52
4960 12
4961 75
4962 50
4963 126
4964 71
4965 147
4966 107
4967 228
4968 120
4969 44
4970 134
4971 77
4972 141
4973 115
4974 30
4975 140
4976 164
4977 51
4978 50
4979 17
4980 45
4981 104
4982 135
4983 42
4984 144
4985 2
4986 237
4987 175
4988 66
4989 23
4990 196
4991 32
4992 66
4993 62
4994 35
4995 223
4996 66
4997 236
4998 35
4999 114
