0 80
1 7
2 46
3 24
4 234
5 11
6 317
7 1
8 0
9 0
10 62
11 1
12 18
13 62
14 62
15 0
16 0
17 1
18 1
19 0
20 0
21 1
22 94
23 62
24 62
25 182
26 115
27 24
28 6
29 182
30 16
31 0
32 0
33 51
34 52
35 115
36 183
37 151
38 325
39 325
40 376
41 24
42 325
43 325
44 325
45 0
46 0
47 258
48 47
49 8
50 10
51 1
52 0
53 47
54 261
55 263
56 134
57 7
58 3
59 20
60 0
61 0
62 0
63 1
64 7
65 74
66 233
67 241
68 328
69 104
70 233
71 2
72 0
73 295
74 228
75 400
76 367
77 295
78 0
79 401
80 61
81 57
82 63
83 0
84 54
85 0
86 54
87 1
88 71
89 71
90 5
91 71
92 306
93 354
94 369
95 306
96 306
97 0
98 0
99 2
100 369
101 354
102 30
103 91
104 30
105 30
106 0
107 310
108 275
109 320
110 11
111 275
112 63
113 299
114 303
115 45
116 421
117 63
118 0
119 0
120 203
121 54
122 0
123 54
124 54
125 54
126 172
127 314
128 7
129 410
130 16
131 314
132 314
133 10
134 148
135 310
136 1
137 7
138 242
139 39
140 242
141 242
142 242
143 9
144 10
145 39
146 93
147 428
148 13
149 10
150 13
151 1
152 88
153 179
154 179
155 0
156 0
157 0
158 2
159 168
160 168
161 416
162 358
163 0
164 358
165 272
166 272
167 272
168 272
169 324
170 19
171 288
172 272
173 142
174 178
175 144
176 142
177 142
178 0
179 147
180 277
181 84
182 346
183 278
184 278
185 10
186 349
187 341
188 277
189 346
190 150
191 201
192 9
193 375
194 10
195 10
196 1
197 132
198 17
199 17
200 127
201 3
202 132
203 0
204 145
205 114
206 377
207 283
208 0
209 401
210 401
211 98
212 113
213 120
214 98
215 117
216 0
217 393
218 393
219 393
220 0
221 48
222 21
223 50
224 3
225 14
226 249
227 0
228 43
229 1
230 0
231 414
232 5
233 393
234 48
235 16
236 48
237 261
238 21
239 10
240 164
241 0
242 325
243 332
244 325
245 330
246 12
247 261
248 325
249 1
250 0
251 30
252 30
253 30
254 31
255 30
256 30
257 30
258 338
259 338
260 338
261 338
262 0
263 323
264 423
265 21
266 0
267 2
268 21
269 423
270 169
271 173
272 169
273 0
274 0
275 1
276 208
277 208
278 0
279 0
280 208
281 59
282 335
283 59
284 103
285 12
286 13
287 0
288 0
289 12
290 13
291 335
292 310
293 9
294 23
295 9
296 330
297 154
298 310
299 1
300 1
301 59
302 59
303 59
304 59
305 59
306 0
307 38
308 0
309 1
310 59
311 59
312 59
313 400
314 400
315 322
316 15
317 322
318 3
319 0
320 14
321 15
322 322
323 321
324 275
325 275
326 275
327 275
328 275
329 20
330 292
331 392
332 390
333 354
334 393
335 4
336 354
337 393
338 6
339 390
340 392
341 29
342 32
343 32
344 32
345 28
346 29
347 32
348 186
349 7
350 407
351 334
352 16
353 16
354 0
355 2
356 7
357 16
358 7
359 13
360 232
361 16
362 186
363 186
364 187
365 287
366 285
367 348
368 368
369 249
370 0
371 0
372 1
373 3
374 1
375 1
376 4
377 388
378 162
379 130
380 10
381 249
382 348
383 285
384 302
385 4
386 306
387 11
388 249
389 127
390 302
391 4
392 192
393 118
394 113
395 192
396 0
397 118
398 148
399 7
400 161
401 7
402 3
403 0
404 7
405 7
406 47
407 44
408 7
409 44
410 159
411 44
412 210
413 9
414 11
415 243
416 0
417 53
418 3
419 358
420 257
421 53
422 189
423 189
424 189
425 120
426 151
427 151
428 307
429 427
430 40
431 340
432 368
433 191
434 2
435 14
436 406
437 88
438 2
439 191
440 248
441 11
442 290
443 286
444 11
445 97
446 97
447 369
448 93
449 97
450 377
451 377
452 15
453 377
454 0
455 377
456 107
457 16
458 376
459 11
460 411
461 7
462 153
463 16
464 7
465 107
466 153
467 16
468 128
469 117
470 128
471 188
472 1
473 117
474 242
475 9
476 256
477 242
478 0
479 296
480 44
481 44
482 47
483 44
484 44
485 38
486 273
487 38
488 0
489 0
490 0
491 206
492 2
493 45
494 273
495 55
496 55
497 198
498 198
499 198
500 198
501 198
502 408
503 11
504 11
505 1
506 63
507 314
508 64
509 63
510 160
511 6
512 6
513 63
514 63
515 408
516 408
517 12
518 408
519 410
520 343
521 0
522 148
523 1
524 255
525 1
526 316
527 2
528 309
529 14
530 14
531 416
532 14
533 14
534 416
535 356
536 343
537 233
538 368
539 356
540 0
541 13
542 151
543 151
544 3
545 221
546 13
547 182
548 316
549 180
550 159
551 180
552 282
553 36
554 282
555 1
556 5
557 282
558 282
559 0
560 287
561 26
562 5
563 351
564 2
565 351
566 5
567 26
568 211
569 211
570 94
571 90
572 12
573 90
574 304
575 304
576 255
577 96
578 12
579 3
580 6
581 6
582 96
583 12
584 304
585 57
586 57
587 12
588 12
589 0
590 294
591 8
592 294
593 307
594 180
595 308
596 385
597 19
598 0
599 385
600 19
601 303
602 303
603 303
604 214
605 303
606 303
607 99
608 26
609 3
610 313
611 49
612 299
613 363
614 353
615 1
616 342
617 0
618 1
619 333
620 20
621 2
622 372
623 12
624 372
625 40
626 2
627 414
628 393
629 12
630 333
631 20
632 21
633 327
634 389
635 328
636 327
637 327
638 327
639 1
640 389
641 227
642 363
643 168
644 249
645 227
646 227
647 158
648 302
649 229
650 23
651 0
652 363
653 423
654 347
655 252
656 255
657 252
658 347
659 331
660 233
661 7
662 233
663 75
664 75
665 75
666 93
667 14
668 0
669 250
670 256
671 10
672 3
673 1
674 9
675 1
676 150
677 132
678 112
679 21
680 21
681 112
682 132
683 36
684 320
685 247
686 20
687 0
688 324
689 2
690 370
691 324
692 2
693 2
694 324
695 425
696 338
697 3
698 419
699 1
700 319
701 319
702 319
703 0
704 142
705 5
706 142
707 142
708 359
709 142
710 0
711 5
712 42
713 307
714 42
715 42
716 133
717 312
718 312
719 414
720 263
721 80
722 24
723 25
724 25
725 167
726 167
727 7
728 10
729 31
730 31
731 31
732 32
733 153
734 153
735 153
736 153
737 153
738 153
739 388
740 388
741 354
742 1
743 354
744 404
745 273
746 404
747 8
748 275
749 398
750 404
751 275
752 8
753 395
754 98
755 89
756 357
757 98
758 0
759 98
760 54
761 54
762 204
763 203
764 0
765 198
766 197
767 198
768 198
769 197
770 102
771 137
772 141
773 275
774 102
775 14
776 102
777 137
778 336
779 348
780 336
781 126
782 357
783 336
784 336
785 337
786 0
787 1
788 4
789 1
790 10
791 336
792 25
793 336
794 336
795 151
796 151
797 151
798 151
799 114
800 39
801 14
802 3
803 351
804 14
805 155
806 380
807 133
808 24
809 100
810 101
811 389
812 0
813 16
814 378
815 100
816 206
817 125
818 206
819 130
820 0
821 340
822 10
823 352
824 6
825 352
826 298
827 12
828 303
829 352
830 0
831 380
832 83
833 83
834 69
835 169
836 2
837 169
838 0
839 241
840 21
841 334
842 7
843 4
844 5
845 12
846 7
847 5
848 21
849 5
850 12
851 334
852 5
853 277
854 241
855 322
856 353
857 353
858 194
859 403
860 353
861 63
862 63
863 0
864 54
865 63
866 141
867 221
868 351
869 388
870 5
871 351
872 3
873 388
874 226
875 221
876 5
877 207
878 414
879 9
880 416
881 246
882 241
883 11
884 1
885 386
886 264
887 264
888 386
889 18
890 180
891 346
892 180
893 3
894 5
895 249
896 225
897 0
898 346
899 14
900 99
901 4
902 5
903 66
904 0
905 160
906 10
907 160
908 1
909 331
910 331
911 331
912 426
913 407
914 429
915 407
916 0
917 429
918 124
919 417
920 129
921 124
922 124
923 124
924 124
925 0
926 325
927 245
928 3
929 213
930 325
931 1
932 187
933 25
934 355
935 0
936 327
937 324
938 11
939 327
940 327
941 324
942 11
943 1
944 347
945 11
946 81
947 81
948 290
949 7
950 11
951 3
952 290
953 147
954 132
955 132
956 367
957 128
958 349
959 13
960 9
961 35
962 35
963 357
964 351
965 79
966 19
967 378
968 19
969 263
970 191
971 263
972 243
973 240
974 19
975 402
976 2
977 402
978 107
979 319
980 120
981 117
982 122
983 122
984 15
985 319
986 203
987 8
988 342
989 273
990 275
991 10
992 1
993 343
994 423
995 343
996 262
997 262
998 262
999 262
1000 38
1001 38
1002 38
1003 38
1004 38
1005 0
1006 1
1007 1
1008 3
1009 38
1010 173
1011 395
1012 173
1013 14
1014 343
1015 45
1016 14
1017 395
1018 245
1019 394
1020 281
1021 213
1022 245
1023 245
1024 245
1025 249
1026 1
1027 101
1028 107
1029 109
1030 109
1031 109
1032 109
1033 113
1034 113
1035 47
1036 8
1037 9
1038 10
1039 9
1040 10
1041 298
1042 298
1043 298
1044 298
1045 298
1046 298
1047 0
1048 53
1049 7
1050 3
1051 0
1052 1
1053 7
1054 15
1055 12
1056 13
1057 12
1058 229
1059 7
1060 233
1061 14
1062 3
1063 19
1064 14
1065 426
1066 19
1067 67
1068 4
1069 4
1070 0
1071 67
1072 285
1073 17
1074 285
1075 332
1076 365
1077 17
1078 76
1079 76
1080 16
1081 26
1082 160
1083 16
1084 336
1085 199
1086 2
1087 9
1088 354
1089 199
1090 11
1091 336
1092 260
1093 5
1094 45
1095 266
1096 260
1097 371
1098 227
1099 332
1100 227
1101 1
1102 227
1103 323
1104 340
1105 4
1106 303
1107 318
1108 29
1109 0
1110 4
1111 4
1112 4
1113 274
1114 135
1115 135
1116 146
1117 0
1118 417
1119 4
1120 347
1121 417
1122 417
1123 1
1124 6
1125 4
1126 91
1127 218
1128 218
1129 218
1130 396
1131 218
1132 218
1133 89
1134 89
1135 89
1136 94
1137 149
1138 2
1139 149
1140 28
1141 351
1142 33
1143 28
1144 28
1145 28
1146 29
1147 341
1148 360
1149 3
1150 199
1151 360
1152 0
1153 160
1154 146
1155 146
1156 72
1157 3
1158 321
1159 234
1160 274
1161 4
1162 118
1163 23
1164 4
1165 296
1166 11
1167 2
1168 355
1169 151
1170 21
1171 151
1172 2
1173 261
1174 2
1175 21
1176 261
1177 364
1178 364
1179 364
1180 11
1181 250
1182 279
1183 279
1184 267
1185 279
1186 279
1187 185
1188 1
1189 101
1190 243
1191 9
1192 349
1193 247
1194 120
1195 247
1196 228
1197 228
1198 38
1199 228
1200 228
1201 1
1202 320
1203 23
1204 3
1205 364
1206 118
1207 23
1208 289
1209 256
1210 43
1211 247
1212 13
1213 346
1214 287
1215 390
1216 294
1217 356
1218 391
1219 287
1220 356
1221 243
1222 401
1223 294
1224 83
1225 192
1226 15
1227 400
1228 192
1229 15
1230 223
1231 234
1232 166
1233 223
1234 35
1235 35
1236 201
1237 357
1238 201
1239 201
1240 249
1241 330
1242 249
1243 384
1244 10
1245 19
1246 172
1247 172
1248 1
1249 286
1250 52
1251 25
1252 15
1253 361
1254 16
1255 15
1256 361
1257 232
1258 14
1259 188
1260 289
1261 389
1262 339
1263 331
1264 289
1265 3
1266 7
1267 339
1268 289
1269 230
1270 41
1271 320
1272 16
1273 344
1274 41
1275 179
1276 5
1277 23
1278 344
1279 5
1280 182
1281 182
1282 6
1283 182
1284 261
1285 158
1286 159
1287 62
1288 2
1289 2
1290 380
1291 42
1292 2
1293 15
1294 6
1295 0
1296 2
1297 15
1298 43
1299 1
1300 43
1301 400
1302 400
1303 400
1304 81
1305 81
1306 81
1307 81
1308 146
1309 148
1310 81
1311 187
1312 107
1313 14
1314 4
1315 5
1316 107
1317 8
1318 8
1319 23
1320 23
1321 3
1322 3
1323 88
1324 7
1325 9
1326 313
1327 296
1328 349
1329 155
1330 202
1331 202
1332 15
1333 15
1334 18
1335 295
1336 295
1337 22
1338 7
1339 247
1340 246
1341 370
1342 267
1343 316
1344 7
1345 8
1346 267
1347 197
1348 168
1349 197
1350 168
1351 68
1352 68
1353 68
1354 20
1355 1
1356 1
1357 226
1358 226
1359 14
1360 153
1361 229
1362 332
1363 122
1364 416
1365 332
1366 242
1367 242
1368 242
1369 233
1370 285
1371 187
1372 14
1373 416
1374 419
1375 416
1376 416
1377 374
1378 374
1379 417
1380 374
1381 174
1382 1
1383 12
1384 171
1385 174
1386 174
1387 1
1388 179
1389 358
1390 147
1391 380
1392 1
1393 388
1394 358
1395 179
1396 406
1397 406
1398 406
1399 7
1400 139
1401 139
1402 141
1403 139
1404 139
1405 74
1406 51
1407 16
1408 17
1409 10
1410 309
1411 7
1412 256
1413 52
1414 15
1415 309
1416 323
1417 15
1418 388
1419 7
1420 268
1421 234
1422 26
1423 160
1424 160
1425 160
1426 157
1427 386
1428 157
1429 1
1430 276
1431 335
1432 112
1433 112
1434 123
1435 46
1436 123
1437 421
1438 313
1439 421
1440 99
1441 99
1442 99
1443 400
1444 400
1445 365
1446 78
1447 337
1448 2
1449 78
1450 211
1451 224
1452 219
1453 224
1454 74
1455 3
1456 43
1457 43
1458 2
1459 81
1460 81
1461 200
1462 119
1463 25
1464 12
1465 10
1466 85
1467 7
1468 176
1469 1
1470 378
1471 378
1472 309
1473 378
1474 378
1475 380
1476 372
1477 44
1478 228
1479 7
1480 17
1481 7
1482 403
1483 5
1484 44
1485 17
1486 374
1487 44
1488 372
1489 372
1490 124
1491 125
1492 124
1493 332
1494 124
1495 125
1496 3
1497 6
1498 382
1499 204
1500 20
1501 204
1502 254
1503 90
1504 254
1505 254
1506 79
1507 25
1508 90
1509 92
1510 11
1511 92
1512 281
1513 13
1514 274
1515 77
1516 260
1517 48
1518 146
1519 148
1520 146
1521 146
1522 115
1523 4
1524 192
1525 4
1526 202
1527 202
1528 53
1529 356
1530 259
1531 2
1532 202
1533 202
1534 333
1535 333
1536 256
1537 333
1538 333
1539 123
1540 9
1541 44
1542 9
1543 9
1544 180
1545 11
1546 0
1547 31
1548 26
1549 21
1550 21
1551 2
1552 21
1553 316
1554 316
1555 317
1556 5
1557 11
1558 247
1559 316
1560 3
1561 3
1562 403
1563 11
1564 16
1565 247
1566 316
1567 327
1568 92
1569 345
1570 335
1571 0
1572 2
1573 394
1574 394
1575 8
1576 420
1577 382
1578 179
1579 15
1580 47
1581 179
1582 19
1583 15
1584 179
1585 180
1586 179
1587 391
1588 391
1589 326
1590 320
1591 391
1592 22
1593 228
1594 187
1595 175
1596 1
1597 228
1598 318
1599 318
1600 318
1601 3
1602 318
1603 321
1604 198
1605 199
1606 198
1607 396
1608 396
1609 229
1610 7
1611 248
1612 203
1613 203
1614 2
1615 6
1616 17
1617 332
1618 409
1619 11
1620 332
1621 94
1622 255
1623 247
1624 1
1625 398
1626 247
1627 44
1628 19
1629 44
1630 3
1631 3
1632 175
1633 0
1634 17
1635 26
1636 190
1637 7
1638 0
1639 306
1640 7
1641 117
1642 238
1643 238
1644 238
1645 147
1646 238
1647 372
1648 383
1649 372
1650 41
1651 8
1652 12
1653 9
1654 10
1655 8
1656 121
1657 135
1658 121
1659 1
1660 135
1661 83
1662 83
1663 336
1664 406
1665 83
1666 363
1667 2
1668 355
1669 1
1670 10
1671 152
1672 152
1673 244
1674 152
1675 152
1676 152
1677 152
1678 231
1679 231
1680 370
1681 354
1682 237
1683 242
1684 352
1685 234
1686 25
1687 369
1688 175
1689 0
1690 18
1691 68
1692 25
1693 386
1694 280
1695 10
1696 352
1697 242
1698 369
1699 150
1700 8
1701 150
1702 150
1703 150
1704 8
1705 181
1706 127
1707 424
1708 417
1709 127
1710 127
1711 105
1712 2
1713 417
1714 127
1715 391
1716 66
1717 426
1718 225
1719 414
1720 391
1721 3
1722 225
1723 275
1724 14
1725 392
1726 365
1727 18
1728 391
1729 392
1730 189
1731 189
1732 193
1733 193
1734 383
1735 4
1736 337
1737 229
1738 371
1739 3
1740 273
1741 284
1742 273
1743 382
1744 390
1745 14
1746 382
1747 362
1748 355
1749 14
1750 362
1751 382
1752 161
1753 140
1754 4
1755 4
1756 25
1757 140
1758 255
1759 8
1760 255
1761 255
1762 23
1763 398
1764 347
1765 8
1766 109
1767 260
1768 109
1769 20
1770 243
1771 20
1772 144
1773 109
1774 92
1775 241
1776 47
1777 92
1778 5
1779 327
1780 92
1781 0
1782 243
1783 261
1784 243
1785 243
1786 249
1787 11
1788 396
1789 373
1790 261
1791 193
1792 1
1793 193
1794 1
1795 76
1796 76
1797 76
1798 4
1799 407
1800 36
1801 407
1802 407
1803 0
1804 2
1805 348
1806 348
1807 323
1808 3
1809 323
1810 148
1811 143
1812 259
1813 148
1814 210
1815 19
1816 210
1817 403
1818 378
1819 8
1820 326
1821 359
1822 326
1823 12
1824 11
1825 176
1826 109
1827 293
1828 109
1829 137
1830 7
1831 179
1832 87
1833 179
1834 179
1835 179
1836 6
1837 101
1838 179
1839 141
1840 41
1841 87
1842 100
1843 179
1844 87
1845 210
1846 2
1847 210
1848 140
1849 141
1850 6
1851 354
1852 140
1853 33
1854 9
1855 9
1856 279
1857 376
1858 5
1859 115
1860 2
1861 156
1862 115
1863 125
1864 12
1865 161
1866 305
1867 424
1868 305
1869 4
1870 187
1871 305
1872 61
1873 61
1874 61
1875 63
1876 78
1877 53
1878 63
1879 17
1880 357
1881 9
1882 129
1883 326
1884 9
1885 357
1886 417
1887 201
1888 9
1889 357
1890 154
1891 131
1892 154
1893 343
1894 172
1895 172
1896 172
1897 162
1898 113
1899 313
1900 254
1901 41
1902 12
1903 41
1904 311
1905 3
1906 326
1907 317
1908 246
1909 244
1910 26
1911 2
1912 405
1913 2
1914 73
1915 259
1916 236
1917 402
1918 402
1919 259
1920 312
1921 26
1922 12
1923 297
1924 309
1925 423
1926 312
1927 312
1928 178
1929 188
1930 178
1931 178
1932 178
1933 1
1934 188
1935 111
1936 8
1937 141
1938 191
1939 191
1940 140
1941 157
1942 375
1943 157
1944 314
1945 402
1946 314
1947 304
1948 37
1949 304
1950 66
1951 112
1952 3
1953 241
1954 112
1955 76
1956 19
1957 373
1958 19
1959 12
1960 76
1961 373
1962 368
1963 251
1964 276
1965 10
1966 190
1967 20
1968 251
1969 262
1970 4
1971 13
1972 25
1973 121
1974 262
1975 4
1976 371
1977 372
1978 372
1979 5
1980 24
1981 254
1982 248
1983 262
1984 5
1985 1
1986 10
1987 2
1988 246
1989 4
1990 5
1991 149
1992 149
1993 279
1994 76
1995 279
1996 279
1997 76
1998 44
1999 275
2000 13
2001 375
2002 155
2003 396
2004 13
2005 347
2006 421
2007 421
2008 147
2009 147
2010 147
2011 279
2012 279
2013 279
2014 235
2015 360
2016 249
2017 317
2018 26
2019 43
2020 360
2021 2
2022 370
2023 92
2024 382
2025 382
2026 296
2027 194
2028 3
2029 376
2030 301
2031 36
2032 301
2033 218
2034 301
2035 14
2036 19
2037 361
2038 413
2039 14
2040 19
2041 272
2042 8
2043 188
2044 170
2045 22
2046 0
2047 22
2048 29
2049 29
2050 27
2051 29
2052 28
2053 184
2054 184
2055 167
2056 167
2057 300
2058 352
2059 300
2060 225
2061 22
2062 334
2063 225
2064 22
2065 420
2066 420
2067 36
2068 3
2069 196
2070 196
2071 210
2072 397
2073 13
2074 252
2075 252
2076 2
2077 2
2078 19
2079 387
2080 211
2081 211
2082 325
2083 327
2084 325
2085 325
2086 352
2087 352
2088 383
2089 9
2090 199
2091 249
2092 249
2093 383
2094 384
2095 144
2096 144
2097 2
2098 46
2099 46
2100 166
2101 166
2102 166
2103 166
2104 166
2105 420
2106 420
2107 166
2108 36
2109 3
2110 185
2111 185
2112 185
2113 185
2114 426
2115 426
2116 11
2117 2
2118 426
2119 377
2120 365
2121 377
2122 398
2123 110
2124 1
2125 2
2126 365
2127 210
2128 13
2129 52
2130 2
2131 9
2132 2
2133 109
2134 121
2135 109
2136 118
2137 109
2138 118
2139 109
2140 121
2141 109
2142 307
2143 302
2144 4
2145 302
2146 276
2147 51
2148 249
2149 321
2150 169
2151 172
2152 20
2153 169
2154 169
2155 217
2156 7
2157 323
2158 200
2159 217
2160 7
2161 132
2162 14
2163 354
2164 188
2165 61
2166 61
2167 61
2168 61
2169 211
2170 211
2171 85
2172 414
2173 25
2174 414
2175 85
2176 131
2177 14
2178 10
2179 3
2180 14
2181 23
2182 123
2183 123
2184 123
2185 68
2186 57
2187 0
2188 68
2189 57
2190 323
2191 144
2192 361
2193 361
2194 144
2195 10
2196 296
2197 178
2198 296
2199 296
2200 296
2201 296
2202 236
2203 274
2204 218
2205 236
2206 254
2207 118
2208 3
2209 232
2210 243
2211 382
2212 393
2213 16
2214 237
2215 382
2216 252
2217 252
2218 252
2219 252
2220 348
2221 164
2222 322
2223 155
2224 193
2225 62
2226 164
2227 373
2228 25
2229 340
2230 41
2231 1
2232 361
2233 4
2234 4
2235 4
2236 361
2237 361
2238 418
2239 307
2240 279
2241 418
2242 279
2243 154
2244 154
2245 312
2246 308
2247 312
2248 294
2249 331
2250 19
2251 312
2252 308
2253 117
2254 117
2255 214
2256 127
2257 371
2258 371
2259 210
2260 210
2261 210
2262 402
2263 317
2264 295
2265 14
2266 18
2267 62
2268 57
2269 1
2270 57
2271 57
2272 54
2273 57
2274 99
2275 62
2276 62
2277 74
2278 24
2279 234
2280 246
2281 267
2282 144
2283 124
2284 26
2285 27
2286 27
2287 27
2288 101
2289 38
2290 4
2291 59
2292 59
2293 25
2294 341
2295 2
2296 59
2297 199
2298 199
2299 22
2300 9
2301 22
2302 269
2303 175
2304 280
2305 22
2306 152
2307 249
2308 387
2309 16
2310 428
2311 387
2312 344
2313 227
2314 20
2315 1
2316 312
2317 312
2318 312
2319 156
2320 312
2321 156
2322 93
2323 48
2324 93
2325 394
2326 394
2327 264
2328 25
2329 412
2330 389
2331 25
2332 3
2333 412
2334 4
2335 25
2336 83
2337 127
2338 28
2339 153
2340 83
2341 247
2342 28
2343 127
2344 313
2345 98
2346 7
2347 7
2348 184
2349 7
2350 222
2351 98
2352 400
2353 405
2354 351
2355 14
2356 416
2357 405
2358 14
2359 351
2360 416
2361 360
2362 273
2363 8
2364 69
2365 18
2366 69
2367 2
2368 106
2369 69
2370 69
2371 18
2372 197
2373 274
2374 2
2375 137
2376 2
2377 308
2378 346
2379 308
2380 19
2381 10
2382 308
2383 129
2384 42
2385 19
2386 346
2387 223
2388 390
2389 13
2390 330
2391 223
2392 223
2393 3
2394 2
2395 16
2396 274
2397 1
2398 72
2399 36
2400 302
2401 125
2402 125
2403 235
2404 31
2405 31
2406 301
2407 346
2408 289
2409 404
2410 263
2411 126
2412 249
2413 24
2414 337
2415 294
2416 392
2417 13
2418 294
2419 24
2420 392
2421 249
2422 168
2423 168
2424 168
2425 168
2426 330
2427 373
2428 342
2429 5
2430 330
2431 1
2432 126
2433 3
2434 126
2435 254
2436 10
2437 3
2438 1
2439 254
2440 15
2441 126
2442 46
2443 3
2444 140
2445 141
2446 140
2447 140
2448 243
2449 245
2450 417
2451 243
2452 387
2453 308
2454 243
2455 243
2456 245
2457 233
2458 214
2459 233
2460 214
2461 403
2462 233
2463 398
2464 317
2465 338
2466 338
2467 398
2468 146
2469 289
2470 348
2471 248
2472 313
2473 3
2474 426
2475 426
2476 60
2477 60
2478 60
2479 60
2480 92
2481 92
2482 92
2483 85
2484 85
2485 219
2486 85
2487 85
2488 331
2489 331
2490 331
2491 153
2492 121
2493 153
2494 381
2495 219
2496 423
2497 107
2498 219
2499 361
2500 341
2501 291
2502 291
2503 4
2504 13
2505 37
2506 37
2507 270
2508 270
2509 270
2510 272
2511 270
2512 270
2513 130
2514 130
2515 186
2516 130
2517 373
2518 13
2519 373
2520 122
2521 122
2522 134
2523 128
2524 122
2525 122
2526 33
2527 27
2528 2
2529 306
2530 27
2531 137
2532 137
2533 137
2534 137
2535 137
2536 103
2537 103
2538 332
2539 323
2540 332
2541 251
2542 315
2543 99
2544 1
2545 6
2546 323
2547 144
2548 144
2549 144
2550 91
2551 61
2552 20
2553 65
2554 399
2555 399
2556 399
2557 346
2558 420
2559 362
2560 347
2561 346
2562 290
2563 13
2564 409
2565 409
2566 17
2567 353
2568 344
2569 225
2570 344
2571 19
2572 8
2573 261
2574 19
2575 391
2576 344
2577 225
2578 128
2579 128
2580 128
2581 410
2582 36
2583 410
2584 153
2585 153
2586 38
2587 30
2588 4
2589 21
2590 272
2591 5
2592 30
2593 390
2594 5
2595 272
2596 10
2597 163
2598 174
2599 163
2600 163
2601 163
2602 165
2603 112
2604 296
2605 224
2606 371
2607 294
2608 5
2609 10
2610 294
2611 10
2612 4
2613 424
2614 224
2615 294
2616 278
2617 309
2618 383
2619 19
2620 383
2621 20
2622 159
2623 3
2624 7
2625 182
2626 159
2627 159
2628 7
2629 182
2630 82
2631 259
2632 1
2633 412
2634 1
2635 1
2636 393
2637 13
2638 10
2639 134
2640 357
2641 424
2642 357
2643 77
2644 6
2645 407
2646 407
2647 20
2648 407
2649 242
2650 314
2651 407
2652 407
2653 304
2654 325
2655 304
2656 425
2657 304
2658 306
2659 325
2660 384
2661 366
2662 294
2663 24
2664 294
2665 15
2666 294
2667 15
2668 360
2669 320
2670 23
2671 360
2672 328
2673 106
2674 320
2675 70
2676 3
2677 106
2678 91
2679 48
2680 166
2681 199
2682 355
2683 48
2684 355
2685 48
2686 78
2687 308
2688 78
2689 423
2690 78
2691 423
2692 353
2693 353
2694 1
2695 353
2696 51
2697 357
2698 51
2699 95
2700 111
2701 115
2702 118
2703 2
2704 2
2705 379
2706 390
2707 394
2708 20
2709 15
2710 66
2711 15
2712 379
2713 379
2714 390
2715 158
2716 158
2717 267
2718 280
2719 23
2720 280
2721 219
2722 4
2723 6
2724 219
2725 10
2726 121
2727 121
2728 397
2729 11
2730 227
2731 229
2732 415
2733 227
2734 221
2735 16
2736 274
2737 377
2738 20
2739 160
2740 16
2741 227
2742 274
2743 131
2744 131
2745 134
2746 134
2747 337
2748 337
2749 26
2750 323
2751 26
2752 166
2753 370
2754 37
2755 118
2756 374
2757 118
2758 173
2759 16
2760 273
2761 338
2762 345
2763 273
2764 118
2765 118
2766 183
2767 82
2768 183
2769 94
2770 123
2771 119
2772 324
2773 324
2774 324
2775 58
2776 58
2777 58
2778 58
2779 59
2780 59
2781 100
2782 4
2783 297
2784 100
2785 100
2786 104
2787 0
2788 421
2789 4
2790 426
2791 100
2792 243
2793 2
2794 343
2795 363
2796 363
2797 363
2798 385
2799 427
2800 74
2801 74
2802 190
2803 390
2804 294
2805 4
2806 17
2807 401
2808 363
2809 17
2810 19
2811 390
2812 363
2813 363
2814 401
2815 167
2816 167
2817 357
2818 357
2819 321
2820 321
2821 331
2822 7
2823 5
2824 5
2825 415
2826 415
2827 415
2828 105
2829 192
2830 192
2831 192
2832 285
2833 129
2834 129
2835 129
2836 129
2837 129
2838 398
2839 11
2840 361
2841 186
2842 364
2843 361
2844 234
2845 234
2846 209
2847 8
2848 234
2849 415
2850 74
2851 7
2852 337
2853 279
2854 207
2855 130
2856 154
2857 229
2858 2
2859 221
2860 7
2861 427
2862 221
2863 324
2864 3
2865 10
2866 1
2867 7
2868 114
2869 16
2870 405
2871 121
2872 405
2873 16
2874 106
2875 106
2876 106
2877 50
2878 218
2879 256
2880 272
2881 290
2882 256
2883 256
2884 9
2885 249
2886 296
2887 422
2888 200
2889 422
2890 72
2891 14
2892 14
2893 15
2894 14
2895 15
2896 240
2897 18
2898 294
2899 72
2900 134
2901 290
2902 0
2903 235
2904 72
2905 72
2906 72
2907 192
2908 143
2909 93
2910 4
2911 188
2912 26
2913 112
2914 112
2915 112
2916 81
2917 81
2918 102
2919 102
2920 26
2921 13
2922 5
2923 406
2924 406
2925 371
2926 406
2927 4
2928 91
2929 113
2930 113
2931 281
2932 281
2933 105
2934 307
2935 234
2936 11
2937 315
2938 315
2939 315
2940 16
2941 27
2942 200
2943 315
2944 166
2945 94
2946 307
2947 1
2948 1
2949 37
2950 1
2951 214
2952 37
2953 49
2954 49
2955 49
2956 228
2957 167
2958 168
2959 311
2960 206
2961 141
2962 396
2963 1
2964 311
2965 396
2966 370
2967 275
2968 283
2969 363
2970 10
2971 10
2972 283
2973 425
2974 23
2975 1
2976 363
2977 206
2978 206
2979 385
2980 206
2981 385
2982 122
2983 178
2984 206
2985 191
2986 349
2987 397
2988 336
2989 286
2990 6
2991 7
2992 8
2993 121
2994 195
2995 34
2996 34
2997 114
2998 13
2999 11
3000 10
3001 394
3002 119
3003 119
3004 223
3005 202
3006 223
3007 381
3008 246
3009 39
3010 105
3011 19
3012 13
3013 268
3014 268
3015 268
3016 158
3017 149
3018 149
3019 149
3020 14
3021 178
3022 16
3023 14
3024 178
3025 216
3026 217
3027 427
3028 234
3029 229
3030 216
3031 216
3032 382
3033 245
3034 216
3035 216
3036 216
3037 216
3038 260
3039 216
3040 181
3041 216
3042 244
3043 244
3044 244
3045 244
3046 191
3047 191
3048 388
3049 336
3050 388
3051 191
3052 152
3053 273
3054 14
3055 75
3056 392
3057 191
3058 152
3059 6
3060 14
3061 148
3062 133
3063 411
3064 298
3065 244
3066 245
3067 219
3068 315
3069 315
3070 60
3071 54
3072 54
3073 113
3074 113
3075 162
3076 390
3077 166
3078 162
3079 162
3080 307
3081 297
3082 297
3083 297
3084 15
3085 6
3086 297
3087 287
3088 314
3089 3
3090 169
3091 24
3092 6
3093 169
3094 256
3095 256
3096 1
3097 130
3098 361
3099 2
3100 3
3101 360
3102 74
3103 46
3104 2
3105 49
3106 74
3107 67
3108 277
3109 41
3110 8
3111 277
3112 343
3113 87
3114 81
3115 138
3116 87
3117 7
3118 198
3119 198
3120 198
3121 198
3122 348
3123 337
3124 5
3125 348
3126 338
3127 279
3128 93
3129 5
3130 156
3131 114
3132 271
3133 372
3134 151
3135 384
3136 368
3137 151
3138 331
3139 420
3140 420
3141 420
3142 422
3143 89
3144 37
3145 383
3146 383
3147 383
3148 423
3149 383
3150 383
3151 32
3152 32
3153 32
3154 202
3155 202
3156 36
3157 254
3158 254
3159 4
3160 411
3161 254
3162 363
3163 415
3164 52
3165 415
3166 121
3167 11
3168 34
3169 34
3170 261
3171 261
3172 188
3173 253
3174 9
3175 327
3176 1
3177 9
3178 52
3179 52
3180 51
3181 38
3182 273
3183 52
3184 419
3185 10
3186 41
3187 419
3188 419
3189 187
3190 99
3191 99
3192 256
3193 295
3194 295
3195 310
3196 295
3197 133
3198 133
3199 262
3200 193
3201 2
3202 10
3203 73
3204 73
3205 21
3206 60
3207 33
3208 21
3209 73
3210 240
3211 165
3212 3
3213 240
3214 182
3215 83
3216 73
3217 373
3218 21
3219 313
3220 25
3221 240
3222 21
3223 47
3224 205
3225 205
3226 389
3227 354
3228 222
3229 323
3230 2
3231 99
3232 387
3233 97
3234 331
3235 97
3236 97
3237 176
3238 104
3239 104
3240 104
3241 104
3242 394
3243 392
3244 394
3245 378
3246 267
3247 378
3248 267
3249 392
3250 376
3251 25
3252 369
3253 396
3254 50
3255 248
3256 1
3257 5
3258 229
3259 248
3260 248
3261 35
3262 198
3263 35
3264 35
3265 80
3266 198
3267 129
3268 362
3269 190
3270 127
3271 362
3272 182
3273 87
3274 90
3275 223
3276 223
3277 70
3278 160
3279 11
3280 167
3281 160
3282 160
3283 2
3284 164
3285 200
3286 170
3287 425
3288 417
3289 3
3290 380
3291 276
3292 88
3293 309
3294 88
3295 207
3296 2
3297 118
3298 8
3299 2
3300 201
3301 8
3302 90
3303 1
3304 2
3305 309
3306 307
3307 302
3308 302
3309 383
3310 416
3311 343
3312 349
3313 349
3314 23
3315 23
3316 288
3317 289
3318 289
3319 390
3320 20
3321 375
3322 391
3323 16
3324 390
3325 20
3326 289
3327 76
3328 80
3329 174
3330 20
3331 76
3332 248
3333 256
3334 248
3335 248
3336 5
3337 37
3338 293
3339 15
3340 14
3341 240
3342 6
3343 293
3344 15
3345 49
3346 354
3347 49
3348 92
3349 415
3350 49
3351 106
3352 105
3353 106
3354 106
3355 33
3356 105
3357 350
3358 174
3359 344
3360 350
3361 237
3362 239
3363 347
3364 237
3365 239
3366 239
3367 239
3368 77
3369 9
3370 5
3371 6
3372 141
3373 25
3374 376
3375 202
3376 197
3377 22
3378 197
3379 349
3380 8
3381 65
3382 16
3383 349
3384 8
3385 24
3386 8
3387 339
3388 339
3389 78
3390 78
3391 47
3392 364
3393 50
3394 47
3395 14
3396 347
3397 37
3398 47
3399 297
3400 297
3401 189
3402 104
3403 256
3404 9
3405 165
3406 165
3407 165
3408 0
3409 148
3410 21
3411 12
3412 311
3413 311
3414 43
3415 149
3416 193
3417 236
3418 193
3419 149
3420 165
3421 165
3422 263
3423 242
3424 423
3425 423
3426 87
3427 4
3428 284
3429 283
3430 284
3431 283
3432 323
3433 313
3434 3
3435 280
3436 323
3437 282
3438 313
3439 206
3440 207
3441 207
3442 186
3443 335
3444 13
3445 276
3446 365
3447 315
3448 46
3449 290
3450 9
3451 290
3452 355
3453 208
3454 313
3455 106
3456 388
3457 394
3458 6
3459 14
3460 4
3461 382
3462 14
3463 70
3464 148
3465 148
3466 148
3467 148
3468 148
3469 59
3470 59
3471 59
3472 59
3473 416
3474 328
3475 419
3476 282
3477 301
3478 318
3479 4
3480 277
3481 318
3482 26
3483 26
3484 200
3485 253
3486 409
3487 409
3488 110
3489 110
3490 254
3491 330
3492 320
3493 207
3494 129
3495 129
3496 272
3497 129
3498 166
3499 61
3500 263
3501 9
3502 133
3503 8
3504 90
3505 10
3506 90
3507 151
3508 103
3509 35
3510 330
3511 35
3512 175
3513 175
3514 350
3515 379
3516 26
3517 350
3518 2
3519 350
3520 340
3521 327
3522 340
3523 340
3524 144
3525 340
3526 340
3527 153
3528 77
3529 2
3530 77
3531 285
3532 22
3533 285
3534 285
3535 285
3536 22
3537 285
3538 124
3539 124
3540 125
3541 124
3542 124
3543 124
3544 16
3545 124
3546 397
3547 192
3548 124
3549 190
3550 190
3551 190
3552 190
3553 190
3554 190
3555 190
3556 115
3557 116
3558 116
3559 128
3560 31
3561 10
3562 128
3563 90
3564 90
3565 90
3566 90
3567 3
3568 268
3569 294
3570 348
3571 397
3572 257
3573 323
3574 154
3575 317
3576 372
3577 372
3578 372
3579 341
3580 341
3581 241
3582 341
3583 362
3584 386
3585 242
3586 386
3587 24
3588 108
3589 330
3590 330
3591 230
3592 42
3593 408
3594 402
3595 405
3596 186
3597 282
3598 267
3599 282
3600 282
3601 267
3602 282
3603 114
3604 114
3605 374
3606 114
3607 176
3608 176
3609 370
3610 220
3611 220
3612 220
3613 259
3614 262
3615 303
3616 263
3617 333
3618 259
3619 303
3620 340
3621 340
3622 1
3623 8
3624 93
3625 46
3626 303
3627 6
3628 327
3629 119
3630 119
3631 119
3632 315
3633 3
3634 315
3635 289
3636 289
3637 289
3638 373
3639 308
3640 13
3641 373
3642 308
3643 358
3644 358
3645 168
3646 79
3647 372
3648 372
3649 272
3650 294
3651 121
3652 121
3653 121
3654 121
3655 197
3656 197
3657 330
3658 15
3659 5
3660 403
3661 330
3662 15
3663 237
3664 87
3665 307
3666 351
3667 337
3668 4
3669 351
3670 23
3671 248
3672 248
3673 248
3674 187
3675 187
3676 67
3677 187
3678 327
3679 187
3680 408
3681 408
3682 256
3683 408
3684 296
3685 253
3686 10
3687 21
3688 104
3689 21
3690 104
3691 21
3692 151
3693 7
3694 293
3695 279
3696 2
3697 293
3698 284
3699 305
3700 284
3701 284
3702 68
3703 335
3704 122
3705 5
3706 240
3707 68
3708 122
3709 338
3710 205
3711 207
3712 338
3713 338
3714 307
3715 5
3716 307
3717 161
3718 161
3719 14
3720 332
3721 410
3722 123
3723 123
3724 123
3725 123
3726 24
3727 24
3728 54
3729 56
3730 54
3731 56
3732 219
3733 390
3734 73
3735 73
3736 394
3737 394
3738 384
3739 384
3740 48
3741 20
3742 1
3743 384
3744 416
3745 48
3746 73
3747 346
3748 367
3749 134
3750 228
3751 8
3752 428
3753 246
3754 249
3755 336
3756 428
3757 142
3758 150
3759 174
3760 2
3761 147
3762 147
3763 213
3764 213
3765 213
3766 211
3767 211
3768 16
3769 202
3770 226
3771 202
3772 417
3773 417
3774 417
3775 365
3776 292
3777 301
3778 365
3779 365
3780 292
3781 336
3782 23
3783 384
3784 211
3785 211
3786 211
3787 243
3788 243
3789 134
3790 10
3791 317
3792 134
3793 5
3794 189
3795 193
3796 189
3797 189
3798 193
3799 193
3800 115
3801 25
3802 418
3803 117
3804 115
3805 115
3806 14
3807 1
3808 14
3809 40
3810 117
3811 25
3812 374
3813 374
3814 374
3815 300
3816 298
3817 217
3818 50
3819 369
3820 369
3821 369
3822 3
3823 367
3824 369
3825 380
3826 99
3827 375
3828 17
3829 261
3830 205
3831 315
3832 245
3833 126
3834 2
3835 229
3836 346
3837 8
3838 2
3839 84
3840 8
3841 302
3842 302
3843 121
3844 9
3845 121
3846 115
3847 10
3848 238
3849 37
3850 238
3851 242
3852 282
3853 341
3854 238
3855 282
3856 234
3857 232
3858 234
3859 395
3860 153
3861 395
3862 395
3863 46
3864 160
3865 160
3866 160
3867 160
3868 119
3869 1
3870 1
3871 269
3872 225
3873 254
3874 79
3875 225
3876 225
3877 382
3878 411
3879 14
3880 272
3881 17
3882 402
3883 195
3884 389
3885 393
3886 26
3887 409
3888 409
3889 409
3890 398
3891 30
3892 30
3893 30
3894 30
3895 30
3896 386
3897 348
3898 389
3899 292
3900 339
3901 386
3902 325
3903 8
3904 374
3905 178
3906 5
3907 178
3908 351
3909 8
3910 133
3911 74
3912 3
3913 44
3914 369
3915 44
3916 44
3917 44
3918 88
3919 88
3920 88
3921 190
3922 190
3923 190
3924 245
3925 4
3926 133
3927 182
3928 133
3929 128
3930 6
3931 180
3932 180
3933 112
3934 268
3935 180
3936 370
3937 211
3938 376
3939 227
3940 144
3941 370
3942 370
3943 370
3944 154
3945 287
3946 17
3947 4
3948 306
3949 414
3950 17
3951 67
3952 6
3953 306
3954 306
3955 306
3956 403
3957 3
3958 306
3959 143
3960 145
3961 161
3962 143
3963 143
3964 350
3965 8
3966 350
3967 145
3968 145
3969 39
3970 385
3971 2
3972 2
3973 225
3974 357
3975 8
3976 15
3977 363
3978 373
3979 334
3980 8
3981 15
3982 194
3983 194
3984 1
3985 369
3986 423
3987 223
3988 369
3989 369
3990 423
3991 45
3992 118
3993 118
3994 389
3995 123
3996 86
3997 86
3998 86
3999 123
4000 23
4001 190
4002 15
4003 15
4004 38
4005 248
4006 248
4007 415
4008 339
4009 339
4010 257
4011 339
4012 339
4013 101
4014 384
4015 337
4016 8
4017 101
4018 270
4019 332
4020 25
4021 8
4022 101
4023 46
4024 321
4025 321
4026 308
4027 364
4028 371
4029 279
4030 371
4031 358
4032 371
4033 358
4034 10
4035 324
4036 335
4037 117
4038 11
4039 117
4040 324
4041 326
4042 324
4043 44
4044 275
4045 41
4046 275
4047 275
4048 5
4049 5
4050 41
4051 317
4052 422
4053 362
4054 223
4055 275
4056 398
4057 223
4058 252
4059 9
4060 251
4061 411
4062 251
4063 415
4064 416
4065 416
4066 416
4067 371
4068 23
4069 6
4070 371
4071 371
4072 74
4073 283
4074 74
4075 107
4076 7
4077 14
4078 7
4079 130
4080 418
4081 243
4082 243
4083 206
4084 384
4085 349
4086 349
4087 349
4088 385
4089 416
4090 229
4091 9
4092 13
4093 363
4094 50
4095 40
4096 178
4097 270
4098 11
4099 315
4100 166
4101 158
4102 158
4103 201
4104 201
4105 23
4106 301
4107 204
4108 162
4109 162
4110 162
4111 318
4112 318
4113 6
4114 111
4115 67
4116 67
4117 364
4118 376
4119 155
4120 17
4121 249
4122 242
4123 155
4124 36
4125 290
4126 361
4127 141
4128 19
4129 70
4130 274
4131 276
4132 354
4133 38
4134 309
4135 313
4136 391
4137 313
4138 3
4139 233
4140 216
4141 2
4142 40
4143 216
4144 216
4145 249
4146 249
4147 341
4148 296
4149 296
4150 286
4151 286
4152 286
4153 188
4154 297
4155 42
4156 265
4157 38
4158 265
4159 23
4160 360
4161 43
4162 23
4163 328
4164 43
4165 43
4166 6
4167 43
4168 23
4169 38
4170 43
4171 43
4172 367
4173 377
4174 83
4175 25
4176 367
4177 367
4178 25
4179 367
4180 206
4181 206
4182 338
4183 240
4184 35
4185 10
4186 44
4187 35
4188 35
4189 35
4190 35
4191 10
4192 204
4193 17
4194 411
4195 12
4196 12
4197 204
4198 411
4199 283
4200 21
4201 407
4202 283
4203 21
4204 125
4205 376
4206 24
4207 276
4208 415
4209 376
4210 310
4211 128
4212 128
4213 307
4214 233
4215 345
4216 5
4217 233
4218 257
4219 257
4220 257
4221 361
4222 257
4223 336
4224 231
4225 411
4226 257
4227 393
4228 382
4229 365
4230 382
4231 365
4232 345
4233 345
4234 261
4235 395
4236 245
4237 245
4238 245
4239 245
4240 11
4241 254
4242 168
4243 355
4244 364
4245 168
4246 244
4247 335
4248 101
4249 101
4250 43
4251 48
4252 308
4253 2
4254 48
4255 155
4256 181
4257 14
4258 43
4259 2
4260 48
4261 155
4262 43
4263 222
4264 396
4265 181
4266 43
4267 43
4268 47
4269 120
4270 396
4271 181
4272 43
4273 318
4274 318
4275 292
4276 277
4277 277
4278 364
4279 391
4280 317
4281 335
4282 95
4283 123
4284 66
4285 21
4286 24
4287 283
4288 75
4289 265
4290 229
4291 256
4292 330
4293 9
4294 330
4295 9
4296 309
4297 309
4298 265
4299 375
4300 401
4301 265
4302 192
4303 192
4304 194
4305 192
4306 194
4307 275
4308 9
4309 392
4310 26
4311 3
4312 392
4313 26
4314 309
4315 309
4316 309
4317 401
4318 401
4319 401
4320 401
4321 91
4322 207
4323 91
4324 358
4325 358
4326 294
4327 294
4328 14
4329 261
4330 354
4331 142
4332 145
4333 148
4334 142
4335 142
4336 90
4337 90
4338 90
4339 397
4340 80
4341 420
4342 18
4343 355
4344 355
4345 327
4346 355
4347 47
4348 268
4349 355
4350 356
4351 355
4352 136
4353 121
4354 269
4355 117
4356 13
4357 278
4358 269
4359 401
4360 278
4361 23
4362 303
4363 278
4364 397
4365 397
4366 7
4367 424
4368 222
4369 336
4370 229
4371 336
4372 282
4373 303
4374 20
4375 303
4376 3
4377 97
4378 14
4379 385
4380 106
4381 87
4382 303
4383 196
4384 196
4385 196
4386 207
4387 20
4388 207
4389 207
4390 347
4391 320
4392 320
4393 310
4394 310
4395 148
4396 128
4397 148
4398 207
4399 22
4400 3
4401 389
4402 22
4403 143
4404 143
4405 65
4406 218
4407 65
4408 228
4409 352
4410 352
4411 345
4412 345
4413 59
4414 54
4415 59
4416 1
4417 55
4418 59
4419 293
4420 293
4421 385
4422 346
4423 231
4424 306
4425 346
4426 346
4427 186
4428 186
4429 349
4430 186
4431 415
4432 211
4433 396
4434 211
4435 326
4436 326
4437 370
4438 155
4439 384
4440 286
4441 72
4442 381
4443 286
4444 141
4445 342
4446 261
4447 301
4448 342
4449 222
4450 290
4451 290
4452 88
4453 24
4454 263
4455 146
4456 7
4457 154
4458 146
4459 146
4460 40
4461 11
4462 172
4463 220
4464 17
4465 47
4466 47
4467 17
4468 234
4469 220
4470 329
4471 66
4472 355
4473 381
4474 335
4475 386
4476 386
4477 9
4478 335
4479 85
4480 39
4481 85
4482 318
4483 301
4484 6
4485 26
4486 301
4487 85
4488 20
4489 39
4490 276
4491 269
4492 248
4493 422
4494 19
4495 19
4496 75
4497 14
4498 312
4499 75
4500 4
4501 161
4502 75
4503 75
4504 78
4505 14
4506 308
4507 335
4508 95
4509 11
4510 95
4511 252
4512 165
4513 252
4514 231
4515 231
4516 231
4517 272
4518 404
4519 384
4520 231
4521 73
4522 38
4523 73
4524 104
4525 256
4526 320
4527 256
4528 256
4529 18
4530 320
4531 253
4532 320
4533 300
4534 300
4535 343
4536 9
4537 394
4538 394
4539 184
4540 424
4541 410
4542 1
4543 72
4544 424
4545 294
4546 8
4547 8
4548 8
4549 246
4550 13
4551 402
4552 13
4553 267
4554 18
4555 179
4556 304
4557 179
4558 321
4559 19
4560 194
4561 89
4562 60
4563 58
4564 57
4565 60
4566 16
4567 131
4568 131
4569 37
4570 377
4571 133
4572 37
4573 307
4574 247
4575 307
4576 353
4577 2
4578 300
4579 357
4580 357
4581 353
4582 300
4583 300
4584 105
4585 415
4586 149
4587 149
4588 344
4589 275
4590 275
4591 259
4592 41
4593 259
4594 1
4595 6
4596 223
4597 174
4598 255
4599 94
4600 70
4601 81
4602 298
4603 263
4604 362
4605 251
4606 24
4607 84
4608 81
4609 298
4610 24
4611 236
4612 311
4613 311
4614 144
4615 1
4616 144
4617 144
4618 7
4619 227
4620 390
4621 20
4622 25
4623 52
4624 246
4625 246
4626 246
4627 245
4628 262
4629 353
4630 353
4631 229
4632 229
4633 229
4634 185
4635 185
4636 375
4637 13
4638 181
4639 392
4640 27
4641 27
4642 27
4643 213
4644 41
4645 249
4646 350
4647 14
4648 350
4649 363
4650 14
4651 374
4652 305
4653 305
4654 305
4655 306
4656 302
4657 283
4658 374
4659 360
4660 307
4661 302
4662 305
4663 321
4664 376
4665 376
4666 190
4667 21
4668 16
4669 247
4670 427
4671 21
4672 266
4673 127
4674 16
4675 180
4676 97
4677 249
4678 31
4679 97
4680 313
4681 313
4682 252
4683 317
4684 313
4685 405
4686 286
4687 398
4688 40
4689 326
4690 347
4691 347
4692 326
4693 225
4694 225
4695 25
4696 114
4697 13
4698 324
4699 114
4700 17
4701 114
4702 17
4703 26
4704 2
4705 2
4706 165
4707 264
4708 264
4709 371
4710 371
4711 221
4712 97
4713 116
4714 116
4715 116
4716 155
4717 99
4718 99
4719 318
4720 318
4721 318
4722 369
4723 369
4724 409
4725 409
4726 134
4727 303
4728 184
4729 20
4730 102
4731 102
4732 134
4733 134
4734 279
4735 391
4736 308
4737 28
4738 28
4739 33
4740 106
4741 106
4742 298
4743 174
4744 298
4745 298
4746 203
4747 36
4748 315
4749 315
4750 315
4751 315
4752 299
4753 315
4754 315
4755 315
4756 105
4757 5
4758 105
4759 100
4760 100
4761 323
4762 390
4763 110
4764 111
4765 111
4766 111
4767 17
4768 300
4769 300
4770 300
4771 300
4772 300
4773 296
4774 3
4775 2
4776 290
4777 70
4778 16
4779 70
4780 16
4781 11
4782 40
4783 9
4784 376
4785 174
4786 376
4787 182
4788 10
4789 301
4790 393
4791 429
4792 393
4793 393
4794 393
4795 393
4796 397
4797 216
4798 216
4799 216
4800 242
4801 216
4802 352
4803 160
4804 249
4805 7
4806 193
4807 193
4808 193
4809 157
4810 370
4811 370
4812 349
4813 349
4814 418
4815 286
4816 111
4817 64
4818 64
4819 64
4820 229
4821 229
4822 229
4823 241
4824 229
4825 385
4826 370
4827 385
4828 146
4829 146
4830 147
4831 146
4832 146
4833 146
4834 151
4835 151
4836 260
4837 158
4838 283
4839 67
4840 23
4841 23
4842 388
4843 408
4844 256
4845 143
4846 9
4847 405
4848 6
4849 265
4850 260
4851 265
4852 10
4853 15
4854 265
4855 42
4856 347
4857 176
4858 16
4859 50
4860 75
4861 75
4862 193
4863 21
4864 16
4865 21
4866 193
4867 193
4868 300
4869 303
4870 300
4871 317
4872 317
4873 135
4874 135
4875 19
4876 372
4877 380
4878 364
4879 372
4880 19
4881 372
4882 200
4883 200
4884 95
4885 95
4886 10
4887 27
4888 27
4889 27
4890 27
4891 27
4892 383
4893 383
4894 22
4895 343
4896 5
4897 2
4898 56
4899 22
4900 141
4901 144
4902 141
4903 423
4904 363
4905 137
4906 78
4907 13
4908 78
4909 232
4910 20
4911 232
4912 25
4913 200
4914 26
4915 33
4916 33
4917 263
4918 268
4919 269
4920 263
4921 8
4922 387
4923 413
4924 72
4925 100
4926 279
4927 413
4928 18
4929 340
4930 100
4931 393
4932 394
4933 321
4934 72
4935 413
4936 173
4937 156
4938 409
4939 421
4940 156
4941 378
4942 248
4943 20
4944 384
4945 329
4946 378
4947 384
4948 20
4949 329
4950 378
4951 12
4952 12
4953 119
4954 119
4955 342
4956 119
4957 119
4958 397
4959 401
4960 349
4961 357
4962 88
4963 6
4964 88
4965 88
4966 88
4967 222
4968 18
4969 18
4970 279
4971 286
4972 272
4973 171
4974 171
4975 309
4976 197
4977 197
4978 153
4979 153
4980 153
4981 51
4982 24
4983 51
4984 26
4985 241
4986 2
4987 240
4988 335
4989 2
4990 146
4991 10
4992 146
4993 364
4994 270
4995 270
4996 354
4997 270
4998 270
4999 186
5000 256
5001 131
5002 410
5003 255
5004 255
5005 6
5006 270
5007 74
5008 105
5009 197
5010 197
5011 93
5012 103
5013 4
5014 4
5015 393
5016 18
5017 15
5018 14
5019 17
5020 393
5021 197
5022 65
5023 92
5024 385
5025 71
5026 92
5027 43
5028 259
5029 43
5030 53
5031 133
5032 24
5033 386
5034 376
5035 24
5036 90
5037 2
5038 386
5039 403
5040 279
5041 3
5042 3
5043 3
5044 334
5045 334
5046 11
5047 152
5048 370
5049 375
5050 399
5051 399
5052 399
5053 399
5054 68
5055 343
5056 260
5057 23
5058 260
5059 47
5060 47
5061 73
5062 49
5063 4
5064 409
5065 413
5066 94
5067 396
5068 413
5069 407
5070 339
5071 407
5072 30
5073 30
5074 30
5075 33
5076 247
5077 30
5078 143
5079 143
5080 143
5081 143
5082 403
5083 378
5084 274
5085 274
5086 378
5087 291
5088 9
5089 245
5090 411
5091 95
5092 42
5093 5
5094 42
5095 373
5096 319
5097 26
5098 96
5099 16
5100 95
5101 102
5102 6
5103 20
5104 102
5105 102
5106 287
5107 309
5108 287
5109 308
5110 148
5111 309
5112 283
5113 57
5114 327
5115 17
5116 327
5117 159
5118 159
5119 375
5120 3
5121 375
5122 377
5123 301
5124 301
5125 137
5126 140
5127 141
5128 141
5129 127
5130 137
5131 137
5132 392
5133 18
5134 394
5135 318
5136 7
5137 331
5138 132
5139 121
5140 178
5141 315
5142 9
5143 217
5144 315
5145 202
5146 337
5147 303
5148 9
5149 375
5150 344
5151 76
5152 344
5153 335
5154 335
5155 280
5156 335
5157 205
5158 99
5159 99
5160 337
5161 337
5162 110
5163 349
5164 3
5165 4
5166 290
5167 342
5168 9
5169 280
5170 13
5171 124
5172 126
5173 124
5174 124
5175 329
5176 124
5177 124
5178 36
5179 23
5180 426
5181 9
5182 296
5183 296
5184 38
5185 296
5186 111
5187 149
5188 153
5189 149
5190 114
5191 111
5192 149
5193 170
5194 142
5195 168
5196 302
5197 168
5198 124
5199 12
5200 124
5201 161
5202 124
5203 331
5204 331
5205 331
5206 16
5207 10
5208 103
5209 296
5210 29
5211 29
5212 32
5213 29
5214 312
5215 312
5216 219
5217 369
5218 369
5219 106
5220 6
5221 418
5222 418
5223 418
5224 418
5225 242
5226 242
5227 28
5228 28
5229 28
5230 161
5231 161
5232 291
5233 291
5234 291
5235 291
5236 46
5237 291
5238 30
5239 32
5240 32
5241 32
5242 30
5243 33
5244 64
5245 33
5246 33
5247 275
5248 410
5249 280
5250 322
5251 387
5252 387
5253 261
5254 261
5255 389
5256 358
5257 358
5258 73
5259 16
5260 88
5261 16
5262 16
5263 73
5264 73
5265 82
5266 113
5267 285
5268 285
5269 12
5270 77
5271 145
5272 145
5273 131
5274 188
5275 151
5276 3
5277 278
5278 278
5279 278
5280 289
5281 228
5282 5
5283 228
5284 303
5285 228
5286 42
5287 42
5288 45
5289 42
5290 42
5291 365
5292 365
5293 365
5294 365
5295 365
5296 369
5297 365
5298 159
5299 130
5300 130
5301 130
5302 318
5303 20
5304 318
5305 154
5306 154
5307 20
5308 18
5309 20
5310 155
5311 154
5312 365
5313 365
5314 365
5315 303
5316 330
5317 43
5318 12
5319 39
5320 18
5321 39
5322 18
5323 192
5324 192
5325 134
5326 175
5327 26
5328 175
5329 273
5330 273
5331 20
5332 273
5333 370
5334 174
5335 174
5336 9
5337 186
5338 105
5339 105
5340 186
5341 64
5342 64
5343 70
5344 264
5345 64
5346 264
5347 40
5348 391
5349 19
5350 10
5351 106
5352 106
5353 299
5354 106
5355 370
5356 370
5357 411
5358 370
5359 279
5360 145
5361 389
5362 113
5363 195
5364 138
5365 279
5366 279
5367 279
5368 127
5369 143
5370 144
5371 143
5372 143
5373 155
5374 143
5375 70
5376 70
5377 24
5378 380
5379 56
5380 36
5381 59
5382 24
5383 377
5384 56
5385 70
5386 151
5387 83
5388 24
5389 13
5390 151
5391 423
5392 269
5393 265
5394 283
5395 130
5396 395
5397 219
5398 2
5399 350
5400 282
5401 2
5402 166
5403 139
5404 139
5405 139
5406 281
5407 44
5408 44
5409 211
5410 211
5411 211
5412 173
5413 50
5414 87
5415 50
5416 145
5417 145
5418 298
5419 301
5420 298
5421 310
5422 301
5423 44
5424 44
5425 83
5426 186
5427 186
5428 137
5429 229
5430 249
5431 267
5432 15
5433 159
5434 36
5435 186
5436 267
5437 331
5438 179
5439 331
5440 12
5441 415
5442 384
5443 384
5444 386
5445 384
5446 397
5447 397
5448 397
5449 180
5450 4
5451 64
5452 229
5453 233
5454 235
5455 248
5456 233
5457 233
5458 296
5459 301
5460 11
5461 375
5462 296
5463 180
5464 8
5465 180
5466 14
5467 8
5468 330
5469 24
5470 187
5471 172
5472 146
5473 22
5474 25
5475 24
5476 22
5477 326
5478 26
5479 247
5480 384
5481 14
5482 78
5483 25
5484 14
5485 384
5486 95
5487 113
5488 95
5489 95
5490 281
5491 253
5492 244
5493 317
5494 356
5495 12
5496 44
5497 297
5498 282
5499 236
5500 297
5501 260
5502 3
5503 262
5504 260
5505 4
5506 4
5507 4
5508 11
5509 149
5510 149
5511 117
5512 149
5513 87
5514 322
5515 189
5516 21
5517 423
5518 423
5519 424
5520 105
5521 81
5522 269
5523 120
5524 120
5525 25
5526 77
5527 235
5528 235
5529 78
5530 19
5531 107
5532 186
5533 187
5534 186
5535 148
5536 79
5537 79
5538 290
5539 394
5540 24
5541 24
5542 70
5543 74
5544 357
5545 174
5546 4
5547 380
5548 4
5549 201
5550 201
5551 201
5552 201
5553 116
5554 116
5555 116
5556 105
5557 19
5558 15
5559 15
5560 19
5561 105
5562 39
5563 375
5564 242
5565 242
5566 242
5567 428
5568 181
5569 375
5570 184
5571 181
5572 375
5573 423
5574 423
5575 425
5576 407
5577 370
5578 370
5579 154
5580 154
5581 272
5582 188
5583 25
5584 235
5585 234
5586 235
5587 13
5588 9
5589 245
5590 343
5591 343
5592 34
5593 280
5594 267
5595 7
5596 267
5597 343
5598 172
5599 54
5600 254
5601 11
5602 249
5603 303
5604 363
5605 16
5606 16
5607 134
5608 220
5609 64
5610 61
5611 61
5612 58
5613 58
5614 58
5615 58
5616 197
5617 1
5618 306
5619 55
5620 55
5621 46
5622 46
5623 101
5624 35
5625 51
5626 51
5627 72
5628 35
5629 411
5630 13
5631 316
5632 411
5633 103
5634 103
5635 103
5636 386
5637 301
5638 391
5639 386
5640 368
5641 386
5642 415
5643 415
5644 415
5645 385
5646 127
5647 340
5648 178
5649 269
5650 178
5651 178
5652 294
5653 294
5654 333
5655 333
5656 294
5657 61
5658 61
5659 155
5660 408
5661 113
5662 155
5663 328
5664 409
5665 154
5666 70
5667 23
5668 45
5669 165
5670 154
5671 108
5672 223
5673 108
5674 163
5675 200
5676 180
5677 163
5678 200
5679 319
5680 188
5681 319
5682 318
5683 319
5684 364
5685 380
5686 254
5687 393
5688 363
5689 11
5690 264
5691 393
5692 5
5693 254
5694 247
5695 247
5696 227
5697 247
5698 10
5699 247
5700 247
5701 201
5702 201
5703 201
5704 201
5705 18
5706 54
5707 54
5708 83
5709 106
5710 14
5711 83
5712 105
5713 12
5714 293
5715 14
5716 344
5717 3
5718 65
5719 57
5720 65
5721 65
5722 65
5723 312
5724 312
5725 397
5726 397
5727 318
5728 363
5729 241
5730 26
5731 301
5732 254
5733 159
5734 9
5735 26
5736 136
5737 136
5738 136
5739 136
5740 182
5741 182
5742 76
5743 59
5744 44
5745 10
5746 391
5747 76
5748 10
5749 59
5750 53
5751 292
5752 6
5753 224
5754 191
5755 224
5756 6
5757 191
5758 329
5759 329
5760 329
5761 329
5762 420
5763 420
5764 420
5765 353
5766 420
5767 420
5768 410
5769 410
5770 410
5771 343
5772 410
5773 410
5774 120
5775 140
5776 263
5777 253
5778 340
5779 261
5780 10
5781 298
5782 369
5783 105
5784 298
5785 303
5786 298
5787 369
5788 172
5789 172
5790 172
5791 66
5792 66
5793 310
5794 310
5795 14
5796 14
5797 310
5798 52
5799 52
5800 10
5801 87
5802 245
5803 249
5804 60
5805 155
5806 24
5807 9
5808 423
5809 166
5810 298
5811 423
5812 4
5813 384
5814 4
5815 166
5816 295
5817 321
5818 248
5819 41
5820 41
5821 341
5822 85
5823 343
5824 341
5825 184
5826 21
5827 21
5828 21
5829 36
5830 2
5831 35
5832 341
5833 11
5834 291
5835 241
5836 291
5837 97
5838 97
5839 97
5840 81
5841 126
5842 54
5843 54
5844 54
5845 240
5846 240
5847 252
5848 123
5849 3
5850 245
5851 111
5852 111
5853 70
5854 301
5855 26
5856 382
5857 44
5858 3
5859 44
5860 287
5861 69
5862 301
5863 187
5864 78
5865 187
5866 187
5867 154
5868 344
5869 348
5870 380
5871 313
5872 313
5873 313
5874 194
5875 119
5876 194
5877 51
5878 423
5879 194
5880 51
5881 349
5882 376
5883 45
5884 46
5885 11
5886 416
5887 417
5888 416
5889 30
5890 30
5891 27
5892 32
5893 28
5894 30
5895 349
5896 349
5897 14
5898 14
5899 23
5900 15
5901 198
5902 198
5903 198
5904 45
5905 23
5906 39
5907 22
5908 39
5909 22
5910 351
5911 351
5912 351
5913 11
5914 351
5915 111
5916 276
5917 9
5918 157
5919 157
5920 157
5921 265
5922 4
5923 265
5924 52
5925 52
5926 91
5927 114
5928 114
5929 91
5930 209
5931 91
5932 281
5933 9
5934 9
5935 320
5936 320
5937 19
5938 320
5939 293
5940 199
5941 281
5942 192
5943 44
5944 7
5945 44
5946 44
5947 106
5948 38
5949 7
5950 351
5951 189
5952 343
5953 15
5954 227
5955 227
5956 275
5957 10
5958 21
5959 275
5960 312
5961 312
5962 239
5963 239
5964 239
5965 409
5966 153
5967 286
5968 286
5969 409
5970 19
5971 19
5972 19
5973 286
5974 20
5975 154
5976 287
5977 261
5978 248
5979 327
5980 81
5981 33
5982 423
5983 297
5984 297
5985 297
5986 124
5987 127
5988 125
5989 124
5990 127
5991 127
5992 124
5993 122
5994 124
5995 127
5996 141
5997 4
5998 141
5999 424
6000 262
6001 416
6002 424
6003 12
6004 420
6005 416
6006 133
6007 132
6008 128
6009 133
6010 188
6011 175
6012 188
6013 137
6014 384
6015 186
6016 255
6017 342
6018 342
6019 374
6020 342
6021 13
6022 343
6023 374
6024 353
6025 353
6026 353
6027 167
6028 167
6029 56
6030 57
6031 56
6032 56
6033 57
6034 233
6035 237
6036 233
6037 11
6038 375
6039 164
6040 46
6041 2
6042 46
6043 244
6044 244
6045 11
6046 244
6047 226
6048 97
6049 293
6050 218
6051 19
6052 19
6053 226
6054 106
6055 124
6056 106
6057 106
6058 271
6059 340
6060 118
6061 252
6062 324
6063 70
6064 256
6065 46
6066 336
6067 46
6068 362
6069 291
6070 291
6071 397
6072 11
6073 241
6074 248
6075 3
6076 53
6077 356
6078 352
6079 53
6080 118
6081 209
6082 53
6083 352
6084 356
6085 53
6086 52
6087 6
6088 20
6089 26
6090 26
6091 20
6092 12
6093 323
6094 12
6095 74
6096 74
6097 150
6098 345
6099 10
6100 245
6101 9
6102 20
6103 423
6104 9
6105 394
6106 423
6107 165
6108 165
6109 184
6110 4
6111 24
6112 376
6113 4
6114 361
6115 383
6116 383
6117 405
6118 8
6119 383
6120 162
6121 54
6122 63
6123 248
6124 259
6125 243
6126 243
6127 259
6128 346
6129 346
6130 346
6131 247
6132 346
6133 9
6134 346
6135 93
6136 20
6137 93
6138 93
6139 393
6140 227
6141 227
6142 99
6143 248
6144 99
6145 99
6146 99
6147 332
6148 332
6149 299
6150 373
6151 373
6152 373
6153 428
6154 6
6155 245
6156 428
6157 428
6158 265
6159 265
6160 356
6161 419
6162 419
6163 199
6164 410
6165 418
6166 199
6167 73
6168 66
6169 73
6170 72
6171 72
6172 72
6173 73
6174 75
6175 379
6176 379
6177 219
6178 379
6179 379
6180 379
6181 426
6182 426
6183 248
6184 426
6185 263
6186 397
6187 263
6188 383
6189 9
6190 80
6191 80
6192 18
6193 47
6194 18
6195 274
6196 274
6197 274
6198 118
6199 24
6200 23
6201 50
6202 50
6203 301
6204 301
6205 301
6206 301
6207 301
6208 266
6209 266
6210 411
6211 255
6212 309
6213 255
6214 309
6215 323
6216 323
6217 291
6218 22
6219 22
6220 74
6221 25
6222 8
6223 125
6224 274
6225 230
6226 230
6227 95
6228 101
6229 1
6230 8
6231 216
6232 216
6233 273
6234 22
6235 268
6236 323
6237 273
6238 407
6239 243
6240 246
6241 103
6242 229
6243 249
6244 342
6245 105
6246 93
6247 342
6248 391
6249 327
6250 103
6251 327
6252 327
6253 18
6254 416
6255 183
6256 183
6257 16
6258 273
6259 44
6260 411
6261 316
6262 276
6263 411
6264 411
6265 321
6266 368
6267 37
6268 165
6269 369
6270 303
6271 303
6272 61
6273 61
6274 256
6275 8
6276 263
6277 344
6278 408
6279 344
6280 19
6281 165
6282 376
6283 374
6284 374
6285 25
6286 240
6287 59
6288 59
6289 59
6290 58
6291 59
6292 27
6293 27
6294 32
6295 27
6296 27
6297 176
6298 176
6299 93
6300 13
6301 250
6302 250
6303 284
6304 266
6305 266
6306 9
6307 151
6308 151
6309 306
6310 146
6311 158
6312 158
6313 158
6314 294
6315 294
6316 294
6317 294
6318 294
6319 252
6320 269
6321 252
6322 341
6323 38
6324 341
6325 128
6326 123
6327 127
6328 127
6329 225
6330 225
6331 251
6332 244
6333 251
6334 251
6335 251
6336 38
6337 2
6338 276
6339 276
6340 276
6341 83
6342 83
6343 83
6344 83
6345 147
6346 114
6347 147
6348 331
6349 8
6350 331
6351 331
6352 8
6353 208
6354 208
6355 19
6356 233
6357 233
6358 2
6359 107
6360 395
6361 398
6362 379
6363 395
6364 395
6365 367
6366 368
6367 102
6368 71
6369 102
6370 102
6371 102
6372 73
6373 214
6374 18
6375 214
6376 366
6377 18
6378 189
6379 189
6380 189
6381 189
6382 189
6383 268
6384 10
6385 115
6386 115
6387 161
6388 159
6389 268
6390 279
6391 23
6392 261
6393 261
6394 313
6395 2
6396 261
6397 338
6398 8
6399 338
6400 208
6401 338
6402 80
6403 161
6404 11
6405 356
6406 12
6407 410
6408 410
6409 256
6410 401
6411 401
6412 196
6413 140
6414 140
6415 145
6416 29
6417 99
6418 146
6419 129
6420 140
6421 90
6422 398
6423 90
6424 268
6425 90
6426 338
6427 338
6428 338
6429 338
6430 289
6431 289
6432 8
6433 6
6434 13
6435 266
6436 266
6437 11
6438 184
6439 15
6440 297
6441 297
6442 374
6443 10
6444 345
6445 345
6446 345
6447 89
6448 89
6449 89
6450 89
6451 89
6452 40
6453 40
6454 189
6455 193
6456 189
6457 376
6458 7
6459 376
6460 203
6461 7
6462 347
6463 181
6464 394
6465 347
6466 24
6467 180
6468 347
6469 194
6470 194
6471 42
6472 42
6473 394
6474 42
6475 42
6476 232
6477 232
6478 232
6479 81
6480 232
6481 232
6482 232
6483 312
6484 312
6485 188
6486 312
6487 200
6488 200
6489 195
6490 190
6491 16
6492 431
6493 190
6494 190
6495 16
6496 406
6497 406
6498 406
6499 289
6500 247
6501 289
6502 23
6503 25
6504 18
6505 5
6506 23
6507 147
6508 265
6509 418
6510 418
6511 214
6512 214
6513 214
6514 226
6515 213
6516 36
6517 354
6518 234
6519 21
6520 226
6521 101
6522 152
6523 299
6524 354
6525 368
6526 226
6527 222
6528 26
6529 26
6530 45
6531 403
6532 26
6533 237
6534 237
6535 237
6536 89
6537 89
6538 209
6539 14
6540 7
6541 14
6542 398
6543 398
6544 227
6545 227
6546 229
6547 283
6548 42
6549 114
6550 42
6551 11
6552 3
6553 67
6554 406
6555 406
6556 406
6557 406
6558 105
6559 105
6560 366
6561 220
6562 366
6563 366
6564 366
6565 333
6566 126
6567 366
6568 181
6569 371
6570 220
6571 345
6572 7
6573 345
6574 345
6575 345
6576 7
6577 50
6578 5
6579 50
6580 114
6581 50
6582 36
6583 405
6584 301
6585 405
6586 405
6587 9
6588 187
6589 188
6590 159
6591 256
6592 10
6593 110
6594 125
6595 110
6596 126
6597 25
6598 126
6599 126
6600 25
6601 78
6602 4
6603 202
6604 311
6605 238
6606 336
6607 9
6608 115
6609 115
6610 133
6611 120
6612 114
6613 110
6614 266
6615 266
6616 266
6617 266
6618 245
6619 44
6620 274
6621 204
6622 204
6623 204
6624 152
6625 5
6626 58
6627 146
6628 395
6629 395
6630 338
6631 338
6632 338
6633 260
6634 260
6635 356
6636 386
6637 172
6638 172
6639 172
6640 172
6641 172
6642 317
6643 211
6644 13
6645 317
6646 211
6647 102
6648 196
6649 196
6650 26
6651 39
6652 54
6653 184
6654 238
6655 346
6656 238
6657 238
6658 238
6659 279
6660 8
6661 11
6662 385
6663 101
6664 257
6665 101
6666 134
6667 192
6668 192
6669 396
6670 192
6671 192
6672 168
6673 168
6674 168
6675 168
6676 116
6677 116
6678 116
6679 171
6680 141
6681 141
6682 141
6683 156
6684 79
6685 22
6686 292
6687 17
6688 22
6689 125
6690 125
6691 125
6692 10
6693 285
6694 285
6695 285
6696 285
6697 78
6698 55
6699 55
6700 266
6701 14
6702 105
6703 308
6704 275
6705 275
6706 114
6707 113
6708 113
6709 114
6710 208
6711 208
6712 187
6713 209
6714 208
6715 114
6716 222
6717 395
6718 331
6719 223
6720 160
6721 361
6722 349
6723 25
6724 48
6725 21
6726 12
6727 87
6728 48
6729 21
6730 72
6731 72
6732 201
6733 389
6734 228
6735 292
6736 13
6737 401
6738 92
6739 39
6740 268
6741 404
6742 2
6743 301
6744 48
6745 50
6746 19
6747 48
6748 62
6749 62
6750 327
6751 327
6752 262
6753 4
6754 241
6755 248
6756 126
6757 254
6758 52
6759 286
6760 126
6761 11
6762 25
6763 111
6764 86
6765 86
6766 86
6767 86
6768 237
6769 86
6770 354
6771 354
6772 89
6773 89
6774 89
6775 89
6776 164
6777 226
6778 226
6779 226
6780 226
6781 226
6782 226
6783 117
6784 120
6785 404
6786 117
6787 120
6788 108
6789 108
6790 108
6791 108
6792 159
6793 108
6794 108
6795 38
6796 20
6797 137
6798 38
6799 8
6800 20
6801 156
6802 256
6803 384
6804 253
6805 427
6806 13
6807 256
6808 340
6809 165
6810 121
6811 187
6812 114
6813 114
6814 350
6815 350
6816 350
6817 350
6818 158
6819 158
6820 56
6821 56
6822 65
6823 155
6824 19
6825 40
6826 228
6827 228
6828 111
6829 111
6830 112
6831 111
6832 111
6833 111
6834 41
6835 41
6836 41
6837 41
6838 41
6839 41
6840 41
6841 227
6842 227
6843 157
6844 157
6845 190
6846 157
6847 94
6848 179
6849 179
6850 163
6851 4
6852 219
6853 409
6854 409
6855 409
6856 290
6857 329
6858 286
6859 166
6860 166
6861 166
6862 43
6863 258
6864 258
6865 125
6866 125
6867 318
6868 318
6869 385
6870 295
6871 385
6872 300
6873 244
6874 260
6875 244
6876 244
6877 244
6878 8
6879 41
6880 41
6881 41
6882 272
6883 272
6884 414
6885 414
6886 414
6887 414
6888 328
6889 328
6890 332
6891 328
6892 327
6893 398
6894 398
6895 320
6896 36
6897 17
6898 17
6899 300
6900 300
6901 8
6902 17
6903 300
6904 300
6905 290
6906 228
6907 290
6908 14
6909 19
6910 14
6911 141
6912 141
6913 135
6914 274
6915 229
6916 117
6917 100
6918 117
6919 267
6920 11
6921 10
6922 267
6923 187
6924 384
6925 187
6926 372
6927 330
6928 372
6929 383
6930 369
6931 19
6932 389
6933 353
6934 357
6935 38
6936 353
6937 5
6938 5
6939 224
6940 224
6941 192
6942 57
6943 192
6944 306
6945 3
6946 11
6947 260
6948 133
6949 133
6950 114
6951 59
6952 179
6953 17
6954 384
6955 17
6956 4
6957 43
6958 388
6959 17
6960 60
6961 179
6962 61
6963 325
6964 325
6965 254
6966 325
6967 133
6968 133
6969 232
6970 232
6971 232
6972 337
6973 337
6974 226
6975 226
6976 286
6977 226
6978 314
6979 310
6980 300
6981 39
6982 39
6983 134
6984 419
6985 155
6986 244
6987 104
6988 364
6989 61
6990 245
6991 245
6992 382
6993 382
6994 14
6995 426
6996 426
6997 405
6998 276
6999 18
7000 417
7001 36
7002 354
7003 335
7004 36
7005 101
7006 84
7007 208
7008 208
7009 327
7010 257
7011 250
7012 371
7013 257
7014 5
7015 269
7016 257
7017 70
7018 273
7019 70
7020 131
7021 131
7022 357
7023 131
7024 131
7025 169
7026 94
7027 94
7028 312
7029 9
7030 156
7031 181
7032 156
7033 404
7034 404
7035 404
7036 6
7037 28
7038 32
7039 28
7040 32
7041 32
7042 28
7043 93
7044 11
7045 93
7046 388
7047 10
7048 198
7049 388
7050 161
7051 245
7052 313
7053 316
7054 147
7055 245
7056 241
7057 147
7058 241
7059 268
7060 268
7061 268
7062 222
7063 245
7064 250
7065 181
7066 87
7067 250
7068 250
7069 181
7070 203
7071 203
7072 281
7073 103
7074 46
7075 355
7076 45
7077 127
7078 411
7079 223
7080 223
7081 218
7082 280
7083 44
7084 416
7085 389
7086 44
7087 410
7088 410
7089 410
7090 410
7091 46
7092 200
7093 37
7094 46
7095 50
7096 391
7097 422
7098 391
7099 391
7100 390
7101 225
7102 25
7103 19
7104 77
7105 40
7106 8
7107 271
7108 310
7109 270
7110 271
7111 18
7112 388
7113 272
7114 401
7115 304
7116 304
7117 416
7118 351
7119 357
7120 351
7121 134
7122 22
7123 65
7124 51
7125 112
7126 405
7127 51
7128 309
7129 327
7130 17
7131 327
7132 8
7133 327
7134 17
7135 327
7136 184
7137 392
7138 327
7139 384
7140 327
7141 327
7142 296
7143 110
7144 110
7145 110
7146 110
7147 419
7148 419
7149 286
7150 239
7151 344
7152 195
7153 195
7154 152
7155 265
7156 265
7157 91
7158 333
7159 286
7160 21
7161 21
7162 198
7163 198
7164 112
7165 147
7166 147
7167 147
7168 181
7169 260
7170 260
7171 260
7172 402
7173 121
7174 213
7175 232
7176 213
7177 188
7178 188
7179 196
7180 188
7181 181
7182 168
7183 181
7184 108
7185 143
7186 143
7187 143
7188 353
7189 353
7190 354
7191 353
7192 353
7193 357
7194 357
7195 311
7196 114
7197 113
7198 311
7199 268
7200 10
7201 268
7202 268
7203 337
7204 264
7205 336
7206 221
7207 6
7208 221
7209 360
7210 42
7211 370
7212 42
7213 347
7214 42
7215 42
7216 370
7217 221
7218 221
7219 356
7220 416
7221 114
7222 337
7223 10
7224 337
7225 114
7226 63
7227 269
7228 269
7229 269
7230 269
7231 217
7232 217
7233 107
7234 413
7235 217
7236 78
7237 65
7238 54
7239 65
7240 54
7241 52
7242 52
7243 52
7244 46
7245 46
7246 52
7247 310
7248 281
7249 346
7250 310
7251 391
7252 391
7253 261
7254 290
7255 261
7256 220
7257 294
7258 187
7259 187
7260 112
7261 120
7262 112
7263 113
7264 161
7265 6
7266 122
7267 122
7268 122
7269 254
7270 118
7271 402
7272 164
7273 207
7274 207
7275 260
7276 3
7277 421
7278 421
7279 98
7280 126
7281 411
7282 13
7283 98
7284 126
7285 328
7286 159
7287 330
7288 236
7289 23
7290 398
7291 159
7292 328
7293 328
7294 266
7295 266
7296 266
7297 266
7298 125
7299 177
7300 69
7301 233
7302 233
7303 250
7304 352
7305 352
7306 352
7307 352
7308 352
7309 5
7310 384
7311 352
7312 424
7313 384
7314 25
7315 52
7316 317
7317 352
7318 351
7319 299
7320 299
7321 423
7322 299
7323 299
7324 299
7325 299
7326 301
7327 299
7328 299
7329 276
7330 85
7331 363
7332 85
7333 362
7334 417
7335 53
7336 394
7337 242
7338 312
7339 312
7340 106
7341 312
7342 384
7343 250
7344 250
7345 250
7346 256
7347 250
7348 250
7349 250
7350 309
7351 250
7352 250
7353 250
7354 232
7355 222
7356 81
7357 334
7358 42
7359 334
7360 424
7361 424
7362 390
7363 392
7364 392
7365 392
7366 60
7367 60
7368 270
7369 270
7370 342
7371 343
7372 340
7373 314
7374 232
7375 232
7376 125
7377 313
7378 296
7379 313
7380 90
7381 90
7382 36
7383 90
7384 90
7385 381
7386 11
7387 384
7388 343
7389 352
7390 352
7391 229
7392 242
7393 236
7394 37
7395 229
7396 179
7397 17
7398 179
7399 312
7400 205
7401 186
7402 17
7403 384
7404 178
7405 72
7406 13
7407 165
7408 179
7409 295
7410 274
7411 295
7412 237
7413 407
7414 237
7415 303
7416 6
7417 6
7418 423
7419 423
7420 381
7421 385
7422 384
7423 106
7424 28
7425 32
7426 28
7427 28
7428 32
7429 75
7430 75
7431 317
7432 317
7433 203
7434 203
7435 78
7436 309
7437 114
7438 86
7439 321
7440 293
7441 114
7442 161
7443 171
7444 171
7445 171
7446 99
7447 171
7448 171
7449 171
7450 171
7451 378
7452 22
7453 244
7454 378
7455 145
7456 16
7457 338
7458 338
7459 338
7460 338
7461 338
7462 338
7463 338
7464 402
7465 402
7466 180
7467 244
7468 337
7469 402
7470 96
7471 424
7472 136
7473 96
7474 416
7475 293
7476 148
7477 416
7478 293
7479 350
7480 251
7481 350
7482 249
7483 344
7484 347
7485 347
7486 13
7487 363
7488 72
7489 4
7490 3
7491 254
7492 72
7493 329
7494 72
7495 166
7496 166
7497 166
7498 166
7499 166
7500 166
7501 2
7502 129
7503 159
7504 129
7505 10
7506 174
7507 18
7508 129
7509 121
7510 144
7511 174
7512 129
7513 285
7514 285
7515 285
7516 416
7517 411
7518 25
7519 16
7520 7
7521 25
7522 411
7523 82
7524 363
7525 6
7526 84
7527 184
7528 118
7529 184
7530 63
7531 63
7532 63
7533 63
7534 63
7535 182
7536 15
7537 176
7538 15
7539 228
7540 316
7541 228
7542 246
7543 26
7544 253
7545 228
7546 190
7547 401
7548 190
7549 190
7550 190
7551 84
7552 39
7553 99
7554 99
7555 99
7556 344
7557 344
7558 153
7559 390
7560 11
7561 93
7562 241
7563 93
7564 180
7565 3
7566 288
7567 290
7568 175
7569 288
7570 172
7571 421
7572 50
7573 269
7574 269
7575 345
7576 231
7577 255
7578 33
7579 31
7580 13
7581 31
7582 291
7583 13
7584 69
7585 291
7586 291
7587 248
7588 4
7589 243
7590 332
7591 50
7592 332
7593 70
7594 364
7595 324
7596 221
7597 332
7598 330
7599 332
7600 324
7601 332
7602 209
7603 209
7604 209
7605 216
7606 216
7607 216
7608 267
7609 267
7610 220
7611 330
7612 267
7613 204
7614 204
7615 204
7616 204
7617 255
7618 283
7619 243
7620 253
7621 298
7622 316
7623 256
7624 316
7625 251
7626 96
7627 96
7628 382
7629 104
7630 217
7631 217
7632 219
7633 7
7634 126
7635 132
7636 237
7637 267
7638 46
7639 278
7640 46
7641 278
7642 405
7643 405
7644 19
7645 405
7646 208
7647 6
7648 97
7649 248
7650 128
7651 248
7652 248
7653 248
7654 255
7655 260
7656 220
7657 313
7658 223
7659 220
7660 220
7661 305
7662 396
7663 396
7664 118
7665 396
7666 4
7667 396
7668 396
7669 296
7670 36
7671 25
7672 18
7673 52
7674 26
7675 10
7676 245
7677 363
7678 276
7679 375
7680 195
7681 195
7682 387
7683 387
7684 25
7685 371
7686 378
7687 282
7688 377
7689 387
7690 25
7691 363
7692 208
7693 208
7694 410
7695 243
7696 243
7697 193
7698 385
7699 86
7700 385
7701 214
7702 356
7703 356
7704 420
7705 363
7706 103
7707 8
7708 103
7709 53
7710 11
7711 11
7712 53
7713 79
7714 288
7715 222
7716 159
7717 270
7718 272
7719 13
7720 247
7721 225
7722 21
7723 242
7724 225
7725 193
7726 243
7727 243
7728 205
7729 205
7730 427
7731 15
7732 189
7733 71
7734 17
7735 114
7736 97
7737 97
7738 97
7739 97
7740 317
7741 388
7742 204
7743 302
7744 302
7745 302
7746 99
7747 39
7748 99
7749 234
7750 374
7751 39
7752 315
7753 255
7754 378
7755 378
7756 378
7757 85
7758 13
7759 85
7760 394
7761 396
7762 394
7763 408
7764 394
7765 396
7766 65
7767 125
7768 238
7769 243
7770 247
7771 238
7772 238
7773 238
7774 238
7775 16
7776 47
7777 275
7778 63
7779 10
7780 301
7781 77
7782 249
7783 330
7784 77
7785 59
7786 24
7787 14
7788 112
7789 59
7790 14
7791 59
7792 59
7793 24
7794 357
7795 14
7796 309
7797 295
7798 403
7799 290
7800 5
7801 344
7802 224
7803 274
7804 344
7805 20
7806 390
7807 20
7808 373
7809 37
7810 344
7811 344
7812 46
7813 25
7814 226
7815 145
7816 25
7817 280
7818 342
7819 107
7820 107
7821 171
7822 171
7823 77
7824 7
7825 64
7826 354
7827 347
7828 4
7829 347
7830 76
7831 9
7832 4
7833 347
7834 13
7835 161
7836 160
7837 245
7838 251
7839 160
7840 166
7841 166
7842 199
7843 166
7844 166
7845 166
7846 13
7847 387
7848 4
7849 361
7850 387
7851 387
7852 4
7853 73
7854 46
7855 382
7856 382
7857 336
7858 210
7859 210
7860 25
7861 20
7862 25
7863 208
7864 239
7865 303
7866 208
7867 105
7868 163
7869 166
7870 163
7871 163
7872 237
7873 237
7874 322
7875 316
7876 198
7877 198
7878 198
7879 16
7880 131
7881 131
7882 238
7883 238
7884 226
7885 326
7886 286
7887 18
7888 18
7889 403
7890 395
7891 45
7892 9
7893 13
7894 66
7895 390
7896 66
7897 148
7898 415
7899 361
7900 9
7901 272
7902 24
7903 368
7904 271
7905 377
7906 296
7907 296
7908 24
7909 296
7910 180
7911 377
7912 25
7913 272
7914 272
7915 271
7916 272
7917 296
7918 309
7919 316
7920 309
7921 275
7922 405
7923 408
7924 405
7925 310
7926 405
7927 408
7928 152
7929 152
7930 152
7931 68
7932 68
7933 68
7934 133
7935 101
7936 179
7937 6
7938 72
7939 336
7940 384
7941 185
7942 361
7943 276
7944 383
7945 383
7946 393
7947 383
7948 383
7949 383
7950 188
7951 213
7952 242
7953 117
7954 213
7955 281
7956 194
7957 152
7958 390
7959 368
7960 191
7961 390
7962 108
7963 19
7964 386
7965 272
7966 386
7967 386
7968 272
7969 342
7970 209
7971 183
7972 183
7973 189
7974 192
7975 187
7976 256
7977 67
7978 245
7979 67
7980 316
7981 287
7982 287
7983 210
7984 10
7985 1
7986 276
7987 16
7988 205
7989 205
7990 339
7991 205
7992 316
7993 316
7994 316
7995 365
7996 423
7997 337
7998 268
7999 332
8000 26
8001 360
8002 337
8003 365
8004 423
8005 151
8006 113
8007 113
8008 151
8009 113
8010 328
8011 26
8012 351
8013 26
8014 73
8015 349
8016 26
8017 26
8018 349
8019 280
8020 344
8021 315
8022 8
8023 44
8024 13
8025 8
8026 377
8027 377
8028 377
8029 45
8030 130
8031 130
8032 222
8033 348
8034 222
8035 13
8036 222
8037 222
8038 140
8039 75
8040 348
8041 184
8042 184
8043 184
8044 424
8045 233
8046 39
8047 233
8048 315
8049 233
8050 233
8051 16
8052 16
8053 21
8054 353
8055 354
8056 353
8057 353
8058 355
8059 138
8060 4
8061 32
8062 32
8063 300
8064 3
8065 249
8066 61
8067 105
8068 340
8069 340
8070 155
8071 286
8072 276
8073 286
8074 286
8075 262
8076 21
8077 262
8078 263
8079 362
8080 362
8081 6
8082 305
8083 13
8084 290
8085 290
8086 366
8087 327
8088 166
8089 131
8090 131
8091 131
8092 131
8093 43
8094 4
8095 284
8096 284
8097 239
8098 283
8099 140
8100 140
8101 140
8102 173
8103 173
8104 292
8105 61
8106 61
8107 61
8108 303
8109 303
8110 303
8111 325
8112 89
8113 255
8114 89
8115 220
8116 220
8117 391
8118 308
8119 273
8120 308
8121 5
8122 167
8123 167
8124 154
8125 154
8126 154
8127 172
8128 172
8129 278
8130 278
8131 278
8132 385
8133 385
8134 385
8135 78
8136 78
8137 325
8138 273
8139 26
8140 273
8141 392
8142 396
8143 392
8144 144
8145 392
8146 392
8147 392
8148 398
8149 398
8150 190
8151 190
8152 190
8153 190
8154 205
8155 152
8156 152
8157 6
8158 334
8159 334
8160 42
8161 334
8162 328
8163 136
8164 328
8165 295
8166 319
8167 319
8168 356
8169 23
8170 350
8171 319
8172 34
8173 34
8174 232
8175 44
8176 232
8177 271
8178 419
8179 256
8180 207
8181 207
8182 337
8183 49
8184 49
8185 263
8186 123
8187 146
8188 170
8189 281
8190 280
8191 207
8192 207
8193 207
8194 369
8195 265
8196 269
8197 259
8198 269
8199 80
8200 309
8201 309
8202 309
8203 55
8204 55
8205 134
8206 21
8207 266
8208 21
8209 175
8210 422
8211 268
8212 223
8213 223
8214 123
8215 123
8216 321
8217 20
8218 402
8219 295
8220 309
8221 321
8222 41
8223 321
8224 345
8225 262
8226 263
8227 225
8228 219
8229 219
8230 236
8231 219
8232 235
8233 384
8234 235
8235 254
8236 251
8237 249
8238 411
8239 332
8240 333
8241 333
8242 333
8243 24
8244 394
8245 107
8246 44
8247 282
8248 1
8249 279
8250 309
8251 309
8252 309
8253 309
8254 377
8255 301
8256 53
8257 413
8258 413
8259 388
8260 40
8261 39
8262 91
8263 23
8264 191
8265 191
8266 191
8267 9
8268 229
8269 134
8270 134
8271 402
8272 402
8273 402
8274 402
8275 411
8276 405
8277 411
8278 405
8279 388
8280 388
8281 12
8282 388
8283 296
8284 276
8285 296
8286 305
8287 296
8288 93
8289 11
8290 93
8291 148
8292 92
8293 92
8294 194
8295 194
8296 194
8297 207
8298 207
8299 139
8300 139
8301 120
8302 115
8303 120
8304 134
8305 113
8306 123
8307 123
8308 180
8309 316
8310 316
8311 180
8312 415
8313 415
8314 34
8315 248
8316 245
8317 190
8318 190
8319 261
8320 279
8321 190
8322 355
8323 24
8324 14
8325 152
8326 111
8327 111
8328 111
8329 111
8330 91
8331 91
8332 171
8333 171
8334 171
8335 87
8336 63
8337 200
8338 200
8339 46
8340 413
8341 413
8342 5
8343 131
8344 20
8345 413
8346 88
8347 88
8348 17
8349 147
8350 88
8351 358
8352 358
8353 299
8354 153
8355 299
8356 402
8357 337
8358 287
8359 280
8360 7
8361 19
8362 86
8363 391
8364 86
8365 86
8366 19
8367 337
8368 374
8369 374
8370 348
8371 374
8372 352
8373 352
8374 352
8375 202
8376 202
8377 261
8378 386
8379 244
8380 261
8381 261
8382 375
8383 262
8384 261
8385 376
8386 7
8387 7
8388 376
8389 34
8390 13
8391 34
8392 34
8393 75
8394 391
8395 75
8396 362
8397 23
8398 391
8399 55
8400 55
8401 55
8402 55
8403 38
8404 377
8405 322
8406 273
8407 155
8408 321
8409 220
8410 350
8411 321
8412 321
8413 111
8414 291
8415 291
8416 291
8417 13
8418 10
8419 288
8420 288
8421 290
8422 288
8423 288
8424 268
8425 282
8426 282
8427 282
8428 131
8429 184
8430 329
8431 81
8432 124
8433 10
8434 329
8435 200
8436 2
8437 2
8438 400
8439 274
8440 335
8441 403
8442 206
8443 246
8444 206
8445 95
8446 95
8447 74
8448 321
8449 74
8450 74
8451 313
8452 317
8453 190
8454 6
8455 190
8456 367
8457 65
8458 65
8459 396
8460 88
8461 217
8462 112
8463 402
8464 404
8465 88
8466 33
8467 33
8468 228
8469 228
8470 97
8471 97
8472 97
8473 360
8474 360
8475 362
8476 360
8477 3
8478 364
8479 360
8480 408
8481 408
8482 337
8483 408
8484 7
8485 408
8486 415
8487 109
8488 391
8489 109
8490 11
8491 288
8492 288
8493 288
8494 288
8495 167
8496 167
8497 167
8498 167
8499 167
8500 409
8501 289
8502 365
8503 289
8504 63
8505 63
8506 63
8507 356
8508 168
8509 353
8510 353
8511 41
8512 125
8513 13
8514 125
8515 125
8516 161
8517 427
8518 249
8519 249
8520 308
8521 402
8522 345
8523 263
8524 399
8525 395
8526 20
8527 399
8528 395
8529 140
8530 140
8531 140
8532 140
8533 399
8534 399
8535 399
8536 342
8537 7
8538 313
8539 313
8540 269
8541 90
8542 330
8543 269
8544 18
8545 18
8546 115
8547 30
8548 30
8549 343
8550 371
8551 343
8552 343
8553 350
8554 343
8555 275
8556 236
8557 371
8558 421
8559 343
8560 343
8561 253
8562 253
8563 253
8564 249
8565 65
8566 406
8567 375
8568 1
8569 407
8570 400
8571 390
8572 400
8573 400
8574 400
8575 277
8576 12
8577 400
8578 400
8579 183
8580 183
8581 183
8582 330
8583 281
8584 98
8585 57
8586 57
8587 57
8588 57
8589 57
8590 57
8591 57
8592 121
8593 57
8594 57
8595 78
8596 78
8597 236
8598 78
8599 168
8600 168
8601 168
8602 173
8603 207
8604 125
8605 104
8606 11
8607 104
8608 104
8609 328
8610 353
8611 153
8612 328
8613 330
8614 328
8615 332
8616 159
8617 201
8618 290
8619 147
8620 363
8621 363
8622 209
8623 13
8624 9
8625 363
8626 237
8627 237
8628 240
8629 223
8630 268
8631 268
8632 3
8633 235
8634 233
8635 66
8636 22
8637 3
8638 22
8639 294
8640 294
8641 20
8642 143
8643 143
8644 143
8645 420
8646 142
8647 129
8648 129
8649 129
8650 120
8651 129
8652 361
8653 371
8654 360
8655 310
8656 40
8657 10
8658 40
8659 40
8660 400
8661 400
8662 37
8663 323
8664 161
8665 425
8666 335
8667 116
8668 116
8669 1
8670 13
8671 23
8672 86
8673 377
8674 283
8675 39
8676 281
8677 281
8678 330
8679 340
8680 236
8681 2
8682 340
8683 95
8684 146
8685 384
8686 95
8687 146
8688 207
8689 86
8690 103
8691 151
8692 151
8693 319
8694 319
8695 421
8696 319
8697 209
8698 209
8699 82
8700 82
8701 364
8702 382
8703 82
8704 64
8705 88
8706 88
8707 311
8708 311
8709 311
8710 155
8711 117
8712 117
8713 173
8714 172
8715 117
8716 94
8717 246
8718 357
8719 246
8720 246
8721 47
8722 47
8723 33
8724 96
8725 326
8726 33
8727 327
8728 279
8729 279
8730 269
8731 36
8732 403
8733 36
8734 36
8735 17
8736 36
8737 73
8738 175
8739 221
8740 73
8741 427
8742 427
8743 377
8744 389
8745 100
8746 100
8747 357
8748 357
8749 31
8750 31
8751 31
8752 282
8753 282
8754 282
8755 100
8756 100
8757 100
8758 269
8759 269
8760 30
8761 30
8762 30
8763 30
8764 30
8765 30
8766 113
8767 119
8768 13
8769 6
8770 6
8771 45
8772 115
8773 26
8774 364
8775 115
8776 115
8777 5
8778 5
8779 115
8780 26
8781 214
8782 391
8783 347
8784 214
8785 24
8786 15
8787 370
8788 214
8789 214
8790 332
8791 247
8792 396
8793 86
8794 187
8795 187
8796 298
8797 303
8798 298
8799 3
8800 387
8801 360
8802 360
8803 337
8804 380
8805 74
8806 74
8807 45
8808 45
8809 267
8810 267
8811 421
8812 297
8813 349
8814 16
8815 101
8816 101
8817 175
8818 23
8819 73
8820 239
8821 23
8822 191
8823 191
8824 191
8825 191
8826 191
8827 110
8828 110
8829 53
8830 53
8831 252
8832 252
8833 210
8834 189
8835 374
8836 189
8837 18
8838 11
8839 189
8840 77
8841 77
8842 290
8843 290
8844 13
8845 342
8846 327
8847 294
8848 353
8849 376
8850 294
8851 344
8852 376
8853 276
8854 276
8855 370
8856 369
8857 276
8858 106
8859 318
8860 229
8861 318
8862 170
8863 170
8864 349
8865 79
8866 293
8867 293
8868 201
8869 201
8870 201
8871 307
8872 307
8873 307
8874 343
8875 343
8876 307
8877 219
8878 219
8879 92
8880 282
8881 23
8882 21
8883 23
8884 23
8885 21
8886 103
8887 356
8888 103
8889 303
8890 18
8891 60
8892 55
8893 55
8894 194
8895 198
8896 22
8897 198
8898 22
8899 99
8900 245
8901 9
8902 328
8903 225
8904 244
8905 244
8906 256
8907 244
8908 29
8909 29
8910 32
8911 29
8912 32
8913 29
8914 159
8915 4
8916 159
8917 378
8918 4
8919 114
8920 376
8921 376
8922 356
8923 23
8924 376
8925 217
8926 20
8927 217
8928 217
8929 295
8930 240
8931 318
8932 265
8933 265
8934 372
8935 19
8936 372
8937 175
8938 5
8939 162
8940 162
8941 35
8942 138
8943 138
8944 138
8945 137
8946 138
8947 244
8948 59
8949 244
8950 61
8951 63
8952 61
8953 63
8954 171
8955 267
8956 196
8957 196
8958 216
8959 89
8960 216
8961 216
8962 14
8963 167
8964 167
8965 167
8966 6
8967 6
8968 165
8969 167
8970 167
8971 416
8972 293
8973 86
8974 293
8975 293
8976 306
8977 141
8978 293
8979 17
8980 17
8981 19
8982 96
8983 96
8984 336
8985 336
8986 336
8987 403
8988 336
8989 95
8990 95
8991 95
8992 95
8993 360
8994 360
8995 360
8996 377
8997 102
8998 75
8999 75
9000 280
9001 280
9002 289
9003 77
9004 5
9005 289
9006 77
9007 323
9008 289
9009 131
9010 52
9011 52
9012 111
9013 111
9014 128
9015 179
9016 303
9017 179
9018 318
9019 318
9020 318
9021 401
9022 401
9023 156
9024 156
9025 156
9026 58
9027 256
9028 128
9029 117
9030 130
9031 252
9032 41
9033 41
9034 131
9035 140
9036 145
9037 140
9038 140
9039 211
9040 167
9041 167
9042 186
9043 83
9044 83
9045 84
9046 414
9047 83
9048 83
9049 424
9050 205
9051 424
9052 104
9053 45
9054 45
9055 39
9056 22
9057 26
9058 217
9059 205
9060 39
9061 22
9062 357
9063 346
9064 357
9065 246
9066 346
9067 377
9068 264
9069 114
9070 114
9071 172
9072 74
9073 91
9074 73
9075 419
9076 384
9077 6
9078 45
9079 424
9080 424
9081 312
9082 312
9083 99
9084 312
9085 48
9086 312
9087 340
9088 340
9089 340
9090 340
9091 72
9092 43
9093 38
9094 286
9095 286
9096 345
9097 345
9098 143
9099 145
9100 143
9101 143
9102 366
9103 426
9104 369
9105 246
9106 350
9107 246
9108 38
9109 366
9110 366
9111 16
9112 196
9113 315
9114 47
9115 196
9116 196
9117 258
9118 258
9119 309
9120 309
9121 309
9122 309
9123 118
9124 362
9125 118
9126 128
9127 9
9128 31
9129 128
9130 9
9131 379
9132 379
9133 379
9134 8
9135 379
9136 19
9137 275
9138 295
9139 276
9140 365
9141 325
9142 325
9143 325
9144 223
9145 223
9146 33
9147 22
9148 195
9149 6
9150 91
9151 113
9152 173
9153 179
9154 363
9155 79
9156 78
9157 79
9158 79
9159 16
9160 61
9161 61
9162 61
9163 201
9164 398
9165 5
9166 261
9167 261
9168 205
9169 205
9170 94
9171 238
9172 109
9173 306
9174 109
9175 121
9176 46
9177 52
9178 12
9179 152
9180 52
9181 52
9182 282
9183 282
9184 408
9185 272
9186 282
9187 37
9188 305
9189 37
9190 37
9191 37
9192 305
9193 207
9194 7
9195 286
9196 300
9197 5
9198 7
9199 300
9200 150
9201 150
9202 5
9203 6
9204 234
9205 234
9206 234
9207 261
9208 246
9209 174
9210 234
9211 261
9212 55
9213 55
9214 55
9215 55
9216 55
9217 151
9218 151
9219 192
9220 192
9221 194
9222 192
9223 371
9224 310
9225 44
9226 254
9227 16
9228 143
9229 144
9230 136
9231 143
9232 137
9233 143
9234 143
9235 135
9236 107
9237 261
9238 143
9239 135
9240 143
9241 237
9242 23
9243 367
9244 236
9245 237
9246 380
9247 380
9248 380
9249 380
9250 263
9251 159
9252 160
9253 70
9254 96
9255 96
9256 5
9257 96
9258 242
9259 258
9260 258
9261 258
9262 258
9263 258
9264 258
9265 258
9266 160
9267 160
9268 50
9269 6
9270 325
9271 16
9272 325
9273 12
9274 45
9275 287
9276 287
9277 287
9278 249
9279 274
9280 273
9281 359
9282 359
9283 380
9284 364
9285 359
9286 359
9287 321
9288 345
9289 309
9290 359
9291 363
9292 428
9293 80
9294 79
9295 329
9296 79
9297 301
9298 309
9299 310
9300 279
9301 285
9302 279
9303 285
9304 99
9305 290
9306 421
9307 292
9308 291
9309 85
9310 385
9311 80
9312 292
9313 363
9314 296
9315 291
9316 308
9317 308
9318 318
9319 318
9320 22
9321 14
9322 153
9323 17
9324 293
9325 220
9326 300
9327 300
9328 296
9329 128
9330 295
9331 296
9332 295
9333 172
9334 172
9335 175
9336 172
9337 151
9338 147
9339 151
9340 172
9341 172
9342 410
9343 236
9344 303
9345 303
9346 14
9347 303
9348 208
9349 132
9350 83
9351 34
9352 34
9353 323
9354 280
9355 323
9356 370
9357 280
9358 323
9359 323
9360 139
9361 139
9362 139
9363 139
9364 139
9365 139
9366 217
9367 9
9368 217
9369 209
9370 9
9371 94
9372 101
9373 6
9374 225
9375 225
9376 364
9377 300
9378 370
9379 370
9380 155
9381 104
9382 8
9383 278
9384 347
9385 391
9386 299
9387 407
9388 370
9389 287
9390 218
9391 235
9392 218
9393 218
9394 218
9395 218
9396 218
9397 258
9398 77
9399 258
9400 318
9401 258
9402 406
9403 406
9404 406
9405 316
9406 11
9407 316
9408 57
9409 54
9410 54
9411 54
9412 289
9413 289
9414 275
9415 9
9416 98
9417 24
9418 107
9419 11
9420 100
9421 353
9422 100
9423 300
9424 180
9425 100
9426 361
9427 297
9428 297
9429 339
9430 97
9431 11
9432 58
9433 58
9434 58
9435 158
9436 158
9437 314
9438 314
9439 314
9440 107
9441 59
9442 60
9443 58
9444 58
9445 60
9446 401
9447 58
9448 58
9449 210
9450 302
9451 210
9452 26
9453 262
9454 262
9455 315
9456 313
9457 106
9458 85
9459 106
9460 98
9461 18
9462 106
9463 85
9464 98
9465 225
9466 106
9467 106
9468 143
9469 143
9470 360
9471 41
9472 134
9473 268
9474 370
9475 370
9476 41
9477 27
9478 27
9479 27
9480 32
9481 76
9482 343
9483 137
9484 110
9485 110
9486 110
9487 110
9488 110
9489 132
9490 113
9491 175
9492 132
9493 242
9494 242
9495 251
9496 401
9497 242
9498 348
9499 3
9500 104
9501 104
9502 104
9503 94
9504 207
9505 379
9506 240
9507 348
9508 156
9509 348
9510 348
9511 172
9512 172
9513 258
9514 235
9515 197
9516 3
9517 72
9518 172
9519 172
9520 172
9521 123
9522 124
9523 123
9524 123
9525 123
9526 383
9527 383
9528 284
9529 129
9530 20
9531 37
9532 19
9533 24
9534 202
9535 119
9536 202
9537 289
9538 71
9539 289
9540 222
9541 222
9542 64
9543 93
9544 206
9545 206
9546 357
9547 275
9548 15
9549 15
9550 15
9551 174
9552 309
9553 11
9554 309
9555 309
9556 6
9557 349
9558 213
9559 16
9560 14
9561 410
9562 75
9563 259
9564 259
9565 259
9566 259
9567 66
9568 66
9569 348
9570 416
9571 348
9572 355
9573 17
9574 348
9575 355
9576 297
9577 297
9578 424
9579 424
9580 424
9581 248
9582 351
9583 423
9584 19
9585 282
9586 248
9587 234
9588 17
9589 8
9590 14
9591 234
9592 275
9593 316
9594 316
9595 7
9596 240
9597 256
9598 240
9599 243
9600 306
9601 243
9602 270
9603 270
9604 41
9605 18
9606 18
9607 158
9608 120
9609 198
9610 16
9611 17
9612 172
9613 172
9614 148
9615 151
9616 33
9617 341
9618 87
9619 227
9620 57
9621 280
9622 227
9623 107
9624 54
9625 240
9626 240
9627 410
9628 410
9629 410
9630 410
9631 187
9632 187
9633 248
9634 248
9635 248
9636 390
9637 406
9638 406
9639 406
9640 14
9641 14
9642 66
9643 66
9644 15
9645 61
9646 19
9647 76
9648 40
9649 22
9650 22
9651 242
9652 363
9653 51
9654 171
9655 171
9656 171
9657 171
9658 171
9659 212
9660 62
9661 3
9662 303
9663 294
9664 277
9665 308
9666 364
9667 278
9668 165
9669 11
9670 40
9671 347
9672 42
9673 402
9674 40
9675 40
9676 42
9677 296
9678 296
9679 322
9680 418
9681 322
9682 322
9683 43
9684 208
9685 43
9686 4
9687 328
9688 43
9689 330
9690 25
9691 25
9692 109
9693 109
9694 109
9695 372
9696 254
9697 423
9698 428
9699 423
9700 222
9701 222
9702 298
9703 265
9704 222
9705 222
9706 48
9707 220
9708 94
9709 11
9710 181
9711 394
9712 394
9713 427
9714 235
9715 235
9716 420
9717 74
9718 420
9719 420
9720 355
9721 355
9722 198
9723 198
9724 339
9725 357
9726 165
9727 200
9728 86
9729 177
9730 177
9731 180
9732 268
9733 268
9734 220
9735 179
9736 304
9737 268
9738 143
9739 143
9740 219
9741 242
9742 219
9743 20
9744 83
9745 18
9746 20
9747 242
9748 241
9749 14
9750 371
9751 294
9752 81
9753 3
9754 4
9755 41
9756 42
9757 326
9758 41
9759 41
9760 41
9761 276
9762 276
9763 178
9764 178
9765 165
9766 283
9767 126
9768 126
9769 289
9770 73
9771 73
9772 281
9773 251
9774 265
9775 265
9776 249
9777 265
9778 239
9779 261
9780 261
9781 261
9782 6
9783 75
9784 75
9785 75
9786 195
9787 195
9788 49
9789 49
9790 50
9791 260
9792 224
9793 91
9794 351
9795 331
9796 8
9797 3
9798 60
9799 63
9800 63
9801 92
9802 398
9803 415
9804 390
9805 383
9806 290
9807 423
9808 423
9809 266
9810 230
9811 379
9812 390
9813 379
9814 252
9815 252
9816 123
9817 356
9818 206
9819 121
9820 356
9821 157
9822 157
9823 157
9824 157
9825 91
9826 229
9827 396
9828 2
9829 278
9830 96
9831 308
9832 278
9833 335
9834 96
9835 278
9836 15
9837 15
9838 141
9839 85
9840 246
9841 246
9842 246
9843 418
9844 68
9845 338
9846 386
9847 363
9848 338
9849 402
9850 26
9851 362
9852 2
9853 90
9854 90
9855 90
9856 343
9857 343
9858 401
9859 401
9860 401
9861 353
9862 143
9863 143
9864 143
9865 143
9866 152
9867 72
9868 122
9869 72
9870 72
9871 72
9872 72
9873 72
9874 15
9875 97
9876 80
9877 217
9878 357
9879 24
9880 268
9881 217
9882 98
9883 98
9884 406
9885 15
9886 78
9887 55
9888 290
9889 290
9890 59
9891 295
9892 17
9893 321
9894 295
9895 358
9896 358
9897 260
9898 260
9899 245
9900 260
9901 404
9902 404
9903 260
9904 310
9905 18
9906 310
9907 293
9908 232
9909 310
9910 206
9911 206
9912 427
9913 206
9914 206
9915 284
9916 308
9917 287
9918 360
9919 284
9920 284
9921 281
9922 281
9923 276
9924 281
9925 405
9926 405
9927 386
9928 333
9929 377
9930 333
9931 371
9932 333
9933 270
9934 272
9935 15
9936 375
9937 139
9938 139
9939 395
9940 376
9941 395
9942 104
9943 104
9944 104
9945 104
9946 206
9947 91
9948 48
9949 418
9950 48
9951 48
9952 221
9953 62
9954 228
9955 62
9956 44
9957 19
9958 404
9959 62
9960 419
9961 419
9962 419
9963 419
9964 419
9965 81
9966 297
9967 297
9968 55
9969 9
9970 55
9971 55
9972 118
9973 118
9974 185
9975 315
9976 92
9977 253
9978 17
9979 253
9980 115
9981 115
9982 385
9983 385
9984 385
9985 48
9986 48
9987 100
9988 137
9989 137
9990 102
9991 255
9992 330
9993 102
9994 102
9995 102
9996 114
9997 141
9998 328
9999 229
