10000 203
10001 410
10002 196
10003 386
10004 142
10005 48
10006 107
10007 38
10008 356
10009 205
10010 381
10011 61
10012 45
10013 54
10014 245
10015 283
10016 266
10017 288
10018 139
10019 262
10020 275
10021 366
10022 221
10023 259
10024 135
10025 243
10026 417
10027 206
10028 329
10029 17
10030 24
10031 40
10032 31
10033 70
10034 454
10035 194
10036 439
10037 121
10038 371
10039 214
10040 233
10041 240
10042 301
10043 452
10044 159
10045 274
10046 238
10047 267
10048 13
10049 302
10050 219
10051 70
10052 367
10053 434
10054 68
10055 20
10056 434
10057 219
10058 52
10059 478
10060 358
10061 297
10062 168
10063 355
10064 292
10065 154
10066 399
10067 128
10068 86
10069 274
10070 247
10071 475
10072 420
10073 157
10074 211
10075 39
10076 96
10077 133
10078 279
10079 163
10080 45
10081 272
10082 29
10083 182
10084 0
10085 37
10086 308
10087 419
10088 144
10089 297
10090 8
10091 374
10092 423
10093 24
10094 352
10095 470
10096 400
10097 138
10098 162
10099 33
10100 170
10101 284
10102 35
10103 97
10104 10
10105 444
10106 112
10107 205
10108 10
10109 254
10110 251
10111 452
10112 228
10113 43
10114 88
10115 476
10116 117
10117 8
10118 183
10119 317
10120 384
10121 8
10122 162
10123 382
10124 406
10125 73
10126 450
10127 203
10128 215
10129 139
10130 2
10131 71
10132 228
10133 43
10134 406
10135 39
10136 425
10137 183
10138 382
10139 455
10140 102
10141 467
10142 328
10143 425
10144 157
10145 5
10146 380
10147 323
10148 258
10149 320
10150 491
10151 152
10152 48
10153 453
10154 441
10155 208
10156 89
10157 138
10158 256
10159 414
10160 324
10161 171
10162 68
10163 405
10164 3
10165 110
10166 237
10167 19
10168 307
10169 199
10170 162
10171 324
10172 45
10173 306
10174 60
10175 262
10176 237
10177 53
10178 24
10179 63
10180 303
10181 395
10182 177
10183 69
10184 296
10185 342
10186 21
10187 269
10188 413
10189 234
10190 149
10191 486
10192 186
10193 85
10194 450
10195 350
10196 198
10197 248
10198 244
10199 73
10200 390
10201 286
10202 382
10203 372
10204 225
10205 493
10206 460
10207 467
10208 140
10209 410
10210 230
10211 424
10212 255
10213 101
10214 324
10215 301
10216 306
10217 251
10218 24
10219 159
10220 299
10221 338
10222 455
10223 342
10224 421
10225 305
10226 494
10227 48
10228 246
10229 132
10230 386
10231 357
10232 480
10233 35
10234 304
10235 223
10236 366
10237 195
10238 372
10239 202
10240 210
10241 149
10242 199
10243 30
10244 146
10245 135
10246 31
10247 252
10248 146
10249 420
10250 51
10251 260
10252 421
10253 398
10254 75
10255 3
10256 356
10257 64
10258 491
10259 57
10260 286
10261 68
10262 413
10263 204
10264 183
10265 134
10266 490
10267 23
10268 309
10269 317
10270 157
10271 196
10272 31
10273 386
10274 265
10275 145
10276 76
10277 424
10278 357
10279 381
10280 45
10281 103
10282 49
10283 335
10284 478
10285 190
10286 481
10287 70
10288 87
10289 101
10290 359
10291 36
10292 165
10293 244
10294 428
10295 74
10296 302
10297 353
10298 424
10299 198
10300 407
10301 361
10302 243
10303 462
10304 69
10305 156
10306 212
10307 34
10308 66
10309 460
10310 437
10311 302
10312 437
10313 212
10314 141
10315 114
10316 110
10317 149
10318 233
10319 195
10320 359
10321 259
10322 161
10323 229
10324 175
10325 482
10326 267
10327 212
10328 344
10329 233
10330 0
10331 55
10332 101
10333 398
10334 330
10335 244
10336 372
10337 405
10338 370
10339 71
10340 44
10341 457
10342 95
10343 435
10344 113
10345 229
10346 370
10347 0
10348 287
10349 293
10350 261
10351 178
10352 179
10353 308
10354 126
10355 132
10356 232
10357 408
10358 413
10359 90
10360 245
10361 98
10362 207
10363 365
10364 303
10365 420
10366 432
10367 472
10368 312
10369 454
10370 33
10371 43
10372 302
10373 273
10374 297
10375 92
10376 258
10377 324
10378 366
10379 267
10380 51
10381 9
10382 481
10383 367
10384 146
10385 172
10386 161
10387 296
10388 93
10389 317
10390 26
10391 402
10392 169
10393 212
10394 296
10395 288
10396 214
10397 4
10398 327
10399 331
10400 478
10401 26
10402 108
10403 328
10404 245
10405 290
10406 24
10407 93
10408 269
10409 428
10410 419
10411 257
10412 100
10413 340
10414 359
10415 454
10416 318
10417 444
10418 352
10419 29
10420 327
10421 295
10422 142
10423 234
10424 43
10425 204
10426 376
10427 409
10428 118
10429 220
10430 284
10431 445
10432 143
10433 161
10434 263
10435 112
10436 57
10437 56
10438 258
10439 376
10440 186
10441 5
10442 223
10443 64
10444 176
10445 259
10446 383
10447 23
10448 99
10449 457
10450 220
10451 61
10452 42
10453 325
10454 296
10455 191
10456 282
10457 84
10458 448
10459 171
10460 462
10461 106
10462 429
10463 458
10464 308
10465 228
10466 389
10467 170
10468 357
10469 343
10470 292
10471 361
10472 249
10473 133
10474 162
10475 391
10476 86
10477 106
10478 494
10479 220
10480 401
10481 175
10482 68
10483 482
10484 487
10485 234
10486 277
10487 104
10488 298
10489 380
10490 482
10491 283
10492 114
10493 313
10494 405
10495 101
10496 205
10497 279
10498 429
10499 33
10500 412
10501 94
10502 139
10503 278
10504 425
10505 286
10506 126
10507 458
10508 288
10509 62
10510 213
10511 459
10512 438
10513 347
10514 107
10515 203
10516 372
10517 431
10518 5
10519 380
10520 45
10521 292
10522 344
10523 2
10524 199
10525 323
10526 73
10527 171
10528 188
10529 155
10530 293
10531 460
10532 486
10533 429
10534 342
10535 431
10536 448
10537 183
10538 497
10539 185
10540 393
10541 80
10542 134
10543 67
10544 281
10545 147
10546 360
10547 368
10548 115
10549 412
10550 148
10551 350
10552 176
10553 300
10554 127
10555 366
10556 203
10557 445
10558 398
10559 81
10560 445
10561 464
10562 114
10563 90
10564 97
10565 297
10566 237
10567 92
10568 105
10569 454
10570 136
10571 41
10572 155
10573 83
10574 198
10575 462
10576 306
10577 405
10578 249
10579 159
10580 10
10581 359
10582 93
10583 356
10584 122
10585 98
10586 195
10587 493
10588 187
10589 415
10590 102
10591 396
10592 26
10593 357
10594 169
10595 150
10596 422
10597 102
10598 50
10599 342
10600 136
10601 336
10602 359
10603 193
10604 66
10605 324
10606 384
10607 43
10608 404
10609 127
10610 416
10611 463
10612 264
10613 224
10614 7
10615 180
10616 256
10617 247
10618 364
10619 111
10620 351
10621 310
10622 148
10623 435
10624 495
10625 29
10626 45
10627 242
10628 284
10629 269
10630 417
10631 260
10632 325
10633 137
10634 109
10635 345
10636 53
10637 402
10638 320
10639 380
10640 383
10641 473
10642 359
10643 426
10644 59
10645 476
10646 303
10647 2
10648 191
10649 109
10650 269
10651 320
10652 430
10653 438
10654 10
10655 326
10656 260
10657 71
10658 323
10659 443
10660 65
10661 288
10662 93
10663 269
10664 81
10665 351
10666 12
10667 96
10668 373
10669 61
10670 325
10671 281
10672 95
10673 487
10674 213
10675 60
10676 200
10677 275
10678 403
10679 454
10680 98
10681 98
10682 371
10683 473
10684 139
10685 290
10686 391
10687 115
10688 226
10689 466
10690 135
10691 410
10692 12
10693 378
10694 265
10695 144
10696 128
10697 89
10698 427
10699 282
10700 57
10701 151
10702 306
10703 185
10704 252
10705 441
10706 43
10707 408
10708 395
10709 133
10710 60
10711 88
10712 342
10713 79
10714 113
10715 109
10716 141
10717 392
10718 407
10719 363
10720 262
10721 152
10722 460
10723 240
10724 359
10725 350
10726 306
10727 458
10728 188
10729 142
10730 231
10731 294
10732 78
10733 123
10734 113
10735 295
10736 250
10737 40
10738 396
10739 113
10740 96
10741 331
10742 455
10743 167
10744 361
10745 158
10746 335
10747 131
10748 234
10749 30
10750 375
10751 400
10752 117
10753 334
10754 65
10755 240
10756 377
10757 459
10758 267
10759 64
10760 385
10761 195
10762 200
10763 19
10764 342
10765 59
10766 283
10767 462
10768 154
10769 8
10770 225
10771 22
10772 59
10773 388
10774 302
10775 232
10776 82
10777 341
10778 268
10779 70
10780 264
10781 163
10782 149
10783 71
10784 166
10785 376
10786 421
10787 287
10788 340
10789 397
10790 478
10791 462
10792 226
10793 170
10794 350
10795 247
10796 428
10797 279
10798 3
10799 171
10800 148
10801 169
10802 34
10803 199
10804 163
10805 326
10806 327
10807 416
10808 356
10809 198
10810 382
10811 164
10812 91
10813 202
10814 100
10815 220
10816 311
10817 171
10818 199
10819 161
10820 10
10821 128
10822 368
10823 156
10824 402
10825 316
10826 242
10827 404
10828 431
10829 128
10830 420
10831 184
10832 162
10833 234
10834 470
10835 29
10836 177
10837 439
10838 426
10839 212
10840 27
10841 477
10842 103
10843 251
10844 220
10845 232
10846 144
10847 316
10848 445
10849 281
10850 180
10851 163
10852 52
10853 225
10854 117
10855 495
10856 285
10857 159
10858 360
10859 147
10860 50
10861 63
10862 225
10863 305
10864 88
10865 315
10866 307
10867 243
10868 252
10869 175
10870 257
10871 69
10872 397
10873 270
10874 123
10875 88
10876 348
10877 136
10878 362
10879 270
10880 193
10881 73
10882 282
10883 418
10884 431
10885 439
10886 433
10887 175
10888 444
10889 284
10890 162
10891 101
10892 2
10893 316
10894 217
10895 269
10896 384
10897 189
10898 143
10899 436
10900 274
10901 6
10902 2
10903 181
10904 116
10905 263
10906 81
10907 442
10908 20
10909 489
10910 97
10911 28
10912 161
10913 74
10914 226
10915 446
10916 207
10917 9
10918 323
10919 391
10920 165
10921 200
10922 320
10923 50
10924 133
10925 180
10926 190
10927 166
10928 172
10929 170
10930 216
10931 149
10932 23
10933 258
10934 353
10935 160
10936 468
10937 386
10938 156
10939 315
10940 379
10941 263
10942 278
10943 446
10944 68
10945 98
10946 70
10947 441
10948 41
10949 396
10950 48
10951 167
10952 136
10953 391
10954 363
10955 297
10956 387
10957 30
10958 443
10959 304
10960 67
10961 333
10962 448
10963 5
10964 196
10965 100
10966 246
10967 132
10968 456
10969 395
10970 14
10971 444
10972 404
10973 298
10974 138
10975 37
10976 90
10977 37
10978 409
10979 242
10980 18
10981 75
10982 407
10983 436
10984 152
10985 34
10986 153
10987 178
10988 43
10989 53
10990 141
10991 48
10992 50
10993 320
10994 163
10995 149
10996 132
10997 199
10998 53
10999 422
11000 116
11001 106
11002 108
11003 365
11004 225
11005 448
11006 95
11007 253
11008 88
11009 345
11010 257
11011 29
11012 93
11013 11
11014 81
11015 338
11016 313
11017 447
11018 456
11019 326
11020 405
11021 260
11022 439
11023 443
11024 129
11025 253
11026 466
11027 73
11028 326
11029 481
11030 10
11031 495
11032 280
11033 288
11034 425
11035 74
11036 272
11037 169
11038 167
11039 164
11040 146
11041 173
11042 345
11043 179
11044 328
11045 118
11046 228
11047 392
11048 388
11049 12
11050 271
11051 95
11052 204
11053 275
11054 276
11055 343
11056 77
11057 158
11058 70
11059 457
11060 4
11061 270
11062 152
11063 83
11064 21
11065 182
11066 189
11067 485
11068 263
11069 440
11070 192
11071 23
11072 290
11073 202
11074 442
11075 211
11076 333
11077 62
11078 180
11079 220
11080 194
11081 453
11082 459
11083 51
11084 401
11085 33
11086 241
11087 100
11088 179
11089 72
11090 191
11091 491
11092 20
11093 402
11094 329
11095 401
11096 353
11097 127
11098 27
11099 397
11100 292
11101 480
11102 322
11103 249
11104 151
11105 113
11106 380
11107 350
11108 433
11109 284
11110 165
11111 329
11112 437
11113 166
11114 436
11115 91
11116 482
11117 62
11118 265
11119 406
11120 16
11121 489
11122 184
11123 288
11124 316
11125 469
11126 306
11127 427
11128 470
11129 401
11130 218
11131 148
11132 346
11133 375
11134 471
11135 322
11136 459
11137 495
11138 198
11139 277
11140 105
11141 307
11142 164
11143 59
11144 264
11145 341
11146 172
11147 184
11148 158
11149 109
11150 143
11151 194
11152 238
11153 301
11154 47
11155 192
11156 163
11157 54
11158 493
11159 49
11160 487
11161 231
11162 143
11163 116
11164 147
11165 237
11166 116
11167 379
11168 346
11169 454
11170 279
11171 164
11172 176
11173 98
11174 271
11175 50
11176 114
11177 44
11178 324
11179 448
11180 166
11181 8
11182 261
11183 330
11184 244
11185 185
11186 58
11187 38
11188 75
11189 79
11190 488
11191 420
11192 311
11193 356
11194 277
11195 162
11196 174
11197 269
11198 83
11199 33
11200 301
11201 21
11202 181
11203 55
11204 13
11205 158
11206 57
11207 134
11208 365
11209 126
11210 380
11211 179
11212 147
11213 138
11214 274
11215 360
11216 29
11217 224
11218 209
11219 55
11220 142
11221 72
11222 324
11223 358
11224 456
11225 167
11226 355
11227 103
11228 397
11229 342
11230 419
11231 297
11232 190
11233 490
11234 159
11235 448
11236 145
11237 55
11238 117
11239 139
11240 46
11241 281
11242 271
11243 235
11244 339
11245 249
11246 54
11247 197
11248 472
11249 385
11250 474
11251 14
11252 36
11253 381
11254 367
11255 340
11256 311
11257 9
11258 204
11259 418
11260 215
11261 486
11262 184
11263 172
11264 337
11265 467
11266 333
11267 132
11268 29
11269 214
11270 122
11271 161
11272 459
11273 454
11274 51
11275 246
11276 129
11277 457
11278 324
11279 342
11280 435
11281 412
11282 74
11283 233
11284 252
11285 148
11286 346
11287 212
11288 192
11289 415
11290 291
11291 354
11292 464
11293 377
11294 9
11295 111
11296 211
11297 193
11298 103
11299 446
11300 409
11301 465
11302 316
11303 441
11304 83
11305 151
11306 173
11307 267
11308 28
11309 450
11310 254
11311 339
11312 8
11313 20
11314 255
11315 73
11316 407
11317 264
11318 315
11319 302
11320 86
11321 370
11322 192
11323 78
11324 150
11325 41
11326 178
11327 148
11328 89
11329 196
11330 0
11331 225
11332 202
11333 90
11334 61
11335 274
11336 183
11337 262
11338 318
11339 253
11340 378
11341 122
11342 290
11343 234
11344 223
11345 254
11346 318
11347 381
11348 170
11349 62
11350 408
11351 462
11352 224
11353 414
11354 40
11355 78
11356 355
11357 65
11358 332
11359 194
11360 11
11361 98
11362 91
11363 134
11364 406
11365 35
11366 98
11367 221
11368 255
11369 147
11370 88
11371 335
11372 255
11373 29
11374 329
11375 157
11376 206
11377 207
11378 314
11379 440
11380 196
11381 35
11382 432
11383 229
11384 16
11385 375
11386 275
11387 19
11388 220
11389 92
11390 357
11391 311
11392 202
11393 337
11394 373
11395 117
11396 238
11397 397
11398 312
11399 458
11400 345
11401 337
11402 442
11403 207
11404 474
11405 273
11406 133
11407 497
11408 2
11409 279
11410 368
11411 461
11412 440
11413 44
11414 59
11415 400
11416 263
11417 145
11418 467
11419 252
11420 386
11421 101
11422 154
11423 343
11424 309
11425 189
11426 410
11427 147
11428 200
11429 59
11430 54
11431 493
11432 411
11433 477
11434 248
11435 399
11436 63
11437 494
11438 79
11439 269
11440 401
11441 36
11442 453
11443 359
11444 99
11445 91
11446 233
11447 185
11448 171
11449 353
11450 341
11451 350
11452 404
11453 413
11454 346
11455 247
11456 97
11457 287
11458 364
11459 219
11460 476
11461 108
11462 48
11463 294
11464 486
11465 267
11466 252
11467 206
11468 56
11469 93
11470 9
11471 115
11472 55
11473 454
11474 127
11475 68
11476 226
11477 383
11478 248
11479 273
11480 32
11481 304
11482 439
11483 146
11484 44
11485 331
11486 143
11487 263
11488 160
11489 249
11490 308
11491 93
11492 181
11493 463
11494 415
11495 296
11496 109
11497 150
11498 107
11499 269
11500 253
11501 386
11502 10
11503 411
11504 373
11505 140
11506 5
11507 155
11508 158
11509 52
11510 290
11511 404
11512 80
11513 318
11514 461
11515 90
11516 134
11517 115
11518 205
11519 365
11520 187
11521 113
11522 96
11523 345
11524 377
11525 269
11526 83
11527 347
11528 375
11529 464
11530 161
11531 262
11532 277
11533 383
11534 236
11535 41
11536 467
11537 416
11538 475
11539 392
11540 373
11541 324
11542 71
11543 454
11544 82
11545 355
11546 170
11547 258
11548 129
11549 234
11550 453
11551 400
11552 307
11553 266
11554 166
11555 440
11556 189
11557 298
11558 323
11559 166
11560 376
11561 173
11562 212
11563 411
11564 487
11565 390
11566 385
11567 454
11568 195
11569 479
11570 120
11571 213
11572 85
11573 341
11574 183
11575 197
11576 330
11577 222
11578 79
11579 391
11580 19
11581 105
11582 421
11583 454
11584 472
11585 333
11586 288
11587 250
11588 383
11589 75
11590 21
11591 482
11592 17
11593 286
11594 302
11595 89
11596 386
11597 241
11598 356
11599 104
11600 258
11601 138
11602 487
11603 40
11604 11
11605 188
11606 48
11607 438
11608 324
11609 493
11610 93
11611 238
11612 101
11613 115
11614 402
11615 201
11616 348
11617 252
11618 198
11619 42
11620 375
11621 52
11622 445
11623 242
11624 180
11625 267
11626 219
11627 420
11628 184
11629 402
11630 163
11631 419
11632 238
11633 344
11634 155
11635 465
11636 322
11637 16
11638 365
11639 130
11640 466
11641 453
11642 151
11643 140
11644 396
11645 451
11646 64
11647 94
11648 463
11649 254
11650 259
11651 149
11652 12
11653 452
11654 422
11655 350
11656 158
11657 159
11658 126
11659 316
11660 495
11661 273
11662 209
11663 70
11664 381
11665 377
11666 287
11667 238
11668 354
11669 232
11670 347
11671 66
11672 385
11673 304
11674 259
11675 409
11676 239
11677 172
11678 20
11679 152
11680 361
11681 294
11682 229
11683 238
11684 134
11685 133
11686 422
11687 378
11688 268
11689 327
11690 380
11691 207
11692 94
11693 157
11694 392
11695 34
11696 105
11697 409
11698 317
11699 280
11700 438
11701 95
11702 293
11703 407
11704 2
11705 449
11706 86
11707 146
11708 148
11709 287
11710 285
11711 172
11712 84
11713 200
11714 146
11715 265
11716 323
11717 44
11718 417
11719 97
11720 197
11721 185
11722 234
11723 401
11724 60
11725 194
11726 459
11727 54
11728 356
11729 374
11730 440
11731 16
11732 439
11733 95
11734 374
11735 232
11736 58
11737 390
11738 439
11739 157
11740 96
11741 413
11742 19
11743 256
11744 19
11745 266
11746 197
11747 488
11748 65
11749 244
11750 468
11751 354
11752 318
11753 375
11754 135
11755 384
11756 489
11757 50
11758 99
11759 338
11760 185
11761 474
11762 123
11763 327
11764 257
11765 361
11766 299
11767 236
11768 144
11769 275
11770 191
11771 253
11772 211
11773 363
11774 475
11775 259
11776 46
11777 63
11778 101
11779 89
11780 9
11781 229
11782 133
11783 473
11784 59
11785 177
11786 163
11787 78
11788 309
11789 334
11790 285
11791 165
11792 110
11793 382
11794 256
11795 359
11796 211
11797 311
11798 350
11799 109
11800 356
11801 372
11802 166
11803 182
11804 209
11805 223
11806 202
11807 421
11808 265
11809 472
11810 77
11811 314
11812 32
11813 217
11814 305
11815 178
11816 130
11817 67
11818 202
11819 307
11820 76
11821 40
11822 413
11823 282
11824 10
11825 331
11826 207
11827 434
11828 28
11829 426
11830 39
11831 188
11832 160
11833 35
11834 107
11835 238
11836 283
11837 376
11838 64
11839 302
11840 34
11841 373
11842 338
11843 402
11844 90
11845 254
11846 388
11847 266
11848 267
11849 380
11850 406
11851 150
11852 215
11853 103
11854 12
11855 417
11856 348
11857 4
11858 423
11859 288
11860 487
11861 338
11862 18
11863 270
11864 12
11865 267
11866 324
11867 2
11868 185
11869 351
11870 91
11871 455
11872 294
11873 148
11874 392
11875 33
11876 396
11877 185
11878 370
11879 136
11880 84
11881 168
11882 55
11883 404
11884 148
11885 231
11886 170
11887 356
11888 468
11889 381
11890 493
11891 166
11892 426
11893 383
11894 130
11895 345
11896 79
11897 411
11898 380
11899 113
11900 68
11901 385
11902 88
11903 29
11904 141
11905 461
11906 452
11907 143
11908 143
11909 159
11910 340
11911 336
11912 7
11913 268
11914 208
11915 379
11916 441
11917 356
11918 238
11919 76
11920 390
11921 445
11922 478
11923 168
11924 379
11925 244
11926 29
11927 310
11928 309
11929 174
11930 247
11931 293
11932 277
11933 72
11934 365
11935 377
11936 69
11937 51
11938 489
11939 248
11940 474
11941 496
11942 196
11943 30
11944 483
11945 428
11946 41
11947 265
11948 161
11949 473
11950 431
11951 376
11952 149
11953 112
11954 33
11955 81
11956 366
11957 493
11958 237
11959 226
11960 176
11961 103
11962 471
11963 305
11964 105
11965 268
11966 39
11967 453
11968 301
11969 339
11970 393
11971 179
11972 51
11973 328
11974 425
11975 423
11976 393
11977 70
11978 327
11979 387
11980 48
11981 341
11982 399
11983 52
11984 439
11985 472
11986 85
11987 423
11988 113
11989 362
11990 466
11991 203
11992 214
11993 248
11994 133
11995 444
11996 427
11997 369
11998 403
11999 260
12000 162
12001 98
12002 106
12003 300
12004 337
12005 435
12006 159
12007 497
12008 157
12009 253
12010 326
12011 303
12012 57
12013 14
12014 219
12015 461
12016 82
12017 447
12018 251
12019 15
12020 444
12021 153
12022 95
12023 44
12024 315
12025 214
12026 365
12027 75
12028 36
12029 90
12030 315
12031 268
12032 450
12033 142
12034 356
12035 190
12036 227
12037 158
12038 393
12039 316
12040 161
12041 401
12042 319
12043 54
12044 229
12045 76
12046 167
12047 360
12048 392
12049 230
12050 269
12051 219
12052 325
12053 442
12054 459
12055 36
12056 394
12057 129
12058 17
12059 257
12060 4
12061 13
12062 182
12063 199
12064 95
12065 348
12066 321
12067 331
12068 72
12069 408
12070 195
12071 173
12072 230
12073 347
12074 382
12075 331
12076 356
12077 189
12078 257
12079 322
12080 217
12081 322
12082 417
12083 281
12084 247
12085 402
12086 334
12087 71
12088 345
12089 361
12090 54
12091 134
12092 158
12093 121
12094 152
12095 473
12096 414
12097 317
12098 148
12099 301
12100 489
12101 328
12102 171
12103 430
12104 256
12105 393
12106 217
12107 166
12108 222
12109 431
12110 91
12111 184
12112 452
12113 166
12114 104
12115 306
12116 63
12117 452
12118 207
12119 55
12120 499
12121 423
12122 428
12123 433
12124 374
12125 197
12126 495
12127 89
12128 143
12129 18
12130 298
12131 375
12132 269
12133 203
12134 482
12135 430
12136 67
12137 49
12138 450
12139 152
12140 179
12141 446
12142 334
12143 125
12144 191
12145 360
12146 123
12147 268
12148 436
12149 225
12150 289
12151 435
12152 346
12153 240
12154 241
12155 369
12156 158
12157 131
12158 82
12159 196
12160 76
12161 138
12162 403
12163 45
12164 276
12165 171
12166 114
12167 420
12168 469
12169 197
12170 44
12171 32
12172 143
12173 214
12174 227
12175 481
12176 146
12177 347
12178 86
12179 59
12180 489
12181 291
12182 192
12183 297
12184 144
12185 316
12186 15
12187 181
12188 390
12189 298
12190 1
12191 248
12192 27
12193 467
12194 80
12195 1
12196 281
12197 49
12198 361
12199 206
12200 320
12201 41
12202 481
12203 74
12204 27
12205 157
12206 138
12207 320
12208 434
12209 321
12210 396
12211 109
12212 372
12213 439
12214 344
12215 13
12216 317
12217 339
12218 189
12219 267
12220 214
12221 133
12222 291
12223 213
12224 192
12225 318
12226 224
12227 283
12228 184
12229 181
12230 483
12231 184
12232 467
12233 432
12234 221
12235 227
12236 363
12237 390
12238 347
12239 326
12240 291
12241 446
12242 461
12243 418
12244 188
12245 228
12246 366
12247 261
12248 115
12249 239
12250 295
12251 302
12252 358
12253 106
12254 456
12255 27
12256 31
12257 106
12258 413
12259 229
12260 294
12261 74
12262 74
12263 326
12264 93
12265 293
12266 152
12267 29
12268 187
12269 325
12270 103
12271 420
12272 191
12273 334
12274 66
12275 225
12276 214
12277 161
12278 106
12279 89
12280 52
12281 198
12282 435
12283 17
12284 198
12285 303
12286 258
12287 257
12288 254
12289 216
12290 376
12291 486
12292 440
12293 301
12294 225
12295 405
12296 497
12297 175
12298 319
12299 403
12300 254
12301 275
12302 291
12303 45
12304 240
12305 307
12306 305
12307 157
12308 429
12309 198
12310 305
12311 437
12312 127
12313 213
12314 314
12315 134
12316 290
12317 134
12318 394
12319 412
12320 135
12321 204
12322 80
12323 156
12324 61
12325 384
12326 141
12327 442
12328 262
12329 135
12330 466
12331 199
12332 75
12333 447
12334 9
12335 262
12336 473
12337 35
12338 128
12339 213
12340 224
12341 336
12342 31
12343 445
12344 321
12345 141
12346 443
12347 287
12348 128
12349 2
12350 169
12351 12
12352 312
12353 462
12354 24
12355 397
12356 86
12357 175
12358 4
12359 195
12360 234
12361 445
12362 271
12363 69
12364 125
12365 469
12366 139
12367 210
12368 384
12369 318
12370 49
12371 464
12372 468
12373 213
12374 149
12375 307
12376 154
12377 293
12378 416
12379 408
12380 444
12381 36
12382 215
12383 170
12384 397
12385 105
12386 273
12387 192
12388 131
12389 67
12390 374
12391 483
12392 248
12393 377
12394 313
12395 161
12396 255
12397 361
12398 154
12399 338
12400 179
12401 294
12402 442
12403 391
12404 466
12405 395
12406 47
12407 123
12408 371
12409 117
12410 44
12411 68
12412 365
12413 446
12414 307
12415 184
12416 489
12417 296
12418 377
12419 189
12420 240
12421 400
12422 138
12423 308
12424 353
12425 436
12426 49
12427 240
12428 456
12429 69
12430 32
12431 273
12432 417
12433 241
12434 349
12435 299
12436 16
12437 99
12438 211
12439 67
12440 209
12441 62
12442 374
12443 138
12444 13
12445 349
12446 0
12447 410
12448 402
12449 164
12450 317
12451 156
12452 5
12453 340
12454 231
12455 472
12456 432
12457 116
12458 122
12459 17
12460 321
12461 347
12462 270
12463 178
12464 120
12465 250
12466 472
12467 8
12468 320
12469 338
12470 478
12471 388
12472 258
12473 111
12474 447
12475 476
12476 109
12477 369
12478 451
12479 158
12480 191
12481 152
12482 397
12483 194
12484 215
12485 195
12486 271
12487 486
12488 36
12489 430
12490 155
12491 83
12492 318
12493 0
12494 304
12495 390
12496 95
12497 269
12498 388
12499 214
12500 256
12501 312
12502 329
12503 306
12504 329
12505 496
12506 295
12507 428
12508 362
12509 151
12510 131
12511 174
12512 483
12513 384
12514 259
12515 234
12516 66
12517 148
12518 370
12519 71
12520 11
12521 164
12522 439
12523 371
12524 392
12525 22
12526 78
12527 470
12528 84
12529 388
12530 248
12531 210
12532 414
12533 158
12534 140
12535 331
12536 481
12537 111
12538 305
12539 303
12540 446
12541 1
12542 119
12543 474
12544 495
12545 265
12546 12
12547 278
12548 204
12549 173
12550 481
12551 397
12552 86
12553 140
12554 116
12555 210
12556 439
12557 153
12558 23
12559 366
12560 300
12561 69
12562 284
12563 479
12564 212
12565 120
12566 440
12567 355
12568 314
12569 110
12570 227
12571 28
12572 431
12573 206
12574 393
12575 474
12576 363
12577 11
12578 381
12579 147
12580 322
12581 111
12582 349
12583 137
12584 33
12585 223
12586 486
12587 197
12588 60
12589 2
12590 189
12591 177
12592 18
12593 27
12594 266
12595 384
12596 410
12597 75
12598 485
12599 118
12600 94
12601 253
12602 120
12603 245
12604 111
12605 225
12606 200
12607 453
12608 156
12609 409
12610 426
12611 193
12612 286
12613 54
12614 219
12615 8
12616 413
12617 333
12618 171
12619 109
12620 455
12621 434
12622 398
12623 398
12624 180
12625 111
12626 161
12627 375
12628 304
12629 113
12630 184
12631 352
12632 330
12633 173
12634 180
12635 258
12636 118
12637 407
12638 358
12639 340
12640 118
12641 130
12642 86
12643 206
12644 349
12645 488
12646 17
12647 187
12648 248
12649 286
12650 65
12651 5
12652 202
12653 3
12654 290
12655 471
12656 342
12657 436
12658 231
12659 220
12660 355
12661 84
12662 167
12663 320
12664 172
12665 299
12666 349
12667 118
12668 317
12669 2
12670 315
12671 195
12672 34
12673 180
12674 10
12675 256
12676 208
12677 362
12678 21
12679 355
12680 478
12681 383
12682 70
12683 207
12684 106
12685 379
12686 178
12687 281
12688 473
12689 402
12690 64
12691 32
12692 247
12693 432
12694 359
12695 57
12696 2
12697 495
12698 495
12699 301
12700 214
12701 140
12702 75
12703 384
12704 195
12705 457
12706 272
12707 367
12708 204
12709 409
12710 409
12711 487
12712 232
12713 172
12714 386
12715 37
12716 88
12717 175
12718 340
12719 287
12720 80
12721 260
12722 201
12723 45
12724 257
12725 14
12726 231
12727 360
12728 388
12729 271
12730 87
12731 414
12732 283
12733 226
12734 37
12735 182
12736 145
12737 171
12738 105
12739 273
12740 401
12741 339
12742 69
12743 333
12744 499
12745 276
12746 368
12747 202
12748 292
12749 96
12750 24
12751 465
12752 303
12753 214
12754 204
12755 465
12756 190
12757 280
12758 416
12759 107
12760 169
12761 297
12762 364
12763 186
12764 141
12765 146
12766 71
12767 181
12768 455
12769 33
12770 95
12771 493
12772 468
12773 292
12774 50
12775 190
12776 157
12777 363
12778 392
12779 74
12780 471
12781 134
12782 22
12783 11
12784 445
12785 47
12786 481
12787 397
12788 368
12789 273
12790 46
12791 145
12792 312
12793 367
12794 362
12795 271
12796 14
12797 489
12798 315
12799 82
12800 37
12801 163
12802 247
12803 150
12804 28
12805 0
12806 346
12807 258
12808 164
12809 349
12810 72
12811 447
12812 221
12813 483
12814 433
12815 107
12816 13
12817 378
12818 462
12819 459
12820 311
12821 235
12822 176
12823 419
12824 18
12825 20
12826 393
12827 18
12828 123
12829 389
12830 338
12831 182
12832 23
12833 60
12834 223
12835 130
12836 24
12837 198
12838 133
12839 346
12840 170
12841 6
12842 309
12843 240
12844 377
12845 303
12846 89
12847 147
12848 31
12849 494
12850 412
12851 461
12852 141
12853 53
12854 341
12855 232
12856 195
12857 129
12858 353
12859 239
12860 4
12861 476
12862 172
12863 126
12864 8
12865 209
12866 395
12867 225
12868 452
12869 152
12870 258
12871 186
12872 155
12873 249
12874 203
12875 121
12876 92
12877 144
12878 58
12879 156
12880 236
12881 0
12882 201
12883 280
12884 216
12885 318
12886 406
12887 69
12888 114
12889 55
12890 8
12891 199
12892 48
12893 407
12894 225
12895 477
12896 228
12897 412
12898 266
12899 151
12900 46
12901 256
12902 238
12903 6
12904 409
12905 75
12906 412
12907 47
12908 251
12909 111
12910 496
12911 365
12912 149
12913 50
12914 250
12915 102
12916 139
12917 289
12918 323
12919 322
12920 444
12921 319
12922 477
12923 100
12924 132
12925 64
12926 491
12927 258
12928 125
12929 163
12930 352
12931 163
12932 329
12933 361
12934 276
12935 446
12936 487
12937 1
12938 80
12939 214
12940 407
12941 472
12942 41
12943 223
12944 34
12945 334
12946 298
12947 200
12948 47
12949 42
12950 472
12951 480
12952 303
12953 116
12954 313
12955 294
12956 51
12957 47
12958 305
12959 286
12960 26
12961 26
12962 19
12963 362
12964 221
12965 295
12966 448
12967 125
12968 400
12969 221
12970 365
12971 291
12972 35
12973 146
12974 445
12975 104
12976 137
12977 48
12978 403
12979 299
12980 95
12981 445
12982 371
12983 43
12984 58
12985 307
12986 374
12987 223
12988 244
12989 301
12990 180
12991 208
12992 70
12993 377
12994 442
12995 210
12996 141
12997 134
12998 453
12999 41
13000 472
13001 129
13002 118
13003 231
13004 456
13005 414
13006 26
13007 486
13008 109
13009 16
13010 11
13011 485
13012 209
13013 432
13014 21
13015 331
13016 404
13017 291
13018 116
13019 451
13020 19
13021 24
13022 306
13023 218
13024 477
13025 438
13026 217
13027 208
13028 369
13029 396
13030 185
13031 55
13032 423
13033 433
13034 266
13035 194
13036 432
13037 466
13038 190
13039 154
13040 60
13041 110
13042 379
13043 35
13044 416
13045 457
13046 232
13047 268
13048 43
13049 5
13050 152
13051 8
13052 58
13053 199
13054 1
13055 496
13056 182
13057 5
13058 425
13059 62
13060 157
13061 305
13062 402
13063 327
13064 243
13065 65
13066 279
13067 7
13068 471
13069 10
13070 38
13071 79
13072 131
13073 29
13074 433
13075 276
13076 393
13077 37
13078 191
13079 311
13080 47
13081 263
13082 285
13083 402
13084 328
13085 85
13086 97
13087 244
13088 98
13089 90
13090 101
13091 455
13092 377
13093 222
13094 187
13095 430
13096 481
13097 17
13098 322
13099 366
13100 132
13101 229
13102 442
13103 103
13104 402
13105 110
13106 267
13107 456
13108 449
13109 166
13110 328
13111 11
13112 17
13113 57
13114 310
13115 449
13116 213
13117 375
13118 224
13119 417
13120 121
13121 359
13122 362
13123 1
13124 338
13125 381
13126 373
13127 457
13128 54
13129 132
13130 129
13131 168
13132 57
13133 273
13134 375
13135 405
13136 334
13137 442
13138 227
13139 363
13140 182
13141 414
13142 399
13143 480
13144 34
13145 165
13146 248
13147 250
13148 331
13149 421
13150 354
13151 315
13152 65
13153 37
13154 304
13155 13
13156 486
13157 130
13158 139
13159 110
13160 469
13161 224
13162 67
13163 477
13164 375
13165 474
13166 283
13167 343
13168 7
13169 304
13170 244
13171 92
13172 421
13173 91
13174 57
13175 308
13176 127
13177 488
13178 379
13179 347
13180 121
13181 230
13182 490
13183 7
13184 178
13185 401
13186 255
13187 6
13188 270
13189 341
13190 487
13191 48
13192 348
13193 42
13194 426
13195 328
13196 419
13197 21
13198 274
13199 189
13200 36
13201 78
13202 126
13203 46
13204 13
13205 254
13206 83
13207 22
13208 202
13209 414
13210 466
13211 465
13212 170
13213 425
13214 189
13215 263
13216 408
13217 72
13218 485
13219 41
13220 34
13221 324
13222 449
13223 272
13224 395
13225 209
13226 348
13227 457
13228 292
13229 311
13230 374
13231 199
13232 171
13233 203
13234 112
13235 102
13236 285
13237 473
13238 274
13239 93
13240 410
13241 455
13242 188
13243 427
13244 416
13245 255
13246 207
13247 85
13248 306
13249 273
13250 18
13251 181
13252 373
13253 105
13254 466
13255 482
13256 149
13257 294
13258 299
13259 493
13260 150
13261 226
13262 1
13263 428
13264 58
13265 367
13266 361
13267 250
13268 442
13269 413
13270 312
13271 421
13272 96
13273 228
13274 166
13275 214
13276 165
13277 7
13278 406
13279 457
13280 149
13281 12
13282 330
13283 474
13284 283
13285 157
13286 110
13287 98
13288 280
13289 318
13290 151
13291 291
13292 360
13293 394
13294 256
13295 431
13296 413
13297 239
13298 371
13299 229
13300 270
13301 285
13302 137
13303 39
13304 195
13305 379
13306 146
13307 336
13308 229
13309 378
13310 485
13311 48
13312 235
13313 22
13314 131
13315 348
13316 64
13317 168
13318 184
13319 250
13320 453
13321 162
13322 300
13323 108
13324 59
13325 54
13326 100
13327 331
13328 191
13329 403
13330 429
13331 259
13332 99
13333 298
13334 263
13335 115
13336 137
13337 296
13338 111
13339 275
13340 86
13341 169
13342 35
13343 92
13344 94
13345 435
13346 129
13347 447
13348 218
13349 9
13350 411
13351 423
13352 374
13353 350
13354 210
13355 417
13356 402
13357 24
13358 40
13359 120
13360 17
13361 254
13362 338
13363 371
13364 22
13365 470
13366 4
13367 462
13368 301
13369 430
13370 302
13371 402
13372 153
13373 286
13374 222
13375 0
13376 363
13377 360
13378 53
13379 159
13380 149
13381 304
13382 264
13383 464
13384 158
13385 455
13386 176
13387 171
13388 423
13389 456
13390 53
13391 0
13392 327
13393 7
13394 110
13395 388
13396 74
13397 181
13398 478
13399 46
13400 256
13401 427
13402 447
13403 73
13404 433
13405 17
13406 26
13407 104
13408 357
13409 289
13410 192
13411 385
13412 404
13413 216
13414 147
13415 218
13416 231
13417 347
13418 109
13419 314
13420 215
13421 253
13422 38
13423 146
13424 40
13425 417
13426 354
13427 358
13428 130
13429 354
13430 111
13431 217
13432 72
13433 403
13434 232
13435 192
13436 218
13437 201
13438 485
13439 293
13440 358
13441 62
13442 77
13443 330
13444 312
13445 469
13446 449
13447 95
13448 355
13449 217
13450 355
13451 340
13452 335
13453 125
13454 28
13455 205
13456 208
13457 207
13458 276
13459 371
13460 457
13461 226
13462 233
13463 212
13464 230
13465 217
13466 490
13467 471
13468 28
13469 113
13470 194
13471 437
13472 494
13473 245
13474 172
13475 125
13476 12
13477 346
13478 171
13479 465
13480 209
13481 347
13482 199
13483 323
13484 488
13485 160
13486 274
13487 49
13488 435
13489 88
13490 181
13491 324
13492 364
13493 15
13494 220
13495 80
13496 366
13497 220
13498 78
13499 290
13500 429
13501 440
13502 375
13503 275
13504 244
13505 262
13506 415
13507 462
13508 142
13509 307
13510 274
13511 297
13512 424
13513 90
13514 158
13515 336
13516 202
13517 147
13518 261
13519 30
13520 93
13521 321
13522 144
13523 443
13524 418
13525 22
13526 450
13527 137
13528 206
13529 73
13530 97
13531 11
13532 270
13533 194
13534 13
13535 258
13536 45
13537 125
13538 217
13539 68
13540 155
13541 32
13542 103
13543 211
13544 278
13545 437
13546 444
13547 12
13548 242
13549 44
13550 118
13551 95
13552 326
13553 449
13554 134
13555 79
13556 441
13557 14
13558 71
13559 120
13560 204
13561 194
13562 268
13563 104
13564 4
13565 1
13566 138
13567 222
13568 40
13569 19
13570 312
13571 352
13572 100
13573 439
13574 57
13575 339
13576 212
13577 103
13578 60
13579 354
13580 289
13581 28
13582 319
13583 82
13584 205
13585 302
13586 336
13587 188
13588 232
13589 294
13590 365
13591 232
13592 201
13593 124
13594 299
13595 352
13596 168
13597 494
13598 253
13599 452
13600 414
13601 89
13602 166
13603 212
13604 240
13605 236
13606 479
13607 158
13608 55
13609 276
13610 325
13611 437
13612 149
13613 199
13614 372
13615 71
13616 161
13617 34
13618 463
13619 10
13620 150
13621 308
13622 47
13623 13
13624 302
13625 315
13626 281
13627 235
13628 70
13629 205
13630 109
13631 161
13632 496
13633 261
13634 222
13635 423
13636 97
13637 141
13638 158
13639 436
13640 315
13641 228
13642 379
13643 4
13644 265
13645 52
13646 203
13647 142
13648 347
13649 65
13650 376
13651 415
13652 139
13653 277
13654 441
13655 457
13656 327
13657 151
13658 89
13659 80
13660 407
13661 346
13662 326
13663 17
13664 287
13665 121
13666 98
13667 312
13668 401
13669 446
13670 22
13671 423
13672 303
13673 437
13674 108
13675 478
13676 100
13677 319
13678 301
13679 31
13680 285
13681 340
13682 311
13683 136
13684 40
13685 169
13686 401
13687 325
13688 342
13689 403
13690 72
13691 145
13692 233
13693 132
13694 224
13695 27
13696 199
13697 456
13698 343
13699 381
13700 391
13701 186
13702 482
13703 246
13704 323
13705 246
13706 377
13707 3
13708 103
13709 72
13710 211
13711 158
13712 19
13713 388
13714 230
13715 406
13716 145
13717 275
13718 45
13719 323
13720 235
13721 123
13722 97
13723 233
13724 466
13725 203
13726 416
13727 242
13728 118
13729 121
13730 136
13731 2
13732 174
13733 198
13734 474
13735 389
13736 268
13737 495
13738 287
13739 357
13740 49
13741 390
13742 214
13743 70
13744 149
13745 282
13746 326
13747 402
13748 102
13749 97
13750 256
13751 114
13752 272
13753 133
13754 392
13755 320
13756 319
13757 34
13758 171
13759 263
13760 398
13761 147
13762 83
13763 497
13764 50
13765 494
13766 300
13767 89
13768 335
13769 294
13770 409
13771 146
13772 351
13773 232
13774 377
13775 222
13776 465
13777 57
13778 450
13779 437
13780 118
13781 363
13782 166
13783 336
13784 291
13785 303
13786 44
13787 217
13788 172
13789 181
13790 12
13791 418
13792 468
13793 288
13794 72
13795 122
13796 16
13797 378
13798 270
13799 258
13800 252
13801 42
13802 381
13803 154
13804 20
13805 420
13806 224
13807 278
13808 144
13809 495
13810 381
13811 90
13812 177
13813 137
13814 429
13815 46
13816 233
13817 258
13818 270
13819 350
13820 112
13821 264
13822 149
13823 246
13824 364
13825 348
13826 88
13827 119
13828 399
13829 279
13830 163
13831 123
13832 157
13833 198
13834 427
13835 129
13836 360
13837 425
13838 161
13839 31
13840 496
13841 359
13842 188
13843 103
13844 181
13845 144
13846 5
13847 363
13848 455
13849 100
13850 242
13851 456
13852 305
13853 116
13854 385
13855 55
13856 353
13857 220
13858 199
13859 340
13860 358
13861 91
13862 368
13863 186
13864 106
13865 355
13866 260
13867 460
13868 419
13869 287
13870 77
13871 328
13872 444
13873 487
13874 213
13875 234
13876 217
13877 49
13878 311
13879 242
13880 136
13881 421
13882 100
13883 175
13884 24
13885 88
13886 13
13887 249
13888 421
13889 135
13890 307
13891 181
13892 118
13893 57
13894 153
13895 261
13896 142
13897 67
13898 221
13899 141
13900 246
13901 251
13902 93
13903 444
13904 128
13905 8
13906 245
13907 176
13908 344
13909 18
13910 79
13911 133
13912 477
13913 46
13914 8
13915 300
13916 82
13917 23
13918 490
13919 299
13920 248
13921 280
13922 239
13923 272
13924 323
13925 68
13926 157
13927 51
13928 91
13929 259
13930 57
13931 164
13932 162
13933 213
13934 310
13935 464
13936 182
13937 80
13938 413
13939 167
13940 201
13941 93
13942 273
13943 331
13944 141
13945 384
13946 356
13947 57
13948 77
13949 224
13950 13
13951 38
13952 32
13953 294
13954 133
13955 468
13956 326
13957 250
13958 384
13959 60
13960 61
13961 160
13962 35
13963 103
13964 444
13965 305
13966 57
13967 14
13968 65
13969 449
13970 278
13971 357
13972 289
13973 174
13974 345
13975 437
13976 453
13977 256
13978 347
13979 376
13980 78
13981 399
13982 10
13983 2
13984 73
13985 139
13986 486
13987 272
13988 146
13989 473
13990 357
13991 463
13992 288
13993 103
13994 321
13995 358
13996 95
13997 163
13998 336
13999 33
14000 104
14001 237
14002 166
14003 446
14004 318
14005 46
14006 165
14007 437
14008 342
14009 152
14010 43
14011 10
14012 300
14013 371
14014 199
14015 55
14016 59
14017 459
14018 434
14019 382
14020 58
14021 207
14022 117
14023 439
14024 453
14025 114
14026 38
14027 263
14028 162
14029 113
14030 316
14031 66
14032 481
14033 400
14034 52
14035 454
14036 214
14037 289
14038 180
14039 453
14040 428
14041 427
14042 418
14043 107
14044 194
14045 497
14046 275
14047 455
14048 57
14049 161
14050 298
14051 311
14052 121
14053 20
14054 344
14055 148
14056 410
14057 69
14058 458
14059 264
14060 145
14061 479
14062 387
14063 41
14064 455
14065 326
14066 128
14067 394
14068 48
14069 496
14070 206
14071 252
14072 254
14073 61
14074 189
14075 175
14076 171
14077 38
14078 398
14079 458
14080 37
14081 49
14082 405
14083 181
14084 241
14085 32
14086 217
14087 433
14088 172
14089 486
14090 31
14091 370
14092 38
14093 28
14094 94
14095 160
14096 299
14097 153
14098 53
14099 41
14100 100
14101 159
14102 194
14103 206
14104 465
14105 14
14106 190
14107 432
14108 444
14109 244
14110 5
14111 301
14112 406
14113 136
14114 215
14115 166
14116 304
14117 340
14118 434
14119 26
14120 132
14121 191
14122 242
14123 478
14124 250
14125 99
14126 426
14127 365
14128 110
14129 162
14130 98
14131 250
14132 294
14133 63
14134 186
14135 429
14136 107
14137 362
14138 364
14139 301
14140 371
14141 187
14142 52
14143 14
14144 461
14145 188
14146 175
14147 204
14148 22
14149 10
14150 460
14151 55
14152 119
14153 272
14154 278
14155 49
14156 165
14157 116
14158 108
14159 116
14160 280
14161 348
14162 190
14163 492
14164 401
14165 481
14166 226
14167 210
14168 247
14169 117
14170 435
14171 268
14172 378
14173 301
14174 314
14175 224
14176 297
14177 410
14178 381
14179 296
14180 454
14181 95
14182 3
14183 170
14184 201
14185 437
14186 463
14187 240
14188 94
14189 115
14190 217
14191 438
14192 424
14193 339
14194 53
14195 350
14196 8
14197 179
14198 263
14199 74
14200 269
14201 15
14202 119
14203 248
14204 173
14205 235
14206 350
14207 303
14208 444
14209 124
14210 404
14211 442
14212 459
14213 24
14214 163
14215 486
14216 27
14217 23
14218 274
14219 214
14220 188
14221 400
14222 206
14223 352
14224 6
14225 141
14226 157
14227 124
14228 314
14229 343
14230 306
14231 258
14232 166
14233 370
14234 258
14235 431
14236 273
14237 115
14238 162
14239 204
14240 479
14241 88
14242 162
14243 37
14244 295
14245 307
14246 40
14247 497
14248 329
14249 383
14250 378
14251 198
14252 230
14253 408
14254 57
14255 265
14256 410
14257 50
14258 51
14259 79
14260 147
14261 112
14262 183
14263 305
14264 494
14265 382
14266 281
14267 360
14268 246
14269 333
14270 36
14271 0
14272 51
14273 28
14274 96
14275 119
14276 115
14277 390
14278 105
14279 193
14280 485
14281 377
14282 433
14283 457
14284 128
14285 8
14286 282
14287 480
14288 170
14289 469
14290 175
14291 383
14292 86
14293 250
14294 318
14295 176
14296 357
14297 49
14298 368
14299 487
14300 174
14301 477
14302 140
14303 153
14304 285
14305 391
14306 87
14307 214
14308 133
14309 56
14310 295
14311 145
14312 478
14313 200
14314 32
14315 440
14316 59
14317 43
14318 346
14319 432
14320 256
14321 360
14322 96
14323 116
14324 223
14325 42
14326 339
14327 336
14328 284
14329 126
14330 174
14331 471
14332 350
14333 369
14334 355
14335 277
14336 237
14337 265
14338 271
14339 487
14340 207
14341 146
14342 277
14343 145
14344 60
14345 135
14346 282
14347 238
14348 266
14349 389
14350 240
14351 443
14352 271
14353 320
14354 144
14355 329
14356 315
14357 325
14358 383
14359 407
14360 59
14361 128
14362 119
14363 173
14364 88
14365 499
14366 189
14367 31
14368 483
14369 468
14370 1
14371 231
14372 464
14373 318
14374 103
14375 494
14376 435
14377 414
14378 426
14379 34
14380 421
14381 174
14382 402
14383 277
14384 439
14385 316
14386 476
14387 115
14388 294
14389 366
14390 102
14391 193
14392 432
14393 160
14394 78
14395 360
14396 85
14397 242
14398 298
14399 332
14400 417
14401 35
14402 357
14403 80
14404 1
14405 278
14406 263
14407 128
14408 32
14409 430
14410 215
14411 473
14412 471
14413 393
14414 351
14415 173
14416 197
14417 283
14418 181
14419 245
14420 199
14421 138
14422 119
14423 131
14424 60
14425 86
14426 430
14427 318
14428 308
14429 287
14430 195
14431 22
14432 156
14433 341
14434 27
14435 401
14436 334
14437 25
14438 447
14439 247
14440 150
14441 414
14442 124
14443 320
14444 105
14445 203
14446 140
14447 246
14448 290
14449 477
14450 307
14451 141
14452 171
14453 465
14454 344
14455 76
14456 470
14457 65
14458 414
14459 286
14460 268
14461 343
14462 335
14463 60
14464 478
14465 357
14466 491
14467 352
14468 181
14469 451
14470 229
14471 488
14472 423
14473 220
14474 298
14475 464
14476 49
14477 26
14478 218
14479 314
14480 81
14481 14
14482 151
14483 89
14484 32
14485 451
14486 82
14487 339
14488 249
14489 306
14490 419
14491 322
14492 26
14493 92
14494 200
14495 473
14496 129
14497 436
14498 397
14499 281
14500 7
14501 74
14502 31
14503 362
14504 491
14505 398
14506 485
14507 163
14508 248
14509 259
14510 368
14511 250
14512 115
14513 114
14514 434
14515 64
14516 65
14517 390
14518 456
14519 152
14520 349
14521 2
14522 96
14523 265
14524 263
14525 194
14526 237
14527 28
14528 463
14529 425
14530 320
14531 5
14532 331
14533 123
14534 57
14535 49
14536 60
14537 236
14538 256
14539 151
14540 192
14541 192
14542 226
14543 16
14544 42
14545 231
14546 199
14547 217
14548 266
14549 73
14550 282
14551 11
14552 60
14553 402
14554 358
14555 231
14556 228
14557 18
14558 156
14559 84
14560 262
14561 27
14562 222
14563 179
14564 435
14565 336
14566 120
14567 481
14568 320
14569 360
14570 309
14571 269
14572 67
14573 462
14574 436
14575 233
14576 12
14577 417
14578 270
14579 110
14580 446
14581 402
14582 202
14583 10
14584 297
14585 473
14586 143
14587 121
14588 214
14589 51
14590 311
14591 81
14592 230
14593 25
14594 70
14595 113
14596 180
14597 92
14598 220
14599 432
14600 138
14601 401
14602 230
14603 273
14604 155
14605 77
14606 229
14607 327
14608 478
14609 323
14610 144
14611 39
14612 441
14613 298
14614 262
14615 327
14616 341
14617 469
14618 75
14619 82
14620 243
14621 321
14622 237
14623 420
14624 428
14625 337
14626 396
14627 120
14628 363
14629 482
14630 129
14631 257
14632 217
14633 51
14634 148
14635 487
14636 174
14637 378
14638 490
14639 33
14640 181
14641 496
14642 334
14643 221
14644 387
14645 205
14646 121
14647 472
14648 154
14649 472
14650 197
14651 195
14652 76
14653 222
14654 306
14655 153
14656 235
14657 188
14658 288
14659 118
14660 64
14661 168
14662 135
14663 424
14664 260
14665 60
14666 5
14667 7
14668 64
14669 254
14670 178
14671 239
14672 286
14673 127
14674 210
14675 118
14676 198
14677 451
14678 165
14679 442
14680 487
14681 387
14682 118
14683 354
14684 420
14685 204
14686 351
14687 448
14688 94
14689 198
14690 38
14691 353
14692 261
14693 289
14694 201
14695 192
14696 171
14697 241
14698 396
14699 475
14700 450
14701 149
14702 221
14703 149
14704 374
14705 200
14706 156
14707 388
14708 223
14709 159
14710 419
14711 474
14712 450
14713 11
14714 42
14715 391
14716 304
14717 293
14718 208
14719 81
14720 42
14721 16
14722 264
14723 125
14724 235
14725 246
14726 111
14727 15
14728 253
14729 9
14730 224
14731 418
14732 234
14733 242
14734 358
14735 269
14736 80
14737 244
14738 415
14739 119
14740 24
14741 54
14742 305
14743 344
14744 185
14745 244
14746 76
14747 454
14748 207
14749 260
14750 482
14751 268
14752 467
14753 424
14754 35
14755 266
14756 209
14757 427
14758 436
14759 329
14760 256
14761 396
14762 7
14763 62
14764 111
14765 302
14766 184
14767 92
14768 421
14769 99
14770 456
14771 152
14772 237
14773 207
14774 46
14775 178
14776 54
14777 272
14778 68
14779 133
14780 295
14781 74
14782 144
14783 481
14784 240
14785 316
14786 235
14787 343
14788 253
14789 474
14790 104
14791 424
14792 330
14793 208
14794 68
14795 291
14796 116
14797 239
14798 338
14799 342
14800 425
14801 139
14802 47
14803 166
14804 56
14805 300
14806 445
14807 218
14808 332
14809 299
14810 302
14811 257
14812 170
14813 87
14814 35
14815 270
14816 46
14817 215
14818 250
14819 350
14820 329
14821 422
14822 68
14823 219
14824 427
14825 39
14826 267
14827 2
14828 327
14829 5
14830 422
14831 302
14832 129
14833 166
14834 280
14835 45
14836 347
14837 210
14838 354
14839 108
14840 447
14841 366
14842 254
14843 418
14844 99
14845 200
14846 453
14847 273
14848 344
14849 382
14850 320
14851 342
14852 2
14853 457
14854 165
14855 326
14856 455
14857 174
14858 42
14859 429
14860 392
14861 109
14862 435
14863 168
14864 140
14865 289
14866 421
14867 418
14868 297
14869 120
14870 225
14871 265
14872 280
14873 10
14874 217
14875 41
14876 188
14877 422
14878 486
14879 175
14880 495
14881 391
14882 448
14883 187
14884 70
14885 204
14886 76
14887 95
14888 22
14889 311
14890 112
14891 482
14892 455
14893 120
14894 338
14895 418
14896 14
14897 335
14898 207
14899 389
14900 109
14901 459
14902 307
14903 144
14904 433
14905 256
14906 407
14907 88
14908 129
14909 109
14910 11
14911 188
14912 291
14913 332
14914 123
14915 27
14916 463
14917 152
14918 105
14919 139
14920 332
14921 30
14922 175
14923 68
14924 94
14925 153
14926 137
14927 219
14928 129
14929 226
14930 219
14931 489
14932 251
14933 381
14934 407
14935 200
14936 373
14937 464
14938 99
14939 129
14940 299
14941 322
14942 236
14943 17
14944 363
14945 136
14946 257
14947 106
14948 178
14949 387
14950 414
14951 97
14952 471
14953 90
14954 378
14955 24
14956 430
14957 475
14958 54
14959 347
14960 363
14961 366
14962 271
14963 482
14964 420
14965 274
14966 149
14967 456
14968 127
14969 393
14970 334
14971 11
14972 175
14973 462
14974 230
14975 243
14976 431
14977 353
14978 289
14979 117
14980 229
14981 389
14982 220
14983 273
14984 133
14985 346
14986 495
14987 333
14988 346
14989 349
14990 435
14991 313
14992 36
14993 192
14994 76
14995 153
14996 25
14997 384
14998 230
14999 119
