5000 80
5001 333
5002 388
5003 171
5004 150
5005 409
5006 133
5007 375
5008 253
5009 195
5010 110
5011 286
5012 148
5013 301
5014 333
5015 469
5016 285
5017 298
5018 456
5019 409
5020 360
5021 403
5022 276
5023 292
5024 264
5025 15
5026 90
5027 211
5028 21
5029 191
5030 374
5031 258
5032 464
5033 106
5034 193
5035 261
5036 287
5037 229
5038 74
5039 391
5040 132
5041 241
5042 385
5043 237
5044 494
5045 368
5046 146
5047 304
5048 277
5049 321
5050 286
5051 74
5052 83
5053 224
5054 355
5055 204
5056 399
5057 93
5058 47
5059 424
5060 343
5061 288
5062 329
5063 87
5064 150
5065 443
5066 489
5067 120
5068 297
5069 464
5070 8
5071 282
5072 316
5073 114
5074 477
5075 334
5076 470
5077 107
5078 198
5079 244
5080 131
5081 487
5082 164
5083 414
5084 316
5085 494
5086 381
5087 163
5088 407
5089 245
5090 448
5091 241
5092 402
5093 203
5094 448
5095 186
5096 377
5097 40
5098 50
5099 122
5100 265
5101 371
5102 38
5103 447
5104 110
5105 497
5106 316
5107 328
5108 457
5109 426
5110 399
5111 373
5112 151
5113 155
5114 264
5115 293
5116 388
5117 129
5118 37
5119 316
5120 330
5121 365
5122 430
5123 424
5124 392
5125 51
5126 164
5127 290
5128 33
5129 3
5130 235
5131 481
5132 126
5133 6
5134 368
5135 263
5136 351
5137 57
5138 465
5139 461
5140 336
5141 351
5142 155
5143 425
5144 26
5145 165
5146 422
5147 146
5148 490
5149 44
5150 291
5151 387
5152 356
5153 82
5154 478
5155 164
5156 308
5157 388
5158 123
5159 282
5160 208
5161 438
5162 201
5163 216
5164 186
5165 71
5166 255
5167 192
5168 42
5169 276
5170 121
5171 216
5172 68
5173 25
5174 171
5175 490
5176 163
5177 206
5178 239
5179 206
5180 342
5181 256
5182 134
5183 0
5184 325
5185 70
5186 460
5187 337
5188 22
5189 152
5190 497
5191 364
5192 272
5193 469
5194 230
5195 398
5196 385
5197 177
5198 161
5199 20
5200 370
5201 83
5202 94
5203 279
5204 303
5205 79
5206 289
5207 359
5208 107
5209 95
5210 131
5211 98
5212 142
5213 359
5214 314
5215 54
5216 34
5217 103
5218 349
5219 18
5220 33
5221 19
5222 246
5223 492
5224 441
5225 67
5226 53
5227 31
5228 50
5229 148
5230 295
5231 394
5232 303
5233 310
5234 94
5235 276
5236 35
5237 56
5238 35
5239 22
5240 202
5241 422
5242 490
5243 277
5244 346
5245 487
5246 456
5247 172
5248 242
5249 146
5250 472
5251 220
5252 122
5253 16
5254 386
5255 34
5256 491
5257 485
5258 339
5259 145
5260 9
5261 389
5262 279
5263 39
5264 318
5265 93
5266 352
5267 72
5268 41
5269 144
5270 142
5271 167
5272 136
5273 215
5274 94
5275 383
5276 149
5277 368
5278 205
5279 418
5280 25
5281 151
5282 26
5283 384
5284 36
5285 49
5286 4
5287 409
5288 403
5289 422
5290 315
5291 393
5292 277
5293 340
5294 46
5295 236
5296 334
5297 145
5298 419
5299 316
5300 80
5301 6
5302 103
5303 257
5304 9
5305 175
5306 113
5307 100
5308 405
5309 40
5310 153
5311 137
5312 179
5313 207
5314 264
5315 312
5316 46
5317 66
5318 233
5319 468
5320 68
5321 233
5322 212
5323 139
5324 161
5325 124
5326 202
5327 193
5328 236
5329 393
5330 116
5331 428
5332 17
5333 99
5334 86
5335 213
5336 475
5337 399
5338 378
5339 393
5340 350
5341 39
5342 388
5343 232
5344 389
5345 301
5346 476
5347 10
5348 327
5349 55
5350 403
5351 47
5352 329
5353 413
5354 341
5355 414
5356 11
5357 89
5358 214
5359 347
5360 226
5361 351
5362 395
5363 88
5364 223
5365 320
5366 478
5367 7
5368 69
5369 26
5370 395
5371 77
5372 404
5373 444
5374 196
5375 135
5376 474
5377 140
5378 83
5379 252
5380 36
5381 394
5382 55
5383 457
5384 219
5385 208
5386 269
5387 43
5388 215
5389 71
5390 164
5391 193
5392 88
5393 420
5394 34
5395 281
5396 69
5397 178
5398 359
5399 259
5400 200
5401 246
5402 404
5403 335
5404 457
5405 377
5406 101
5407 386
5408 240
5409 272
5410 40
5411 359
5412 73
5413 450
5414 107
5415 177
5416 304
5417 304
5418 380
5419 465
5420 10
5421 279
5422 85
5423 371
5424 189
5425 466
5426 170
5427 459
5428 136
5429 261
5430 318
5431 313
5432 234
5433 119
5434 177
5435 102
5436 262
5437 286
5438 67
5439 293
5440 165
5441 201
5442 386
5443 13
5444 117
5445 201
5446 309
5447 86
5448 218
5449 183
5450 303
5451 234
5452 294
5453 116
5454 394
5455 394
5456 261
5457 38
5458 412
5459 384
5460 410
5461 455
5462 160
5463 132
5464 41
5465 13
5466 84
5467 35
5468 474
5469 59
5470 393
5471 40
5472 219
5473 409
5474 18
5475 147
5476 482
5477 50
5478 464
5479 286
5480 32
5481 482
5482 105
5483 3
5484 130
5485 147
5486 123
5487 0
5488 472
5489 224
5490 237
5491 138
5492 461
5493 51
5494 387
5495 12
5496 483
5497 328
5498 44
5499 333
5500 439
5501 272
5502 167
5503 291
5504 340
5505 467
5506 253
5507 342
5508 337
5509 323
5510 368
5511 17
5512 72
5513 228
5514 21
5515 426
5516 265
5517 469
5518 485
5519 170
5520 146
5521 494
5522 428
5523 427
5524 167
5525 362
5526 227
5527 463
5528 398
5529 339
5530 376
5531 183
5532 366
5533 275
5534 293
5535 124
5536 227
5537 175
5538 46
5539 248
5540 472
5541 406
5542 127
5543 218
5544 168
5545 126
5546 305
5547 396
5548 13
5549 80
5550 209
5551 360
5552 304
5553 229
5554 490
5555 88
5556 125
5557 226
5558 208
5559 190
5560 447
5561 445
5562 313
5563 131
5564 351
5565 244
5566 140
5567 9
5568 211
5569 383
5570 335
5571 193
5572 440
5573 220
5574 31
5575 73
5576 322
5577 465
5578 307
5579 70
5580 136
5581 172
5582 466
5583 425
5584 431
5585 110
5586 97
5587 458
5588 267
5589 207
5590 253
5591 317
5592 267
5593 491
5594 467
5595 416
5596 4
5597 123
5598 476
5599 328
5600 142
5601 457
5602 12
5603 335
5604 132
5605 129
5606 199
5607 159
5608 312
5609 464
5610 259
5611 198
5612 252
5613 424
5614 315
5615 317
5616 431
5617 122
5618 34
5619 480
5620 83
5621 473
5622 204
5623 85
5624 66
5625 411
5626 428
5627 122
5628 405
5629 427
5630 45
5631 376
5632 157
5633 201
5634 50
5635 49
5636 108
5637 121
5638 185
5639 441
5640 354
5641 15
5642 400
5643 338
5644 123
5645 438
5646 100
5647 143
5648 156
5649 167
5650 148
5651 469
5652 148
5653 473
5654 396
5655 168
5656 140
5657 78
5658 73
5659 65
5660 225
5661 296
5662 163
5663 95
5664 456
5665 100
5666 78
5667 75
5668 88
5669 206
5670 355
5671 84
5672 61
5673 280
5674 269
5675 300
5676 199
5677 292
5678 426
5679 451
5680 464
5681 341
5682 14
5683 29
5684 417
5685 268
5686 335
5687 449
5688 468
5689 451
5690 178
5691 167
5692 87
5693 379
5694 285
5695 113
5696 130
5697 141
5698 25
5699 487
5700 354
5701 224
5702 475
5703 257
5704 467
5705 269
5706 130
5707 488
5708 372
5709 399
5710 253
5711 355
5712 83
5713 270
5714 435
5715 438
5716 296
5717 435
5718 429
5719 69
5720 102
5721 231
5722 482
5723 328
5724 94
5725 306
5726 168
5727 267
5728 139
5729 196
5730 110
5731 269
5732 308
5733 141
5734 472
5735 263
5736 293
5737 268
5738 34
5739 343
5740 62
5741 382
5742 343
5743 481
5744 18
5745 242
5746 241
5747 448
5748 157
5749 456
5750 1
5751 44
5752 386
5753 158
5754 286
5755 313
5756 375
5757 170
5758 351
5759 249
5760 138
5761 109
5762 356
5763 337
5764 214
5765 140
5766 29
5767 14
5768 351
5769 234
5770 425
5771 267
5772 362
5773 50
5774 188
5775 3
5776 55
5777 38
5778 279
5779 477
5780 75
5781 455
5782 92
5783 195
5784 429
5785 230
5786 109
5787 422
5788 369
5789 464
5790 175
5791 494
5792 290
5793 303
5794 102
5795 347
5796 117
5797 268
5798 301
5799 409
5800 330
5801 362
5802 483
5803 37
5804 147
5805 270
5806 152
5807 249
5808 196
5809 391
5810 351
5811 141
5812 185
5813 54
5814 283
5815 307
5816 324
5817 288
5818 393
5819 187
5820 403
5821 210
5822 302
5823 187
5824 83
5825 79
5826 69
5827 486
5828 353
5829 261
5830 435
5831 82
5832 222
5833 28
5834 238
5835 420
5836 172
5837 262
5838 376
5839 310
5840 107
5841 167
5842 181
5843 245
5844 146
5845 225
5846 449
5847 302
5848 314
5849 52
5850 40
5851 205
5852 23
5853 115
5854 22
5855 154
5856 377
5857 186
5858 372
5859 357
5860 22
5861 83
5862 356
5863 177
5864 431
5865 181
5866 169
5867 253
5868 290
5869 385
5870 278
5871 69
5872 187
5873 469
5874 253
5875 216
5876 83
5877 34
5878 417
5879 418
5880 461
5881 467
5882 50
5883 90
5884 44
5885 308
5886 204
5887 338
5888 63
5889 3
5890 207
5891 6
5892 6
5893 416
5894 281
5895 293
5896 389
5897 19
5898 87
5899 186
5900 298
5901 176
5902 418
5903 490
5904 122
5905 53
5906 401
5907 239
5908 121
5909 76
5910 327
5911 198
5912 397
5913 472
5914 204
5915 220
5916 388
5917 27
5918 412
5919 175
5920 338
5921 399
5922 154
5923 355
5924 216
5925 302
5926 105
5927 479
5928 1
5929 354
5930 241
5931 319
5932 188
5933 409
5934 243
5935 275
5936 201
5937 189
5938 332
5939 56
5940 478
5941 101
5942 27
5943 412
5944 66
5945 189
5946 496
5947 434
5948 159
5949 194
5950 278
5951 318
5952 470
5953 422
5954 391
5955 23
5956 385
5957 453
5958 298
5959 300
5960 24
5961 226
5962 438
5963 258
5964 53
5965 219
5966 481
5967 122
5968 199
5969 348
5970 138
5971 87
5972 145
5973 148
5974 177
5975 214
5976 90
5977 130
5978 69
5979 188
5980 445
5981 74
5982 3
5983 59
5984 186
5985 435
5986 391
5987 168
5988 32
5989 240
5990 64
5991 58
5992 114
5993 129
5994 156
5995 437
5996 359
5997 433
5998 453
5999 323
6000 124
6001 306
6002 386
6003 105
6004 290
6005 482
6006 114
6007 112
6008 43
6009 422
6010 196
6011 448
6012 81
6013 400
6014 91
6015 361
6016 63
6017 367
6018 352
6019 245
6020 130
6021 207
6022 18
6023 469
6024 100
6025 212
6026 271
6027 391
6028 434
6029 310
6030 222
6031 401
6032 459
6033 194
6034 306
6035 166
6036 222
6037 323
6038 468
6039 183
6040 261
6041 472
6042 338
6043 124
6044 421
6045 386
6046 412
6047 479
6048 89
6049 92
6050 55
6051 27
6052 99
6053 400
6054 116
6055 42
6056 412
6057 45
6058 427
6059 116
6060 472
6061 81
6062 87
6063 16
6064 125
6065 82
6066 55
6067 303
6068 190
6069 195
6070 274
6071 494
6072 144
6073 261
6074 254
6075 106
6076 394
6077 41
6078 464
6079 333
6080 321
6081 319
6082 21
6083 91
6084 104
6085 122
6086 86
6087 41
6088 234
6089 264
6090 260
6091 411
6092 99
6093 201
6094 185
6095 72
6096 419
6097 420
6098 472
6099 65
6100 441
6101 176
6102 309
6103 487
6104 153
6105 347
6106 69
6107 436
6108 452
6109 37
6110 313
6111 187
6112 343
6113 95
6114 78
6115 16
6116 235
6117 136
6118 307
6119 189
6120 5
6121 89
6122 261
6123 103
6124 440
6125 406
6126 329
6127 351
6128 7
6129 27
6130 303
6131 385
6132 210
6133 90
6134 191
6135 302
6136 332
6137 132
6138 483
6139 20
6140 133
6141 476
6142 28
6143 99
6144 148
6145 356
6146 57
6147 465
6148 222
6149 174
6150 435
6151 402
6152 101
6153 135
6154 27
6155 262
6156 159
6157 251
6158 84
6159 138
6160 188
6161 258
6162 368
6163 162
6164 61
6165 133
6166 257
6167 474
6168 182
6169 333
6170 293
6171 168
6172 419
6173 338
6174 244
6175 65
6176 401
6177 202
6178 472
6179 50
6180 123
6181 92
6182 294
6183 245
6184 13
6185 299
6186 226
6187 449
6188 46
6189 351
6190 42
6191 173
6192 479
6193 469
6194 237
6195 264
6196 389
6197 367
6198 178
6199 94
6200 497
6201 258
6202 459
6203 237
6204 5
6205 93
6206 274
6207 41
6208 360
6209 494
6210 403
6211 475
6212 28
6213 252
6214 87
6215 16
6216 469
6217 259
6218 259
6219 263
6220 53
6221 3
6222 164
6223 242
6224 230
6225 91
6226 269
6227 327
6228 315
6229 111
6230 434
6231 382
6232 271
6233 150
6234 460
6235 442
6236 139
6237 122
6238 176
6239 395
6240 83
6241 297
6242 25
6243 348
6244 54
6245 234
6246 0
6247 288
6248 338
6249 109
6250 204
6251 301
6252 398
6253 315
6254 15
6255 422
6256 451
6257 4
6258 83
6259 140
6260 189
6261 474
6262 144
6263 252
6264 236
6265 381
6266 19
6267 365
6268 487
6269 495
6270 53
6271 173
6272 247
6273 370
6274 320
6275 62
6276 33
6277 176
6278 71
6279 446
6280 211
6281 229
6282 84
6283 471
6284 126
6285 476
6286 139
6287 80
6288 442
6289 473
6290 390
6291 163
6292 407
6293 335
6294 13
6295 392
6296 49
6297 161
6298 463
6299 351
6300 198
6301 469
6302 101
6303 71
6304 87
6305 227
6306 303
6307 9
6308 48
6309 95
6310 385
6311 190
6312 312
6313 199
6314 303
6315 77
6316 41
6317 187
6318 20
6319 73
6320 460
6321 242
6322 341
6323 444
6324 234
6325 203
6326 124
6327 320
6328 115
6329 169
6330 87
6331 46
6332 9
6333 112
6334 279
6335 382
6336 196
6337 403
6338 25
6339 14
6340 57
6341 105
6342 399
6343 6
6344 177
6345 253
6346 469
6347 21
6348 20
6349 332
6350 21
6351 267
6352 294
6353 374
6354 497
6355 423
6356 134
6357 191
6358 229
6359 347
6360 107
6361 434
6362 121
6363 458
6364 334
6365 203
6366 118
6367 190
6368 243
6369 465
6370 307
6371 142
6372 441
6373 180
6374 381
6375 466
6376 108
6377 449
6378 278
6379 52
6380 150
6381 151
6382 435
6383 236
6384 216
6385 213
6386 68
6387 353
6388 370
6389 113
6390 212
6391 157
6392 69
6393 282
6394 409
6395 451
6396 12
6397 34
6398 7
6399 154
6400 285
6401 13
6402 131
6403 337
6404 221
6405 396
6406 179
6407 265
6408 394
6409 279
6410 265
6411 430
6412 257
6413 45
6414 311
6415 466
6416 325
6417 158
6418 160
6419 277
6420 86
6421 446
6422 78
6423 167
6424 158
6425 45
6426 375
6427 214
6428 432
6429 126
6430 164
6431 164
6432 244
6433 461
6434 355
6435 309
6436 349
6437 106
6438 440
6439 23
6440 235
6441 370
6442 118
6443 469
6444 33
6445 335
6446 59
6447 352
6448 197
6449 186
6450 252
6451 255
6452 118
6453 383
6454 258
6455 121
6456 51
6457 206
6458 297
6459 196
6460 67
6461 21
6462 464
6463 51
6464 384
6465 51
6466 222
6467 120
6468 131
6469 132
6470 349
6471 325
6472 405
6473 126
6474 181
6475 475
6476 308
6477 69
6478 218
6479 140
6480 473
6481 299
6482 418
6483 292
6484 6
6485 47
6486 0
6487 324
6488 291
6489 265
6490 326
6491 485
6492 471
6493 325
6494 11
6495 25
6496 83
6497 475
6498 11
6499 466
6500 27
6501 335
6502 200
6503 283
6504 237
6505 150
6506 48
6507 100
6508 402
6509 134
6510 74
6511 409
6512 113
6513 371
6514 444
6515 163
6516 6
6517 409
6518 265
6519 364
6520 493
6521 406
6522 256
6523 437
6524 452
6525 440
6526 199
6527 355
6528 59
6529 159
6530 188
6531 185
6532 477
6533 134
6534 455
6535 97
6536 281
6537 292
6538 133
6539 232
6540 165
6541 477
6542 314
6543 420
6544 276
6545 3
6546 13
6547 235
6548 50
6549 311
6550 7
6551 206
6552 342
6553 462
6554 299
6555 314
6556 300
6557 312
6558 376
6559 286
6560 40
6561 258
6562 398
6563 98
6564 398
6565 491
6566 415
6567 305
6568 67
6569 184
6570 342
6571 466
6572 150
6573 201
6574 372
6575 353
6576 14
6577 259
6578 441
6579 147
6580 320
6581 354
6582 268
6583 204
6584 393
6585 234
6586 247
6587 274
6588 220
6589 41
6590 261
6591 254
6592 432
6593 278
6594 356
6595 371
6596 203
6597 82
6598 160
6599 379
6600 166
6601 431
6602 377
6603 406
6604 119
6605 243
6606 365
6607 202
6608 441
6609 67
6610 265
6611 413
6612 310
6613 53
6614 52
6615 371
6616 36
6617 479
6618 358
6619 461
6620 27
6621 461
6622 24
6623 326
6624 186
6625 180
6626 331
6627 273
6628 19
6629 72
6630 415
6631 90
6632 370
6633 490
6634 261
6635 360
6636 355
6637 127
6638 232
6639 91
6640 268
6641 235
6642 249
6643 67
6644 366
6645 154
6646 435
6647 280
6648 380
6649 319
6650 206
6651 286
6652 354
6653 369
6654 316
6655 308
6656 9
6657 186
6658 329
6659 379
6660 16
6661 219
6662 176
6663 395
6664 308
6665 376
6666 34
6667 432
6668 120
6669 60
6670 303
6671 224
6672 276
6673 465
6674 99
6675 368
6676 332
6677 291
6678 81
6679 306
6680 217
6681 62
6682 282
6683 165
6684 304
6685 419
6686 151
6687 241
6688 183
6689 340
6690 58
6691 478
6692 304
6693 283
6694 322
6695 453
6696 327
6697 132
6698 361
6699 108
6700 267
6701 463
6702 37
6703 120
6704 110
6705 441
6706 31
6707 77
6708 321
6709 167
6710 410
6711 45
6712 423
6713 140
6714 385
6715 276
6716 71
6717 133
6718 240
6719 491
6720 458
6721 107
6722 359
6723 195
6724 378
6725 344
6726 40
6727 354
6728 42
6729 156
6730 426
6731 187
6732 407
6733 39
6734 172
6735 392
6736 409
6737 213
6738 205
6739 9
6740 135
6741 341
6742 30
6743 16
6744 452
6745 226
6746 135
6747 306
6748 206
6749 408
6750 355
6751 224
6752 424
6753 145
6754 252
6755 395
6756 189
6757 10
6758 442
6759 145
6760 130
6761 273
6762 179
6763 155
6764 86
6765 373
6766 354
6767 465
6768 491
6769 301
6770 373
6771 139
6772 409
6773 396
6774 124
6775 421
6776 48
6777 497
6778 378
6779 300
6780 107
6781 152
6782 26
6783 479
6784 356
6785 30
6786 140
6787 382
6788 126
6789 127
6790 162
6791 182
6792 407
6793 281
6794 335
6795 0
6796 57
6797 427
6798 452
6799 30
6800 356
6801 276
6802 451
6803 390
6804 432
6805 290
6806 432
6807 116
6808 403
6809 281
6810 209
6811 440
6812 251
6813 65
6814 226
6815 195
6816 147
6817 213
6818 176
6819 339
6820 176
6821 154
6822 281
6823 176
6824 260
6825 460
6826 142
6827 5
6828 312
6829 225
6830 194
6831 486
6832 346
6833 411
6834 141
6835 424
6836 60
6837 7
6838 28
6839 254
6840 44
6841 199
6842 92
6843 162
6844 288
6845 451
6846 246
6847 324
6848 233
6849 417
6850 406
6851 220
6852 90
6853 449
6854 271
6855 4
6856 200
6857 37
6858 140
6859 135
6860 347
6861 317
6862 19
6863 497
6864 440
6865 324
6866 85
6867 174
6868 69
6869 82
6870 32
6871 44
6872 36
6873 446
6874 240
6875 51
6876 275
6877 300
6878 156
6879 30
6880 80
6881 140
6882 32
6883 423
6884 344
6885 53
6886 135
6887 228
6888 439
6889 374
6890 173
6891 463
6892 430
6893 289
6894 401
6895 289
6896 436
6897 394
6898 195
6899 168
6900 374
6901 8
6902 396
6903 197
6904 195
6905 39
6906 386
6907 460
6908 110
6909 272
6910 249
6911 289
6912 217
6913 429
6914 388
6915 121
6916 39
6917 349
6918 411
6919 455
6920 58
6921 36
6922 487
6923 108
6924 271
6925 61
6926 156
6927 101
6928 45
6929 215
6930 193
6931 40
6932 302
6933 322
6934 313
6935 124
6936 193
6937 121
6938 135
6939 386
6940 7
6941 344
6942 449
6943 130
6944 327
6945 451
6946 146
6947 82
6948 193
6949 145
6950 410
6951 264
6952 473
6953 322
6954 422
6955 49
6956 60
6957 466
6958 109
6959 370
6960 149
6961 261
6962 406
6963 442
6964 294
6965 396
6966 227
6967 194
6968 48
6969 241
6970 377
6971 348
6972 226
6973 118
6974 324
6975 60
6976 363
6977 165
6978 11
6979 2
6980 24
6981 142
6982 278
6983 452
6984 348
6985 227
6986 383
6987 166
6988 385
6989 80
6990 420
6991 345
6992 408
6993 425
6994 41
6995 247
6996 477
6997 366
6998 108
6999 60
7000 115
7001 387
7002 12
7003 119
7004 263
7005 70
7006 85
7007 14
7008 387
7009 325
7010 402
7011 273
7012 218
7013 41
7014 179
7015 90
7016 356
7017 249
7018 425
7019 315
7020 286
7021 147
7022 463
7023 460
7024 430
7025 489
7026 477
7027 123
7028 375
7029 58
7030 7
7031 468
7032 107
7033 87
7034 10
7035 206
7036 234
7037 360
7038 75
7039 127
7040 384
7041 180
7042 127
7043 282
7044 124
7045 465
7046 49
7047 216
7048 244
7049 228
7050 412
7051 135
7052 272
7053 393
7054 96
7055 227
7056 168
7057 380
7058 259
7059 215
7060 91
7061 387
7062 88
7063 154
7064 61
7065 235
7066 0
7067 328
7068 430
7069 112
7070 398
7071 447
7072 80
7073 294
7074 135
7075 35
7076 206
7077 313
7078 406
7079 464
7080 339
7081 75
7082 480
7083 44
7084 176
7085 260
7086 374
7087 12
7088 26
7089 89
7090 178
7091 362
7092 200
7093 198
7094 244
7095 141
7096 321
7097 367
7098 119
7099 436
7100 177
7101 451
7102 280
7103 254
7104 455
7105 47
7106 22
7107 81
7108 306
7109 491
7110 161
7111 62
7112 238
7113 388
7114 234
7115 111
7116 223
7117 192
7118 352
7119 480
7120 439
7121 186
7122 123
7123 279
7124 267
7125 36
7126 80
7127 225
7128 237
7129 305
7130 344
7131 449
7132 108
7133 196
7134 325
7135 491
7136 265
7137 275
7138 252
7139 485
7140 88
7141 121
7142 6
7143 122
7144 198
7145 467
7146 369
7147 150
7148 262
7149 149
7150 424
7151 417
7152 74
7153 156
7154 131
7155 326
7156 370
7157 439
7158 457
7159 447
7160 315
7161 274
7162 168
7163 19
7164 300
7165 297
7166 411
7167 53
7168 496
7169 26
7170 214
7171 57
7172 68
7173 147
7174 290
7175 275
7176 202
7177 404
7178 96
7179 247
7180 18
7181 392
7182 173
7183 446
7184 445
7185 467
7186 43
7187 85
7188 187
7189 213
7190 442
7191 228
7192 168
7193 366
7194 127
7195 87
7196 449
7197 205
7198 197
7199 300
7200 334
7201 493
7202 57
7203 249
7204 139
7205 321
7206 486
7207 74
7208 85
7209 108
7210 108
7211 390
7212 266
7213 154
7214 167
7215 141
7216 71
7217 222
7218 96
7219 340
7220 278
7221 89
7222 294
7223 455
7224 205
7225 281
7226 165
7227 428
7228 114
7229 176
7230 406
7231 425
7232 14
7233 356
7234 399
7235 143
7236 450
7237 84
7238 437
7239 382
7240 139
7241 10
7242 387
7243 331
7244 419
7245 137
7246 148
7247 425
7248 22
7249 241
7250 106
7251 176
7252 86
7253 386
7254 61
7255 106
7256 410
7257 36
7258 200
7259 63
7260 396
7261 156
7262 111
7263 402
7264 446
7265 369
7266 32
7267 156
7268 346
7269 274
7270 442
7271 223
7272 279
7273 341
7274 337
7275 237
7276 334
7277 207
7278 219
7279 181
7280 192
7281 270
7282 422
7283 262
7284 177
7285 74
7286 61
7287 369
7288 136
7289 0
7290 48
7291 147
7292 97
7293 451
7294 205
7295 157
7296 188
7297 162
7298 274
7299 85
7300 406
7301 120
7302 343
7303 78
7304 467
7305 260
7306 305
7307 337
7308 111
7309 48
7310 338
7311 223
7312 179
7313 408
7314 240
7315 151
7316 27
7317 416
7318 285
7319 424
7320 76
7321 93
7322 353
7323 406
7324 97
7325 304
7326 62
7327 274
7328 450
7329 101
7330 0
7331 190
7332 158
7333 127
7334 466
7335 496
7336 198
7337 249
7338 115
7339 348
7340 240
7341 345
7342 404
7343 491
7344 466
7345 494
7346 208
7347 170
7348 386
7349 368
7350 96
7351 235
7352 126
7353 214
7354 233
7355 27
7356 382
7357 454
7358 243
7359 387
7360 122
7361 439
7362 76
7363 288
7364 295
7365 187
7366 75
7367 160
7368 222
7369 405
7370 28
7371 54
7372 401
7373 439
7374 355
7375 68
7376 296
7377 295
7378 102
7379 340
7380 392
7381 129
7382 463
7383 277
7384 61
7385 299
7386 33
7387 263
7388 417
7389 134
7390 147
7391 466
7392 10
7393 377
7394 116
7395 327
7396 32
7397 31
7398 430
7399 275
7400 477
7401 206
7402 108
7403 257
7404 7
7405 59
7406 261
7407 271
7408 117
7409 247
7410 430
7411 483
7412 69
7413 245
7414 361
7415 413
7416 44
7417 162
7418 159
7419 308
7420 126
7421 412
7422 259
7423 365
7424 152
7425 206
7426 386
7427 410
7428 81
7429 215
7430 6
7431 310
7432 103
7433 40
7434 6
7435 111
7436 69
7437 172
7438 54
7439 69
7440 296
7441 439
7442 71
7443 310
7444 182
7445 324
7446 7
7447 387
7448 188
7449 180
7450 326
7451 82
7452 380
7453 48
7454 460
7455 483
7456 381
7457 63
7458 260
7459 432
7460 131
7461 303
7462 464
7463 12
7464 389
7465 318
7466 437
7467 493
7468 276
7469 253
7470 359
7471 102
7472 139
7473 58
7474 7
7475 122
7476 166
7477 468
7478 274
7479 118
7480 456
7481 294
7482 412
7483 367
7484 126
7485 487
7486 203
7487 82
7488 163
7489 160
7490 242
7491 277
7492 200
7493 15
7494 202
7495 228
7496 143
7497 42
7498 194
7499 389
7500 301
7501 219
7502 112
7503 17
7504 315
7505 351
7506 485
7507 84
7508 229
7509 228
7510 102
7511 126
7512 478
7513 155
7514 289
7515 263
7516 10
7517 245
7518 143
7519 184
7520 185
7521 144
7522 107
7523 164
7524 459
7525 91
7526 258
7527 495
7528 55
7529 138
7530 327
7531 345
7532 290
7533 337
7534 234
7535 451
7536 371
7537 470
7538 66
7539 467
7540 444
7541 198
7542 349
7543 209
7544 490
7545 220
7546 30
7547 264
7548 251
7549 35
7550 370
7551 191
7552 1
7553 322
7554 279
7555 365
7556 154
7557 286
7558 291
7559 499
7560 395
7561 432
7562 256
7563 480
7564 354
7565 282
7566 341
7567 97
7568 215
7569 475
7570 59
7571 415
7572 261
7573 388
7574 436
7575 215
7576 309
7577 191
7578 466
7579 95
7580 426
7581 369
7582 296
7583 420
7584 207
7585 173
7586 94
7587 0
7588 143
7589 154
7590 395
7591 2
7592 460
7593 51
7594 385
7595 295
7596 161
7597 449
7598 387
7599 56
7600 19
7601 473
7602 219
7603 475
7604 405
7605 347
7606 351
7607 277
7608 380
7609 329
7610 265
7611 77
7612 389
7613 313
7614 485
7615 180
7616 493
7617 92
7618 165
7619 174
7620 190
7621 423
7622 450
7623 38
7624 308
7625 344
7626 107
7627 306
7628 99
7629 221
7630 209
7631 343
7632 294
7633 216
7634 6
7635 118
7636 176
7637 324
7638 228
7639 262
7640 432
7641 390
7642 394
7643 453
7644 197
7645 213
7646 260
7647 447
7648 411
7649 466
7650 289
7651 83
7652 416
7653 105
7654 405
7655 39
7656 316
7657 298
7658 115
7659 178
7660 210
7661 361
7662 217
7663 341
7664 429
7665 348
7666 196
7667 299
7668 451
7669 255
7670 163
7671 21
7672 229
7673 179
7674 234
7675 317
7676 36
7677 13
7678 233
7679 104
7680 220
7681 38
7682 81
7683 79
7684 22
7685 409
7686 315
7687 255
7688 292
7689 223
7690 315
7691 481
7692 264
7693 95
7694 48
7695 177
7696 73
7697 452
7698 118
7699 187
7700 299
7701 237
7702 408
7703 126
7704 152
7705 152
7706 129
7707 493
7708 267
7709 232
7710 478
7711 283
7712 485
7713 307
7714 470
7715 327
7716 360
7717 59
7718 94
7719 202
7720 495
7721 81
7722 291
7723 393
7724 471
7725 44
7726 227
7727 75
7728 94
7729 379
7730 79
7731 189
7732 146
7733 261
7734 211
7735 379
7736 468
7737 425
7738 309
7739 343
7740 347
7741 71
7742 172
7743 261
7744 50
7745 215
7746 415
7747 330
7748 422
7749 173
7750 381
7751 351
7752 318
7753 109
7754 223
7755 196
7756 433
7757 283
7758 66
7759 81
7760 71
7761 378
7762 266
7763 214
7764 301
7765 358
7766 133
7767 168
7768 321
7769 453
7770 446
7771 335
7772 56
7773 5
7774 152
7775 413
7776 216
7777 72
7778 134
7779 348
7780 396
7781 287
7782 395
7783 13
7784 308
7785 173
7786 389
7787 461
7788 38
7789 336
7790 27
7791 496
7792 263
7793 26
7794 224
7795 384
7796 343
7797 54
7798 357
7799 298
7800 409
7801 73
7802 381
7803 290
7804 178
7805 262
7806 481
7807 483
7808 299
7809 443
7810 31
7811 245
7812 302
7813 218
7814 330
7815 357
7816 464
7817 487
7818 470
7819 86
7820 325
7821 349
7822 269
7823 118
7824 197
7825 78
7826 425
7827 260
7828 26
7829 330
7830 459
7831 32
7832 131
7833 471
7834 343
7835 335
7836 386
7837 277
7838 314
7839 394
7840 342
7841 164
7842 51
7843 423
7844 378
7845 372
7846 187
7847 305
7848 335
7849 90
7850 366
7851 364
7852 25
7853 355
7854 23
7855 170
7856 389
7857 361
7858 140
7859 146
7860 49
7861 461
7862 386
7863 246
7864 330
7865 82
7866 365
7867 115
7868 345
7869 357
7870 50
7871 53
7872 39
7873 42
7874 5
7875 84
7876 322
7877 77
7878 212
7879 29
7880 494
7881 209
7882 315
7883 187
7884 311
7885 438
7886 153
7887 95
7888 104
7889 416
7890 121
7891 63
7892 479
7893 317
7894 259
7895 245
7896 443
7897 14
7898 418
7899 116
7900 131
7901 385
7902 438
7903 1
7904 204
7905 269
7906 320
7907 438
7908 160
7909 102
7910 38
7911 161
7912 37
7913 461
7914 452
7915 23
7916 86
7917 86
7918 129
7919 7
7920 376
7921 200
7922 222
7923 489
7924 461
7925 9
7926 179
7927 49
7928 40
7929 267
7930 105
7931 291
7932 328
7933 263
7934 266
7935 311
7936 5
7937 385
7938 190
7939 418
7940 439
7941 191
7942 243
7943 144
7944 425
7945 446
7946 80
7947 83
7948 380
7949 289
7950 431
7951 212
7952 426
7953 424
7954 54
7955 174
7956 301
7957 450
7958 425
7959 249
7960 482
7961 153
7962 254
7963 417
7964 331
7965 237
7966 395
7967 81
7968 316
7969 167
7970 413
7971 198
7972 422
7973 85
7974 459
7975 105
7976 167
7977 235
7978 121
7979 365
7980 329
7981 453
7982 172
7983 226
7984 148
7985 464
7986 269
7987 148
7988 499
7989 465
7990 3
7991 99
7992 490
7993 455
7994 478
7995 140
7996 417
7997 166
7998 442
7999 132
8000 369
8001 232
8002 85
8003 112
8004 177
8005 301
8006 130
8007 449
8008 6
8009 46
8010 401
8011 53
8012 491
8013 472
8014 270
8015 381
8016 364
8017 366
8018 200
8019 41
8020 397
8021 355
8022 412
8023 298
8024 40
8025 76
8026 472
8027 347
8028 151
8029 84
8030 465
8031 120
8032 242
8033 375
8034 250
8035 93
8036 23
8037 257
8038 290
8039 321
8040 413
8041 336
8042 216
8043 315
8044 323
8045 285
8046 135
8047 153
8048 134
8049 493
8050 54
8051 166
8052 348
8053 312
8054 101
8055 389
8056 111
8057 278
8058 304
8059 266
8060 190
8061 100
8062 243
8063 318
8064 408
8065 158
8066 320
8067 217
8068 101
8069 263
8070 101
8071 1
8072 429
8073 331
8074 354
8075 446
8076 324
8077 273
8078 207
8079 196
8080 410
8081 206
8082 217
8083 205
8084 349
8085 192
8086 400
8087 225
8088 312
8089 142
8090 441
8091 477
8092 300
8093 334
8094 19
8095 423
8096 371
8097 302
8098 137
8099 51
8100 92
8101 213
8102 237
8103 81
8104 359
8105 275
8106 136
8107 450
8108 356
8109 277
8110 168
8111 256
8112 459
8113 317
8114 54
8115 266
8116 23
8117 147
8118 63
8119 108
8120 186
8121 93
8122 15
8123 325
8124 419
8125 473
8126 65
8127 334
8128 67
8129 314
8130 154
8131 100
8132 180
8133 282
8134 149
8135 218
8136 113
8137 123
8138 424
8139 407
8140 85
8141 292
8142 244
8143 155
8144 470
8145 79
8146 257
8147 391
8148 290
8149 154
8150 429
8151 65
8152 324
8153 254
8154 113
8155 331
8156 153
8157 36
8158 474
8159 126
8160 94
8161 97
8162 16
8163 472
8164 129
8165 100
8166 50
8167 61
8168 492
8169 496
8170 181
8171 105
8172 460
8173 63
8174 13
8175 327
8176 126
8177 84
8178 105
8179 292
8180 305
8181 359
8182 56
8183 167
8184 418
8185 252
8186 36
8187 112
8188 486
8189 292
8190 309
8191 228
8192 166
8193 191
8194 437
8195 435
8196 313
8197 452
8198 423
8199 499
8200 92
8201 128
8202 332
8203 134
8204 6
8205 75
8206 8
8207 479
8208 383
8209 286
8210 293
8211 476
8212 381
8213 283
8214 328
8215 334
8216 436
8217 287
8218 180
8219 352
8220 248
8221 443
8222 439
8223 257
8224 111
8225 281
8226 198
8227 314
8228 294
8229 54
8230 221
8231 459
8232 426
8233 52
8234 428
8235 336
8236 370
8237 106
8238 118
8239 497
8240 127
8241 471
8242 180
8243 406
8244 445
8245 137
8246 449
8247 304
8248 77
8249 135
8250 452
8251 409
8252 39
8253 295
8254 299
8255 332
8256 91
8257 363
8258 229
8259 495
8260 260
8261 286
8262 50
8263 3
8264 102
8265 270
8266 450
8267 236
8268 159
8269 135
8270 147
8271 490
8272 153
8273 260
8274 37
8275 487
8276 11
8277 495
8278 426
8279 431
8280 471
8281 378
8282 129
8283 137
8284 183
8285 493
8286 291
8287 171
8288 147
8289 409
8290 27
8291 50
8292 325
8293 98
8294 192
8295 20
8296 15
8297 456
8298 490
8299 322
8300 367
8301 434
8302 428
8303 105
8304 157
8305 78
8306 340
8307 359
8308 372
8309 367
8310 350
8311 378
8312 416
8313 283
8314 341
8315 332
8316 428
8317 70
8318 49
8319 327
8320 453
8321 154
8322 134
8323 287
8324 26
8325 169
8326 363
8327 368
8328 263
8329 107
8330 250
8331 87
8332 256
8333 252
8334 182
8335 421
8336 169
8337 184
8338 398
8339 309
8340 422
8341 382
8342 201
8343 270
8344 174
8345 337
8346 341
8347 272
8348 209
8349 236
8350 473
8351 243
8352 284
8353 299
8354 240
8355 50
8356 153
8357 170
8358 285
8359 406
8360 380
8361 320
8362 350
8363 308
8364 122
8365 178
8366 384
8367 187
8368 255
8369 31
8370 429
8371 223
8372 53
8373 136
8374 250
8375 35
8376 428
8377 372
8378 101
8379 282
8380 389
8381 309
8382 106
8383 363
8384 373
8385 77
8386 137
8387 112
8388 173
8389 46
8390 97
8391 178
8392 153
8393 31
8394 495
8395 191
8396 433
8397 168
8398 83
8399 233
8400 379
8401 96
8402 49
8403 77
8404 88
8405 468
8406 439
8407 292
8408 29
8409 449
8410 201
8411 362
8412 372
8413 386
8414 418
8415 207
8416 355
8417 328
8418 303
8419 81
8420 197
8421 456
8422 418
8423 404
8424 348
8425 400
8426 223
8427 450
8428 81
8429 159
8430 55
8431 210
8432 62
8433 307
8434 99
8435 63
8436 364
8437 292
8438 32
8439 346
8440 332
8441 307
8442 375
8443 408
8444 52
8445 364
8446 268
8447 369
8448 79
8449 186
8450 195
8451 248
8452 413
8453 120
8454 35
8455 439
8456 422
8457 307
8458 471
8459 91
8460 181
8461 394
8462 285
8463 34
8464 461
8465 410
8466 106
8467 184
8468 182
8469 4
8470 29
8471 402
8472 333
8473 408
8474 106
8475 242
8476 151
8477 62
8478 171
8479 211
8480 141
8481 39
8482 210
8483 412
8484 224
8485 110
8486 172
8487 399
8488 452
8489 232
8490 89
8491 211
8492 132
8493 393
8494 101
8495 232
8496 495
8497 77
8498 370
8499 36
8500 7
8501 149
8502 129
8503 66
8504 6
8505 381
8506 55
8507 28
8508 45
8509 63
8510 404
8511 30
8512 476
8513 1
8514 1
8515 99
8516 353
8517 267
8518 229
8519 272
8520 11
8521 165
8522 344
8523 459
8524 445
8525 60
8526 293
8527 264
8528 319
8529 470
8530 398
8531 153
8532 414
8533 421
8534 203
8535 8
8536 352
8537 259
8538 359
8539 70
8540 175
8541 338
8542 482
8543 196
8544 270
8545 227
8546 471
8547 1
8548 475
8549 469
8550 157
8551 307
8552 384
8553 201
8554 123
8555 144
8556 117
8557 396
8558 318
8559 73
8560 146
8561 275
8562 473
8563 13
8564 280
8565 90
8566 69
8567 215
8568 283
8569 325
8570 72
8571 72
8572 314
8573 259
8574 291
8575 144
8576 431
8577 41
8578 162
8579 90
8580 50
8581 30
8582 307
8583 461
8584 196
8585 150
8586 106
8587 105
8588 139
8589 7
8590 318
8591 205
8592 92
8593 37
8594 197
8595 296
8596 63
8597 327
8598 446
8599 426
8600 296
8601 24
8602 481
8603 293
8604 3
8605 271
8606 400
8607 474
8608 191
8609 196
8610 145
8611 475
8612 407
8613 270
8614 262
8615 301
8616 303
8617 211
8618 251
8619 220
8620 37
8621 13
8622 405
8623 181
8624 54
8625 376
8626 219
8627 327
8628 370
8629 134
8630 11
8631 445
8632 358
8633 114
8634 181
8635 471
8636 154
8637 68
8638 336
8639 209
8640 40
8641 58
8642 247
8643 385
8644 137
8645 308
8646 318
8647 205
8648 239
8649 29
8650 49
8651 222
8652 316
8653 164
8654 12
8655 43
8656 117
8657 335
8658 54
8659 331
8660 9
8661 411
8662 427
8663 165
8664 438
8665 293
8666 307
8667 128
8668 354
8669 442
8670 126
8671 206
8672 335
8673 161
8674 234
8675 456
8676 212
8677 23
8678 203
8679 327
8680 203
8681 102
8682 199
8683 33
8684 180
8685 393
8686 361
8687 439
8688 275
8689 497
8690 343
8691 76
8692 234
8693 69
8694 110
8695 222
8696 387
8697 445
8698 426
8699 395
8700 380
8701 370
8702 52
8703 485
8704 200
8705 469
8706 423
8707 22
8708 72
8709 196
8710 390
8711 435
8712 229
8713 262
8714 39
8715 318
8716 394
8717 360
8718 404
8719 145
8720 156
8721 475
8722 82
8723 60
8724 397
8725 331
8726 241
8727 229
8728 289
8729 268
8730 63
8731 174
8732 392
8733 217
8734 94
8735 399
8736 213
8737 9
8738 295
8739 97
8740 379
8741 434
8742 117
8743 6
8744 424
8745 158
8746 115
8747 430
8748 339
8749 28
8750 385
8751 131
8752 175
8753 451
8754 102
8755 107
8756 455
8757 5
8758 395
8759 370
8760 375
8761 170
8762 191
8763 483
8764 227
8765 238
8766 349
8767 219
8768 423
8769 50
8770 349
8771 333
8772 357
8773 133
8774 405
8775 218
8776 334
8777 319
8778 116
8779 237
8780 414
8781 173
8782 203
8783 184
8784 325
8785 264
8786 106
8787 318
8788 221
8789 309
8790 379
8791 33
8792 291
8793 224
8794 156
8795 420
8796 213
8797 479
8798 152
8799 353
8800 470
8801 139
8802 81
8803 425
8804 90
8805 254
8806 407
8807 383
8808 187
8809 12
8810 146
8811 270
8812 345
8813 463
8814 317
8815 395
8816 365
8817 142
8818 388
8819 363
8820 4
8821 453
8822 131
8823 310
8824 135
8825 114
8826 447
8827 243
8828 310
8829 165
8830 282
8831 239
8832 378
8833 283
8834 70
8835 400
8836 471
8837 62
8838 332
8839 155
8840 427
8841 345
8842 215
8843 48
8844 76
8845 437
8846 470
8847 436
8848 312
8849 182
8850 323
8851 380
8852 228
8853 130
8854 336
8855 216
8856 342
8857 99
8858 212
8859 444
8860 46
8861 333
8862 440
8863 181
8864 151
8865 165
8866 20
8867 227
8868 251
8869 356
8870 333
8871 193
8872 274
8873 142
8874 234
8875 111
8876 428
8877 413
8878 155
8879 322
8880 477
8881 62
8882 147
8883 396
8884 92
8885 462
8886 17
8887 141
8888 100
8889 391
8890 295
8891 329
8892 168
8893 139
8894 262
8895 246
8896 52
8897 358
8898 203
8899 186
8900 341
8901 264
8902 457
8903 485
8904 229
8905 371
8906 274
8907 272
8908 183
8909 288
8910 297
8911 86
8912 283
8913 33
8914 165
8915 390
8916 319
8917 293
8918 416
8919 401
8920 400
8921 126
8922 33
8923 238
8924 363
8925 277
8926 346
8927 298
8928 126
8929 177
8930 490
8931 189
8932 441
8933 344
8934 409
8935 243
8936 303
8937 482
8938 251
8939 130
8940 399
8941 13
8942 187
8943 71
8944 476
8945 485
8946 142
8947 403
8948 347
8949 117
8950 289
8951 121
8952 213
8953 317
8954 415
8955 96
8956 216
8957 14
8958 196
8959 211
8960 24
8961 471
8962 18
8963 179
8964 305
8965 197
8966 405
8967 9
8968 234
8969 333
8970 281
8971 334
8972 412
8973 480
8974 67
8975 408
8976 102
8977 44
8978 106
8979 377
8980 73
8981 406
8982 303
8983 441
8984 389
8985 357
8986 121
8987 489
8988 5
8989 98
8990 108
8991 290
8992 132
8993 94
8994 311
8995 132
8996 300
8997 161
8998 479
8999 51
9000 84
9001 227
9002 37
9003 47
9004 167
9005 338
9006 241
9007 456
9008 425
9009 390
9010 8
9011 207
9012 70
9013 55
9014 91
9015 82
9016 209
9017 439
9018 326
9019 259
9020 25
9021 150
9022 102
9023 220
9024 402
9025 334
9026 215
9027 491
9028 430
9029 226
9030 130
9031 344
9032 93
9033 6
9034 324
9035 429
9036 314
9037 89
9038 432
9039 280
9040 114
9041 24
9042 265
9043 136
9044 426
9045 444
9046 365
9047 311
9048 403
9049 53
9050 113
9051 211
9052 422
9053 237
9054 291
9055 378
9056 399
9057 145
9058 361
9059 350
9060 165
9061 422
9062 274
9063 409
9064 130
9065 331
9066 137
9067 34
9068 68
9069 61
9070 303
9071 305
9072 219
9073 292
9074 385
9075 137
9076 319
9077 154
9078 79
9079 426
9080 125
9081 81
9082 45
9083 160
9084 404
9085 92
9086 31
9087 290
9088 201
9089 184
9090 432
9091 137
9092 64
9093 23
9094 330
9095 122
9096 190
9097 422
9098 331
9099 428
9100 91
9101 466
9102 112
9103 183
9104 85
9105 402
9106 47
9107 386
9108 278
9109 454
9110 332
9111 290
9112 466
9113 467
9114 481
9115 360
9116 467
9117 143
9118 97
9119 442
9120 463
9121 196
9122 101
9123 231
9124 30
9125 98
9126 82
9127 476
9128 446
9129 45
9130 449
9131 72
9132 158
9133 433
9134 162
9135 25
9136 118
9137 236
9138 105
9139 109
9140 169
9141 321
9142 354
9143 443
9144 117
9145 176
9146 204
9147 452
9148 26
9149 126
9150 30
9151 54
9152 321
9153 310
9154 164
9155 308
9156 284
9157 415
9158 136
9159 170
9160 322
9161 88
9162 447
9163 406
9164 269
9165 190
9166 0
9167 119
9168 218
9169 491
9170 452
9171 74
9172 119
9173 250
9174 197
9175 15
9176 247
9177 341
9178 2
9179 373
9180 447
9181 151
9182 371
9183 241
9184 123
9185 237
9186 483
9187 324
9188 305
9189 370
9190 463
9191 284
9192 77
9193 467
9194 352
9195 121
9196 348
9197 126
9198 289
9199 74
9200 52
9201 233
9202 409
9203 409
9204 28
9205 304
9206 253
9207 477
9208 121
9209 457
9210 454
9211 325
9212 420
9213 414
9214 114
9215 109
9216 138
9217 356
9218 255
9219 21
9220 204
9221 178
9222 3
9223 359
9224 175
9225 475
9226 217
9227 84
9228 176
9229 126
9230 42
9231 12
9232 476
9233 259
9234 146
9235 398
9236 8
9237 387
9238 448
9239 344
9240 38
9241 424
9242 3
9243 450
9244 282
9245 201
9246 297
9247 249
9248 399
9249 269
9250 71
9251 244
9252 435
9253 334
9254 494
9255 208
9256 250
9257 77
9258 154
9259 374
9260 159
9261 454
9262 252
9263 45
9264 193
9265 286
9266 231
9267 29
9268 395
9269 447
9270 382
9271 395
9272 352
9273 192
9274 443
9275 443
9276 245
9277 243
9278 263
9279 426
9280 497
9281 54
9282 180
9283 286
9284 392
9285 66
9286 448
9287 321
9288 373
9289 456
9290 420
9291 298
9292 399
9293 315
9294 97
9295 91
9296 75
9297 404
9298 225
9299 427
9300 272
9301 355
9302 187
9303 389
9304 126
9305 284
9306 361
9307 261
9308 448
9309 400
9310 144
9311 157
9312 232
9313 130
9314 437
9315 489
9316 279
9317 81
9318 226
9319 315
9320 327
9321 405
9322 428
9323 10
9324 319
9325 23
9326 230
9327 26
9328 435
9329 364
9330 215
9331 399
9332 291
9333 42
9334 128
9335 70
9336 180
9337 134
9338 407
9339 81
9340 86
9341 126
9342 469
9343 217
9344 43
9345 334
9346 22
9347 432
9348 416
9349 41
9350 11
9351 106
9352 104
9353 143
9354 446
9355 175
9356 281
9357 479
9358 306
9359 13
9360 387
9361 398
9362 462
9363 3
9364 342
9365 106
9366 0
9367 333
9368 418
9369 4
9370 414
9371 125
9372 19
9373 55
9374 376
9375 225
9376 83
9377 413
9378 183
9379 343
9380 98
9381 368
9382 345
9383 259
9384 284
9385 131
9386 151
9387 305
9388 268
9389 39
9390 446
9391 305
9392 170
9393 275
9394 55
9395 338
9396 369
9397 416
9398 181
9399 89
9400 250
9401 132
9402 297
9403 56
9404 340
9405 386
9406 207
9407 124
9408 292
9409 233
9410 432
9411 345
9412 459
9413 264
9414 28
9415 381
9416 343
9417 123
9418 205
9419 13
9420 432
9421 374
9422 336
9423 175
9424 156
9425 398
9426 8
9427 150
9428 434
9429 293
9430 362
9431 174
9432 427
9433 313
9434 214
9435 392
9436 167
9437 52
9438 117
9439 431
9440 325
9441 331
9442 289
9443 433
9444 391
9445 17
9446 185
9447 349
9448 453
9449 243
9450 333
9451 343
9452 92
9453 86
9454 240
9455 11
9456 352
9457 78
9458 9
9459 171
9460 326
9461 486
9462 250
9463 476
9464 127
9465 411
9466 57
9467 45
9468 336
9469 147
9470 401
9471 203
9472 334
9473 211
9474 354
9475 385
9476 124
9477 66
9478 324
9479 93
9480 233
9481 87
9482 333
9483 292
9484 123
9485 30
9486 358
9487 318
9488 238
9489 443
9490 273
9491 5
9492 355
9493 337
9494 221
9495 393
9496 201
9497 444
9498 13
9499 70
9500 243
9501 185
9502 458
9503 293
9504 218
9505 11
9506 236
9507 310
9508 163
9509 229
9510 382
9511 263
9512 160
9513 172
9514 373
9515 56
9516 233
9517 80
9518 227
9519 337
9520 310
9521 431
9522 462
9523 1
9524 359
9525 349
9526 310
9527 485
9528 365
9529 313
9530 381
9531 109
9532 296
9533 117
9534 83
9535 154
9536 129
9537 428
9538 257
9539 449
9540 120
9541 429
9542 67
9543 148
9544 30
9545 389
9546 243
9547 160
9548 104
9549 275
9550 429
9551 454
9552 126
9553 231
9554 174
9555 201
9556 37
9557 1
9558 63
9559 346
9560 36
9561 314
9562 107
9563 26
9564 163
9565 327
9566 106
9567 207
9568 193
9569 197
9570 370
9571 327
9572 309
9573 242
9574 460
9575 292
9576 391
9577 413
9578 218
9579 363
9580 55
9581 413
9582 333
9583 417
9584 419
9585 205
9586 353
9587 330
9588 475
9589 55
9590 144
9591 220
9592 336
9593 461
9594 126
9595 446
9596 237
9597 160
9598 181
9599 295
9600 485
9601 251
9602 424
9603 215
9604 32
9605 287
9606 216
9607 264
9608 127
9609 38
9610 117
9611 174
9612 134
9613 418
9614 307
9615 42
9616 404
9617 292
9618 205
9619 42
9620 183
9621 60
9622 342
9623 392
9624 434
9625 127
9626 427
9627 293
9628 297
9629 426
9630 25
9631 68
9632 483
9633 412
9634 225
9635 449
9636 495
9637 142
9638 425
9639 485
9640 256
9641 241
9642 262
9643 240
9644 256
9645 328
9646 168
9647 263
9648 378
9649 124
9650 326
9651 400
9652 254
9653 257
9654 93
9655 364
9656 309
9657 229
9658 152
9659 349
9660 411
9661 2
9662 63
9663 130
9664 131
9665 0
9666 158
9667 232
9668 386
9669 329
9670 390
9671 30
9672 480
9673 393
9674 279
9675 78
9676 227
9677 338
9678 407
9679 356
9680 4
9681 395
9682 436
9683 21
9684 58
9685 8
9686 19
9687 363
9688 241
9689 296
9690 384
9691 421
9692 343
9693 499
9694 363
9695 225
9696 431
9697 345
9698 476
9699 288
9700 153
9701 103
9702 364
9703 181
9704 253
9705 60
9706 118
9707 28
9708 409
9709 428
9710 136
9711 54
9712 425
9713 208
9714 177
9715 118
9716 138
9717 351
9718 336
9719 304
9720 265
9721 184
9722 134
9723 262
9724 272
9725 219
9726 40
9727 94
9728 43
9729 209
9730 221
9731 4
9732 391
9733 492
9734 432
9735 433
9736 347
9737 75
9738 328
9739 44
9740 3
9741 30
9742 346
9743 76
9744 161
9745 375
9746 237
9747 284
9748 230
9749 275
9750 255
9751 160
9752 431
9753 56
9754 412
9755 323
9756 232
9757 275
9758 328
9759 119
9760 387
9761 113
9762 146
9763 153
9764 96
9765 221
9766 382
9767 462
9768 440
9769 347
9770 281
9771 349
9772 412
9773 218
9774 344
9775 115
9776 170
9777 324
9778 174
9779 142
9780 208
9781 336
9782 43
9783 19
9784 134
9785 95
9786 466
9787 399
9788 417
9789 158
9790 433
9791 97
9792 133
9793 245
9794 142
9795 364
9796 234
9797 65
9798 64
9799 386
9800 164
9801 317
9802 417
9803 189
9804 155
9805 107
9806 68
9807 419
9808 43
9809 219
9810 328
9811 12
9812 11
9813 95
9814 412
9815 115
9816 207
9817 141
9818 90
9819 436
9820 42
9821 39
9822 149
9823 329
9824 267
9825 221
9826 468
9827 480
9828 6
9829 224
9830 100
9831 444
9832 373
9833 205
9834 132
9835 363
9836 220
9837 51
9838 120
9839 63
9840 268
9841 89
9842 264
9843 268
9844 249
9845 480
9846 390
9847 157
9848 30
9849 223
9850 287
9851 411
9852 50
9853 407
9854 41
9855 210
9856 159
9857 340
9858 431
9859 160
9860 81
9861 199
9862 146
9863 148
9864 21
9865 86
9866 34
9867 361
9868 9
9869 379
9870 398
9871 302
9872 173
9873 364
9874 217
9875 25
9876 98
9877 435
9878 452
9879 422
9880 194
9881 179
9882 129
9883 258
9884 170
9885 222
9886 250
9887 360
9888 53
9889 177
9890 336
9891 106
9892 363
9893 286
9894 148
9895 332
9896 73
9897 30
9898 331
9899 147
9900 399
9901 287
9902 416
9903 52
9904 367
9905 443
9906 100
9907 141
9908 444
9909 259
9910 425
9911 170
9912 411
9913 335
9914 447
9915 393
9916 22
9917 150
9918 251
9919 445
9920 422
9921 463
9922 25
9923 417
9924 65
9925 161
9926 63
9927 189
9928 245
9929 30
9930 221
9931 259
9932 482
9933 271
9934 249
9935 65
9936 341
9937 444
9938 263
9939 486
9940 332
9941 281
9942 71
9943 273
9944 356
9945 8
9946 61
9947 366
9948 100
9949 110
9950 364
9951 256
9952 232
9953 91
9954 379
9955 348
9956 295
9957 289
9958 396
9959 264
9960 139
9961 79
9962 428
9963 61
9964 62
9965 136
9966 322
9967 256
9968 216
9969 341
9970 116
9971 268
9972 491
9973 39
9974 189
9975 81
9976 192
9977 155
9978 19
9979 253
9980 249
9981 115
9982 287
9983 352
9984 471
9985 361
9986 287
9987 338
9988 335
9989 85
9990 357
9991 58
9992 326
9993 415
9994 113
9995 45
9996 119
9997 321
9998 347
9999 342
