15000 374
15001 194
15002 152
15003 195
15004 478
15005 273
15006 475
15007 381
15008 254
15009 339
15010 83
15011 400
15012 485
15013 397
15014 199
15015 291
15016 397
15017 101
15018 116
15019 405
15020 352
15021 356
15022 109
15023 76
15024 237
15025 228
15026 318
15027 81
15028 159
15029 302
15030 128
15031 208
15032 28
15033 420
15034 340
15035 253
15036 150
15037 271
15038 314
15039 99
15040 475
15041 446
15042 235
15043 277
15044 257
15045 65
15046 397
15047 319
15048 308
15049 99
15050 45
15051 271
15052 460
15053 306
15054 252
15055 181
15056 219
15057 102
15058 295
15059 413
15060 20
15061 247
15062 395
15063 283
15064 2
15065 290
15066 399
15067 239
15068 156
15069 67
15070 61
15071 46
15072 316
15073 427
15074 216
15075 35
15076 176
15077 315
15078 413
15079 115
15080 41
15081 21
15082 68
15083 348
15084 455
15085 302
15086 103
15087 432
15088 330
15089 238
15090 486
15091 180
15092 195
15093 429
15094 397
15095 322
15096 15
15097 319
15098 352
15099 365
15100 61
15101 322
15102 161
15103 449
15104 468
15105 143
15106 444
15107 494
15108 86
15109 288
15110 229
15111 279
15112 33
15113 367
15114 418
15115 388
15116 41
15117 164
15118 247
15119 131
15120 160
15121 300
15122 229
15123 172
15124 27
15125 424
15126 37
15127 76
15128 125
15129 397
15130 179
15131 326
15132 63
15133 440
15134 398
15135 255
15136 82
15137 477
15138 107
15139 304
15140 322
15141 25
15142 369
15143 202
15144 130
15145 256
15146 363
15147 149
15148 302
15149 102
15150 197
15151 71
15152 90
15153 47
15154 151
15155 263
15156 288
15157 52
15158 469
15159 470
15160 71
15161 218
15162 117
15163 263
15164 167
15165 15
15166 291
15167 37
15168 186
15169 249
15170 476
15171 33
15172 404
15173 143
15174 371
15175 193
15176 255
15177 13
15178 139
15179 266
15180 383
15181 370
15182 15
15183 434
15184 48
15185 231
15186 440
15187 345
15188 114
15189 280
15190 339
15191 449
15192 96
15193 276
15194 483
15195 381
15196 0
15197 377
15198 414
15199 387
15200 210
15201 397
15202 3
15203 244
15204 369
15205 121
15206 395
15207 335
15208 229
15209 134
15210 326
15211 114
15212 21
15213 277
15214 28
15215 230
15216 407
15217 110
15218 425
15219 211
15220 128
15221 32
15222 84
15223 208
15224 121
15225 399
15226 433
15227 345
15228 289
15229 36
15230 334
15231 302
15232 329
15233 419
15234 5
15235 172
15236 271
15237 266
15238 180
15239 158
15240 84
15241 246
15242 245
15243 470
15244 288
15245 200
15246 11
15247 163
15248 168
15249 58
15250 362
15251 336
15252 316
15253 254
15254 312
15255 378
15256 415
15257 145
15258 194
15259 173
15260 89
15261 52
15262 199
15263 438
15264 316
15265 141
15266 43
15267 304
15268 226
15269 295
15270 91
15271 247
15272 122
15273 313
15274 391
15275 135
15276 343
15277 137
15278 250
15279 319
15280 291
15281 188
15282 424
15283 192
15284 488
15285 221
15286 367
15287 478
15288 474
15289 454
15290 356
15291 29
15292 205
15293 265
15294 132
15295 314
15296 413
15297 183
15298 150
15299 185
15300 444
15301 311
15302 356
15303 32
15304 441
15305 184
15306 477
15307 60
15308 87
15309 337
15310 290
15311 72
15312 253
15313 230
15314 339
15315 57
15316 54
15317 420
15318 109
15319 408
15320 26
15321 302
15322 49
15323 214
15324 150
15325 210
15326 197
15327 298
15328 333
15329 99
15330 207
15331 198
15332 58
15333 17
15334 334
15335 99
15336 387
15337 388
15338 78
15339 116
15340 472
15341 69
15342 84
15343 493
15344 58
15345 236
15346 149
15347 289
15348 430
15349 255
15350 138
15351 12
15352 238
15353 276
15354 134
15355 192
15356 339
15357 24
15358 68
15359 84
15360 114
15361 285
15362 193
15363 66
15364 464
15365 491
15366 403
15367 113
15368 490
15369 375
15370 440
15371 111
15372 28
15373 31
15374 474
15375 369
15376 208
15377 67
15378 344
15379 83
15380 356
15381 454
15382 260
15383 443
15384 254
15385 448
15386 73
15387 425
15388 360
15389 168
15390 381
15391 470
15392 77
15393 45
15394 365
15395 205
15396 390
15397 464
15398 325
15399 87
15400 228
15401 335
15402 209
15403 158
15404 359
15405 282
15406 72
15407 35
15408 92
15409 100
15410 395
15411 317
15412 191
15413 476
15414 209
15415 150
15416 171
15417 185
15418 108
15419 441
15420 447
15421 460
15422 10
15423 144
15424 66
15425 258
15426 237
15427 301
15428 455
15429 122
15430 339
15431 95
15432 255
15433 360
15434 441
15435 159
15436 288
15437 184
15438 311
15439 66
15440 22
15441 230
15442 11
15443 280
15444 72
15445 301
15446 303
15447 5
15448 222
15449 384
15450 66
15451 423
15452 195
15453 272
15454 319
15455 383
15456 359
15457 381
15458 140
15459 119
15460 432
15461 385
15462 200
15463 434
15464 307
15465 188
15466 395
15467 222
15468 482
15469 253
15470 235
15471 424
15472 91
15473 32
15474 89
15475 318
15476 370
15477 428
15478 345
15479 103
15480 175
15481 462
15482 184
15483 1
15484 185
15485 317
15486 217
15487 33
15488 150
15489 342
15490 42
15491 248
15492 78
15493 360
15494 74
15495 157
15496 43
15497 306
15498 423
15499 29
15500 313
15501 342
15502 436
15503 417
15504 265
15505 39
15506 90
15507 79
15508 238
15509 383
15510 160
15511 476
15512 123
15513 66
15514 284
15515 56
15516 292
15517 234
15518 469
15519 210
15520 456
15521 243
15522 202
15523 73
15524 1
15525 340
15526 182
15527 72
15528 406
15529 110
15530 17
15531 263
15532 374
15533 495
15534 207
15535 94
15536 320
15537 415
15538 99
15539 352
15540 0
15541 368
15542 143
15543 194
15544 17
15545 152
15546 290
15547 168
15548 41
15549 426
15550 182
15551 126
15552 325
15553 304
15554 62
15555 29
15556 319
15557 284
15558 70
15559 64
15560 403
15561 324
15562 174
15563 420
15564 424
15565 38
15566 271
15567 456
15568 438
15569 408
15570 410
15571 392
15572 133
15573 169
15574 487
15575 485
15576 267
15577 185
15578 440
15579 27
15580 430
15581 129
15582 0
15583 225
15584 378
15585 407
15586 88
15587 267
15588 113
15589 414
15590 186
15591 15
15592 136
15593 223
15594 495
15595 311
15596 312
15597 16
15598 17
15599 177
15600 395
15601 100
15602 66
15603 458
15604 161
15605 250
15606 56
15607 461
15608 255
15609 222
15610 434
15611 266
15612 424
15613 331
15614 331
15615 230
15616 376
15617 264
15618 277
15619 362
15620 42
15621 164
15622 373
15623 176
15624 423
15625 31
15626 285
15627 410
15628 322
15629 104
15630 479
15631 329
15632 200
15633 280
15634 312
15635 58
15636 85
15637 77
15638 263
15639 455
15640 346
15641 275
15642 445
15643 310
15644 285
15645 333
15646 353
15647 79
15648 232
15649 70
15650 193
15651 228
15652 160
15653 326
15654 439
15655 1
15656 210
15657 183
15658 496
15659 204
15660 266
15661 460
15662 329
15663 10
15664 217
15665 79
15666 110
15667 146
15668 262
15669 436
15670 389
15671 233
15672 4
15673 58
15674 203
15675 184
15676 396
15677 486
15678 19
15679 348
15680 242
15681 345
15682 172
15683 151
15684 26
15685 346
15686 487
15687 89
15688 240
15689 80
15690 234
15691 256
15692 124
15693 308
15694 85
15695 294
15696 455
15697 382
15698 98
15699 230
15700 46
15701 459
15702 449
15703 327
15704 40
15705 63
15706 208
15707 306
15708 143
15709 85
15710 295
15711 66
15712 72
15713 327
15714 12
15715 111
15716 407
15717 137
15718 90
15719 397
15720 87
15721 19
15722 23
15723 347
15724 397
15725 91
15726 239
15727 297
15728 286
15729 324
15730 64
15731 358
15732 123
15733 443
15734 128
15735 128
15736 372
15737 150
15738 44
15739 253
15740 230
15741 365
15742 131
15743 278
15744 486
15745 397
15746 31
15747 87
15748 483
15749 120
15750 152
15751 152
15752 285
15753 387
15754 160
15755 435
15756 473
15757 4
15758 410
15759 252
15760 157
15761 103
15762 19
15763 293
15764 251
15765 77
15766 444
15767 251
15768 474
15769 433
15770 78
15771 101
15772 185
15773 463
15774 58
15775 336
15776 118
15777 427
15778 194
15779 167
15780 458
15781 358
15782 280
15783 31
15784 78
15785 8
15786 434
15787 60
15788 156
15789 444
15790 337
15791 107
15792 219
15793 363
15794 310
15795 102
15796 48
15797 37
15798 151
15799 452
15800 156
15801 383
15802 150
15803 58
15804 435
15805 160
15806 326
15807 204
15808 348
15809 476
15810 236
15811 364
15812 430
15813 208
15814 326
15815 215
15816 389
15817 292
15818 337
15819 160
15820 186
15821 434
15822 53
15823 187
15824 352
15825 250
15826 386
15827 322
15828 128
15829 334
15830 236
15831 377
15832 155
15833 273
15834 273
15835 88
15836 25
15837 462
15838 260
15839 169
15840 48
15841 248
15842 249
15843 375
15844 76
15845 255
15846 46
15847 93
15848 473
15849 423
15850 308
15851 87
15852 71
15853 482
15854 146
15855 307
15856 19
15857 426
15858 368
15859 104
15860 288
15861 2
15862 67
15863 387
15864 282
15865 371
15866 37
15867 270
15868 1
15869 44
15870 267
15871 389
15872 114
15873 243
15874 72
15875 5
15876 462
15877 471
15878 98
15879 58
15880 90
15881 396
15882 16
15883 219
15884 479
15885 15
15886 299
15887 113
15888 456
15889 35
15890 184
15891 441
15892 295
15893 313
15894 40
15895 158
15896 104
15897 329
15898 202
15899 406
15900 12
15901 355
15902 463
15903 10
15904 288
15905 86
15906 1
15907 466
15908 122
15909 129
15910 490
15911 103
15912 84
15913 130
15914 362
15915 429
15916 375
15917 30
15918 162
15919 410
15920 80
15921 234
15922 310
15923 315
15924 12
15925 444
15926 384
15927 358
15928 240
15929 200
15930 387
15931 455
15932 239
15933 120
15934 179
15935 336
15936 29
15937 482
15938 496
15939 367
15940 232
15941 391
15942 74
15943 170
15944 219
15945 167
15946 265
15947 103
15948 474
15949 216
15950 416
15951 148
15952 266
15953 244
15954 444
15955 125
15956 243
15957 245
15958 148
15959 131
15960 431
15961 129
15962 233
15963 268
15964 463
15965 189
15966 122
15967 240
15968 279
15969 351
15970 154
15971 369
15972 140
15973 58
15974 317
15975 99
15976 26
15977 366
15978 399
15979 358
15980 208
15981 235
15982 73
15983 36
15984 273
15985 90
15986 110
15987 364
15988 136
15989 472
15990 269
15991 28
15992 74
15993 11
15994 179
15995 8
15996 247
15997 98
15998 57
15999 290
16000 476
16001 373
16002 224
16003 91
16004 438
16005 332
16006 296
16007 313
16008 94
16009 231
16010 244
16011 93
16012 224
16013 154
16014 145
16015 64
16016 27
16017 91
16018 425
16019 128
16020 208
16021 261
16022 30
16023 34
16024 173
16025 125
16026 48
16027 218
16028 403
16029 348
16030 145
16031 398
16032 88
16033 367
16034 247
16035 182
16036 14
16037 412
16038 274
16039 331
16040 265
16041 417
16042 423
16043 437
16044 120
16045 450
16046 438
16047 279
16048 307
16049 76
16050 337
16051 128
16052 209
16053 179
16054 417
16055 74
16056 414
16057 347
16058 17
16059 21
16060 414
16061 351
16062 204
16063 122
16064 378
16065 122
16066 461
16067 104
16068 118
16069 162
16070 473
16071 29
16072 169
16073 286
16074 238
16075 277
16076 330
16077 366
16078 300
16079 108
16080 339
16081 130
16082 119
16083 87
16084 392
16085 168
16086 125
16087 174
16088 176
16089 72
16090 103
16091 296
16092 63
16093 145
16094 222
16095 87
16096 336
16097 415
16098 348
16099 328
16100 168
16101 351
16102 2
16103 204
16104 232
16105 421
16106 333
16107 307
16108 76
16109 414
16110 426
16111 117
16112 167
16113 394
16114 233
16115 323
16116 19
16117 6
16118 53
16119 208
16120 458
16121 417
16122 2
16123 239
16124 448
16125 124
16126 196
16127 352
16128 168
16129 390
16130 337
16131 76
16132 53
16133 28
16134 406
16135 314
16136 205
16137 438
16138 123
16139 2
16140 190
16141 465
16142 187
16143 164
16144 11
16145 428
16146 243
16147 396
16148 111
16149 13
16150 209
16151 406
16152 71
16153 49
16154 49
16155 378
16156 254
16157 252
16158 172
16159 122
16160 442
16161 62
16162 199
16163 453
16164 118
16165 272
16166 119
16167 146
16168 272
16169 203
16170 168
16171 188
16172 369
16173 127
16174 113
16175 136
16176 209
16177 211
16178 495
16179 394
16180 486
16181 51
16182 201
16183 448
16184 431
16185 442
16186 493
16187 32
16188 350
16189 496
16190 281
16191 114
16192 227
16193 193
16194 18
16195 280
16196 328
16197 32
16198 438
16199 492
16200 377
16201 272
16202 400
16203 176
16204 216
16205 395
16206 237
16207 382
16208 59
16209 116
16210 367
16211 73
16212 180
16213 292
16214 438
16215 337
16216 298
16217 436
16218 97
16219 115
16220 192
16221 417
16222 188
16223 321
16224 154
16225 54
16226 479
16227 460
16228 483
16229 105
16230 149
16231 244
16232 401
16233 304
16234 228
16235 245
16236 168
16237 331
16238 152
16239 188
16240 379
16241 210
16242 171
16243 296
16244 378
16245 418
16246 154
16247 57
16248 286
16249 136
16250 433
16251 449
16252 60
16253 64
16254 318
16255 311
16256 18
16257 177
16258 192
16259 214
16260 285
16261 2
16262 363
16263 388
16264 249
16265 485
16266 28
16267 276
16268 257
16269 112
16270 431
16271 102
16272 215
16273 290
16274 411
16275 139
16276 127
16277 178
16278 462
16279 26
16280 356
16281 38
16282 351
16283 394
16284 318
16285 335
16286 298
16287 310
16288 102
16289 213
16290 233
16291 149
16292 132
16293 453
16294 384
16295 459
16296 184
16297 140
16298 361
16299 384
16300 103
16301 441
16302 461
16303 220
16304 69
16305 65
16306 64
16307 99
16308 463
16309 452
16310 150
16311 477
16312 20
16313 97
16314 148
16315 443
16316 477
16317 115
16318 99
16319 312
16320 88
16321 483
16322 131
16323 447
16324 20
16325 45
16326 51
16327 137
16328 139
16329 276
16330 449
16331 416
16332 25
16333 169
16334 23
16335 197
16336 261
16337 12
16338 447
16339 15
16340 60
16341 481
16342 47
16343 304
16344 405
16345 344
16346 437
16347 310
16348 312
16349 39
16350 98
16351 438
16352 195
16353 448
16354 394
16355 317
16356 171
16357 183
16358 468
16359 215
16360 47
16361 279
16362 27
16363 463
16364 271
16365 110
16366 120
16367 326
16368 439
16369 150
16370 315
16371 159
16372 154
16373 155
16374 459
16375 174
16376 277
16377 413
16378 217
16379 108
16380 8
16381 182
16382 379
16383 42
16384 31
16385 424
16386 196
16387 30
16388 167
16389 125
16390 212
16391 110
16392 341
16393 301
16394 394
16395 115
16396 179
16397 175
16398 76
16399 157
16400 96
16401 300
16402 302
16403 232
16404 316
16405 457
16406 253
16407 401
16408 470
16409 305
16410 377
16411 216
16412 162
16413 464
16414 357
16415 36
16416 209
16417 287
16418 26
16419 378
16420 206
16421 223
16422 41
16423 272
16424 426
16425 149
16426 375
16427 87
16428 153
16429 195
16430 18
16431 276
16432 19
16433 401
16434 252
16435 24
16436 441
16437 116
16438 313
16439 281
16440 67
16441 102
16442 196
16443 35
16444 493
16445 57
16446 240
16447 140
16448 115
16449 69
16450 25
16451 269
16452 80
16453 145
16454 72
16455 64
16456 421
16457 8
16458 390
16459 151
16460 319
16461 458
16462 5
16463 26
16464 262
16465 361
16466 64
16467 214
16468 108
16469 1
16470 452
16471 4
16472 161
16473 245
16474 419
16475 376
16476 391
16477 348
16478 4
16479 330
16480 279
16481 468
16482 108
16483 408
16484 202
16485 68
16486 1
16487 461
16488 141
16489 217
16490 459
16491 339
16492 94
16493 321
16494 453
16495 437
16496 404
16497 190
16498 112
16499 117
16500 25
16501 335
16502 295
16503 254
16504 251
16505 9
16506 18
16507 282
16508 64
16509 331
16510 387
16511 357
16512 409
16513 79
16514 139
16515 209
16516 65
16517 29
16518 222
16519 462
16520 117
16521 475
16522 319
16523 12
16524 201
16525 469
16526 126
16527 314
16528 354
16529 96
16530 205
16531 242
16532 375
16533 399
16534 20
16535 345
16536 349
16537 195
16538 7
16539 257
16540 30
16541 353
16542 197
16543 312
16544 7
16545 393
16546 256
16547 173
16548 123
16549 127
16550 359
16551 181
16552 369
16553 39
16554 396
16555 377
16556 316
16557 278
16558 299
16559 105
16560 188
16561 50
16562 18
16563 185
16564 300
16565 124
16566 390
16567 92
16568 330
16569 363
16570 45
16571 477
16572 172
16573 248
16574 50
16575 58
16576 266
16577 23
16578 494
16579 28
16580 127
16581 393
16582 164
16583 167
16584 221
16585 494
16586 121
16587 55
16588 476
16589 245
16590 398
16591 320
16592 461
16593 234
16594 345
16595 387
16596 114
16597 316
16598 476
16599 226
16600 175
16601 137
16602 70
16603 48
16604 239
16605 341
16606 266
16607 140
16608 43
16609 186
16610 87
16611 442
16612 468
16613 109
16614 384
16615 462
16616 253
16617 289
16618 345
16619 232
16620 486
16621 321
16622 101
16623 196
16624 429
16625 460
16626 14
16627 340
16628 330
16629 83
16630 20
16631 33
16632 61
16633 401
16634 325
16635 37
16636 70
16637 346
16638 408
16639 191
16640 220
16641 450
16642 281
16643 189
16644 314
16645 374
16646 424
16647 428
16648 318
16649 9
16650 205
16651 16
16652 336
16653 204
16654 353
16655 486
16656 9
16657 450
16658 201
16659 308
16660 257
16661 80
16662 158
16663 458
16664 259
16665 461
16666 496
16667 422
16668 43
16669 187
16670 458
16671 423
16672 354
16673 470
16674 126
16675 197
16676 412
16677 292
16678 480
16679 482
16680 417
16681 401
16682 331
16683 14
16684 483
16685 285
16686 472
16687 403
16688 409
16689 5
16690 495
16691 51
16692 268
16693 301
16694 119
16695 100
16696 7
16697 15
16698 420
16699 96
16700 52
16701 110
16702 384
16703 470
16704 338
16705 137
16706 54
16707 79
16708 300
16709 338
16710 392
16711 58
16712 156
16713 384
16714 382
16715 493
16716 18
16717 199
16718 316
16719 182
16720 395
16721 181
16722 223
16723 427
16724 364
16725 460
16726 120
16727 266
16728 440
16729 28
16730 451
16731 297
16732 438
16733 459
16734 300
16735 142
16736 212
16737 135
16738 228
16739 46
16740 262
16741 390
16742 449
16743 390
16744 410
16745 241
16746 415
16747 9
16748 369
16749 279
16750 285
16751 456
16752 407
16753 422
16754 43
16755 489
16756 489
16757 281
16758 68
16759 283
16760 211
16761 391
16762 112
16763 325
16764 150
16765 43
16766 339
16767 458
16768 472
16769 237
16770 141
16771 183
16772 474
16773 380
16774 113
16775 397
16776 350
16777 92
16778 380
16779 291
16780 337
16781 357
16782 43
16783 34
16784 153
16785 190
16786 416
16787 5
16788 44
16789 334
16790 325
16791 249
16792 472
16793 450
16794 14
16795 190
16796 443
16797 427
16798 284
16799 146
16800 334
16801 415
16802 162
16803 70
16804 0
16805 345
16806 52
16807 23
16808 79
16809 135
16810 68
16811 92
16812 437
16813 269
16814 154
16815 383
16816 315
16817 162
16818 187
16819 291
16820 258
16821 131
16822 175
16823 471
16824 19
16825 394
16826 471
16827 463
16828 288
16829 144
16830 335
16831 31
16832 218
16833 62
16834 94
16835 254
16836 204
16837 54
16838 248
16839 282
16840 15
16841 243
16842 287
16843 380
16844 25
16845 330
16846 285
16847 327
16848 395
16849 287
16850 188
16851 417
16852 282
16853 66
16854 142
16855 359
16856 7
16857 470
16858 199
16859 313
16860 273
16861 209
16862 475
16863 20
16864 39
16865 284
16866 281
16867 256
16868 28
16869 447
16870 362
16871 427
16872 310
16873 34
16874 236
16875 457
16876 243
16877 329
16878 102
16879 149
16880 138
16881 32
16882 93
16883 88
16884 17
16885 341
16886 316
16887 471
16888 38
16889 136
16890 15
16891 482
16892 15
16893 388
16894 179
16895 61
16896 416
16897 85
16898 186
16899 283
16900 50
16901 51
16902 87
16903 458
16904 208
16905 111
16906 266
16907 380
16908 76
16909 294
16910 373
16911 242
16912 89
16913 284
16914 240
16915 145
16916 411
16917 332
16918 106
16919 309
16920 38
16921 237
16922 274
16923 380
16924 489
16925 94
16926 382
16927 56
16928 192
16929 349
16930 319
16931 236
16932 358
16933 295
16934 286
16935 307
16936 179
16937 401
16938 257
16939 157
16940 465
16941 83
16942 375
16943 76
16944 287
16945 215
16946 406
16947 255
16948 212
16949 229
16950 447
16951 192
16952 312
16953 476
16954 493
16955 207
16956 31
16957 159
16958 251
16959 478
16960 447
16961 252
16962 120
16963 259
16964 396
16965 51
16966 279
16967 302
16968 369
16969 128
16970 107
16971 101
16972 323
16973 403
16974 85
16975 321
16976 440
16977 117
16978 417
16979 96
16980 353
16981 479
16982 40
16983 247
16984 7
16985 32
16986 336
16987 185
16988 354
16989 128
16990 331
16991 92
16992 195
16993 10
16994 270
16995 77
16996 414
16997 85
16998 350
16999 58
17000 52
17001 297
17002 319
17003 69
17004 191
17005 27
17006 12
17007 189
17008 403
17009 200
17010 29
17011 289
17012 238
17013 203
17014 329
17015 143
17016 138
17017 385
17018 45
17019 229
17020 68
17021 160
17022 293
17023 151
17024 453
17025 5
17026 114
17027 311
17028 171
17029 221
17030 140
17031 246
17032 421
17033 236
17034 325
17035 355
17036 8
17037 209
17038 457
17039 94
17040 411
17041 119
17042 342
17043 452
17044 162
17045 257
17046 294
17047 270
17048 404
17049 83
17050 294
17051 230
17052 133
17053 416
17054 83
17055 357
17056 123
17057 24
17058 403
17059 463
17060 44
17061 378
17062 129
17063 405
17064 87
17065 41
17066 222
17067 207
17068 83
17069 238
17070 53
17071 230
17072 340
17073 415
17074 48
17075 194
17076 296
17077 332
17078 438
17079 441
17080 3
17081 39
17082 59
17083 371
17084 95
17085 247
17086 391
17087 254
17088 72
17089 208
17090 289
17091 104
17092 250
17093 314
17094 485
17095 182
17096 344
17097 383
17098 329
17099 58
17100 490
17101 491
17102 32
17103 397
17104 261
17105 188
17106 115
17107 217
17108 267
17109 224
17110 229
17111 81
17112 54
17113 395
17114 164
17115 80
17116 63
17117 191
17118 167
17119 181
17120 278
17121 441
17122 211
17123 91
17124 290
17125 271
17126 313
17127 222
17128 75
17129 216
17130 143
17131 155
17132 183
17133 211
17134 92
17135 195
17136 121
17137 186
17138 71
17139 168
17140 466
17141 50
17142 411
17143 211
17144 146
17145 390
17146 299
17147 264
17148 125
17149 86
17150 397
17151 141
17152 458
17153 229
17154 475
17155 435
17156 232
17157 164
17158 91
17159 82
17160 208
17161 63
17162 150
17163 269
17164 108
17165 409
17166 40
17167 236
17168 262
17169 111
17170 248
17171 458
17172 470
17173 72
17174 137
17175 350
17176 81
17177 173
17178 114
17179 277
17180 111
17181 396
17182 398
17183 224
17184 72
17185 359
17186 434
17187 171
17188 347
17189 309
17190 247
17191 56
17192 440
17193 264
17194 92
17195 200
17196 93
17197 321
17198 261
17199 93
17200 426
17201 261
17202 350
17203 224
17204 198
17205 335
17206 297
17207 38
17208 404
17209 70
17210 58
17211 50
17212 415
17213 424
17214 299
17215 435
17216 326
17217 401
17218 104
17219 409
17220 346
17221 357
17222 407
17223 421
17224 450
17225 279
17226 371
17227 445
17228 69
17229 112
17230 222
17231 468
17232 108
17233 212
17234 73
17235 476
17236 312
17237 50
17238 381
17239 317
17240 194
17241 157
17242 350
17243 255
17244 246
17245 332
17246 462
17247 433
17248 328
17249 121
17250 298
17251 203
17252 458
17253 92
17254 258
17255 328
17256 276
17257 397
17258 372
17259 380
17260 206
17261 347
17262 80
17263 224
17264 114
17265 225
17266 83
17267 270
17268 124
17269 370
17270 73
17271 276
17272 383
17273 368
17274 468
17275 426
17276 406
17277 414
17278 169
17279 186
17280 334
17281 192
17282 296
17283 404
17284 285
17285 355
17286 305
17287 422
17288 112
17289 421
17290 28
17291 259
17292 406
17293 219
17294 474
17295 388
17296 196
17297 156
17298 442
17299 285
17300 177
17301 275
17302 245
17303 492
17304 338
17305 286
17306 260
17307 69
17308 212
17309 385
17310 349
17311 351
17312 421
17313 475
17314 127
17315 392
17316 100
17317 480
17318 233
17319 431
17320 390
17321 203
17322 142
17323 265
17324 239
17325 339
17326 438
17327 351
17328 143
17329 401
17330 90
17331 450
17332 193
17333 357
17334 487
17335 432
17336 391
17337 398
17338 397
17339 77
17340 442
17341 93
17342 156
17343 113
17344 158
17345 164
17346 125
17347 328
17348 261
17349 353
17350 178
17351 424
17352 442
17353 438
17354 361
17355 324
17356 296
17357 260
17358 77
17359 451
17360 197
17361 56
17362 60
17363 300
17364 476
17365 126
17366 418
17367 197
17368 331
17369 121
17370 377
17371 289
17372 398
17373 269
17374 44
17375 8
17376 310
17377 412
17378 239
17379 313
17380 188
17381 457
17382 233
17383 124
17384 228
17385 86
17386 239
17387 411
17388 177
17389 381
17390 489
17391 242
17392 487
17393 198
17394 420
17395 61
17396 463
17397 164
17398 458
17399 66
17400 445
17401 180
17402 284
17403 390
17404 134
17405 426
17406 144
17407 414
17408 201
17409 228
17410 266
17411 212
17412 19
17413 53
17414 278
17415 356
17416 470
17417 265
17418 63
17419 262
17420 9
17421 41
17422 6
17423 392
17424 184
17425 47
17426 207
17427 266
17428 45
17429 179
17430 317
17431 170
17432 244
17433 491
17434 139
17435 368
17436 344
17437 124
17438 180
17439 365
17440 102
17441 346
17442 376
17443 61
17444 397
17445 349
17446 96
17447 301
17448 167
17449 71
17450 325
17451 300
17452 477
17453 44
17454 452
17455 216
17456 34
17457 66
17458 270
17459 123
17460 428
17461 303
17462 96
17463 231
17464 388
17465 125
17466 250
17467 466
17468 87
17469 383
17470 4
17471 490
17472 409
17473 396
17474 92
17475 33
17476 381
17477 230
17478 60
17479 240
17480 173
17481 247
17482 208
17483 124
17484 75
17485 276
17486 167
17487 268
17488 162
17489 413
17490 376
17491 333
17492 34
17493 66
17494 142
17495 353
17496 358
17497 231
17498 59
17499 495
17500 221
17501 268
17502 361
17503 205
17504 463
17505 342
17506 34
17507 400
17508 176
17509 204
17510 371
17511 238
17512 135
17513 345
17514 234
17515 136
17516 443
17517 496
17518 28
17519 166
17520 425
17521 382
17522 321
17523 245
17524 329
17525 51
17526 406
17527 375
17528 88
17529 154
17530 231
17531 314
17532 391
17533 261
17534 0
17535 232
17536 270
17537 436
17538 449
17539 30
17540 134
17541 266
17542 249
17543 376
17544 416
17545 210
17546 371
17547 476
17548 95
17549 274
17550 314
17551 308
17552 419
17553 390
17554 296
17555 160
17556 367
17557 285
17558 415
17559 240
17560 413
17561 123
17562 335
17563 456
17564 258
17565 330
17566 185
17567 48
17568 211
17569 222
17570 334
17571 278
17572 49
17573 467
17574 221
17575 307
17576 450
17577 59
17578 36
17579 56
17580 272
17581 206
17582 282
17583 317
17584 344
17585 78
17586 414
17587 248
17588 345
17589 391
17590 261
17591 285
17592 429
17593 217
17594 264
17595 457
17596 344
17597 463
17598 283
17599 30
17600 70
17601 274
17602 355
17603 33
17604 298
17605 125
17606 309
17607 7
17608 295
17609 162
17610 89
17611 273
17612 96
17613 1
17614 99
17615 350
17616 243
17617 160
17618 346
17619 317
17620 351
17621 70
17622 473
17623 269
17624 236
17625 107
17626 306
17627 75
17628 340
17629 252
17630 335
17631 270
17632 2
17633 197
17634 189
17635 416
17636 109
17637 404
17638 309
17639 211
17640 252
17641 420
17642 124
17643 278
17644 494
17645 413
17646 264
17647 316
17648 210
17649 386
17650 432
17651 322
17652 277
17653 178
17654 409
17655 3
17656 33
17657 104
17658 331
17659 293
17660 247
17661 101
17662 289
17663 354
17664 172
17665 468
17666 56
17667 460
17668 35
17669 423
17670 223
17671 292
17672 222
17673 127
17674 450
17675 480
17676 293
17677 302
17678 176
17679 185
17680 218
17681 301
17682 266
17683 371
17684 398
17685 210
17686 36
17687 470
17688 327
17689 307
17690 275
17691 368
17692 228
17693 2
17694 375
17695 313
17696 337
17697 311
17698 340
17699 375
17700 184
17701 360
17702 216
17703 429
17704 190
17705 103
17706 83
17707 213
17708 345
17709 273
17710 1
17711 372
17712 478
17713 442
17714 103
17715 2
17716 99
17717 331
17718 428
17719 30
17720 388
17721 46
17722 283
17723 463
17724 370
17725 196
17726 425
17727 402
17728 230
17729 287
17730 373
17731 358
17732 403
17733 108
17734 416
17735 300
17736 144
17737 374
17738 227
17739 48
17740 377
17741 87
17742 478
17743 378
17744 127
17745 276
17746 169
17747 446
17748 393
17749 482
17750 267
17751 384
17752 346
17753 242
17754 477
17755 259
17756 317
17757 308
17758 397
17759 414
17760 398
17761 429
17762 6
17763 342
17764 423
17765 213
17766 284
17767 349
17768 43
17769 324
17770 193
17771 427
17772 56
17773 314
17774 294
17775 97
17776 233
17777 190
17778 55
17779 293
17780 476
17781 324
17782 353
17783 381
17784 195
17785 63
17786 333
17787 186
17788 215
17789 459
17790 460
17791 245
17792 356
17793 9
17794 24
17795 364
17796 475
17797 82
17798 366
17799 434
17800 128
17801 194
17802 432
17803 274
17804 142
17805 438
17806 308
17807 235
17808 121
17809 427
17810 68
17811 454
17812 230
17813 321
17814 493
17815 479
17816 283
17817 160
17818 76
17819 152
17820 51
17821 195
17822 133
17823 457
17824 176
17825 356
17826 408
17827 163
17828 296
17829 378
17830 219
17831 8
17832 326
17833 103
17834 191
17835 390
17836 315
17837 18
17838 419
17839 318
17840 21
17841 206
17842 8
17843 170
17844 339
17845 52
17846 397
17847 75
17848 384
17849 442
17850 43
17851 21
17852 352
17853 260
17854 284
17855 439
17856 221
17857 131
17858 201
17859 92
17860 144
17861 272
17862 455
17863 217
17864 68
17865 127
17866 37
17867 168
17868 83
17869 108
17870 322
17871 288
17872 457
17873 471
17874 177
17875 13
17876 434
17877 7
17878 66
17879 32
17880 339
17881 407
17882 2
17883 103
17884 219
17885 417
17886 235
17887 330
17888 221
17889 95
17890 8
17891 185
17892 162
17893 330
17894 487
17895 457
17896 86
17897 178
17898 293
17899 138
17900 254
17901 293
17902 352
17903 475
17904 14
17905 278
17906 449
17907 406
17908 288
17909 5
17910 31
17911 23
17912 179
17913 94
17914 26
17915 15
17916 473
17917 391
17918 72
17919 314
17920 113
17921 340
17922 39
17923 256
17924 460
17925 202
17926 303
17927 12
17928 400
17929 180
17930 131
17931 94
17932 14
17933 53
17934 340
17935 438
17936 428
17937 84
17938 257
17939 183
17940 223
17941 493
17942 415
17943 419
17944 170
17945 455
17946 52
17947 157
17948 247
17949 86
17950 85
17951 131
17952 397
17953 428
17954 234
17955 423
17956 262
17957 480
17958 57
17959 105
17960 296
17961 73
17962 251
17963 341
17964 423
17965 386
17966 220
17967 413
17968 237
17969 117
17970 252
17971 138
17972 274
17973 496
17974 277
17975 90
17976 342
17977 322
17978 51
17979 75
17980 223
17981 244
17982 240
17983 383
17984 117
17985 145
17986 125
17987 206
17988 425
17989 125
17990 284
17991 193
17992 457
17993 32
17994 477
17995 187
17996 222
17997 252
17998 401
17999 179
18000 84
18001 413
18002 104
18003 388
18004 368
18005 145
18006 258
18007 236
18008 368
18009 354
18010 334
18011 358
18012 129
18013 444
18014 264
18015 86
18016 468
18017 87
18018 299
18019 247
18020 494
18021 24
18022 204
18023 294
18024 2
18025 16
18026 293
18027 61
18028 175
18029 92
18030 362
18031 137
18032 113
18033 155
18034 220
18035 122
18036 91
18037 302
18038 228
18039 410
18040 464
18041 378
18042 309
18043 240
18044 356
18045 467
18046 246
18047 323
18048 385
18049 384
18050 125
18051 286
18052 204
18053 157
18054 23
18055 112
18056 183
18057 464
18058 292
18059 371
18060 273
18061 35
18062 294
18063 482
18064 205
18065 199
18066 226
18067 202
18068 100
18069 443
18070 280
18071 193
18072 276
18073 185
18074 308
18075 274
18076 47
18077 194
18078 430
18079 495
18080 144
18081 54
18082 47
18083 489
18084 369
18085 231
18086 396
18087 77
18088 264
18089 265
18090 157
18091 405
18092 99
18093 28
18094 465
18095 348
18096 253
18097 121
18098 382
18099 4
18100 342
18101 462
18102 120
18103 173
18104 385
18105 400
18106 164
18107 47
18108 391
18109 494
18110 412
18111 344
18112 283
18113 255
18114 316
18115 21
18116 489
18117 211
18118 323
18119 54
18120 320
18121 277
18122 472
18123 394
18124 137
18125 384
18126 386
18127 271
18128 366
18129 34
18130 252
18131 224
18132 105
18133 79
18134 311
18135 24
18136 158
18137 155
18138 247
18139 485
18140 426
18141 277
18142 100
18143 80
18144 376
18145 215
18146 112
18147 58
18148 150
18149 194
18150 487
18151 224
18152 445
18153 492
18154 382
18155 306
18156 457
18157 119
18158 248
18159 415
18160 445
18161 256
18162 467
18163 496
18164 343
18165 356
18166 471
18167 312
18168 35
18169 399
18170 190
18171 30
18172 362
18173 462
18174 302
18175 171
18176 447
18177 238
18178 92
18179 420
18180 0
18181 305
18182 480
18183 16
18184 342
18185 311
18186 42
18187 42
18188 252
18189 252
18190 8
18191 52
18192 96
18193 325
18194 223
18195 104
18196 379
18197 243
18198 26
18199 344
18200 152
18201 333
18202 143
18203 248
18204 347
18205 225
18206 229
18207 171
18208 367
18209 476
18210 249
18211 305
18212 266
18213 23
18214 104
18215 16
18216 260
18217 130
18218 342
18219 61
18220 485
18221 32
18222 10
18223 100
18224 250
18225 175
18226 84
18227 73
18228 296
18229 57
18230 392
18231 114
18232 288
18233 150
18234 464
18235 210
18236 368
18237 1
18238 157
18239 35
18240 63
18241 316
18242 481
18243 333
18244 136
18245 33
18246 150
18247 489
18248 455
18249 17
18250 138
18251 242
18252 417
18253 473
18254 104
18255 301
18256 178
18257 123
18258 326
18259 306
18260 47
18261 103
18262 18
18263 392
18264 313
18265 198
18266 57
18267 47
18268 265
18269 491
18270 243
18271 317
18272 323
18273 455
18274 78
18275 236
18276 453
18277 370
18278 202
18279 203
18280 145
18281 216
18282 283
18283 70
18284 418
18285 134
18286 6
18287 117
18288 269
18289 413
18290 40
18291 289
18292 268
18293 78
18294 296
18295 7
18296 476
18297 416
18298 414
18299 68
18300 308
18301 188
18302 397
18303 10
18304 36
18305 304
18306 133
18307 353
18308 408
18309 40
18310 146
18311 201
18312 220
18313 144
18314 426
18315 285
18316 491
18317 303
18318 278
18319 166
18320 496
18321 71
18322 404
18323 232
18324 297
18325 212
18326 150
18327 256
18328 65
18329 43
18330 456
18331 39
18332 286
18333 258
18334 141
18335 212
18336 338
18337 367
18338 473
18339 369
18340 255
18341 142
18342 64
18343 48
18344 142
18345 111
18346 56
18347 51
18348 453
18349 102
18350 74
18351 221
18352 451
18353 295
18354 280
18355 447
18356 254
18357 474
18358 203
18359 94
18360 49
18361 285
18362 110
18363 141
18364 88
18365 189
18366 435
18367 194
18368 347
18369 370
18370 474
18371 349
18372 476
18373 331
18374 232
18375 9
18376 185
18377 341
18378 193
18379 221
18380 495
18381 214
18382 442
18383 470
18384 287
18385 96
18386 173
18387 65
18388 166
18389 402
18390 401
18391 396
18392 451
18393 191
18394 58
18395 212
18396 88
18397 462
18398 265
18399 481
18400 313
18401 260
18402 332
18403 172
18404 169
18405 193
18406 103
18407 222
18408 312
18409 392
18410 383
18411 38
18412 394
18413 36
18414 212
18415 273
18416 392
18417 139
18418 172
18419 132
18420 237
18421 178
18422 454
18423 343
18424 436
18425 471
18426 388
18427 225
18428 350
18429 470
18430 8
18431 304
18432 194
18433 76
18434 377
18435 75
18436 190
18437 480
18438 388
18439 127
18440 44
18441 441
18442 451
18443 396
18444 420
18445 283
18446 160
18447 454
18448 392
18449 475
18450 360
18451 205
18452 125
18453 298
18454 89
18455 48
18456 120
18457 22
18458 148
18459 132
18460 406
18461 388
18462 47
18463 219
18464 312
18465 98
18466 220
18467 203
18468 260
18469 242
18470 379
18471 296
18472 306
18473 357
18474 325
18475 494
18476 264
18477 392
18478 6
18479 243
18480 75
18481 494
18482 116
18483 193
18484 86
18485 63
18486 27
18487 280
18488 20
18489 124
18490 415
18491 258
18492 345
18493 130
18494 495
18495 470
18496 215
18497 52
18498 133
18499 353
18500 438
18501 360
18502 377
18503 282
18504 237
18505 170
18506 173
18507 371
18508 140
18509 71
18510 164
18511 407
18512 385
18513 464
18514 462
18515 314
18516 416
18517 281
18518 142
18519 387
18520 166
18521 418
18522 140
18523 173
18524 336
18525 368
18526 280
18527 355
18528 343
18529 322
18530 262
18531 406
18532 305
18533 272
18534 213
18535 124
18536 383
18537 186
18538 411
18539 394
18540 209
18541 163
18542 495
18543 335
18544 300
18545 25
18546 136
18547 439
18548 119
18549 226
18550 480
18551 328
18552 97
18553 436
18554 380
18555 464
18556 469
18557 33
18558 357
18559 336
18560 323
18561 75
18562 164
18563 42
18564 262
18565 299
18566 88
18567 275
18568 219
18569 311
18570 200
18571 47
18572 411
18573 405
18574 339
18575 314
18576 96
18577 58
18578 88
18579 267
18580 130
18581 145
18582 128
18583 364
18584 62
18585 495
18586 396
18587 424
18588 28
18589 250
18590 435
18591 347
18592 300
18593 161
18594 54
18595 428
18596 153
18597 42
18598 424
18599 159
18600 114
18601 438
18602 383
18603 49
18604 42
18605 223
18606 297
18607 300
18608 472
18609 44
18610 170
18611 260
18612 124
18613 447
18614 64
18615 291
18616 354
18617 441
18618 41
18619 182
18620 329
18621 143
18622 278
18623 47
18624 386
18625 279
18626 419
18627 109
18628 8
18629 175
18630 98
18631 190
18632 260
18633 200
18634 125
18635 193
18636 313
18637 231
18638 316
18639 294
18640 284
18641 98
18642 346
18643 199
18644 57
18645 81
18646 344
18647 65
18648 476
18649 193
18650 90
18651 360
18652 169
18653 205
18654 415
18655 36
18656 79
18657 206
18658 49
18659 313
18660 251
18661 356
18662 113
18663 190
18664 242
18665 307
18666 297
18667 447
18668 406
18669 96
18670 371
18671 364
18672 406
18673 305
18674 416
18675 273
18676 128
18677 452
18678 70
18679 298
18680 236
18681 267
18682 314
18683 201
18684 52
18685 294
18686 75
18687 141
18688 159
18689 169
18690 25
18691 301
18692 497
18693 28
18694 5
18695 200
18696 345
18697 359
18698 65
18699 132
18700 59
18701 436
18702 335
18703 81
18704 145
18705 445
18706 78
18707 137
18708 368
18709 480
18710 236
18711 442
18712 321
18713 307
18714 284
18715 71
18716 82
18717 352
18718 235
18719 124
18720 444
18721 47
18722 317
18723 401
18724 237
18725 384
18726 62
18727 388
18728 375
18729 465
18730 452
18731 366
18732 435
18733 277
18734 139
18735 274
18736 105
18737 211
18738 222
18739 157
18740 75
18741 35
18742 401
18743 275
18744 98
18745 19
18746 444
18747 99
18748 285
18749 158
18750 47
18751 398
18752 58
18753 419
18754 439
18755 353
18756 441
18757 191
18758 490
18759 72
18760 489
18761 225
18762 88
18763 380
18764 122
18765 109
18766 251
18767 212
18768 204
18769 97
18770 152
18771 8
18772 77
18773 474
18774 319
18775 445
18776 77
18777 237
18778 462
18779 214
18780 86
18781 24
18782 243
18783 446
18784 375
18785 103
18786 205
18787 27
18788 286
18789 297
18790 377
18791 310
18792 445
18793 408
18794 43
18795 295
18796 64
18797 381
18798 40
18799 431
18800 430
18801 301
18802 304
18803 156
18804 178
18805 441
18806 380
18807 475
18808 412
18809 477
18810 18
18811 56
18812 254
18813 40
18814 13
18815 105
18816 12
18817 221
18818 122
18819 190
18820 303
18821 53
18822 428
18823 208
18824 139
18825 223
18826 388
18827 240
18828 300
18829 329
18830 219
18831 479
18832 338
18833 393
18834 257
18835 459
18836 22
18837 372
18838 323
18839 352
18840 329
18841 289
18842 455
18843 246
18844 72
18845 144
18846 445
18847 100
18848 459
18849 102
18850 173
18851 34
18852 461
18853 327
18854 388
18855 319
18856 95
18857 19
18858 395
18859 465
18860 452
18861 145
18862 137
18863 104
18864 485
18865 93
18866 453
18867 346
18868 235
18869 315
18870 48
18871 211
18872 267
18873 126
18874 427
18875 120
18876 289
18877 226
18878 332
18879 99
18880 467
18881 282
18882 405
18883 339
18884 25
18885 403
18886 152
18887 59
18888 210
18889 216
18890 240
18891 237
18892 285
18893 436
18894 158
18895 92
18896 227
18897 243
18898 78
18899 291
18900 138
18901 482
18902 415
18903 255
18904 112
18905 360
18906 138
18907 87
18908 5
18909 90
18910 9
18911 79
18912 108
18913 22
18914 246
18915 281
18916 36
18917 239
18918 104
18919 460
18920 159
18921 111
18922 495
18923 174
18924 228
18925 474
18926 201
18927 11
18928 144
18929 13
18930 401
18931 37
18932 165
18933 118
18934 3
18935 452
18936 365
18937 107
18938 165
18939 47
18940 360
18941 69
18942 470
18943 433
18944 203
18945 284
18946 325
18947 344
18948 29
18949 339
18950 371
18951 308
18952 241
18953 411
18954 169
18955 429
18956 15
18957 201
18958 295
18959 234
18960 191
18961 458
18962 253
18963 148
18964 245
18965 44
18966 306
18967 193
18968 319
18969 284
18970 313
18971 447
18972 363
18973 362
18974 155
18975 366
18976 175
18977 370
18978 278
18979 346
18980 491
18981 129
18982 359
18983 166
18984 92
18985 362
18986 460
18987 407
18988 230
18989 347
18990 388
18991 278
18992 149
18993 410
18994 188
18995 248
18996 132
18997 323
18998 368
18999 24
19000 496
19001 167
19002 31
19003 259
19004 130
19005 117
19006 369
19007 287
19008 87
19009 469
19010 427
19011 406
19012 358
19013 248
19014 162
19015 106
19016 351
19017 369
19018 278
19019 387
19020 252
19021 194
19022 267
19023 174
19024 313
19025 479
19026 66
19027 235
19028 264
19029 179
19030 364
19031 417
19032 491
19033 337
19034 115
19035 179
19036 454
19037 3
19038 470
19039 457
19040 366
19041 129
19042 3
19043 291
19044 398
19045 345
19046 412
19047 346
19048 18
19049 163
19050 204
19051 429
19052 231
19053 145
19054 134
19055 494
19056 79
19057 66
19058 376
19059 499
19060 351
19061 380
19062 122
19063 476
19064 265
19065 404
19066 441
19067 388
19068 328
19069 494
19070 259
19071 253
19072 299
19073 453
19074 317
19075 125
19076 133
19077 376
19078 411
19079 25
19080 106
19081 23
19082 35
19083 9
19084 389
19085 162
19086 297
19087 230
19088 185
19089 304
19090 374
19091 107
19092 161
19093 30
19094 35
19095 159
19096 135
19097 474
19098 135
19099 228
19100 419
19101 477
19102 33
19103 276
19104 238
19105 62
19106 168
19107 472
19108 236
19109 112
19110 23
19111 380
19112 62
19113 115
19114 130
19115 441
19116 385
19117 314
19118 24
19119 59
19120 45
19121 376
19122 5
19123 213
19124 392
19125 362
19126 393
19127 26
19128 36
19129 17
19130 491
19131 268
19132 445
19133 324
19134 374
19135 187
19136 0
19137 181
19138 59
19139 463
19140 29
19141 175
19142 392
19143 389
19144 266
19145 52
19146 304
19147 259
19148 185
19149 173
19150 407
19151 323
19152 464
19153 495
19154 28
19155 21
19156 153
19157 23
19158 87
19159 179
19160 17
19161 215
19162 400
19163 155
19164 89
19165 291
19166 418
19167 459
19168 102
19169 427
19170 15
19171 144
19172 165
19173 64
19174 88
19175 90
19176 131
19177 206
19178 80
19179 440
19180 196
19181 53
19182 332
19183 416
19184 461
19185 485
19186 392
19187 392
19188 101
19189 302
19190 111
19191 391
19192 421
19193 442
19194 108
19195 246
19196 166
19197 7
19198 315
19199 285
19200 11
19201 344
19202 330
19203 225
19204 448
19205 485
19206 306
19207 443
19208 14
19209 260
19210 292
19211 130
19212 238
19213 318
19214 152
19215 379
19216 306
19217 93
19218 155
19219 309
19220 30
19221 426
19222 332
19223 117
19224 26
19225 189
19226 277
19227 173
19228 157
19229 295
19230 253
19231 220
19232 397
19233 312
19234 405
19235 451
19236 461
19237 189
19238 385
19239 447
19240 313
19241 487
19242 435
19243 199
19244 492
19245 490
19246 238
19247 270
19248 404
19249 97
19250 379
19251 332
19252 91
19253 230
19254 81
19255 298
19256 495
19257 366
19258 15
19259 399
19260 258
19261 393
19262 357
19263 296
19264 288
19265 489
19266 279
19267 430
19268 377
19269 72
19270 353
19271 340
19272 412
19273 81
19274 447
19275 53
19276 66
19277 102
19278 319
19279 375
19280 213
19281 255
19282 58
19283 226
19284 202
19285 131
19286 34
19287 403
19288 34
19289 154
19290 379
19291 221
19292 461
19293 306
19294 46
19295 18
19296 459
19297 271
19298 306
19299 129
19300 76
19301 35
19302 89
19303 80
19304 459
19305 289
19306 465
19307 290
19308 443
19309 27
19310 257
19311 286
19312 454
19313 279
19314 488
19315 119
19316 369
19317 450
19318 68
19319 274
19320 182
19321 316
19322 239
19323 198
19324 459
19325 424
19326 111
19327 460
19328 455
19329 454
19330 5
19331 337
19332 152
19333 22
19334 105
19335 39
19336 345
19337 79
19338 159
19339 57
19340 148
19341 231
19342 88
19343 225
19344 67
19345 6
19346 68
19347 295
19348 296
19349 111
19350 480
19351 301
19352 336
19353 330
19354 284
19355 493
19356 39
19357 25
19358 178
19359 458
19360 113
19361 152
19362 159
19363 0
19364 168
19365 103
19366 218
19367 15
19368 13
19369 350
19370 51
19371 70
19372 107
19373 422
19374 352
19375 124
19376 232
19377 1
19378 389
19379 244
19380 428
19381 38
19382 438
19383 435
19384 272
19385 348
19386 181
19387 298
19388 382
19389 193
19390 404
19391 229
19392 454
19393 278
19394 138
19395 450
19396 131
19397 456
19398 426
19399 413
19400 187
19401 103
19402 467
19403 415
19404 217
19405 257
19406 180
19407 51
19408 29
19409 408
19410 370
19411 477
19412 178
19413 64
19414 125
19415 22
19416 128
19417 253
19418 310
19419 326
19420 165
19421 148
19422 142
19423 15
19424 351
19425 254
19426 192
19427 280
19428 49
19429 148
19430 263
19431 5
19432 95
19433 387
19434 479
19435 89
19436 344
19437 15
19438 38
19439 111
19440 210
19441 284
19442 260
19443 223
19444 394
19445 59
19446 350
19447 378
19448 233
19449 228
19450 410
19451 495
19452 16
19453 37
19454 281
19455 165
19456 461
19457 33
19458 111
19459 449
19460 287
19461 238
19462 122
19463 190
19464 310
19465 47
19466 442
19467 223
19468 349
19469 372
19470 11
19471 3
19472 330
19473 238
19474 67
19475 278
19476 78
19477 120
19478 321
19479 53
19480 112
19481 389
19482 179
19483 38
19484 244
19485 80
19486 458
19487 80
19488 184
19489 468
19490 447
19491 184
19492 358
19493 137
19494 382
19495 440
19496 120
19497 284
19498 202
19499 201
19500 179
19501 264
19502 112
19503 289
19504 349
19505 343
19506 256
19507 150
19508 369
19509 56
19510 109
19511 115
19512 100
19513 226
19514 281
19515 51
19516 75
19517 373
19518 320
19519 438
19520 458
19521 108
19522 353
19523 209
19524 481
19525 479
19526 489
19527 262
19528 488
19529 168
19530 234
19531 295
19532 79
19533 417
19534 374
19535 310
19536 304
19537 362
19538 419
19539 231
19540 323
19541 367
19542 142
19543 16
19544 10
19545 26
19546 182
19547 138
19548 449
19549 214
19550 219
19551 156
19552 42
19553 405
19554 414
19555 373
19556 278
19557 296
19558 377
19559 124
19560 131
19561 305
19562 71
19563 368
19564 161
19565 135
19566 366
19567 340
19568 267
19569 38
19570 446
19571 196
19572 221
19573 127
19574 70
19575 202
19576 130
19577 123
19578 486
19579 369
19580 338
19581 274
19582 278
19583 32
19584 136
19585 155
19586 191
19587 321
19588 329
19589 417
19590 166
19591 125
19592 361
19593 19
19594 146
19595 146
19596 323
19597 78
19598 465
19599 365
19600 57
19601 256
19602 94
19603 339
19604 219
19605 405
19606 10
19607 47
19608 315
19609 190
19610 380
19611 5
19612 422
19613 261
19614 109
19615 336
19616 390
19617 156
19618 348
19619 334
19620 169
19621 246
19622 373
19623 229
19624 407
19625 45
19626 230
19627 7
19628 2
19629 400
19630 482
19631 141
19632 54
19633 431
19634 114
19635 95
19636 323
19637 384
19638 474
19639 238
19640 404
19641 186
19642 366
19643 109
19644 318
19645 324
19646 25
19647 332
19648 456
19649 85
19650 404
19651 64
19652 464
19653 307
19654 170
19655 197
19656 314
19657 366
19658 82
19659 22
19660 402
19661 32
19662 134
19663 19
19664 244
19665 75
19666 184
19667 300
19668 168
19669 405
19670 282
19671 418
19672 231
19673 430
19674 478
19675 436
19676 345
19677 300
19678 143
19679 64
19680 427
19681 374
19682 86
19683 142
19684 249
19685 80
19686 466
19687 296
19688 258
19689 33
19690 40
19691 104
19692 342
19693 295
19694 284
19695 243
19696 208
19697 61
19698 273
19699 448
19700 227
19701 449
19702 472
19703 21
19704 210
19705 443
19706 120
19707 246
19708 98
19709 268
19710 169
19711 138
19712 125
19713 333
19714 52
19715 144
19716 70
19717 418
19718 94
19719 263
19720 176
19721 76
19722 454
19723 147
19724 377
19725 45
19726 25
19727 469
19728 261
19729 197
19730 297
19731 0
19732 135
19733 241
19734 143
19735 140
19736 234
19737 136
19738 118
19739 39
19740 69
19741 204
19742 214
19743 305
19744 489
19745 361
19746 238
19747 57
19748 476
19749 194
19750 99
19751 470
19752 471
19753 328
19754 45
19755 297
19756 141
19757 462
19758 101
19759 22
19760 380
19761 481
19762 15
19763 449
19764 179
19765 260
19766 67
19767 129
19768 268
19769 492
19770 459
19771 304
19772 435
19773 23
19774 472
19775 273
19776 283
19777 458
19778 254
19779 291
19780 310
19781 194
19782 337
19783 52
19784 317
19785 389
19786 217
19787 84
19788 309
19789 61
19790 246
19791 41
19792 274
19793 238
19794 128
19795 385
19796 76
19797 315
19798 316
19799 123
19800 26
19801 496
19802 192
19803 151
19804 305
19805 107
19806 40
19807 496
19808 98
19809 309
19810 486
19811 220
19812 336
19813 251
19814 295
19815 480
19816 491
19817 5
19818 393
19819 273
19820 487
19821 313
19822 221
19823 209
19824 452
19825 413
19826 246
19827 469
19828 102
19829 34
19830 361
19831 208
19832 92
19833 270
19834 311
19835 70
19836 278
19837 228
19838 272
19839 16
19840 464
19841 78
19842 355
19843 211
19844 53
19845 400
19846 21
19847 233
19848 366
19849 362
19850 16
19851 14
19852 204
19853 397
19854 215
19855 86
19856 184
19857 382
19858 174
19859 154
19860 76
19861 380
19862 64
19863 327
19864 457
19865 266
19866 117
19867 223
19868 433
19869 341
19870 130
19871 85
19872 206
19873 326
19874 245
19875 445
19876 64
19877 205
19878 473
19879 53
19880 108
19881 258
19882 330
19883 128
19884 373
19885 89
19886 125
19887 397
19888 443
19889 38
19890 343
19891 115
19892 282
19893 11
19894 250
19895 425
19896 474
19897 51
19898 425
19899 24
19900 493
19901 11
19902 137
19903 445
19904 62
19905 368
19906 411
19907 37
19908 421
19909 177
19910 119
19911 119
19912 2
19913 5
19914 253
19915 467
19916 328
19917 390
19918 102
19919 167
19920 443
19921 275
19922 205
19923 262
19924 67
19925 200
19926 11
19927 462
19928 119
19929 83
19930 180
19931 191
19932 135
19933 392
19934 399
19935 278
19936 362
19937 294
19938 259
19939 276
19940 225
19941 185
19942 410
19943 476
19944 178
19945 317
19946 385
19947 222
19948 89
19949 123
19950 52
19951 316
19952 206
19953 277
19954 378
19955 83
19956 30
19957 330
19958 211
19959 2
19960 434
19961 113
19962 241
19963 46
19964 317
19965 143
19966 200
19967 89
19968 119
19969 51
19970 188
19971 496
19972 239
19973 387
19974 181
19975 187
19976 487
19977 441
19978 66
19979 437
19980 276
19981 397
19982 191
19983 63
19984 117
19985 417
19986 321
19987 434
19988 216
19989 73
19990 218
19991 55
19992 177
19993 181
19994 52
19995 312
19996 340
19997 133
19998 262
19999 66
20000 456
20001 28
20002 143
20003 165
20004 163
20005 7
20006 394
20007 236
20008 186
20009 131
20010 413
20011 310
20012 416
20013 134
20014 242
20015 131
20016 309
20017 376
20018 221
20019 213
20020 346
20021 435
20022 61
20023 274
20024 231
20025 331
20026 74
20027 235
20028 164
20029 403
20030 481
20031 103
20032 97
20033 407
20034 360
20035 337
20036 319
20037 257
20038 134
20039 6
20040 195
20041 190
20042 18
20043 421
20044 262
20045 295
20046 376
20047 431
20048 385
20049 366
20050 362
20051 247
20052 251
20053 437
20054 196
20055 412
20056 293
20057 354
20058 91
20059 423
20060 194
20061 456
20062 279
20063 385
20064 405
20065 137
20066 184
20067 441
20068 32
20069 400
20070 60
20071 461
20072 432
20073 283
20074 346
20075 306
20076 228
20077 227
20078 442
20079 268
20080 67
20081 337
20082 292
20083 250
20084 119
20085 362
20086 102
20087 392
20088 101
20089 39
20090 228
20091 358
20092 155
20093 177
20094 115
20095 11
20096 448
20097 332
20098 63
20099 284
20100 32
20101 316
20102 150
20103 298
20104 177
20105 271
20106 411
20107 375
20108 64
20109 495
20110 174
20111 212
20112 463
20113 394
20114 181
20115 438
20116 422
20117 193
20118 85
20119 101
20120 349
20121 276
20122 457
20123 98
20124 191
20125 458
20126 443
20127 422
20128 410
20129 379
20130 229
20131 430
20132 403
20133 39
20134 37
20135 490
20136 291
20137 310
20138 60
20139 443
20140 361
20141 149
20142 1
20143 439
20144 410
20145 105
20146 241
20147 340
20148 364
20149 296
20150 117
20151 108
20152 405
20153 79
20154 211
20155 334
20156 410
20157 255
20158 241
20159 74
20160 403
20161 448
20162 218
20163 469
20164 129
20165 166
20166 3
20167 113
20168 469
20169 462
20170 370
20171 1
20172 119
20173 173
20174 156
20175 491
20176 230
20177 459
20178 445
20179 435
20180 84
20181 332
20182 352
20183 124
20184 315
20185 122
20186 164
20187 228
20188 488
20189 149
20190 145
20191 9
20192 434
20193 316
20194 282
20195 9
20196 166
20197 494
20198 354
20199 391
20200 446
20201 454
20202 231
20203 145
20204 221
20205 415
20206 433
20207 433
20208 131
20209 444
20210 491
20211 353
20212 439
20213 23
20214 62
20215 325
20216 400
20217 104
20218 91
20219 433
20220 16
20221 363
20222 67
20223 314
20224 44
20225 352
20226 262
20227 25
20228 200
20229 303
20230 67
20231 290
20232 439
