0 60
1 0
2 51
3 0
4 10
5 0
6 5
7 3
8 0
9 3
10 15
11 0
12 6
13 15
14 15
15 3
16 3
17 3
18 3
19 3
20 3
21 0
22 15
23 15
24 15
25 15
26 0
27 1
28 18
29 15
30 0
31 3
32 0
33 62
34 3
35 0
36 15
37 81
38 70
39 94
40 52
41 4
42 70
43 70
44 70
45 3
46 3
47 71
48 72
49 0
50 1
51 3
52 3
53 72
54 52
55 52
56 86
57 2
58 3
59 4
60 3
61 3
62 3
63 3
64 2
65 55
66 88
67 6
68 90
69 5
70 88
71 3
72 3
73 69
74 69
75 69
76 62
77 69
78 3
79 65
80 14
81 14
82 14
83 3
84 3
85 3
86 3
87 3
88 44
89 80
90 0
91 44
92 64
93 68
94 4
95 64
96 64
97 3
98 3
99 3
100 4
101 68
102 26
103 26
104 26
105 26
106 3
107 48
108 35
109 48
110 1
111 35
112 16
113 98
114 6
115 4
116 19
117 16
118 3
119 3
120 45
121 2
122 3
123 2
124 14
125 2
126 44
127 96
128 69
129 66
130 97
131 96
132 96
133 2
134 95
135 64
136 3
137 58
138 68
139 1
140 68
141 7
142 68
143 1
144 1
145 1
146 60
147 69
148 1
149 0
150 1
151 3
152 9
153 92
154 92
155 3
156 3
157 3
158 3
159 40
160 40
161 4
162 4
163 3
164 4
165 90
166 90
167 96
168 90
169 69
170 5
171 56
172 92
173 27
174 32
175 19
176 70
177 27
178 3
179 27
180 88
181 71
182 6
183 38
184 42
185 3
186 51
187 2
188 88
189 6
190 68
191 66
192 3
193 73
194 1
195 1
196 3
197 30
198 5
199 2
200 2
201 6
202 86
203 3
204 59
205 67
206 56
207 52
208 0
209 84
210 84
211 86
212 0
213 39
214 86
215 38
216 3
217 71
218 71
219 71
220 3
221 55
222 68
223 55
224 4
225 2
226 6
227 3
228 56
229 0
230 3
231 59
232 3
233 4
234 55
235 10
236 6
237 89
238 68
239 2
240 79
241 3
242 19
243 62
244 19
245 3
246 20
247 91
248 19
249 0
250 3
251 26
252 26
253 26
254 26
255 26
256 26
257 26
258 67
259 67
260 67
261 67
262 3
263 73
264 5
265 3
266 3
267 3
268 78
269 5
270 29
271 29
272 29
273 3
274 3
275 3
276 22
277 22
278 3
279 0
280 22
281 17
282 31
283 17
284 17
285 1
286 4
287 3
288 3
289 1
290 4
291 31
292 64
293 2
294 64
295 3
296 3
297 65
298 97
299 0
300 3
301 18
302 13
303 18
304 18
305 18
306 3
307 18
308 3
309 50
310 18
311 13
312 18
313 57
314 57
315 51
316 59
317 51
318 3
319 3
320 3
321 5
322 56
323 38
324 94
325 94
326 94
327 94
328 94
329 5
330 72
331 24
332 16
333 4
334 9
335 3
336 4
337 9
338 2
339 16
340 24
341 25
342 25
343 25
344 25
345 25
346 25
347 25
348 34
349 2
350 62
351 73
352 2
353 34
354 3
355 3
356 2
357 2
358 2
359 6
360 92
361 34
362 34
363 34
364 24
365 30
366 30
367 52
368 28
369 2
370 3
371 0
372 0
373 0
374 0
375 3
376 87
377 92
378 89
379 56
380 0
381 4
382 52
383 30
384 40
385 0
386 10
387 10
388 0
389 76
390 40
391 0
392 80
393 0
394 0
395 80
396 3
397 46
398 43
399 0
400 43
401 2
402 1
403 3
404 2
405 0
406 11
407 35
408 1
409 35
410 84
411 35
412 18
413 3
414 4
415 1
416 3
417 56
418 3
419 85
420 98
421 56
422 27
423 6
424 27
425 27
426 1
427 1
428 48
429 40
430 88
431 43
432 89
433 32
434 50
435 3
436 52
437 50
438 50
439 32
440 19
441 17
442 16
443 19
444 17
445 30
446 30
447 48
448 30
449 30
450 73
451 73
452 4
453 11
454 3
455 11
456 78
457 6
458 45
459 6
460 17
461 3
462 56
463 6
464 3
465 17
466 56
467 6
468 76
469 30
470 81
471 75
472 0
473 30
474 88
475 0
476 95
477 88
478 3
479 8
480 41
481 41
482 5
483 41
484 41
485 69
486 70
487 69
488 3
489 3
490 1
491 2
492 3
493 63
494 70
495 13
496 13
497 19
498 19
499 19
500 19
501 19
502 18
503 0
504 0
505 0
506 15
507 54
508 55
509 15
510 15
511 3
512 3
513 15
514 15
515 55
516 55
517 4
518 55
519 3
520 55
521 3
522 27
523 0
524 1
525 0
526 87
527 3
528 46
529 2
530 4
531 10
532 2
533 4
534 10
535 38
536 38
537 17
538 38
539 41
540 3
541 17
542 27
543 27
544 1
545 96
546 4
547 74
548 1
549 27
550 27
551 27
552 42
553 40
554 42
555 1
556 3
557 42
558 43
559 3
560 17
561 6
562 3
563 4
564 1
565 4
566 7
567 6
568 70
569 70
570 55
571 9
572 1
573 9
574 11
575 11
576 11
577 4
578 1
579 3
580 6
581 6
582 4
583 6
584 11
585 21
586 14
587 22
588 2
589 0
590 66
591 0
592 66
593 66
594 51
595 83
596 4
597 3
598 3
599 4
600 80
601 45
602 52
603 45
604 39
605 45
606 52
607 57
608 11
609 1
610 89
611 57
612 57
613 47
614 47
615 0
616 68
617 3
618 0
619 44
620 12
621 3
622 3
623 5
624 3
625 53
626 3
627 59
628 16
629 5
630 44
631 12
632 1
633 59
634 59
635 72
636 59
637 59
638 59
639 3
640 59
641 93
642 52
643 15
644 96
645 93
646 93
647 37
648 24
649 50
650 95
651 1
652 52
653 72
654 72
655 0
656 66
657 40
658 72
659 91
660 79
661 2
662 79
663 94
664 94
665 94
666 17
667 6
668 3
669 62
670 89
671 2
672 0
673 85
674 0
675 0
676 78
677 76
678 0
679 53
680 53
681 0
682 76
683 62
684 62
685 58
686 5
687 3
688 69
689 50
690 11
691 69
692 3
693 50
694 69
695 59
696 35
697 0
698 59
699 3
700 68
701 68
702 68
703 3
704 70
705 1
706 70
707 70
708 8
709 70
710 0
711 1
712 41
713 41
714 41
715 41
716 98
717 60
718 60
719 58
720 57
721 65
722 4
723 50
724 11
725 47
726 47
727 2
728 0
729 26
730 25
731 26
732 25
733 74
734 62
735 61
736 74
737 74
738 62
739 59
740 59
741 30
742 4
743 30
744 55
745 55
746 30
747 55
748 4
749 56
750 30
751 4
752 55
753 4
754 87
755 22
756 87
757 87
758 3
759 87
760 14
761 14
762 90
763 40
764 3
765 84
766 84
767 50
768 84
769 84
770 97
771 82
772 97
773 73
774 97
775 4
776 16
777 82
778 30
779 52
780 31
781 32
782 35
783 30
784 30
785 31
786 3
787 3
788 87
789 0
790 0
791 30
792 22
793 31
794 82
795 11
796 5
797 5
798 5
799 73
800 73
801 5
802 3
803 4
804 5
805 30
806 73
807 81
808 5
809 34
810 43
811 11
812 3
813 2
814 60
815 34
816 81
817 76
818 81
819 26
820 3
821 24
822 1
823 94
824 1
825 94
826 57
827 1
828 46
829 94
830 3
831 84
832 27
833 27
834 27
835 49
836 0
837 49
838 3
839 16
840 2
841 73
842 4
843 1
844 1
845 67
846 4
847 1
848 2
849 1
850 67
851 73
852 4
853 44
854 77
855 16
856 36
857 36
858 12
859 36
860 36
861 14
862 14
863 3
864 3
865 14
866 33
867 96
868 4
869 62
870 5
871 4
872 1
873 62
874 1
875 96
876 5
877 33
878 34
879 0
880 6
881 0
882 40
883 4
884 0
885 47
886 81
887 81
888 47
889 6
890 78
891 1
892 78
893 3
894 0
895 84
896 67
897 0
898 1
899 36
900 95
901 1
902 1
903 95
904 3
905 18
906 2
907 89
908 0
909 7
910 7
911 1
912 92
913 62
914 3
915 62
916 3
917 29
918 76
919 0
920 45
921 76
922 76
923 76
924 76
925 0
926 75
927 82
928 0
929 84
930 75
931 3
932 81
933 94
934 60
935 0
936 18
937 19
938 1
939 18
940 18
941 19
942 9
943 0
944 70
945 9
946 46
947 46
948 79
949 0
950 96
951 0
952 27
953 78
954 76
955 2
956 68
957 76
958 12
959 0
960 11
961 61
962 61
963 4
964 4
965 40
966 33
967 60
968 33
969 32
970 32
971 32
972 1
973 4
974 4
975 50
976 50
977 50
978 50
979 77
980 77
981 78
982 76
983 76
984 6
985 6
986 88
987 0
988 5
989 52
990 52
991 1
992 0
993 56
994 56
995 56
996 36
997 36
998 36
999 37
1000 38
1001 38
1002 38
1003 38
1004 38
1005 3
1006 3
1007 3
1008 3
1009 26
1010 65
1011 7
1012 29
1013 4
1014 4
1015 95
1016 4
1017 54
1018 56
1019 62
1020 43
1021 11
1022 3
1023 1
1024 56
1025 2
1026 0
1027 33
1028 33
1029 84
1030 84
1031 84
1032 84
1033 22
1034 23
1035 17
1036 2
1037 1
1038 4
1039 1
1040 4
1041 88
1042 88
1043 88
1044 88
1045 88
1046 88
1047 3
1048 73
1049 69
1050 3
1051 3
1052 3
1053 2
1054 5
1055 2
1056 1
1057 2
1058 74
1059 2
1060 22
1061 71
1062 3
1063 6
1064 71
1065 37
1066 33
1067 29
1068 29
1069 29
1070 3
1071 29
1072 46
1073 6
1074 46
1075 3
1076 28
1077 6
1078 20
1079 20
1080 2
1081 1
1082 20
1083 2
1084 93
1085 12
1086 4
1087 0
1088 4
1089 12
1090 1
1091 93
1092 19
1093 19
1094 11
1095 42
1096 19
1097 19
1098 6
1099 6
1100 6
1101 0
1102 6
1103 88
1104 88
1105 1
1106 1
1107 90
1108 26
1109 3
1110 1
1111 3
1112 1
1113 1
1114 78
1115 78
1116 77
1117 3
1118 62
1119 5
1120 8
1121 62
1122 62
1123 3
1124 3
1125 5
1126 86
1127 61
1128 61
1129 61
1130 61
1131 61
1132 61
1133 41
1134 41
1135 40
1136 65
1137 24
1138 0
1139 24
1140 26
1141 44
1142 26
1143 26
1144 26
1145 26
1146 25
1147 45
1148 12
1149 67
1150 19
1151 16
1152 3
1153 43
1154 5
1155 5
1156 59
1157 3
1158 30
1159 4
1160 21
1161 1
1162 83
1163 5
1164 1
1165 57
1166 11
1167 3
1168 23
1169 67
1170 2
1171 87
1172 3
1173 3
1174 3
1175 2
1176 2
1177 38
1178 1
1179 38
1180 1
1181 38
1182 56
1183 56
1184 9
1185 56
1186 56
1187 17
1188 0
1189 92
1190 59
1191 0
1192 3
1193 73
1194 0
1195 73
1196 70
1197 59
1198 10
1199 70
1200 70
1201 3
1202 58
1203 5
1204 3
1205 58
1206 83
1207 5
1208 17
1209 39
1210 43
1211 0
1212 0
1213 8
1214 26
1215 62
1216 88
1217 2
1218 10
1219 26
1220 2
1221 1
1222 51
1223 88
1224 90
1225 55
1226 2
1227 54
1228 55
1229 2
1230 19
1231 19
1232 87
1233 19
1234 18
1235 18
1236 20
1237 42
1238 20
1239 20
1240 93
1241 94
1242 88
1243 60
1244 4
1245 5
1246 44
1247 44
1248 3
1249 19
1250 18
1251 12
1252 6
1253 11
1254 6
1255 6
1256 11
1257 6
1258 1
1259 6
1260 61
1261 74
1262 89
1263 4
1264 17
1265 56
1266 53
1267 89
1268 54
1269 56
1270 10
1271 54
1272 10
1273 0
1274 10
1275 29
1276 1
1277 4
1278 2
1279 1
1280 32
1281 32
1282 0
1283 21
1284 91
1285 98
1286 67
1287 17
1288 0
1289 0
1290 0
1291 41
1292 0
1293 10
1294 0
1295 0
1296 0
1297 10
1298 39
1299 3
1300 26
1301 17
1302 46
1303 17
1304 27
1305 27
1306 27
1307 27
1308 27
1309 36
1310 27
1311 27
1312 26
1313 5
1314 5
1315 5
1316 9
1317 1
1318 1
1319 26
1320 26
1321 3
1322 3
1323 72
1324 0
1325 1
1326 63
1327 4
1328 12
1329 52
1330 12
1331 22
1332 11
1333 6
1334 5
1335 28
1336 28
1337 54
1338 2
1339 84
1340 87
1341 1
1342 0
1343 67
1344 2
1345 0
1346 0
1347 80
1348 19
1349 80
1350 48
1351 15
1352 15
1353 15
1354 8
1355 0
1356 3
1357 93
1358 93
1359 2
1360 53
1361 36
1362 81
1363 80
1364 55
1365 81
1366 58
1367 58
1368 58
1369 58
1370 89
1371 54
1372 0
1373 5
1374 31
1375 5
1376 5
1377 67
1378 67
1379 68
1380 28
1381 34
1382 0
1383 5
1384 29
1385 34
1386 34
1387 0
1388 70
1389 4
1390 81
1391 97
1392 3
1393 56
1394 4
1395 70
1396 18
1397 18
1398 18
1399 2
1400 89
1401 89
1402 89
1403 89
1404 89
1405 55
1406 1
1407 6
1408 54
1409 81
1410 87
1411 0
1412 72
1413 62
1414 4
1415 87
1416 67
1417 4
1418 11
1419 0
1420 79
1421 91
1422 6
1423 54
1424 54
1425 54
1426 61
1427 1
1428 61
1429 0
1430 40
1431 97
1432 22
1433 22
1434 5
1435 1
1436 5
1437 98
1438 69
1439 98
1440 52
1441 52
1442 71
1443 26
1444 26
1445 28
1446 70
1447 37
1448 3
1449 70
1450 32
1451 31
1452 21
1453 31
1454 6
1455 1
1456 11
1457 11
1458 1
1459 13
1460 13
1461 79
1462 6
1463 6
1464 4
1465 1
1466 29
1467 0
1468 79
1469 3
1470 94
1471 68
1472 72
1473 94
1474 94
1475 94
1476 18
1477 12
1478 18
1479 3
1480 5
1481 3
1482 18
1483 3
1484 12
1485 5
1486 18
1487 12
1488 18
1489 18
1490 76
1491 76
1492 76
1493 53
1494 76
1495 76
1496 3
1497 1
1498 68
1499 67
1500 63
1501 67
1502 16
1503 12
1504 92
1505 76
1506 18
1507 15
1508 16
1509 50
1510 2
1511 59
1512 71
1513 83
1514 55
1515 29
1516 19
1517 83
1518 5
1519 83
1520 77
1521 82
1522 54
1523 2
1524 80
1525 2
1526 28
1527 28
1528 71
1529 3
1530 68
1531 3
1532 28
1533 28
1534 42
1535 42
1536 42
1537 40
1538 18
1539 75
1540 0
1541 12
1542 75
1543 0
1544 91
1545 2
1546 3
1547 28
1548 1
1549 6
1550 6
1551 86
1552 6
1553 66
1554 8
1555 73
1556 1
1557 1
1558 0
1559 66
1560 3
1561 3
1562 1
1563 62
1564 2
1565 9
1566 8
1567 79
1568 22
1569 79
1570 21
1571 3
1572 2
1573 96
1574 76
1575 4
1576 60
1577 97
1578 30
1579 31
1580 30
1581 30
1582 4
1583 31
1584 30
1585 30
1586 30
1587 63
1588 63
1589 5
1590 35
1591 63
1592 54
1593 37
1594 54
1595 32
1596 0
1597 37
1598 38
1599 38
1600 38
1601 3
1602 38
1603 38
1604 51
1605 52
1606 51
1607 97
1608 97
1609 73
1610 0
1611 85
1612 47
1613 47
1614 3
1615 3
1616 5
1617 51
1618 64
1619 1
1620 51
1621 87
1622 40
1623 1
1624 3
1625 50
1626 1
1627 36
1628 0
1629 36
1630 1
1631 1
1632 32
1633 3
1634 6
1635 4
1636 18
1637 1
1638 3
1639 31
1640 1
1641 18
1642 76
1643 39
1644 76
1645 97
1646 55
1647 38
1648 39
1649 38
1650 35
1651 0
1652 1
1653 0
1654 1
1655 0
1656 23
1657 3
1658 23
1659 0
1660 3
1661 49
1662 49
1663 11
1664 52
1665 49
1666 97
1667 0
1668 64
1669 1
1670 2
1671 65
1672 65
1673 29
1674 94
1675 65
1676 65
1677 65
1678 10
1679 10
1680 10
1681 10
1682 73
1683 73
1684 90
1685 54
1686 4
1687 6
1688 97
1689 3
1690 3
1691 50
1692 0
1693 61
1694 4
1695 0
1696 73
1697 73
1698 6
1699 71
1700 2
1701 71
1702 71
1703 71
1704 2
1705 85
1706 86
1707 63
1708 30
1709 86
1710 78
1711 32
1712 2
1713 30
1714 86
1715 6
1716 45
1717 31
1718 6
1719 9
1720 6
1721 3
1722 6
1723 90
1724 8
1725 8
1726 28
1727 10
1728 10
1729 8
1730 32
1731 32
1732 32
1733 32
1734 36
1735 2
1736 21
1737 50
1738 17
1739 3
1740 4
1741 52
1742 50
1743 11
1744 63
1745 11
1746 11
1747 57
1748 8
1749 11
1750 57
1751 11
1752 20
1753 20
1754 74
1755 5
1756 4
1757 20
1758 46
1759 1
1760 46
1761 46
1762 4
1763 59
1764 8
1765 1
1766 68
1767 62
1768 68
1769 5
1770 94
1771 5
1772 31
1773 68
1774 78
1775 94
1776 12
1777 62
1778 1
1779 60
1780 78
1781 3
1782 7
1783 8
1784 7
1785 7
1786 1
1787 2
1788 8
1789 36
1790 8
1791 37
1792 0
1793 37
1794 0
1795 80
1796 80
1797 80
1798 2
1799 54
1800 54
1801 54
1802 54
1803 0
1804 1
1805 68
1806 68
1807 70
1808 0
1809 68
1810 83
1811 83
1812 83
1813 83
1814 41
1815 41
1816 41
1817 60
1818 60
1819 4
1820 92
1821 69
1822 92
1823 59
1824 0
1825 79
1826 49
1827 72
1828 49
1829 3
1830 3
1831 33
1832 32
1833 33
1834 33
1835 33
1836 1
1837 24
1838 33
1839 54
1840 1
1841 32
1842 33
1843 33
1844 32
1845 73
1846 3
1847 73
1848 12
1849 31
1850 3
1851 12
1852 12
1853 26
1854 3
1855 3
1856 5
1857 6
1858 3
1859 75
1860 2
1861 1
1862 75
1863 76
1864 2
1865 90
1866 67
1867 56
1868 64
1869 1
1870 67
1871 67
1872 14
1873 14
1874 14
1875 14
1876 93
1877 51
1878 14
1879 51
1880 67
1881 2
1882 11
1883 90
1884 2
1885 67
1886 90
1887 24
1888 2
1889 67
1890 86
1891 85
1892 86
1893 56
1894 90
1895 90
1896 90
1897 94
1898 0
1899 58
1900 65
1901 1
1902 5
1903 1
1904 23
1905 3
1906 68
1907 3
1908 88
1909 40
1910 1
1911 2
1912 3
1913 2
1914 12
1915 12
1916 92
1917 0
1918 36
1919 12
1920 53
1921 1
1922 53
1923 53
1924 6
1925 24
1926 53
1927 53
1928 32
1929 27
1930 32
1931 32
1932 32
1933 32
1934 27
1935 22
1936 2
1937 68
1938 1
1939 1
1940 77
1941 95
1942 95
1943 95
1944 51
1945 57
1946 51
1947 5
1948 51
1949 5
1950 42
1951 0
1952 3
1953 7
1954 0
1955 94
1956 12
1957 1
1958 3
1959 1
1960 94
1961 1
1962 39
1963 31
1964 31
1965 2
1966 31
1967 2
1968 31
1969 26
1970 2
1971 3
1972 18
1973 23
1974 26
1975 2
1976 36
1977 90
1978 90
1979 3
1980 4
1981 91
1982 1
1983 91
1984 3
1985 3
1986 1
1987 3
1988 57
1989 2
1990 71
1991 48
1992 48
1993 92
1994 49
1995 92
1996 92
1997 49
1998 31
1999 95
2000 1
2001 36
2002 85
2003 43
2004 1
2005 26
2006 12
2007 12
2008 85
2009 48
2010 48
2011 70
2012 62
2013 70
2014 27
2015 89
2016 62
2017 73
2018 2
2019 86
2020 89
2021 3
2022 62
2023 84
2024 36
2025 36
2026 84
2027 48
2028 94
2029 66
2030 60
2031 68
2032 60
2033 60
2034 39
2035 4
2036 4
2037 11
2038 80
2039 4
2040 4
2041 90
2042 2
2043 85
2044 12
2045 12
2046 3
2047 12
2048 25
2049 25
2050 25
2051 25
2052 26
2053 24
2054 24
2055 32
2056 32
2057 67
2058 62
2059 67
2060 6
2061 5
2062 44
2063 6
2064 5
2065 51
2066 45
2067 10
2068 3
2069 59
2070 59
2071 82
2072 20
2073 2
2074 94
2075 6
2076 1
2077 1
2078 5
2079 73
2080 52
2081 52
2082 73
2083 19
2084 73
2085 73
2086 55
2087 55
2088 71
2089 0
2090 69
2091 0
2092 1
2093 71
2094 74
2095 46
2096 46
2097 3
2098 8
2099 8
2100 32
2101 33
2102 89
2103 32
2104 32
2105 5
2106 72
2107 32
2108 66
2109 60
2110 52
2111 52
2112 52
2113 52
2114 36
2115 36
2116 0
2117 0
2118 36
2119 97
2120 81
2121 97
2122 90
2123 0
2124 3
2125 0
2126 81
2127 19
2128 81
2129 65
2130 2
2131 2
2132 2
2133 83
2134 22
2135 83
2136 83
2137 83
2138 83
2139 83
2140 22
2141 83
2142 44
2143 9
2144 3
2145 9
2146 39
2147 67
2148 1
2149 39
2150 82
2151 82
2152 0
2153 82
2154 82
2155 45
2156 0
2157 91
2158 45
2159 45
2160 0
2161 11
2162 2
2163 16
2164 6
2165 35
2166 35
2167 3
2168 35
2169 21
2170 21
2171 9
2172 4
2173 63
2174 4
2175 9
2176 89
2177 91
2178 0
2179 55
2180 91
2181 55
2182 79
2183 79
2184 79
2185 15
2186 14
2187 32
2188 15
2189 14
2190 16
2191 16
2192 5
2193 11
2194 81
2195 81
2196 48
2197 82
2198 48
2199 48
2200 48
2201 19
2202 62
2203 86
2204 7
2205 60
2206 11
2207 24
2208 1
2209 29
2210 1
2211 57
2212 96
2213 2
2214 35
2215 57
2216 91
2217 53
2218 91
2219 91
2220 4
2221 81
2222 52
2223 85
2224 32
2225 9
2226 81
2227 50
2228 8
2229 8
2230 50
2231 3
2232 85
2233 3
2234 3
2235 3
2236 85
2237 85
2238 30
2239 11
2240 2
2241 30
2242 2
2243 84
2244 84
2245 88
2246 61
2247 88
2248 88
2249 5
2250 4
2251 88
2252 61
2253 83
2254 83
2255 85
2256 83
2257 52
2258 52
2259 36
2260 36
2261 36
2262 43
2263 43
2264 11
2265 2
2266 5
2267 13
2268 14
2269 3
2270 14
2271 14
2272 3
2273 14
2274 46
2275 13
2276 15
2277 38
2278 39
2279 2
2280 8
2281 0
2282 13
2283 76
2284 4
2285 26
2286 26
2287 26
2288 36
2289 10
2290 3
2291 13
2292 13
2293 10
2294 62
2295 1
2296 13
2297 10
2298 10
2299 30
2300 2
2301 30
2302 69
2303 40
2304 55
2305 30
2306 54
2307 2
2308 60
2309 6
2310 2
2311 60
2312 4
2313 88
2314 71
2315 0
2316 96
2317 96
2318 96
2319 22
2320 96
2321 22
2322 7
2323 7
2324 7
2325 74
2326 74
2327 74
2328 8
2329 93
2330 89
2331 8
2332 3
2333 93
2334 3
2335 8
2336 46
2337 5
2338 58
2339 91
2340 46
2341 0
2342 58
2343 5
2344 40
2345 68
2346 5
2347 3
2348 81
2349 5
2350 20
2351 68
2352 80
2353 51
2354 4
2355 4
2356 6
2357 51
2358 4
2359 4
2360 4
2361 62
2362 35
2363 1
2364 17
2365 2
2366 17
2367 3
2368 9
2369 17
2370 17
2371 5
2372 80
2373 90
2374 1
2375 77
2376 1
2377 92
2378 1
2379 53
2380 5
2381 0
2382 92
2383 0
2384 60
2385 5
2386 1
2387 38
2388 16
2389 3
2390 30
2391 38
2392 38
2393 4
2394 3
2395 2
2396 10
2397 91
2398 5
2399 53
2400 40
2401 77
2402 77
2403 92
2404 30
2405 21
2406 57
2407 75
2408 75
2409 42
2410 0
2411 51
2412 1
2413 1
2414 37
2415 64
2416 0
2417 0
2418 64
2419 11
2420 0
2421 11
2422 47
2423 47
2424 47
2425 47
2426 32
2427 10
2428 8
2429 3
2430 32
2431 3
2432 55
2433 0
2434 97
2435 1
2436 2
2437 3
2438 0
2439 1
2440 0
2441 55
2442 24
2443 3
2444 78
2445 78
2446 78
2447 78
2448 40
2449 8
2450 40
2451 40
2452 12
2453 40
2454 40
2455 40
2456 8
2457 47
2458 10
2459 47
2460 10
2461 18
2462 47
2463 88
2464 37
2465 3
2466 3
2467 37
2468 98
2469 98
2470 22
2471 12
2472 86
2473 3
2474 40
2475 40
2476 13
2477 13
2478 13
2479 2
2480 86
2481 21
2482 86
2483 7
2484 7
2485 7
2486 9
2487 1
2488 98
2489 98
2490 98
2491 93
2492 22
2493 56
2494 38
2495 74
2496 5
2497 46
2498 74
2499 3
2500 2
2501 58
2502 58
2503 2
2504 4
2505 11
2506 11
2507 18
2508 18
2509 8
2510 24
2511 8
2512 18
2513 86
2514 86
2515 18
2516 86
2517 22
2518 6
2519 22
2520 81
2521 81
2522 79
2523 87
2524 81
2525 81
2526 50
2527 25
2528 50
2529 50
2530 25
2531 34
2532 34
2533 78
2534 34
2535 34
2536 50
2537 50
2538 69
2539 69
2540 69
2541 1
2542 41
2543 69
2544 3
2545 69
2546 69
2547 93
2548 93
2549 93
2550 46
2551 14
2552 50
2553 7
2554 95
2555 95
2556 95
2557 16
2558 10
2559 62
2560 72
2561 16
2562 7
2563 39
2564 84
2565 84
2566 95
2567 91
2568 79
2569 59
2570 79
2571 4
2572 4
2573 85
2574 4
2575 54
2576 4
2577 59
2578 30
2579 3
2580 30
2581 8
2582 6
2583 8
2584 78
2585 78
2586 18
2587 25
2588 2
2589 2
2590 61
2591 3
2592 25
2593 2
2594 3
2595 61
2596 4
2597 93
2598 47
2599 93
2600 93
2601 93
2602 93
2603 22
2604 62
2605 18
2606 19
2607 62
2608 3
2609 1
2610 62
2611 1
2612 5
2613 80
2614 18
2615 62
2616 73
2617 72
2618 9
2619 5
2620 9
2621 4
2622 36
2623 3
2624 2
2625 58
2626 82
2627 50
2628 2
2629 58
2630 73
2631 37
2632 3
2633 19
2634 0
2635 0
2636 98
2637 1
2638 0
2639 5
2640 59
2641 84
2642 59
2643 59
2644 50
2645 60
2646 60
2647 1
2648 60
2649 74
2650 57
2651 60
2652 60
2653 32
2654 32
2655 32
2656 32
2657 32
2658 32
2659 32
2660 40
2661 27
2662 88
2663 6
2664 88
2665 4
2666 88
2667 4
2668 52
2669 67
2670 1
2671 52
2672 41
2673 9
2674 67
2675 41
2676 3
2677 9
2678 75
2679 83
2680 47
2681 47
2682 67
2683 6
2684 67
2685 83
2686 93
2687 61
2688 61
2689 93
2690 61
2691 93
2692 28
2693 28
2694 3
2695 28
2696 96
2697 45
2698 96
2699 39
2700 23
2701 39
2702 83
2703 3
2704 3
2705 64
2706 62
2707 61
2708 12
2709 1
2710 91
2711 1
2712 64
2713 64
2714 62
2715 46
2716 46
2717 80
2718 55
2719 95
2720 56
2721 74
2722 5
2723 87
2724 74
2725 3
2726 32
2727 41
2728 16
2729 41
2730 88
2731 88
2732 89
2733 88
2734 96
2735 9
2736 1
2737 4
2738 4
2739 17
2740 9
2741 88
2742 1
2743 23
2744 23
2745 41
2746 41
2747 64
2748 16
2749 1
2750 74
2751 1
2752 71
2753 11
2754 51
2755 83
2756 66
2757 83
2758 34
2759 2
2760 49
2761 1
2762 7
2763 49
2764 83
2765 83
2766 32
2767 95
2768 32
2769 92
2770 76
2771 21
2772 6
2773 6
2774 6
2775 13
2776 13
2777 13
2778 13
2779 13
2780 13
2781 49
2782 2
2783 8
2784 49
2785 49
2786 49
2787 1
2788 33
2789 2
2790 33
2791 49
2792 94
2793 3
2794 4
2795 40
2796 40
2797 5
2798 40
2799 40
2800 28
2801 46
2802 71
2803 5
2804 2
2805 6
2806 67
2807 73
2808 52
2809 67
2810 6
2811 5
2812 52
2813 9
2814 73
2815 32
2816 32
2817 42
2818 42
2819 38
2820 38
2821 5
2822 2
2823 5
2824 5
2825 55
2826 55
2827 55
2828 53
2829 31
2830 31
2831 31
2832 89
2833 65
2834 65
2835 65
2836 65
2837 65
2838 94
2839 0
2840 22
2841 5
2842 10
2843 22
2844 39
2845 39
2846 96
2847 0
2848 70
2849 2
2850 9
2851 72
2852 65
2853 5
2854 9
2855 58
2856 60
2857 58
2858 3
2859 57
2860 2
2861 7
2862 57
2863 57
2864 0
2865 1
2866 0
2867 2
2868 37
2869 2
2870 3
2871 37
2872 3
2873 49
2874 9
2875 9
2876 9
2877 62
2878 41
2879 42
2880 2
2881 15
2882 42
2883 42
2884 3
2885 3
2886 15
2887 57
2888 21
2889 57
2890 87
2891 56
2892 1
2893 6
2894 56
2895 6
2896 4
2897 15
2898 2
2899 87
2900 63
2901 63
2902 3
2903 88
2904 62
2905 62
2906 62
2907 86
2908 82
2909 34
2910 0
2911 4
2912 11
2913 10
2914 10
2915 10
2916 8
2917 8
2918 63
2919 63
2920 6
2921 0
2922 3
2923 60
2924 60
2925 48
2926 60
2927 3
2928 46
2929 22
2930 22
2931 49
2932 49
2933 25
2934 58
2935 2
2936 51
2937 25
2938 5
2939 25
2940 2
2941 25
2942 48
2943 25
2944 3
2945 44
2946 67
2947 0
2948 0
2949 0
2950 0
2951 48
2952 48
2953 23
2954 23
2955 23
2956 70
2957 48
2958 47
2959 42
2960 91
2961 77
2962 0
2963 0
2964 42
2965 8
2966 10
2967 35
2968 6
2969 33
2970 0
2971 2
2972 6
2973 71
2974 0
2975 3
2976 4
2977 15
2978 15
2979 56
2980 15
2981 56
2982 40
2983 32
2984 10
2985 1
2986 12
2987 12
2988 3
2989 61
2990 53
2991 4
2992 52
2993 49
2994 32
2995 29
2996 29
2997 81
2998 2
2999 4
3000 1
3001 2
3002 84
3003 84
3004 68
3005 1
3006 68
3007 85
3008 71
3009 91
3010 93
3011 0
3012 3
3013 31
3014 31
3015 31
3016 73
3017 48
3018 48
3019 48
3020 5
3021 4
3022 6
3023 5
3024 12
3025 44
3026 44
3027 44
3028 18
3029 44
3030 44
3031 44
3032 18
3033 43
3034 32
3035 44
3036 44
3037 44
3038 44
3039 44
3040 33
3041 44
3042 29
3043 29
3044 0
3045 29
3046 55
3047 55
3048 62
3049 11
3050 62
3051 55
3052 73
3053 37
3054 49
3055 88
3056 83
3057 32
3058 70
3059 3
3060 49
3061 51
3062 64
3063 28
3064 64
3065 58
3066 64
3067 74
3068 36
3069 36
3070 14
3071 14
3072 14
3073 61
3074 0
3075 48
3076 5
3077 47
3078 48
3079 48
3080 48
3081 10
3082 10
3083 10
3084 2
3085 0
3086 10
3087 20
3088 28
3089 1
3090 35
3091 4
3092 7
3093 35
3094 70
3095 70
3096 0
3097 19
3098 53
3099 2
3100 0
3101 3
3102 50
3103 7
3104 3
3105 7
3106 50
3107 7
3108 9
3109 40
3110 9
3111 9
3112 8
3113 90
3114 12
3115 91
3116 90
3117 0
3118 51
3119 51
3120 51
3121 51
3122 95
3123 91
3124 1
3125 95
3126 88
3127 69
3128 42
3129 1
3130 54
3131 64
3132 90
3133 1
3134 57
3135 68
3136 57
3137 57
3138 6
3139 57
3140 57
3141 57
3142 57
3143 4
3144 94
3145 49
3146 46
3147 52
3148 49
3149 49
3150 49
3151 25
3152 25
3153 25
3154 22
3155 22
3156 15
3157 37
3158 37
3159 2
3160 4
3161 37
3162 4
3163 85
3164 63
3165 2
3166 57
3167 4
3168 68
3169 68
3170 2
3171 2
3172 28
3173 94
3174 2
3175 97
3176 94
3177 0
3178 94
3179 94
3180 61
3181 20
3182 59
3183 94
3184 64
3185 81
3186 5
3187 64
3188 64
3189 81
3190 44
3191 44
3192 0
3193 73
3194 73
3195 10
3196 73
3197 88
3198 88
3199 26
3200 44
3201 1
3202 2
3203 75
3204 75
3205 50
3206 2
3207 50
3208 3
3209 75
3210 60
3211 60
3212 1
3213 65
3214 70
3215 63
3216 63
3217 10
3218 11
3219 5
3220 74
3221 28
3222 11
3223 63
3224 15
3225 15
3226 74
3227 74
3228 3
3229 74
3230 3
3231 87
3232 74
3233 56
3234 4
3235 56
3236 56
3237 94
3238 55
3239 49
3240 55
3241 55
3242 73
3243 1
3244 72
3245 54
3246 43
3247 54
3248 43
3249 1
3250 79
3251 79
3252 24
3253 43
3254 39
3255 10
3256 1
3257 72
3258 10
3259 10
3260 10
3261 69
3262 70
3263 69
3264 69
3265 69
3266 70
3267 19
3268 64
3269 72
3270 5
3271 64
3272 53
3273 18
3274 53
3275 63
3276 63
3277 63
3278 18
3279 0
3280 47
3281 18
3282 18
3283 0
3284 0
3285 84
3286 18
3287 67
3288 0
3289 3
3290 54
3291 39
3292 3
3293 3
3294 3
3295 28
3296 50
3297 46
3298 40
3299 50
3300 80
3301 40
3302 24
3303 3
3304 3
3305 16
3306 5
3307 5
3308 5
3309 49
3310 1
3311 56
3312 73
3313 73
3314 1
3315 1
3316 21
3317 21
3318 21
3319 53
3320 21
3321 65
3322 63
3323 2
3324 53
3325 21
3326 21
3327 41
3328 96
3329 5
3330 0
3331 41
3332 63
3333 63
3334 63
3335 63
3336 63
3337 34
3338 64
3339 10
3340 3
3341 65
3342 91
3343 64
3344 10
3345 23
3346 30
3347 23
3348 90
3349 68
3350 23
3351 7
3352 7
3353 7
3354 7
3355 6
3356 7
3357 18
3358 16
3359 18
3360 18
3361 96
3362 73
3363 48
3364 94
3365 0
3366 0
3367 73
3368 82
3369 89
3370 4
3371 3
3372 86
3373 4
3374 12
3375 22
3376 63
3377 6
3378 63
3379 49
3380 0
3381 18
3382 0
3383 49
3384 0
3385 0
3386 0
3387 17
3388 17
3389 43
3390 43
3391 74
3392 97
3393 74
3394 74
3395 1
3396 39
3397 1
3398 74
3399 91
3400 91
3401 84
3402 81
3403 1
3404 3
3405 47
3406 47
3407 47
3408 3
3409 21
3410 2
3411 1
3412 67
3413 67
3414 32
3415 32
3416 32
3417 24
3418 32
3419 32
3420 47
3421 47
3422 66
3423 5
3424 48
3425 48
3426 53
3427 2
3428 73
3429 5
3430 73
3431 52
3432 55
3433 62
3434 1
3435 61
3436 54
3437 1
3438 62
3439 2
3440 2
3441 2
3442 49
3443 0
3444 0
3445 8
3446 39
3447 28
3448 7
3449 38
3450 2
3451 38
3452 67
3453 2
3454 63
3455 9
3456 30
3457 55
3458 3
3459 3
3460 3
3461 93
3462 6
3463 94
3464 67
3465 86
3466 67
3467 67
3468 67
3469 13
3470 13
3471 13
3472 13
3473 32
3474 37
3475 33
3476 39
3477 7
3478 60
3479 3
3480 81
3481 60
3482 1
3483 8
3484 90
3485 70
3486 60
3487 60
3488 28
3489 28
3490 37
3491 57
3492 54
3493 48
3494 45
3495 45
3496 57
3497 45
3498 54
3499 46
3500 49
3501 0
3502 51
3503 2
3504 24
3505 0
3506 24
3507 5
3508 50
3509 40
3510 40
3511 40
3512 27
3513 27
3514 18
3515 53
3516 11
3517 1
3518 2
3519 15
3520 43
3521 70
3522 43
3523 43
3524 40
3525 43
3526 43
3527 27
3528 23
3529 3
3530 23
3531 58
3532 5
3533 58
3534 58
3535 58
3536 5
3537 58
3538 76
3539 2
3540 76
3541 76
3542 76
3543 76
3544 76
3545 2
3546 94
3547 73
3548 76
3549 48
3550 48
3551 48
3552 48
3553 48
3554 48
3555 48
3556 27
3557 6
3558 6
3559 79
3560 7
3561 0
3562 79
3563 16
3564 16
3565 16
3566 16
3567 27
3568 65
3569 64
3570 9
3571 86
3572 54
3573 97
3574 29
3575 97
3576 18
3577 18
3578 18
3579 71
3580 71
3581 11
3582 63
3583 57
3584 96
3585 44
3586 96
3587 54
3588 38
3589 57
3590 72
3591 60
3592 60
3593 42
3594 91
3595 93
3596 21
3597 54
3598 59
3599 52
3600 54
3601 59
3602 52
3603 19
3604 83
3605 2
3606 19
3607 18
3608 18
3609 18
3610 33
3611 61
3612 61
3613 87
3614 77
3615 88
3616 87
3617 18
3618 87
3619 88
3620 71
3621 71
3622 0
3623 0
3624 7
3625 7
3626 45
3627 62
3628 72
3629 84
3630 5
3631 84
3632 73
3633 1
3634 28
3635 30
3636 30
3637 30
3638 81
3639 83
3640 94
3641 81
3642 83
3643 61
3644 61
3645 19
3646 16
3647 42
3648 42
3649 57
3650 40
3651 84
3652 84
3653 84
3654 84
3655 80
3656 80
3657 95
3658 6
3659 3
3660 54
3661 95
3662 6
3663 10
3664 32
3665 92
3666 5
3667 2
3668 2
3669 5
3670 69
3671 49
3672 49
3673 49
3674 15
3675 96
3676 14
3677 89
3678 62
3679 17
3680 73
3681 73
3682 58
3683 73
3684 3
3685 71
3686 3
3687 91
3688 91
3689 91
3690 91
3691 91
3692 73
3693 53
3694 45
3695 5
3696 3
3697 45
3698 69
3699 66
3700 69
3701 69
3702 50
3703 20
3704 81
3705 4
3706 5
3707 50
3708 81
3709 48
3710 55
3711 53
3712 48
3713 48
3714 32
3715 4
3716 32
3717 47
3718 47
3719 1
3720 9
3721 66
3722 12
3723 76
3724 12
3725 12
3726 24
3727 24
3728 14
3729 14
3730 14
3731 14
3732 83
3733 83
3734 63
3735 63
3736 97
3737 97
3738 63
3739 9
3740 10
3741 28
3742 3
3743 9
3744 6
3745 10
3746 63
3747 11
3748 11
3749 90
3750 1
3751 69
3752 7
3753 12
3754 0
3755 81
3756 7
3757 12
3758 84
3759 47
3760 3
3761 77
3762 77
3763 88
3764 88
3765 88
3766 21
3767 21
3768 6
3769 31
3770 31
3771 1
3772 65
3773 65
3774 65
3775 64
3776 64
3777 63
3778 64
3779 81
3780 64
3781 39
3782 3
3783 31
3784 34
3785 34
3786 34
3787 17
3788 17
3789 41
3790 1
3791 66
3792 85
3793 0
3794 32
3795 32
3796 32
3797 32
3798 32
3799 32
3800 33
3801 8
3802 23
3803 33
3804 33
3805 33
3806 1
3807 0
3808 1
3809 14
3810 52
3811 8
3812 18
3813 18
3814 18
3815 16
3816 46
3817 21
3818 16
3819 20
3820 20
3821 20
3822 3
3823 20
3824 20
3825 58
3826 52
3827 0
3828 54
3829 81
3830 55
3831 42
3832 82
3833 49
3834 3
3835 12
3836 17
3837 2
3838 2
3839 65
3840 1
3841 40
3842 40
3843 33
3844 11
3845 33
3846 80
3847 2
3848 39
3849 0
3850 39
3851 41
3852 2
3853 39
3854 39
3855 39
3856 54
3857 45
3858 54
3859 90
3860 90
3861 90
3862 90
3863 8
3864 64
3865 64
3866 64
3867 64
3868 69
3869 1
3870 1
3871 69
3872 90
3873 69
3874 20
3875 90
3876 90
3877 54
3878 6
3879 11
3880 57
3881 95
3882 54
3883 27
3884 9
3885 4
3886 1
3887 71
3888 71
3889 71
3890 50
3891 25
3892 25
3893 25
3894 25
3895 25
3896 32
3897 10
3898 52
3899 12
3900 92
3901 32
3902 72
3903 2
3904 2
3905 97
3906 3
3907 12
3908 4
3909 2
3910 40
3911 50
3912 0
3913 63
3914 64
3915 80
3916 43
3917 63
3918 57
3919 50
3920 57
3921 76
3922 76
3923 76
3924 8
3925 0
3926 98
3927 0
3928 64
3929 32
3930 32
3931 75
3932 75
3933 22
3934 38
3935 75
3936 89
3937 46
3938 52
3939 58
3940 97
3941 12
3942 89
3943 51
3944 80
3945 48
3946 51
3947 3
3948 55
3949 5
3950 51
3951 29
3952 3
3953 65
3954 65
3955 65
3956 60
3957 3
3958 31
3959 31
3960 31
3961 0
3962 31
3963 31
3964 96
3965 0
3966 96
3967 79
3968 79
3969 56
3970 73
3971 3
3972 3
3973 4
3974 59
3975 1
3976 4
3977 59
3978 7
3979 2
3980 1
3981 4
3982 42
3983 42
3984 3
3985 96
3986 52
3987 42
3988 96
3989 96
3990 5
3991 95
3992 22
3993 22
3994 31
3995 78
3996 78
3997 5
3998 4
3999 78
4000 3
4001 26
4002 6
4003 6
4004 26
4005 79
4006 79
4007 0
4008 16
4009 16
4010 16
4011 16
4012 16
4013 64
4014 45
4015 65
4016 4
4017 21
4018 9
4019 4
4020 15
4021 4
4022 64
4023 60
4024 12
4025 1
4026 12
4027 12
4028 39
4029 68
4030 39
4031 4
4032 39
4033 4
4034 2
4035 12
4036 42
4037 52
4038 2
4039 52
4040 3
4041 12
4042 12
4043 12
4044 71
4045 18
4046 73
4047 71
4048 2
4049 2
4050 18
4051 73
4052 95
4053 62
4054 0
4055 73
4056 96
4057 0
4058 74
4059 0
4060 74
4061 57
4062 8
4063 0
4064 20
4065 20
4066 9
4067 44
4068 69
4069 1
4070 44
4071 44
4072 65
4073 52
4074 65
4075 33
4076 4
4077 11
4078 4
4079 19
4080 97
4081 6
4082 6
4083 12
4084 74
4085 72
4086 72
4087 31
4088 96
4089 55
4090 50
4091 3
4092 1
4093 1
4094 64
4095 6
4096 81
4097 87
4098 6
4099 18
4100 81
4101 37
4102 37
4103 8
4104 8
4105 95
4106 56
4107 56
4108 29
4109 29
4110 29
4111 45
4112 45
4113 4
4114 28
4115 7
4116 7
4117 57
4118 6
4119 31
4120 35
4121 6
4122 58
4123 5
4124 54
4125 24
4126 24
4127 24
4128 4
4129 27
4130 61
4131 86
4132 68
4133 36
4134 5
4135 86
4136 4
4137 86
4138 3
4139 86
4140 34
4141 2
4142 82
4143 34
4144 34
4145 1
4146 1
4147 88
4148 77
4149 77
4150 29
4151 49
4152 42
4153 63
4154 63
4155 66
4156 55
4157 97
4158 55
4159 55
4160 95
4161 10
4162 72
4163 72
4164 10
4165 10
4166 3
4167 10
4168 72
4169 10
4170 10
4171 30
4172 65
4173 8
4174 63
4175 37
4176 65
4177 65
4178 12
4179 65
4180 83
4181 83
4182 1
4183 65
4184 41
4185 0
4186 39
4187 43
4188 41
4189 41
4190 41
4191 0
4192 52
4193 52
4194 52
4195 4
4196 4
4197 52
4198 52
4199 29
4200 3
4201 43
4202 29
4203 3
4204 15
4205 6
4206 7
4207 5
4208 22
4209 6
4210 34
4211 23
4212 23
4213 75
4214 79
4215 60
4216 6
4217 79
4218 55
4219 55
4220 55
4221 4
4222 98
4223 8
4224 98
4225 5
4226 98
4227 93
4228 4
4229 28
4230 4
4231 28
4232 79
4233 79
4234 90
4235 42
4236 10
4237 10
4238 10
4239 10
4240 6
4241 6
4242 19
4243 5
4244 5
4245 47
4246 29
4247 0
4248 19
4249 19
4250 53
4251 6
4252 83
4253 3
4254 6
4255 53
4256 85
4257 3
4258 56
4259 3
4260 6
4261 53
4262 53
4263 70
4264 53
4265 85
4266 53
4267 53
4268 92
4269 83
4270 54
4271 85
4272 53
4273 88
4274 88
4275 88
4276 88
4277 88
4278 57
4279 8
4280 97
4281 20
4282 39
4283 1
4284 84
4285 1
4286 56
4287 92
4288 64
4289 28
4290 67
4291 62
4292 69
4293 1
4294 69
4295 0
4296 90
4297 90
4298 50
4299 65
4300 15
4301 50
4302 52
4303 52
4304 97
4305 52
4306 60
4307 57
4308 1
4309 5
4310 1
4311 0
4312 5
4313 96
4314 77
4315 66
4316 77
4317 57
4318 57
4319 57
4320 59
4321 22
4322 0
4323 23
4324 61
4325 61
4326 89
4327 97
4328 3
4329 89
4330 12
4331 77
4332 77
4333 77
4334 77
4335 77
4336 87
4337 87
4338 87
4339 85
4340 57
4341 10
4342 4
4343 67
4344 67
4345 67
4346 67
4347 12
4348 5
4349 67
4350 45
4351 67
4352 77
4353 98
4354 84
4355 92
4356 0
4357 84
4358 60
4359 84
4360 97
4361 57
4362 60
4363 84
4364 85
4365 85
4366 72
4367 55
4368 83
4369 55
4370 53
4371 55
4372 51
4373 52
4374 5
4375 52
4376 0
4377 48
4378 0
4379 66
4380 15
4381 45
4382 52
4383 20
4384 20
4385 20
4386 82
4387 51
4388 82
4389 82
4390 74
4391 48
4392 48
4393 96
4394 96
4395 27
4396 2
4397 27
4398 23
4399 65
4400 3
4401 3
4402 65
4403 78
4404 78
4405 45
4406 45
4407 13
4408 36
4409 22
4410 6
4411 48
4412 48
4413 83
4414 13
4415 83
4416 83
4417 13
4418 83
4419 64
4420 64
4421 73
4422 8
4423 8
4424 98
4425 8
4426 8
4427 36
4428 36
4429 73
4430 36
4431 89
4432 79
4433 2
4434 79
4435 7
4436 3
4437 7
4438 82
4439 61
4440 61
4441 11
4442 53
4443 61
4444 77
4445 5
4446 2
4447 71
4448 5
4449 5
4450 27
4451 27
4452 3
4453 27
4454 10
4455 77
4456 2
4457 80
4458 77
4459 77
4460 1
4461 1
4462 68
4463 68
4464 3
4465 68
4466 68
4467 81
4468 39
4469 68
4470 71
4471 95
4472 41
4473 89
4474 31
4475 59
4476 59
4477 1
4478 31
4479 31
4480 54
4481 31
4482 10
4483 93
4484 0
4485 94
4486 93
4487 31
4488 60
4489 54
4490 68
4491 87
4492 68
4493 64
4494 4
4495 4
4496 69
4497 6
4498 53
4499 69
4500 3
4501 91
4502 69
4503 69
4504 69
4505 6
4506 53
4507 71
4508 34
4509 2
4510 34
4511 47
4512 47
4513 47
4514 52
4515 52
4516 52
4517 30
4518 30
4519 71
4520 52
4521 49
4522 8
4523 35
4524 49
4525 79
4526 54
4527 42
4528 92
4529 15
4530 54
4531 94
4532 54
4533 20
4534 20
4535 56
4536 0
4537 64
4538 69
4539 56
4540 64
4541 66
4542 0
4543 91
4544 64
4545 77
4546 0
4547 0
4548 90
4549 24
4550 0
4551 69
4552 0
4553 22
4554 5
4555 63
4556 11
4557 63
4558 20
4559 3
4560 63
4561 11
4562 13
4563 13
4564 13
4565 13
4566 65
4567 84
4568 84
4569 94
4570 62
4571 83
4572 94
4573 63
4574 61
4575 67
4576 35
4577 3
4578 8
4579 86
4580 24
4581 35
4582 62
4583 8
4584 53
4585 55
4586 20
4587 20
4588 97
4589 3
4590 2
4591 36
4592 8
4593 31
4594 0
4595 2
4596 68
4597 73
4598 9
4599 92
4600 63
4601 84
4602 97
4603 9
4604 78
4605 0
4606 4
4607 4
4608 84
4609 97
4610 4
4611 59
4612 5
4613 5
4614 15
4615 3
4616 14
4617 15
4618 3
4619 37
4620 56
4621 4
4622 11
4623 54
4624 8
4625 8
4626 8
4627 3
4628 19
4629 28
4630 28
4631 36
4632 36
4633 36
4634 71
4635 71
4636 70
4637 2
4638 88
4639 22
4640 9
4641 9
4642 9
4643 15
4644 8
4645 0
4646 18
4647 49
4648 18
4649 1
4650 49
4651 70
4652 28
4653 28
4654 28
4655 30
4656 1
4657 30
4658 70
4659 28
4660 28
4661 1
4662 28
4663 28
4664 64
4665 64
4666 64
4667 11
4668 5
4669 8
4670 91
4671 11
4672 80
4673 9
4674 5
4675 75
4676 96
4677 62
4678 43
4679 96
4680 28
4681 41
4682 37
4683 28
4684 28
4685 82
4686 0
4687 54
4688 82
4689 9
4690 9
4691 9
4692 9
4693 61
4694 61
4695 12
4696 15
4697 9
4698 9
4699 48
4700 6
4701 48
4702 6
4703 66
4704 3
4705 1
4706 92
4707 42
4708 42
4709 11
4710 43
4711 55
4712 92
4713 33
4714 33
4715 33
4716 80
4717 27
4718 27
4719 24
4720 24
4721 24
4722 24
4723 24
4724 71
4725 71
4726 5
4727 52
4728 23
4729 4
4730 83
4731 83
4732 95
4733 95
4734 17
4735 71
4736 40
4737 26
4738 26
4739 26
4740 30
4741 30
4742 53
4743 53
4744 53
4745 53
4746 98
4747 21
4748 97
4749 97
4750 97
4751 97
4752 3
4753 97
4754 97
4755 97
4756 87
4757 4
4758 56
4759 58
4760 86
4761 71
4762 59
4763 22
4764 30
4765 22
4766 22
4767 13
4768 24
4769 55
4770 16
4771 24
4772 55
4773 7
4774 0
4775 3
4776 6
4777 58
4778 5
4779 58
4780 5
4781 0
4782 2
4783 2
4784 60
4785 47
4786 60
4787 46
4788 4
4789 57
4790 92
4791 95
4792 92
4793 92
4794 92
4795 92
4796 92
4797 37
4798 37
4799 37
4800 70
4801 37
4802 93
4803 15
4804 2
4805 0
4806 32
4807 32
4808 32
4809 81
4810 11
4811 11
4812 72
4813 31
4814 52
4815 52
4816 0
4817 50
4818 50
4819 50
4820 50
4821 78
4822 50
4823 6
4824 50
4825 66
4826 64
4827 66
4828 78
4829 78
4830 34
4831 78
4832 78
4833 78
4834 70
4835 70
4836 62
4837 70
4838 52
4839 63
4840 57
4841 57
4842 4
4843 9
4844 58
4845 59
4846 2
4847 9
4848 0
4849 60
4850 60
4851 60
4852 1
4853 2
4854 60
4855 41
4856 87
4857 16
4858 2
4859 9
4860 20
4861 20
4862 59
4863 62
4864 10
4865 62
4866 59
4867 12
4868 15
4869 15
4870 15
4871 90
4872 90
4873 86
4874 86
4875 5
4876 54
4877 49
4878 54
4879 54
4880 4
4881 54
4882 79
4883 79
4884 33
4885 33
4886 0
4887 25
4888 25
4889 25
4890 25
4891 26
4892 39
4893 39
4894 10
4895 39
4896 0
4897 3
4898 41
4899 10
4900 30
4901 15
4902 30
4903 5
4904 3
4905 77
4906 62
4907 6
4908 62
4909 42
4910 49
4911 42
4912 63
4913 52
4914 55
4915 49
4916 49
4917 66
4918 82
4919 39
4920 57
4921 11
4922 12
4923 67
4924 26
4925 65
4926 5
4927 67
4928 5
4929 8
4930 65
4931 4
4932 66
4933 52
4934 26
4935 67
4936 64
4937 24
4938 60
4939 12
4940 22
4941 21
4942 68
4943 9
4944 9
4945 9
4946 88
4947 9
4948 9
4949 9
4950 21
4951 59
4952 59
4953 37
4954 80
4955 3
4956 37
4957 80
4958 3
4959 71
4960 71
4961 3
4962 50
4963 2
4964 50
4965 50
4966 50
4967 17
4968 6
4969 6
4970 44
4971 34
4972 57
4973 45
4974 29
4975 6
4976 76
4977 76
4978 79
4979 48
4980 48
4981 79
4982 1
4983 79
4984 65
4985 97
4986 2
4987 97
4988 46
4989 2
4990 77
4991 1
4992 12
4993 92
4994 70
4995 70
4996 72
4997 70
4998 70
4999 18
5000 2
5001 4
5002 6
5003 96
5004 96
5005 9
5006 65
5007 65
5008 85
5009 85
5010 85
5011 17
5012 17
5013 1
5014 1
5015 16
5016 6
5017 53
5018 1
5019 6
5020 16
5021 86
5022 82
5023 44
5024 61
5025 44
5026 44
5027 57
5028 34
5029 57
5030 34
5031 33
5032 11
5033 94
5034 6
5035 11
5036 9
5037 3
5038 94
5039 54
5040 64
5041 1
5042 3
5043 1
5044 62
5045 62
5046 62
5047 66
5048 34
5049 12
5050 28
5051 28
5052 28
5053 28
5054 80
5055 34
5056 74
5057 6
5058 74
5059 94
5060 94
5061 60
5062 23
5063 1
5064 60
5065 73
5066 15
5067 67
5068 67
5069 62
5070 73
5071 62
5072 26
5073 26
5074 26
5075 26
5076 11
5077 26
5078 77
5079 77
5080 77
5081 77
5082 54
5083 4
5084 1
5085 1
5086 4
5087 67
5088 1
5089 3
5090 17
5091 65
5092 5
5093 4
5094 5
5095 7
5096 6
5097 30
5098 4
5099 9
5100 65
5101 54
5102 76
5103 68
5104 54
5105 94
5106 40
5107 6
5108 31
5109 40
5110 77
5111 6
5112 87
5113 31
5114 72
5115 51
5116 72
5117 93
5118 93
5119 65
5120 3
5121 65
5122 11
5123 57
5124 57
5125 77
5126 77
5127 84
5128 84
5129 9
5130 77
5131 77
5132 58
5133 6
5134 58
5135 50
5136 6
5137 6
5138 37
5139 33
5140 4
5141 18
5142 0
5143 39
5144 15
5145 34
5146 2
5147 18
5148 0
5149 41
5150 41
5151 16
5152 41
5153 38
5154 38
5155 55
5156 38
5157 7
5158 26
5159 31
5160 28
5161 28
5162 21
5163 21
5164 3
5165 2
5166 64
5167 31
5168 1
5169 57
5170 49
5171 76
5172 76
5173 76
5174 76
5175 9
5176 76
5177 76
5178 84
5179 64
5180 92
5181 0
5182 58
5183 58
5184 19
5185 58
5186 33
5187 0
5188 91
5189 32
5190 67
5191 33
5192 0
5193 48
5194 48
5195 48
5196 5
5197 48
5198 76
5199 1
5200 76
5201 76
5202 76
5203 54
5204 54
5205 54
5206 10
5207 2
5208 35
5209 1
5210 26
5211 26
5212 26
5213 26
5214 79
5215 79
5216 1
5217 67
5218 67
5219 36
5220 2
5221 42
5222 28
5223 72
5224 28
5225 42
5226 42
5227 25
5228 25
5229 25
5230 49
5231 49
5232 73
5233 73
5234 73
5235 77
5236 7
5237 73
5238 25
5239 25
5240 25
5241 25
5242 25
5243 50
5244 50
5245 50
5246 50
5247 70
5248 98
5249 70
5250 87
5251 52
5252 52
5253 71
5254 71
5255 93
5256 2
5257 2
5258 38
5259 3
5260 1
5261 1
5262 78
5263 38
5264 38
5265 8
5266 0
5267 53
5268 53
5269 1
5270 9
5271 83
5272 76
5273 77
5274 66
5275 19
5276 3
5277 97
5278 97
5279 97
5280 98
5281 36
5282 1
5283 36
5284 36
5285 36
5286 43
5287 43
5288 2
5289 43
5290 43
5291 23
5292 23
5293 23
5294 23
5295 23
5296 24
5297 23
5298 23
5299 81
5300 81
5301 81
5302 84
5303 5
5304 84
5305 62
5306 62
5307 0
5308 10
5309 9
5310 30
5311 62
5312 64
5313 52
5314 52
5315 52
5316 64
5317 65
5318 53
5319 66
5320 5
5321 66
5322 5
5323 86
5324 86
5325 85
5326 85
5327 85
5328 85
5329 53
5330 82
5331 4
5332 53
5333 10
5334 46
5335 46
5336 0
5337 37
5338 37
5339 37
5340 37
5341 15
5342 48
5343 15
5344 31
5345 15
5346 94
5347 61
5348 52
5349 3
5350 3
5351 96
5352 96
5353 19
5354 96
5355 89
5356 11
5357 52
5358 11
5359 82
5360 84
5361 3
5362 22
5363 15
5364 82
5365 82
5366 82
5367 82
5368 82
5369 30
5370 30
5371 30
5372 77
5373 30
5374 30
5375 13
5376 13
5377 11
5378 18
5379 13
5380 75
5381 13
5382 11
5383 17
5384 13
5385 13
5386 30
5387 31
5388 1
5389 5
5390 27
5391 79
5392 43
5393 79
5394 19
5395 19
5396 30
5397 78
5398 3
5399 62
5400 73
5401 3
5402 19
5403 78
5404 78
5405 78
5406 43
5407 9
5408 9
5409 79
5410 79
5411 79
5412 79
5413 71
5414 90
5415 71
5416 82
5417 82
5418 64
5419 64
5420 64
5421 93
5422 57
5423 36
5424 69
5425 8
5426 23
5427 9
5428 78
5429 1
5430 67
5431 7
5432 3
5433 87
5434 2
5435 95
5436 7
5437 58
5438 91
5439 58
5440 6
5441 97
5442 44
5443 44
5444 97
5445 4
5446 63
5447 83
5448 83
5449 30
5450 29
5451 50
5452 96
5453 10
5454 42
5455 85
5456 10
5457 10
5458 74
5459 64
5460 62
5461 65
5462 74
5463 79
5464 0
5465 79
5466 61
5467 0
5468 19
5469 4
5470 44
5471 44
5472 5
5473 44
5474 3
5475 54
5476 44
5477 7
5478 2
5479 0
5480 45
5481 56
5482 94
5483 90
5484 56
5485 53
5486 39
5487 23
5488 39
5489 39
5490 72
5491 97
5492 58
5493 41
5494 38
5495 6
5496 6
5497 4
5498 5
5499 92
5500 4
5501 15
5502 1
5503 28
5504 15
5505 64
5506 64
5507 64
5508 1
5509 27
5510 27
5511 27
5512 27
5513 27
5514 59
5515 5
5516 2
5517 10
5518 10
5519 67
5520 10
5521 16
5522 14
5523 80
5524 0
5525 98
5526 28
5527 92
5528 91
5529 53
5530 12
5531 17
5532 44
5533 44
5534 44
5535 47
5536 16
5537 16
5538 40
5539 17
5540 6
5541 6
5542 49
5543 36
5544 4
5545 56
5546 3
5547 56
5548 3
5549 93
5550 19
5551 93
5552 19
5553 33
5554 33
5555 33
5556 53
5557 3
5558 11
5559 11
5560 80
5561 53
5562 28
5563 28
5564 22
5565 23
5566 22
5567 38
5568 79
5569 17
5570 56
5571 80
5572 17
5573 20
5574 20
5575 61
5576 61
5577 11
5578 11
5579 73
5580 73
5581 4
5582 73
5583 63
5584 95
5585 95
5586 88
5587 1
5588 0
5589 87
5590 21
5591 21
5592 2
5593 21
5594 0
5595 0
5596 96
5597 21
5598 44
5599 14
5600 9
5601 2
5602 48
5603 36
5604 5
5605 9
5606 9
5607 76
5608 40
5609 50
5610 14
5611 14
5612 13
5613 13
5614 13
5615 13
5616 68
5617 2
5618 58
5619 13
5620 13
5621 50
5622 50
5623 61
5624 3
5625 61
5626 61
5627 87
5628 61
5629 84
5630 7
5631 84
5632 84
5633 79
5634 50
5635 50
5636 32
5637 56
5638 10
5639 4
5640 41
5641 4
5642 72
5643 72
5644 72
5645 95
5646 78
5647 91
5648 75
5649 90
5650 75
5651 75
5652 83
5653 5
5654 4
5655 4
5656 5
5657 67
5658 67
5659 31
5660 9
5661 22
5662 31
5663 72
5664 76
5665 32
5666 72
5667 72
5668 32
5669 32
5670 30
5671 30
5672 45
5673 30
5674 55
5675 55
5676 27
5677 55
5678 55
5679 58
5680 75
5681 58
5682 10
5683 58
5684 54
5685 89
5686 61
5687 16
5688 4
5689 0
5690 42
5691 16
5692 73
5693 61
5694 58
5695 58
5696 93
5697 58
5698 0
5699 0
5700 58
5701 81
5702 81
5703 81
5704 81
5705 46
5706 2
5707 2
5708 89
5709 15
5710 56
5711 89
5712 32
5713 5
5714 95
5715 56
5716 90
5717 0
5718 14
5719 14
5720 14
5721 14
5722 14
5723 8
5724 8
5725 58
5726 58
5727 3
5728 4
5729 70
5730 1
5731 39
5732 21
5733 82
5734 3
5735 1
5736 77
5737 77
5738 77
5739 77
5740 12
5741 12
5742 94
5743 85
5744 85
5745 0
5746 52
5747 94
5748 7
5749 85
5750 71
5751 80
5752 46
5753 49
5754 5
5755 49
5756 3
5757 49
5758 84
5759 78
5760 84
5761 84
5762 10
5763 10
5764 10
5765 28
5766 10
5767 10
5768 66
5769 66
5770 66
5771 56
5772 66
5773 66
5774 23
5775 23
5776 90
5777 90
5778 66
5779 90
5780 1
5781 63
5782 63
5783 65
5784 63
5785 63
5786 63
5787 63
5788 45
5789 45
5790 48
5791 95
5792 95
5793 18
5794 18
5795 5
5796 5
5797 18
5798 87
5799 87
5800 62
5801 27
5802 1
5803 1
5804 18
5805 48
5806 27
5807 41
5808 85
5809 87
5810 57
5811 85
5812 3
5813 84
5814 5
5815 87
5816 67
5817 2
5818 97
5819 88
5820 88
5821 45
5822 34
5823 31
5824 45
5825 64
5826 0
5827 0
5828 63
5829 28
5830 2
5831 28
5832 4
5833 2
5834 67
5835 59
5836 67
5837 29
5838 29
5839 29
5840 28
5841 32
5842 14
5843 14
5844 14
5845 18
5846 18
5847 41
5848 41
5849 1
5850 41
5851 28
5852 28
5853 50
5854 66
5855 1
5856 56
5857 6
5858 3
5859 6
5860 54
5861 30
5862 66
5863 24
5864 68
5865 24
5866 24
5867 52
5868 4
5869 4
5870 54
5871 89
5872 89
5873 89
5874 65
5875 65
5876 65
5877 18
5878 49
5879 37
5880 18
5881 49
5882 24
5883 4
5884 1
5885 0
5886 55
5887 55
5888 55
5889 25
5890 25
5891 25
5892 25
5893 25
5894 25
5895 96
5896 96
5897 2
5898 2
5899 26
5900 26
5901 78
5902 78
5903 78
5904 11
5905 5
5906 24
5907 6
5908 24
5909 6
5910 63
5911 63
5912 63
5913 50
5914 63
5915 33
5916 4
5917 0
5918 98
5919 61
5920 61
5921 10
5922 2
5923 10
5924 44
5925 44
5926 14
5927 0
5928 22
5929 14
5930 22
5931 14
5932 73
5933 69
5934 69
5935 46
5936 46
5937 5
5938 46
5939 11
5940 76
5941 79
5942 76
5943 86
5944 74
5945 86
5946 86
5947 39
5948 86
5949 0
5950 7
5951 57
5952 56
5953 39
5954 62
5955 62
5956 37
5957 1
5958 39
5959 37
5960 24
5961 24
5962 64
5963 65
5964 64
5965 61
5966 65
5967 49
5968 22
5969 61
5970 3
5971 11
5972 3
5973 11
5974 4
5975 61
5976 38
5977 37
5978 18
5979 74
5980 53
5981 53
5982 48
5983 8
5984 8
5985 8
5986 28
5987 2
5988 76
5989 76
5990 5
5991 4
5992 76
5993 80
5994 28
5995 2
5996 30
5997 3
5998 30
5999 34
6000 34
6001 4
6002 9
6003 4
6004 34
6005 4
6006 24
6007 76
6008 76
6009 24
6010 55
6011 55
6012 55
6013 4
6014 65
6015 2
6016 3
6017 42
6018 42
6019 66
6020 42
6021 2
6022 39
6023 66
6024 37
6025 37
6026 37
6027 49
6028 47
6029 14
6030 14
6031 14
6032 14
6033 14
6034 95
6035 95
6036 95
6037 95
6038 95
6039 18
6040 7
6041 7
6042 7
6043 88
6044 88
6045 9
6046 88
6047 69
6048 67
6049 64
6050 7
6051 12
6052 12
6053 5
6054 76
6055 34
6056 76
6057 76
6058 76
6059 88
6060 9
6061 57
6062 57
6063 41
6064 58
6065 67
6066 89
6067 67
6068 58
6069 7
6070 7
6071 45
6072 2
6073 48
6074 42
6075 3
6076 51
6077 51
6078 56
6079 6
6080 80
6081 22
6082 51
6083 56
6084 51
6085 51
6086 16
6087 15
6088 18
6089 5
6090 5
6091 18
6092 69
6093 3
6094 56
6095 65
6096 65
6097 65
6098 70
6099 63
6100 1
6101 3
6102 63
6103 79
6104 0
6105 2
6106 79
6107 47
6108 47
6109 12
6110 1
6111 11
6112 88
6113 1
6114 11
6115 39
6116 39
6117 38
6118 0
6119 39
6120 48
6121 14
6122 14
6123 81
6124 68
6125 6
6126 6
6127 68
6128 39
6129 1
6130 39
6131 5
6132 43
6133 0
6134 1
6135 59
6136 15
6137 60
6138 59
6139 15
6140 15
6141 15
6142 65
6143 70
6144 47
6145 65
6146 65
6147 62
6148 62
6149 43
6150 92
6151 92
6152 92
6153 38
6154 0
6155 3
6156 35
6157 38
6158 7
6159 7
6160 4
6161 10
6162 10
6163 85
6164 58
6165 85
6166 85
6167 63
6168 91
6169 10
6170 91
6171 91
6172 5
6173 63
6174 52
6175 32
6176 51
6177 38
6178 32
6179 32
6180 32
6181 36
6182 36
6183 18
6184 86
6185 93
6186 97
6187 68
6188 38
6189 2
6190 37
6191 37
6192 10
6193 11
6194 10
6195 86
6196 86
6197 86
6198 50
6199 39
6200 6
6201 11
6202 11
6203 66
6204 66
6205 66
6206 66
6207 66
6208 60
6209 60
6210 60
6211 85
6212 5
6213 85
6214 5
6215 92
6216 92
6217 88
6218 10
6219 10
6220 71
6221 44
6222 71
6223 76
6224 42
6225 56
6226 56
6227 18
6228 44
6229 1
6230 2
6231 61
6232 61
6233 40
6234 40
6235 38
6236 77
6237 40
6238 67
6239 84
6240 8
6241 73
6242 42
6243 3
6244 21
6245 53
6246 96
6247 21
6248 63
6249 76
6250 84
6251 76
6252 76
6253 6
6254 6
6255 13
6256 27
6257 10
6258 32
6259 36
6260 57
6261 66
6262 58
6263 57
6264 57
6265 59
6266 61
6267 51
6268 94
6269 6
6270 87
6271 87
6272 35
6273 35
6274 79
6275 2
6276 35
6277 19
6278 68
6279 19
6280 5
6281 67
6282 3
6283 51
6284 51
6285 3
6286 4
6287 13
6288 13
6289 13
6290 13
6291 13
6292 25
6293 25
6294 25
6295 25
6296 25
6297 87
6298 87
6299 7
6300 0
6301 83
6302 83
6303 69
6304 98
6305 98
6306 2
6307 34
6308 34
6309 66
6310 77
6311 30
6312 30
6313 30
6314 66
6315 67
6316 66
6317 66
6318 66
6319 69
6320 69
6321 72
6322 33
6323 82
6324 33
6325 78
6326 5
6327 5
6328 5
6329 38
6330 38
6331 33
6332 62
6333 33
6334 33
6335 33
6336 20
6337 1
6338 72
6339 72
6340 72
6341 31
6342 31
6343 31
6344 31
6345 85
6346 4
6347 85
6348 37
6349 11
6350 37
6351 37
6352 11
6353 32
6354 32
6355 3
6356 48
6357 48
6358 2
6359 8
6360 53
6361 53
6362 53
6363 53
6364 53
6365 53
6366 38
6367 31
6368 31
6369 31
6370 31
6371 31
6372 64
6373 90
6374 90
6375 90
6376 67
6377 90
6378 32
6379 32
6380 32
6381 32
6382 32
6383 96
6384 1
6385 46
6386 46
6387 0
6388 10
6389 74
6390 63
6391 6
6392 19
6393 91
6394 58
6395 2
6396 91
6397 35
6398 35
6399 35
6400 34
6401 35
6402 37
6403 22
6404 2
6405 4
6406 4
6407 79
6408 79
6409 57
6410 96
6411 96
6412 94
6413 27
6414 78
6415 84
6416 26
6417 6
6418 77
6419 27
6420 27
6421 86
6422 93
6423 86
6424 86
6425 86
6426 67
6427 67
6428 67
6429 67
6430 54
6431 54
6432 3
6433 77
6434 4
6435 74
6436 74
6437 1
6438 24
6439 6
6440 60
6441 60
6442 95
6443 0
6444 85
6445 85
6446 85
6447 50
6448 50
6449 50
6450 50
6451 50
6452 22
6453 22
6454 32
6455 32
6456 32
6457 41
6458 2
6459 55
6460 41
6461 2
6462 70
6463 12
6464 70
6465 70
6466 54
6467 78
6468 70
6469 48
6470 48
6471 25
6472 25
6473 16
6474 25
6475 25
6476 51
6477 51
6478 51
6479 37
6480 51
6481 51
6482 51
6483 49
6484 49
6485 81
6486 70
6487 52
6488 52
6489 9
6490 48
6491 7
6492 48
6493 48
6494 48
6495 7
6496 89
6497 89
6498 89
6499 54
6500 54
6501 54
6502 6
6503 1
6504 51
6505 3
6506 6
6507 87
6508 50
6509 31
6510 7
6511 19
6512 19
6513 19
6514 11
6515 11
6516 75
6517 72
6518 41
6519 1
6520 11
6521 5
6522 50
6523 11
6524 4
6525 95
6526 1
6527 57
6528 6
6529 1
6530 50
6531 60
6532 50
6533 53
6534 53
6535 53
6536 19
6537 19
6538 31
6539 2
6540 2
6541 31
6542 79
6543 79
6544 95
6545 95
6546 88
6547 42
6548 60
6549 69
6550 60
6551 0
6552 3
6553 39
6554 55
6555 70
6556 55
6557 55
6558 48
6559 48
6560 33
6561 44
6562 33
6563 33
6564 33
6565 57
6566 32
6567 33
6568 33
6569 36
6570 44
6571 12
6572 2
6573 12
6574 20
6575 12
6576 2
6577 21
6578 71
6579 21
6580 71
6581 21
6582 1
6583 59
6584 59
6585 59
6586 60
6587 1
6588 15
6589 11
6590 51
6591 37
6592 51
6593 83
6594 83
6595 22
6596 85
6597 4
6598 85
6599 85
6600 4
6601 32
6602 3
6603 11
6604 41
6605 36
6606 67
6607 0
6608 80
6609 80
6610 2
6611 34
6612 0
6613 80
6614 12
6615 12
6616 12
6617 12
6618 3
6619 90
6620 90
6621 46
6622 46
6623 46
6624 40
6625 12
6626 18
6627 5
6628 9
6629 9
6630 19
6631 19
6632 19
6633 95
6634 95
6635 4
6636 97
6637 64
6638 64
6639 64
6640 78
6641 64
6642 17
6643 38
6644 39
6645 67
6646 74
6647 39
6648 92
6649 92
6650 6
6651 96
6652 14
6653 20
6654 84
6655 2
6656 84
6657 78
6658 84
6659 2
6660 1
6661 2
6662 63
6663 63
6664 65
6665 63
6666 76
6667 33
6668 33
6669 43
6670 21
6671 33
6672 48
6673 48
6674 48
6675 48
6676 33
6677 33
6678 33
6679 29
6680 78
6681 78
6682 78
6683 86
6684 62
6685 2
6686 3
6687 54
6688 2
6689 59
6690 76
6691 65
6692 77
6693 24
6694 24
6695 24
6696 24
6697 23
6698 13
6699 13
6700 36
6701 3
6702 53
6703 61
6704 17
6705 17
6706 22
6707 22
6708 22
6709 22
6710 30
6711 30
6712 23
6713 22
6714 6
6715 41
6716 30
6717 55
6718 5
6719 57
6720 15
6721 7
6722 51
6723 8
6724 20
6725 11
6726 2
6727 39
6728 20
6729 11
6730 25
6731 25
6732 3
6733 73
6734 74
6735 17
6736 2
6737 92
6738 29
6739 10
6740 8
6741 8
6742 0
6743 64
6744 6
6745 6
6746 6
6747 6
6748 22
6749 22
6750 39
6751 39
6752 85
6753 0
6754 74
6755 9
6756 75
6757 21
6758 67
6759 42
6760 75
6761 28
6762 73
6763 28
6764 96
6765 2
6766 96
6767 96
6768 53
6769 2
6770 30
6771 30
6772 64
6773 64
6774 64
6775 64
6776 64
6777 77
6778 77
6779 77
6780 56
6781 77
6782 77
6783 38
6784 22
6785 38
6786 47
6787 0
6788 56
6789 56
6790 56
6791 31
6792 56
6793 56
6794 56
6795 8
6796 8
6797 98
6798 8
6799 0
6800 4
6801 92
6802 61
6803 74
6804 59
6805 66
6806 3
6807 61
6808 66
6809 79
6810 33
6811 23
6812 23
6813 23
6814 28
6815 28
6816 28
6817 28
6818 32
6819 32
6820 14
6821 14
6822 14
6823 51
6824 3
6825 53
6826 74
6827 74
6828 78
6829 78
6830 22
6831 78
6832 78
6833 78
6834 8
6835 8
6836 8
6837 8
6838 8
6839 8
6840 8
6841 88
6842 88
6843 91
6844 91
6845 91
6846 81
6847 5
6848 75
6849 75
6850 47
6851 5
6852 62
6853 90
6854 90
6855 90
6856 38
6857 57
6858 91
6859 49
6860 49
6861 49
6862 18
6863 42
6864 42
6865 76
6866 76
6867 54
6868 54
6869 3
6870 94
6871 3
6872 54
6873 41
6874 15
6875 41
6876 41
6877 41
6878 4
6879 11
6880 11
6881 11
6882 36
6883 36
6884 70
6885 70
6886 70
6887 70
6888 70
6889 37
6890 70
6891 70
6892 70
6893 89
6894 59
6895 89
6896 54
6897 54
6898 54
6899 18
6900 18
6901 4
6902 2
6903 18
6904 18
6905 43
6906 43
6907 67
6908 2
6909 6
6910 2
6911 12
6912 30
6913 3
6914 69
6915 74
6916 80
6917 97
6918 80
6919 43
6920 4
6921 2
6922 76
6923 24
6924 4
6925 46
6926 90
6927 67
6928 90
6929 56
6930 6
6931 94
6932 8
6933 35
6934 35
6935 35
6936 35
6937 3
6938 0
6939 18
6940 18
6941 13
6942 13
6943 13
6944 60
6945 60
6946 74
6947 60
6948 83
6949 83
6950 21
6951 83
6952 64
6953 36
6954 91
6955 36
6956 5
6957 64
6958 92
6959 36
6960 82
6961 64
6962 95
6963 32
6964 32
6965 0
6966 24
6967 83
6968 83
6969 55
6970 55
6971 52
6972 31
6973 31
6974 71
6975 71
6976 71
6977 81
6978 51
6979 56
6980 8
6981 96
6982 96
6983 5
6984 64
6985 85
6986 58
6987 49
6988 65
6989 11
6990 47
6991 47
6992 51
6993 28
6994 4
6995 95
6996 95
6997 46
6998 69
6999 2
7000 41
7001 33
7002 30
7003 35
7004 30
7005 94
7006 63
7007 36
7008 36
7009 95
7010 96
7011 96
7012 96
7013 96
7014 5
7015 69
7016 96
7017 20
7018 20
7019 20
7020 48
7021 39
7022 36
7023 48
7024 48
7025 29
7026 36
7027 96
7028 31
7029 1
7030 49
7031 75
7032 49
7033 42
7034 28
7035 42
7036 3
7037 25
7038 25
7039 25
7040 25
7041 25
7042 25
7043 24
7044 2
7045 2
7046 72
7047 0
7048 0
7049 38
7050 80
7051 87
7052 86
7053 80
7054 6
7055 11
7056 6
7057 6
7058 6
7059 63
7060 63
7061 63
7062 74
7063 2
7064 63
7065 74
7066 18
7067 63
7068 36
7069 74
7070 73
7071 73
7072 97
7073 79
7074 7
7075 54
7076 95
7077 85
7078 24
7079 63
7080 63
7081 63
7082 69
7083 41
7084 38
7085 51
7086 41
7087 55
7088 24
7089 55
7090 55
7091 95
7092 81
7093 95
7094 95
7095 11
7096 72
7097 93
7098 72
7099 72
7100 53
7101 59
7102 4
7103 0
7104 72
7105 6
7106 0
7107 95
7108 98
7109 63
7110 95
7111 10
7112 92
7113 94
7114 15
7115 11
7116 11
7117 6
7118 11
7119 9
7120 11
7121 29
7122 28
7123 28
7124 62
7125 22
7126 61
7127 62
7128 62
7129 38
7130 51
7131 38
7132 66
7133 38
7134 51
7135 38
7136 81
7137 8
7138 38
7139 60
7140 38
7141 38
7142 48
7143 30
7144 30
7145 30
7146 30
7147 68
7148 68
7149 68
7150 97
7151 97
7152 35
7153 35
7154 35
7155 43
7156 43
7157 17
7158 15
7159 92
7160 36
7161 36
7162 47
7163 47
7164 47
7165 77
7166 77
7167 77
7168 34
7169 37
7170 37
7171 37
7172 67
7173 4
7174 35
7175 35
7176 35
7177 79
7178 79
7179 63
7180 79
7181 49
7182 22
7183 61
7184 22
7185 32
7186 32
7187 32
7188 59
7189 59
7190 64
7191 59
7192 59
7193 59
7194 59
7195 35
7196 0
7197 6
7198 35
7199 20
7200 0
7201 20
7202 20
7203 42
7204 42
7205 20
7206 51
7207 0
7208 51
7209 3
7210 40
7211 71
7212 40
7213 69
7214 40
7215 40
7216 71
7217 33
7218 33
7219 12
7220 1
7221 75
7222 1
7223 2
7224 81
7225 75
7226 7
7227 69
7228 6
7229 69
7230 6
7231 45
7232 45
7233 2
7234 46
7235 45
7236 94
7237 13
7238 13
7239 13
7240 13
7241 50
7242 50
7243 50
7244 60
7245 7
7246 50
7247 84
7248 8
7249 9
7250 84
7251 59
7252 84
7253 59
7254 0
7255 89
7256 16
7257 2
7258 91
7259 91
7260 33
7261 33
7262 22
7263 0
7264 90
7265 53
7266 79
7267 79
7268 79
7269 91
7270 83
7271 4
7272 79
7273 51
7274 51
7275 4
7276 3
7277 31
7278 31
7279 64
7280 49
7281 84
7282 0
7283 64
7284 49
7285 57
7286 6
7287 98
7288 29
7289 57
7290 50
7291 6
7292 64
7293 57
7294 71
7295 71
7296 71
7297 11
7298 15
7299 75
7300 27
7301 47
7302 47
7303 26
7304 89
7305 89
7306 89
7307 89
7308 89
7309 1
7310 60
7311 89
7312 1
7313 60
7314 75
7315 35
7316 89
7317 89
7318 4
7319 53
7320 53
7321 81
7322 53
7323 53
7324 53
7325 56
7326 53
7327 19
7328 53
7329 53
7330 50
7331 40
7332 50
7333 1
7334 0
7335 11
7336 17
7337 25
7338 66
7339 66
7340 66
7341 66
7342 60
7343 44
7344 44
7345 44
7346 57
7347 44
7348 44
7349 44
7350 97
7351 44
7352 56
7353 44
7354 94
7355 95
7356 19
7357 56
7358 3
7359 56
7360 50
7361 50
7362 62
7363 58
7364 58
7365 58
7366 83
7367 83
7368 53
7369 54
7370 89
7371 37
7372 8
7373 53
7374 78
7375 78
7376 78
7377 58
7378 58
7379 58
7380 9
7381 9
7382 9
7383 9
7384 9
7385 68
7386 6
7387 67
7388 98
7389 98
7390 98
7391 74
7392 84
7393 68
7394 44
7395 74
7396 64
7397 6
7398 6
7399 64
7400 64
7401 64
7402 6
7403 23
7404 58
7405 49
7406 2
7407 25
7408 64
7409 34
7410 21
7411 34
7412 96
7413 8
7414 96
7415 10
7416 97
7417 0
7418 21
7419 21
7420 54
7421 56
7422 9
7423 9
7424 25
7425 25
7426 25
7427 25
7428 25
7429 20
7430 20
7431 22
7432 5
7433 76
7434 76
7435 83
7436 5
7437 30
7438 30
7439 9
7440 26
7441 30
7442 30
7443 29
7444 29
7445 29
7446 29
7447 29
7448 29
7449 29
7450 29
7451 57
7452 5
7453 38
7454 57
7455 75
7456 65
7457 75
7458 75
7459 75
7460 75
7461 75
7462 75
7463 75
7464 55
7465 37
7466 78
7467 58
7468 78
7469 55
7470 38
7471 45
7472 38
7473 38
7474 56
7475 11
7476 78
7477 56
7478 11
7479 31
7480 38
7481 31
7482 90
7483 31
7484 7
7485 7
7486 7
7487 4
7488 75
7489 2
7490 3
7491 45
7492 75
7493 52
7494 75
7495 32
7496 5
7497 47
7498 32
7499 32
7500 32
7501 0
7502 78
7503 88
7504 78
7505 2
7506 93
7507 15
7508 78
7509 78
7510 5
7511 93
7512 78
7513 41
7514 41
7515 41
7516 73
7517 61
7518 12
7519 2
7520 2
7521 12
7522 61
7523 89
7524 9
7525 64
7526 89
7527 24
7528 30
7529 24
7530 13
7531 13
7532 13
7533 13
7534 13
7535 63
7536 31
7537 76
7538 31
7539 45
7540 3
7541 45
7542 59
7543 1
7544 67
7545 45
7546 12
7547 71
7548 12
7549 12
7550 12
7551 8
7552 7
7553 96
7554 96
7555 96
7556 97
7557 97
7558 78
7559 12
7560 2
7561 8
7562 94
7563 2
7564 84
7565 4
7566 47
7567 62
7568 48
7569 43
7570 47
7571 75
7572 57
7573 98
7574 98
7575 58
7576 98
7577 97
7578 50
7579 50
7580 2
7581 50
7582 49
7583 25
7584 49
7585 49
7586 49
7587 67
7588 5
7589 59
7590 19
7591 24
7592 19
7593 51
7594 71
7595 19
7596 36
7597 19
7598 73
7599 19
7600 19
7601 19
7602 48
7603 48
7604 48
7605 36
7606 36
7607 36
7608 22
7609 10
7610 24
7611 91
7612 71
7613 34
7614 34
7615 34
7616 34
7617 88
7618 39
7619 96
7620 57
7621 97
7622 80
7623 57
7624 80
7625 88
7626 38
7627 38
7628 60
7629 39
7630 45
7631 45
7632 65
7633 2
7634 85
7635 86
7636 53
7637 59
7638 15
7639 5
7640 15
7641 18
7642 17
7643 17
7644 12
7645 17
7646 90
7647 94
7648 48
7649 79
7650 79
7651 68
7652 76
7653 79
7654 40
7655 67
7656 92
7657 90
7658 92
7659 65
7660 71
7661 85
7662 88
7663 8
7664 73
7665 8
7666 7
7667 7
7668 8
7669 67
7670 67
7671 90
7672 51
7673 84
7674 0
7675 87
7676 9
7677 40
7678 40
7679 41
7680 24
7681 5
7682 29
7683 29
7684 10
7685 24
7686 60
7687 36
7688 9
7689 54
7690 10
7691 9
7692 35
7693 35
7694 71
7695 59
7696 59
7697 12
7698 66
7699 8
7700 66
7701 39
7702 70
7703 70
7704 72
7705 4
7706 17
7707 2
7708 17
7709 74
7710 2
7711 2
7712 74
7713 74
7714 12
7715 20
7716 72
7717 72
7718 92
7719 2
7720 37
7721 71
7722 2
7723 71
7724 71
7725 56
7726 94
7727 94
7728 30
7729 30
7730 56
7731 39
7732 54
7733 30
7734 51
7735 30
7736 27
7737 27
7738 27
7739 27
7740 80
7741 23
7742 82
7743 40
7744 40
7745 40
7746 6
7747 6
7748 6
7749 72
7750 2
7751 6
7752 97
7753 11
7754 36
7755 36
7756 36
7757 96
7758 1
7759 96
7760 17
7761 30
7762 17
7763 9
7764 17
7765 30
7766 56
7767 69
7768 92
7769 96
7770 10
7771 92
7772 66
7773 92
7774 92
7775 71
7776 39
7777 4
7778 81
7779 81
7780 3
7781 36
7782 0
7783 71
7784 36
7785 83
7786 2
7787 56
7788 4
7789 83
7790 56
7791 83
7792 83
7793 2
7794 67
7795 91
7796 97
7797 65
7798 66
7799 72
7800 3
7801 19
7802 73
7803 92
7804 19
7805 4
7806 56
7807 4
7808 20
7809 51
7810 19
7811 17
7812 63
7813 63
7814 85
7815 91
7816 63
7817 79
7818 48
7819 44
7820 44
7821 95
7822 95
7823 16
7824 2
7825 15
7826 16
7827 72
7828 1
7829 72
7830 72
7831 1
7832 1
7833 72
7834 6
7835 55
7836 89
7837 1
7838 55
7839 89
7840 47
7841 47
7842 22
7843 47
7844 47
7845 47
7846 2
7847 63
7848 2
7849 63
7850 63
7851 91
7852 2
7853 8
7854 4
7855 54
7856 54
7857 8
7858 82
7859 82
7860 2
7861 8
7862 57
7863 21
7864 17
7865 1
7866 21
7867 21
7868 29
7869 87
7870 29
7871 29
7872 87
7873 87
7874 0
7875 90
7876 36
7877 36
7878 36
7879 36
7880 56
7881 56
7882 34
7883 34
7884 38
7885 86
7886 63
7887 10
7888 10
7889 60
7890 16
7891 8
7892 2
7893 5
7894 95
7895 5
7896 95
7897 78
7898 58
7899 70
7900 1
7901 8
7902 5
7903 28
7904 8
7905 9
7906 36
7907 8
7908 5
7909 36
7910 8
7911 8
7912 6
7913 24
7914 8
7915 8
7916 8
7917 8
7918 97
7919 97
7920 97
7921 35
7922 98
7923 98
7924 98
7925 93
7926 98
7927 98
7928 83
7929 83
7930 83
7931 72
7932 72
7933 72
7934 42
7935 61
7936 64
7937 3
7938 5
7939 64
7940 62
7941 67
7942 67
7943 74
7944 38
7945 38
7946 38
7947 38
7948 38
7949 38
7950 48
7951 48
7952 70
7953 43
7954 48
7955 49
7956 49
7957 59
7958 62
7959 59
7960 53
7961 62
7962 31
7963 4
7964 96
7965 61
7966 96
7967 60
7968 61
7969 12
7970 13
7971 40
7972 40
7973 17
7974 59
7975 7
7976 62
7977 46
7978 58
7979 46
7980 17
7981 17
7982 46
7983 91
7984 0
7985 0
7986 72
7987 0
7988 50
7989 48
7990 53
7991 48
7992 66
7993 66
7994 66
7995 60
7996 5
7997 48
7998 94
7999 44
8000 11
8001 68
8002 31
8003 60
8004 5
8005 80
8006 46
8007 23
8008 80
8009 22
8010 67
8011 10
8012 4
8013 5
8014 9
8015 51
8016 1
8017 5
8018 51
8019 81
8020 91
8021 11
8022 0
8023 94
8024 40
8025 0
8026 67
8027 67
8028 67
8029 61
8030 41
8031 41
8032 51
8033 52
8034 51
8035 6
8036 51
8037 51
8038 77
8039 23
8040 52
8041 56
8042 56
8043 24
8044 56
8045 22
8046 22
8047 24
8048 8
8049 22
8050 22
8051 65
8052 2
8053 45
8054 10
8055 40
8056 10
8057 10
8058 23
8059 10
8060 94
8061 25
8062 25
8063 72
8064 1
8065 0
8066 38
8067 35
8068 66
8069 66
8070 82
8071 92
8072 44
8073 85
8074 92
8075 86
8076 0
8077 86
8078 86
8079 55
8080 55
8081 51
8082 64
8083 1
8084 6
8085 6
8086 33
8087 33
8088 33
8089 76
8090 76
8091 76
8092 76
8093 11
8094 2
8095 52
8096 52
8097 62
8098 52
8099 78
8100 78
8101 78
8102 86
8103 16
8104 42
8105 13
8106 13
8107 13
8108 36
8109 36
8110 36
8111 70
8112 96
8113 96
8114 96
8115 68
8116 68
8117 68
8118 94
8119 94
8120 88
8121 1
8122 47
8123 47
8124 65
8125 65
8126 65
8127 82
8128 82
8129 59
8130 59
8131 59
8132 52
8133 52
8134 52
8135 59
8136 59
8137 66
8138 4
8139 1
8140 4
8141 43
8142 43
8143 43
8144 86
8145 43
8146 43
8147 43
8148 22
8149 22
8150 35
8151 35
8152 35
8153 35
8154 43
8155 28
8156 28
8157 3
8158 57
8159 57
8160 65
8161 57
8162 98
8163 82
8164 98
8165 94
8166 60
8167 6
8168 4
8169 95
8170 52
8171 60
8172 53
8173 53
8174 59
8175 6
8176 59
8177 71
8178 98
8179 71
8180 80
8181 80
8182 2
8183 83
8184 83
8185 83
8186 80
8187 78
8188 94
8189 60
8190 60
8191 76
8192 76
8193 54
8194 4
8195 10
8196 72
8197 65
8198 72
8199 69
8200 16
8201 63
8202 16
8203 13
8204 13
8205 14
8206 1
8207 67
8208 1
8209 70
8210 5
8211 59
8212 39
8213 39
8214 83
8215 83
8216 38
8217 52
8218 91
8219 11
8220 58
8221 38
8222 40
8223 38
8224 5
8225 91
8226 73
8227 50
8228 72
8229 72
8230 72
8231 72
8232 35
8233 9
8234 35
8235 95
8236 95
8237 2
8238 95
8239 4
8240 91
8241 91
8242 91
8243 4
8244 94
8245 31
8246 2
8247 71
8248 3
8249 63
8250 66
8251 66
8252 66
8253 66
8254 67
8255 93
8256 11
8257 46
8258 92
8259 56
8260 10
8261 10
8262 51
8263 69
8264 32
8265 32
8266 32
8267 0
8268 6
8269 24
8270 24
8271 43
8272 43
8273 43
8274 43
8275 49
8276 98
8277 49
8278 98
8279 38
8280 38
8281 0
8282 38
8283 60
8284 60
8285 60
8286 60
8287 60
8288 44
8289 5
8290 44
8291 36
8292 36
8293 77
8294 49
8295 49
8296 49
8297 12
8298 0
8299 77
8300 77
8301 21
8302 22
8303 21
8304 15
8305 0
8306 76
8307 76
8308 75
8309 90
8310 90
8311 75
8312 37
8313 37
8314 80
8315 85
8316 82
8317 15
8318 15
8319 85
8320 2
8321 15
8322 62
8323 92
8324 68
8325 68
8326 46
8327 46
8328 46
8329 46
8330 27
8331 27
8332 29
8333 29
8334 29
8335 89
8336 3
8337 16
8338 45
8339 16
8340 65
8341 65
8342 5
8343 66
8344 4
8345 65
8346 89
8347 50
8348 11
8349 48
8350 50
8351 91
8352 90
8353 92
8354 70
8355 92
8356 0
8357 2
8358 49
8359 49
8360 0
8361 4
8362 35
8363 54
8364 92
8365 35
8366 6
8367 15
8368 70
8369 70
8370 60
8371 70
8372 7
8373 7
8374 7
8375 20
8376 20
8377 41
8378 1
8379 58
8380 41
8381 41
8382 0
8383 87
8384 41
8385 95
8386 2
8387 2
8388 95
8389 46
8390 4
8391 46
8392 46
8393 10
8394 10
8395 10
8396 57
8397 3
8398 10
8399 13
8400 13
8401 13
8402 13
8403 8
8404 8
8405 8
8406 49
8407 77
8408 55
8409 2
8410 54
8411 55
8412 55
8413 84
8414 41
8415 41
8416 41
8417 69
8418 1
8419 20
8420 20
8421 20
8422 20
8423 20
8424 50
8425 70
8426 70
8427 70
8428 75
8429 87
8430 52
8431 58
8432 54
8433 0
8434 52
8435 81
8436 0
8437 0
8438 16
8439 39
8440 98
8441 39
8442 72
8443 68
8444 72
8445 66
8446 66
8447 55
8448 92
8449 25
8450 55
8451 58
8452 52
8453 78
8454 0
8455 78
8456 5
8457 83
8458 83
8459 64
8460 9
8461 12
8462 10
8463 97
8464 1
8465 9
8466 50
8467 50
8468 84
8469 84
8470 96
8471 96
8472 96
8473 57
8474 57
8475 57
8476 57
8477 63
8478 5
8479 57
8480 21
8481 21
8482 1
8483 21
8484 1
8485 21
8486 63
8487 64
8488 72
8489 58
8490 4
8491 41
8492 59
8493 41
8494 59
8495 47
8496 47
8497 47
8498 47
8499 24
8500 58
8501 41
8502 1
8503 92
8504 13
8505 13
8506 13
8507 40
8508 40
8509 29
8510 29
8511 40
8512 85
8513 5
8514 85
8515 85
8516 87
8517 20
8518 0
8519 0
8520 86
8521 69
8522 2
8523 52
8524 9
8525 9
8526 67
8527 9
8528 9
8529 36
8530 1
8531 1
8532 36
8533 55
8534 55
8535 55
8536 12
8537 0
8538 27
8539 9
8540 69
8541 29
8542 69
8543 69
8544 15
8545 5
8546 21
8547 25
8548 25
8549 79
8550 19
8551 79
8552 79
8553 54
8554 37
8555 10
8556 28
8557 19
8558 10
8559 56
8560 79
8561 16
8562 16
8563 16
8564 0
8565 82
8566 91
8567 43
8568 3
8569 67
8570 16
8571 5
8572 16
8573 16
8574 16
8575 93
8576 5
8577 26
8578 16
8579 81
8580 81
8581 81
8582 50
8583 73
8584 51
8585 13
8586 14
8587 13
8588 13
8589 13
8590 13
8591 13
8592 40
8593 14
8594 14
8595 93
8596 93
8597 93
8598 93
8599 50
8600 50
8601 50
8602 5
8603 16
8604 16
8605 88
8606 2
8607 88
8608 88
8609 71
8610 2
8611 66
8612 54
8613 71
8614 71
8615 98
8616 51
8617 50
8618 27
8619 27
8620 46
8621 46
8622 10
8623 0
8624 3
8625 46
8626 68
8627 68
8628 4
8629 68
8630 42
8631 42
8632 54
8633 87
8634 24
8635 15
8636 6
8637 3
8638 6
8639 96
8640 96
8641 63
8642 57
8643 57
8644 57
8645 57
8646 70
8647 80
8648 80
8649 80
8650 80
8651 74
8652 46
8653 33
8654 16
8655 41
8656 8
8657 1
8658 8
8659 6
8660 52
8661 52
8662 43
8663 38
8664 64
8665 80
8666 80
8667 71
8668 71
8669 3
8670 0
8671 1
8672 35
8673 35
8674 97
8675 31
8676 41
8677 71
8678 73
8679 43
8680 31
8681 1
8682 73
8683 46
8684 78
8685 75
8686 46
8687 78
8688 16
8689 63
8690 71
8691 83
8692 83
8693 68
8694 68
8695 3
8696 96
8697 52
8698 52
8699 88
8700 88
8701 5
8702 36
8703 88
8704 7
8705 31
8706 31
8707 38
8708 38
8709 38
8710 38
8711 48
8712 30
8713 29
8714 48
8715 30
8716 85
8717 6
8718 0
8719 6
8720 6
8721 97
8722 97
8723 4
8724 4
8725 78
8726 4
8727 24
8728 90
8729 90
8730 90
8731 20
8732 62
8733 5
8734 20
8735 54
8736 23
8737 50
8738 84
8739 96
8740 50
8741 21
8742 21
8743 71
8744 74
8745 49
8746 49
8747 61
8748 61
8749 26
8750 26
8751 26
8752 36
8753 36
8754 36
8755 34
8756 34
8757 34
8758 45
8759 45
8760 25
8761 25
8762 25
8763 25
8764 25
8765 25
8766 0
8767 80
8768 75
8769 2
8770 28
8771 6
8772 54
8773 5
8774 54
8775 54
8776 54
8777 83
8778 83
8779 54
8780 5
8781 24
8782 92
8783 72
8784 97
8785 89
8786 10
8787 34
8788 24
8789 39
8790 65
8791 0
8792 65
8793 63
8794 80
8795 80
8796 65
8797 33
8798 65
8799 4
8800 56
8801 60
8802 60
8803 39
8804 94
8805 50
8806 50
8807 79
8808 79
8809 79
8810 55
8811 31
8812 8
8813 58
8814 10
8815 28
8816 28
8817 58
8818 74
8819 62
8820 58
8821 74
8822 50
8823 50
8824 50
8825 50
8826 50
8827 80
8828 80
8829 70
8830 71
8831 31
8832 31
8833 37
8834 9
8835 9
8836 9
8837 10
8838 62
8839 9
8840 19
8841 19
8842 54
8843 54
8844 1
8845 91
8846 91
8847 3
8848 26
8849 6
8850 2
8851 91
8852 6
8853 45
8854 74
8855 10
8856 4
8857 45
8858 39
8859 37
8860 54
8861 37
8862 11
8863 16
8864 11
8865 62
8866 74
8867 74
8868 78
8869 78
8870 22
8871 48
8872 48
8873 48
8874 72
8875 72
8876 48
8877 45
8878 45
8879 84
8880 2
8881 24
8882 50
8883 24
8884 24
8885 50
8886 7
8887 7
8888 7
8889 83
8890 10
8891 13
8892 13
8893 13
8894 42
8895 78
8896 6
8897 78
8898 6
8899 26
8900 44
8901 1
8902 72
8903 95
8904 67
8905 67
8906 88
8907 67
8908 25
8909 25
8910 25
8911 25
8912 25
8913 26
8914 22
8915 0
8916 11
8917 60
8918 0
8919 69
8920 80
8921 80
8922 4
8923 5
8924 80
8925 54
8926 5
8927 54
8928 54
8929 11
8930 10
8931 60
8932 80
8933 80
8934 96
8935 5
8936 96
8937 16
8938 1
8939 48
8940 48
8941 7
8942 78
8943 78
8944 78
8945 78
8946 78
8947 17
8948 13
8949 17
8950 14
8951 14
8952 14
8953 14
8954 26
8955 7
8956 44
8957 44
8958 90
8959 19
8960 90
8961 90
8962 2
8963 22
8964 22
8965 81
8966 3
8967 2
8968 21
8969 22
8970 81
8971 33
8972 72
8973 15
8974 72
8975 72
8976 50
8977 75
8978 72
8979 57
8980 13
8981 95
8982 60
8983 60
8984 39
8985 39
8986 39
8987 39
8988 39
8989 96
8990 96
8991 96
8992 96
8993 42
8994 42
8995 57
8996 66
8997 82
8998 15
8999 15
9000 49
9001 49
9002 70
9003 23
9004 2
9005 70
9006 23
9007 74
9008 70
9009 37
9010 96
9011 96
9012 27
9013 27
9014 85
9015 59
9016 53
9017 59
9018 12
9019 12
9020 12
9021 89
9022 89
9023 74
9024 74
9025 74
9026 18
9027 37
9028 85
9029 19
9030 76
9031 55
9032 7
9033 7
9034 75
9035 77
9036 76
9037 77
9038 77
9039 81
9040 81
9041 81
9042 81
9043 65
9044 63
9045 65
9046 72
9047 78
9048 65
9049 44
9050 11
9051 45
9052 72
9053 72
9054 72
9055 55
9056 66
9057 6
9058 54
9059 55
9060 55
9061 66
9062 37
9063 1
9064 37
9065 57
9066 1
9067 55
9068 71
9069 55
9070 55
9071 55
9072 94
9073 17
9074 64
9075 23
9076 23
9077 3
9078 79
9079 52
9080 52
9081 26
9082 26
9083 92
9084 26
9085 10
9086 26
9087 92
9088 92
9089 55
9090 92
9091 26
9092 8
9093 44
9094 81
9095 38
9096 51
9097 51
9098 82
9099 84
9100 82
9101 82
9102 73
9103 31
9104 5
9105 34
9106 44
9107 71
9108 27
9109 27
9110 27
9111 6
9112 79
9113 72
9114 47
9115 79
9116 79
9117 71
9118 71
9119 63
9120 63
9121 67
9122 63
9123 21
9124 58
9125 21
9126 80
9127 0
9128 43
9129 80
9130 0
9131 66
9132 67
9133 66
9134 4
9135 73
9136 67
9137 57
9138 11
9139 62
9140 28
9141 94
9142 94
9143 94
9144 86
9145 86
9146 79
9147 5
9148 15
9149 3
9150 17
9151 0
9152 98
9153 43
9154 2
9155 63
9156 63
9157 63
9158 63
9159 65
9160 14
9161 14
9162 14
9163 19
9164 54
9165 4
9166 57
9167 57
9168 53
9169 53
9170 46
9171 90
9172 95
9173 53
9174 90
9175 84
9176 95
9177 18
9178 68
9179 5
9180 18
9181 18
9182 70
9183 70
9184 87
9185 6
9186 70
9187 89
9188 12
9189 89
9190 89
9191 89
9192 12
9193 82
9194 2
9195 0
9196 0
9197 0
9198 2
9199 1
9200 65
9201 65
9202 27
9203 27
9204 68
9205 57
9206 68
9207 0
9208 72
9209 35
9210 57
9211 68
9212 14
9213 14
9214 14
9215 14
9216 14
9217 77
9218 77
9219 33
9220 33
9221 87
9222 33
9223 33
9224 54
9225 2
9226 9
9227 97
9228 82
9229 82
9230 82
9231 82
9232 82
9233 82
9234 82
9235 82
9236 17
9237 91
9238 82
9239 82
9240 82
9241 50
9242 5
9243 58
9244 8
9245 50
9246 38
9247 38
9248 38
9249 38
9250 73
9251 74
9252 18
9253 15
9254 26
9255 26
9256 1
9257 26
9258 78
9259 74
9260 74
9261 74
9262 74
9263 59
9264 74
9265 74
9266 18
9267 18
9268 71
9269 4
9270 50
9271 65
9272 50
9273 2
9274 50
9275 61
9276 61
9277 61
9278 95
9279 61
9280 53
9281 23
9282 23
9283 18
9284 21
9285 23
9286 23
9287 23
9288 12
9289 72
9290 64
9291 40
9292 34
9293 64
9294 51
9295 94
9296 51
9297 65
9298 65
9299 65
9300 24
9301 20
9302 24
9303 20
9304 96
9305 63
9306 7
9307 85
9308 60
9309 91
9310 8
9311 24
9312 85
9313 62
9314 8
9315 60
9316 38
9317 38
9318 19
9319 19
9320 5
9321 93
9322 65
9323 73
9324 5
9325 65
9326 42
9327 42
9328 34
9329 76
9330 34
9331 5
9332 34
9333 47
9334 47
9335 5
9336 47
9337 89
9338 88
9339 89
9340 47
9341 78
9342 8
9343 17
9344 44
9345 59
9346 5
9347 44
9348 62
9349 22
9350 22
9351 53
9352 53
9353 74
9354 87
9355 74
9356 11
9357 74
9358 74
9359 74
9360 77
9361 83
9362 77
9363 77
9364 77
9365 77
9366 56
9367 2
9368 56
9369 48
9370 2
9371 37
9372 12
9373 6
9374 50
9375 50
9376 81
9377 43
9378 97
9379 67
9380 89
9381 90
9382 11
9383 90
9384 87
9385 64
9386 89
9387 68
9388 11
9389 87
9390 91
9391 26
9392 91
9393 91
9394 91
9395 91
9396 91
9397 85
9398 22
9399 65
9400 86
9401 85
9402 24
9403 24
9404 24
9405 74
9406 0
9407 74
9408 14
9409 14
9410 13
9411 13
9412 34
9413 70
9414 95
9415 1
9416 30
9417 4
9418 44
9419 5
9420 96
9421 55
9422 96
9423 34
9424 87
9425 55
9426 20
9427 91
9428 91
9429 38
9430 38
9431 1
9432 42
9433 42
9434 42
9435 49
9436 49
9437 96
9438 96
9439 77
9440 31
9441 13
9442 14
9443 13
9444 13
9445 14
9446 15
9447 13
9448 13
9449 8
9450 40
9451 8
9452 8
9453 69
9454 69
9455 42
9456 69
9457 36
9458 91
9459 36
9460 27
9461 10
9462 9
9463 91
9464 27
9465 36
9466 9
9467 36
9468 83
9469 83
9470 66
9471 8
9472 50
9473 63
9474 12
9475 12
9476 8
9477 25
9478 25
9479 25
9480 25
9481 9
9482 8
9483 45
9484 19
9485 19
9486 80
9487 19
9488 0
9489 16
9490 0
9491 97
9492 16
9493 67
9494 67
9495 57
9496 20
9497 6
9498 80
9499 74
9500 90
9501 90
9502 90
9503 82
9504 82
9505 69
9506 2
9507 68
9508 65
9509 68
9510 68
9511 44
9512 44
9513 90
9514 74
9515 44
9516 0
9517 44
9518 20
9519 20
9520 20
9521 76
9522 76
9523 76
9524 76
9525 76
9526 52
9527 52
9528 6
9529 65
9530 64
9531 12
9532 6
9533 4
9534 32
9535 0
9536 32
9537 17
9538 20
9539 17
9540 67
9541 67
9542 7
9543 85
9544 15
9545 15
9546 12
9547 70
9548 4
9549 4
9550 4
9551 16
9552 42
9553 58
9554 42
9555 42
9556 3
9557 31
9558 35
9559 6
9560 2
9561 35
9562 6
9563 37
9564 37
9565 37
9566 37
9567 53
9568 53
9569 70
9570 68
9571 70
9572 8
9573 3
9574 78
9575 8
9576 91
9577 91
9578 16
9579 16
9580 16
9581 42
9582 33
9583 40
9584 33
9585 44
9586 42
9587 55
9588 6
9589 4
9590 8
9591 55
9592 89
9593 85
9594 85
9595 3
9596 61
9597 61
9598 61
9599 98
9600 93
9601 98
9602 58
9603 58
9604 39
9605 2
9606 2
9607 46
9608 39
9609 23
9610 10
9611 67
9612 31
9613 31
9614 80
9615 5
9616 10
9617 92
9618 36
9619 16
9620 14
9621 44
9622 16
9623 10
9624 13
9625 90
9626 90
9627 97
9628 97
9629 97
9630 97
9631 16
9632 16
9633 10
9634 73
9635 10
9636 73
9637 91
9638 91
9639 91
9640 4
9641 4
9642 91
9643 91
9644 26
9645 14
9646 12
9647 16
9648 6
9649 95
9650 95
9651 95
9652 4
9653 95
9654 29
9655 39
9656 29
9657 29
9658 29
9659 36
9660 9
9661 3
9662 52
9663 55
9664 86
9665 10
9666 3
9667 86
9668 79
9669 1
9670 57
9671 26
9672 34
9673 41
9674 2
9675 2
9676 34
9677 22
9678 31
9679 88
9680 23
9681 88
9682 88
9683 9
9684 22
9685 9
9686 2
9687 70
9688 9
9689 12
9690 1
9691 1
9692 84
9693 84
9694 22
9695 32
9696 7
9697 5
9698 64
9699 5
9700 59
9701 59
9702 5
9703 67
9704 59
9705 59
9706 63
9707 67
9708 96
9709 0
9710 34
9711 87
9712 87
9713 74
9714 6
9715 74
9716 60
9717 9
9718 60
9719 60
9720 30
9721 30
9722 49
9723 49
9724 89
9725 3
9726 45
9727 21
9728 47
9729 75
9730 75
9731 75
9732 7
9733 7
9734 40
9735 7
9736 46
9737 7
9738 83
9739 83
9740 20
9741 20
9742 20
9743 5
9744 90
9745 10
9746 5
9747 20
9748 54
9749 3
9750 68
9751 41
9752 53
9753 3
9754 0
9755 90
9756 73
9757 73
9758 88
9759 90
9760 90
9761 45
9762 45
9763 47
9764 47
9765 47
9766 44
9767 87
9768 87
9769 9
9770 55
9771 55
9772 71
9773 1
9774 7
9775 7
9776 43
9777 7
9778 43
9779 85
9780 85
9781 85
9782 0
9783 75
9784 75
9785 75
9786 87
9787 32
9788 68
9789 68
9790 11
9791 77
9792 78
9793 69
9794 4
9795 4
9796 76
9797 0
9798 76
9799 14
9800 14
9801 24
9802 79
9803 0
9804 83
9805 38
9806 6
9807 5
9808 5
9809 56
9810 56
9811 90
9812 88
9813 90
9814 71
9815 71
9816 76
9817 67
9818 22
9819 22
9820 67
9821 84
9822 84
9823 84
9824 84
9825 53
9826 36
9827 2
9828 2
9829 71
9830 71
9831 38
9832 71
9833 71
9834 71
9835 61
9836 10
9837 10
9838 40
9839 40
9840 66
9841 81
9842 66
9843 67
9844 68
9845 68
9846 4
9847 9
9848 68
9849 51
9850 58
9851 0
9852 0
9853 19
9854 19
9855 19
9856 72
9857 72
9858 77
9859 77
9860 64
9861 2
9862 82
9863 82
9864 82
9865 82
9866 82
9867 11
9868 86
9869 11
9870 11
9871 11
9872 11
9873 5
9874 4
9875 11
9876 11
9877 45
9878 4
9879 4
9880 38
9881 45
9882 46
9883 46
9884 24
9885 11
9886 23
9887 13
9888 51
9889 52
9890 53
9891 11
9892 4
9893 87
9894 11
9895 45
9896 45
9897 80
9898 80
9899 11
9900 80
9901 28
9902 28
9903 80
9904 20
9905 5
9906 38
9907 45
9908 42
9909 72
9910 76
9911 44
9912 91
9913 83
9914 76
9915 17
9916 67
9917 17
9918 12
9919 17
9920 17
9921 43
9922 43
9923 4
9924 43
9925 58
9926 58
9927 4
9928 97
9929 2
9930 97
9931 44
9932 97
9933 53
9934 30
9935 6
9936 53
9937 86
9938 86
9939 16
9940 16
9941 16
9942 98
9943 98
9944 98
9945 98
9946 15
9947 15
9948 84
9949 85
9950 84
9951 84
9952 85
9953 16
9954 1
9955 16
9956 16
9957 94
9958 42
9959 16
9960 93
9961 93
9962 93
9963 93
9964 93
9965 44
9966 1
9967 1
9968 13
9969 3
9970 13
9971 13
9972 79
9973 79
9974 75
9975 2
9976 31
9977 21
9978 4
9979 21
9980 37
9981 37
9982 92
9983 92
9984 92
9985 83
9986 83
9987 46
9988 82
9989 82
9990 39
9991 79
9992 50
9993 16
9994 16
9995 16
9996 22
9997 33
9998 34
9999 33
