5000 303
5001 1040
5002 1832
5003 1211
5004 209
5005 1377
5006 538
5007 181
5008 759
5009 194
5010 91
5011 751
5012 1579
5013 1332
5014 1593
5015 1241
5016 1012
5017 375
5018 1836
5019 1377
5020 190
5021 1913
5022 880
5023 822
5024 396
5025 105
5026 1387
5027 191
5028 192
5029 572
5030 1729
5031 847
5032 1946
5033 1035
5034 739
5035 331
5036 966
5037 794
5038 1093
5039 1652
5040 45
5041 1560
5042 1605
5043 1843
5044 1956
5045 1905
5046 574
5047 972
5048 1404
5049 847
5050 757
5051 231
5052 257
5053 1605
5054 1084
5055 600
5056 1108
5057 471
5058 1998
5059 1542
5060 1377
5061 859
5062 869
5063 348
5064 225
5065 1860
5066 1912
5067 1072
5068 1114
5069 1629
5070 25
5071 758
5072 79
5073 1936
5074 1975
5075 1492
5076 864
5077 1377
5078 538
5079 1511
5080 732
5081 1974
5082 1409
5083 1264
5084 724
5085 1964
5086 1216
5087 367
5088 365
5089 1925
5090 496
5091 1639
5092 1472
5093 1801
5094 977
5095 1762
5096 205
5097 695
5098 332
5099 977
5100 1215
5101 1654
5102 1504
5103 176
5104 222
5105 1962
5106 724
5107 1878
5108 1377
5109 1696
5110 1253
5111 1415
5112 1093
5113 1136
5114 1066
5115 947
5116 1472
5117 349
5118 165
5119 528
5120 1058
5121 401
5122 1773
5123 1481
5124 244
5125 105
5126 934
5127 798
5128 649
5129 23
5130 1630
5131 1799
5132 141
5133 140
5134 1906
5135 326
5136 1198
5137 364
5138 1377
5139 1808
5140 1397
5141 1719
5142 1123
5143 1316
5144 441
5145 366
5146 1717
5147 1679
5148 1917
5149 678
5150 810
5151 1030
5152 522
5153 267
5154 1661
5155 1377
5156 1668
5157 1269
5158 1642
5159 758
5160 1010
5161 1056
5162 576
5163 1008
5164 1523
5165 68
5166 802
5167 583
5168 899
5169 1405
5170 311
5171 1028
5172 291
5173 1232
5174 1211
5175 1377
5176 41
5177 1584
5178 1758
5179 599
5180 1451
5181 7
5182 579
5183 10
5184 472
5185 289
5186 1809
5187 1435
5188 688
5189 469
5190 1963
5191 918
5192 914
5193 1241
5194 381
5195 1646
5196 1029
5197 398
5198 925
5199 168
5200 1233
5201 280
5202 111
5203 1720
5204 820
5205 250
5206 854
5207 1312
5208 1247
5209 667
5210 377
5211 526
5212 150
5213 1313
5214 84
5215 1452
5216 678
5217 1001
5218 1496
5219 289
5220 650
5221 1114
5222 1551
5223 1850
5224 1683
5225 1296
5226 471
5227 1763
5228 335
5229 1243
5230 1531
5231 317
5232 820
5233 1523
5234 799
5235 1588
5236 1133
5237 100
5238 1252
5239 116
5240 607
5241 1574
5242 1605
5243 879
5244 1051
5245 1973
5246 1467
5247 1237
5248 1674
5249 683
5250 1304
5251 663
5252 1074
5253 636
5254 1108
5255 715
5256 1762
5257 958
5258 1871
5259 587
5260 28
5261 1284
5262 1304
5263 1162
5264 106
5265 1236
5266 1756
5267 76
5268 636
5269 145
5270 150
5271 1053
5272 566
5273 1630
5274 613
5275 1312
5276 181
5277 1904
5278 189
5279 1725
5280 181
5281 212
5282 148
5283 1108
5284 663
5285 195
5286 26
5287 1312
5288 1074
5289 1717
5290 522
5291 1312
5292 1403
5293 1893
5294 659
5295 1726
5296 1886
5297 1143
5298 1655
5299 723
5300 270
5301 138
5302 667
5303 873
5304 510
5305 729
5306 346
5307 939
5308 1408
5309 626
5310 449
5311 1011
5312 1390
5313 708
5314 254
5315 406
5316 1121
5317 837
5318 1607
5319 1826
5320 433
5321 1609
5322 196
5323 496
5324 926
5325 1879
5326 607
5327 435
5328 1263
5329 1762
5330 1827
5331 1245
5332 160
5333 404
5334 314
5335 1394
5336 1646
5337 1108
5338 229
5339 396
5340 1568
5341 1072
5342 1831
5343 1536
5344 1312
5345 1262
5346 1559
5347 60
5348 1316
5349 1988
5350 1235
5351 743
5352 869
5353 1413
5354 1024
5355 1697
5356 55
5357 454
5358 1015
5359 1338
5360 381
5361 1604
5362 462
5363 357
5364 559
5365 1338
5366 1992
5367 683
5368 284
5369 441
5370 394
5371 335
5372 1452
5373 1304
5374 560
5375 584
5376 1541
5377 195
5378 280
5379 33
5380 632
5381 395
5382 976
5383 1344
5384 663
5385 691
5386 887
5387 655
5388 198
5389 70
5390 610
5391 566
5392 1484
5393 1711
5394 516
5395 1785
5396 284
5397 747
5398 1312
5399 796
5400 1562
5401 1343
5402 1106
5403 1485
5404 1311
5405 232
5406 1170
5407 1106
5408 1839
5409 361
5410 695
5411 1311
5412 66
5413 1772
5414 967
5415 1537
5416 797
5417 972
5418 1497
5419 1950
5420 857
5421 900
5422 362
5423 1563
5424 705
5425 1946
5426 786
5427 1806
5428 181
5429 1159
5430 1017
5431 1338
5432 1604
5433 1573
5434 1587
5435 1006
5436 505
5437 757
5438 314
5439 948
5440 526
5441 1822
5442 1467
5443 911
5444 1690
5445 1923
5446 1129
5447 314
5448 1446
5449 610
5450 1347
5451 1739
5452 1331
5453 959
5454 395
5455 1063
5456 193
5457 1504
5458 1414
5459 1311
5460 550
5461 176
5462 37
5463 44
5464 1146
5465 405
5466 486
5467 43
5468 1347
5469 1470
5470 1311
5471 704
5472 663
5473 1114
5474 287
5475 176
5476 1311
5477 331
5478 1946
5479 757
5480 505
5481 1539
5482 427
5483 23
5484 1123
5485 497
5486 974
5487 11
5488 1311
5489 831
5490 1143
5491 1633
5492 1806
5493 364
5494 1372
5495 449
5496 1895
5497 1258
5498 679
5499 1884
5500 1541
5501 914
5502 669
5503 810
5504 1979
5505 1815
5506 38
5507 1658
5508 1396
5509 1180
5510 1340
5511 160
5512 265
5513 1604
5514 683
5515 121
5516 1758
5517 1892
5518 1193
5519 722
5520 589
5521 1957
5522 1394
5523 1146
5524 722
5525 1250
5526 1604
5527 1804
5528 1024
5529 1871
5530 165
5531 1005
5532 1316
5533 889
5534 951
5535 1584
5536 460
5537 614
5538 690
5539 1976
5540 1311
5541 1461
5542 47
5543 1854
5544 550
5545 573
5546 982
5547 1235
5548 465
5549 271
5550 1926
5551 807
5552 983
5553 1311
5554 1311
5555 359
5556 131
5557 1604
5558 699
5559 565
5560 176
5561 1434
5562 81
5563 554
5564 1198
5565 381
5566 497
5567 511
5568 1939
5569 1253
5570 559
5571 1149
5572 1648
5573 716
5574 554
5575 71
5576 755
5577 1950
5578 1441
5579 288
5580 181
5581 1755
5582 1395
5583 1316
5584 1458
5585 1045
5586 1170
5587 1106
5588 791
5589 591
5590 38
5591 529
5592 876
5593 1845
5594 1815
5595 1695
5596 35
5597 1642
5598 1129
5599 1736
5600 206
5601 1476
5602 56
5603 1888
5604 45
5605 829
5606 534
5607 59
5608 1142
5609 1579
5610 775
5611 535
5612 16
5613 1481
5614 522
5615 920
5616 1625
5617 490
5618 438
5619 1766
5620 280
5621 1177
5622 830
5623 328
5624 222
5625 1185
5626 1969
5627 491
5628 1916
5629 675
5630 649
5631 114
5632 782
5633 1822
5634 332
5635 960
5636 363
5637 311
5638 244
5639 1755
5640 1086
5641 1369
5642 1329
5643 1755
5644 974
5645 1090
5646 940
5647 343
5648 644
5649 921
5650 237
5651 1881
5652 1148
5653 1519
5654 1001
5655 209
5656 578
5657 433
5658 66
5659 56
5660 1076
5661 949
5662 622
5663 790
5664 1836
5665 1436
5666 342
5667 317
5668 359
5669 693
5670 1119
5671 483
5672 1722
5673 883
5674 963
5675 425
5676 377
5677 827
5678 1696
5679 1469
5680 1755
5681 1445
5682 920
5683 1556
5684 1555
5685 791
5686 1885
5687 477
5688 1826
5689 1935
5690 747
5691 1012
5692 328
5693 622
5694 1173
5695 311
5696 195
5697 142
5698 1186
5699 1755
5700 1080
5701 1604
5702 1127
5703 105
5704 1754
5705 981
5706 597
5707 1922
5708 1863
5709 1106
5710 38
5711 1119
5712 280
5713 762
5714 1755
5715 228
5716 826
5717 1694
5718 1961
5719 574
5720 669
5721 1185
5722 1688
5723 724
5724 1013
5725 1793
5726 209
5727 880
5728 1965
5729 538
5730 1393
5731 792
5732 1141
5733 206
5734 1573
5735 962
5736 938
5737 791
5738 514
5739 1106
5740 1132
5741 1106
5742 1445
5743 1891
5744 289
5745 1519
5746 1291
5747 176
5748 617
5749 1836
5750 3
5751 683
5752 1468
5753 59
5754 757
5755 1017
5756 350
5757 788
5758 1136
5759 1834
5760 1584
5761 1411
5762 303
5763 1417
5764 198
5765 994
5766 1695
5767 919
5768 1240
5769 1651
5770 311
5771 831
5772 1292
5773 329
5774 497
5775 30
5776 1579
5777 339
5778 899
5779 1825
5780 358
5781 1644
5782 281
5783 703
5784 1749
5785 1296
5786 1162
5787 1717
5788 1900
5789 1755
5790 921
5791 1956
5792 219
5793 813
5794 1141
5795 1337
5796 1316
5797 963
5798 576
5799 1496
5800 1682
5801 1250
5802 1895
5803 675
5804 176
5805 1134
5806 233
5807 1834
5808 538
5809 1652
5810 1184
5811 142
5812 1106
5813 413
5814 219
5815 1441
5816 870
5817 859
5818 393
5819 496
5820 103
5821 199
5822 827
5823 1780
5824 274
5825 323
5826 284
5827 1650
5828 893
5829 907
5830 1694
5831 407
5832 1755
5833 866
5834 1830
5835 1550
5836 1936
5837 505
5838 170
5839 1541
5840 1227
5841 721
5842 1479
5843 1732
5844 97
5845 366
5846 1206
5847 460
5848 80
5849 413
5850 625
5851 188
5852 731
5853 1757
5854 234
5855 921
5856 639
5857 1912
5858 1861
5859 1786
5860 1426
5861 274
5862 895
5863 237
5864 1458
5865 991
5866 213
5867 772
5868 943
5869 1541
5870 1189
5871 284
5872 1978
5873 1241
5874 758
5875 1008
5876 274
5877 329
5878 1563
5879 1724
5880 1805
5881 1755
5882 335
5883 1680
5884 684
5885 1672
5886 841
5887 1275
5888 262
5889 28
5890 1028
5891 140
5892 139
5893 1188
5894 1471
5895 953
5896 1275
5897 429
5898 323
5899 1523
5900 440
5901 737
5902 1723
5903 1275
5904 1642
5905 1413
5906 1064
5907 1842
5908 1171
5909 437
5910 1247
5911 112
5912 1666
5913 1275
5914 191
5915 663
5916 1829
5917 715
5918 1574
5919 623
5920 1819
5921 1106
5922 725
5923 1878
5924 1028
5925 459
5926 1922
5927 1929
5928 3
5929 1084
5930 1639
5931 1017
5932 594
5933 1092
5934 1523
5935 889
5936 1193
5937 709
5938 1046
5939 1762
5940 1663
5941 1091
5942 714
5943 762
5944 643
5945 658
5946 1910
5947 1454
5948 56
5949 734
5950 884
5951 326
5952 1215
5953 1762
5954 1275
5955 728
5956 1366
5957 1712
5958 1759
5959 752
5960 244
5961 1604
5962 1894
5963 502
5964 1689
5965 705
5966 1799
5967 1765
5968 1536
5969 996
5970 699
5971 352
5972 592
5973 1243
5974 1762
5975 1735
5976 439
5977 553
5978 284
5979 602
5980 1931
5981 78
5982 23
5983 680
5984 1762
5985 1972
5986 1275
5987 1014
5988 512
5989 1839
5990 523
5991 1199
5992 436
5993 599
5994 648
5995 1746
5996 1819
5997 1319
5998 1715
5999 1176
6000 989
6001 1274
6002 1468
6003 430
6004 802
6005 1891
6006 1678
6007 369
6008 635
6009 1574
6010 538
6011 1797
6012 291
6013 1275
6014 488
6015 1339
6016 261
6017 1316
6018 967
6019 1061
6020 556
6021 599
6022 295
6023 1240
6024 942
6025 197
6026 710
6027 1401
6028 1457
6029 1733
6030 1290
6031 1343
6032 1807
6033 584
6034 1134
6035 722
6036 1740
6037 1176
6038 1430
6039 612
6040 1164
6041 1762
6042 1275
6043 1589
6044 1380
6045 1376
6046 1302
6047 1930
6048 281
6049 350
6050 476
6051 1994
6052 404
6053 1472
6054 1523
6055 629
6056 1574
6057 649
6058 1143
6059 1827
6060 1300
6061 253
6062 355
6063 160
6064 132
6065 281
6066 1592
6067 814
6068 570
6069 536
6070 887
6071 1614
6072 155
6073 1159
6074 1215
6075 1035
6076 1779
6077 636
6078 1302
6079 1884
6080 848
6081 1017
6082 829
6083 472
6084 1230
6085 1673
6086 314
6087 632
6088 1467
6089 1066
6090 810
6091 1115
6092 404
6093 1207
6094 1106
6095 457
6096 490
6097 1550
6098 1302
6099 365
6100 1435
6101 666
6102 1143
6103 1973
6104 447
6105 426
6106 320
6107 1790
6108 1907
6109 681
6110 1017
6111 1229
6112 1442
6113 964
6114 341
6115 158
6116 1290
6117 566
6118 434
6119 570
6120 133
6121 493
6122 1159
6123 671
6124 176
6125 1614
6126 869
6127 1184
6128 857
6129 716
6130 830
6131 1100
6132 1399
6133 403
6134 569
6135 423
6136 1060
6137 497
6138 1898
6139 1179
6140 540
6141 1550
6142 360
6143 404
6144 1800
6145 522
6146 1423
6147 1575
6148 1300
6149 729
6150 1691
6151 1031
6152 381
6153 584
6154 497
6155 505
6156 54
6157 1
6158 378
6159 698
6160 606
6161 750
6162 400
6163 614
6164 1577
6165 538
6166 1670
6167 1300
6168 1757
6169 1040
6170 946
6171 217
6172 490
6173 1639
6174 381
6175 75
6176 1470
6177 195
6178 1300
6179 330
6180 1024
6181 281
6182 950
6183 1925
6184 367
6185 479
6186 478
6187 1563
6188 686
6189 1240
6190 1387
6191 156
6192 1555
6193 1638
6194 1841
6195 1181
6196 1300
6197 1020
6198 1787
6199 613
6200 1963
6201 765
6202 1300
6203 1490
6204 139
6205 1867
6206 983
6207 635
6208 1337
6209 1956
6210 1536
6211 1548
6212 1123
6213 16
6214 463
6215 673
6216 1638
6217 773
6218 769
6219 962
6220 1689
6221 23
6222 343
6223 1523
6224 1125
6225 1774
6226 963
6227 1042
6228 750
6229 363
6230 1455
6231 1107
6232 901
6233 1781
6234 1805
6235 1409
6236 749
6237 1673
6238 736
6239 1005
6240 274
6241 691
6242 100
6243 387
6244 665
6245 1739
6246 12
6247 856
6248 438
6249 1494
6250 197
6251 1190
6252 1646
6253 750
6254 637
6255 1716
6256 1469
6257 237
6258 298
6259 1433
6260 569
6261 1548
6262 146
6263 8
6264 1385
6265 648
6266 346
6267 1402
6268 1974
6269 1653
6270 459
6271 150
6272 1143
6273 1484
6274 529
6275 1382
6276 630
6277 1796
6278 77
6279 497
6280 1195
6281 443
6282 306
6283 1563
6284 141
6285 1550
6286 1626
6287 303
6288 1411
6289 1183
6290 1497
6291 513
6292 622
6293 1486
6294 706
6295 1162
6296 1228
6297 926
6298 1534
6299 1719
6300 533
6301 1881
6302 1420
6303 70
6304 353
6305 470
6306 814
6307 28
6308 322
6309 792
6310 1447
6311 1233
6312 1143
6313 533
6314 818
6315 336
6316 625
6317 1643
6318 87
6319 66
6320 1342
6321 1529
6322 105
6323 1932
6324 1615
6325 237
6326 1879
6327 529
6328 1882
6329 788
6330 323
6331 1388
6332 508
6333 476
6334 1720
6335 1107
6336 538
6337 871
6338 716
6339 949
6340 1426
6341 463
6342 1116
6343 139
6344 104
6345 42
6346 1241
6347 643
6348 1180
6349 1874
6350 162
6351 1223
6352 833
6353 1729
6354 1962
6355 1754
6356 535
6357 569
6358 381
6359 401
6360 1248
6361 1454
6362 1844
6363 1548
6364 1890
6365 489
6366 1165
6367 535
6368 1522
6369 1949
6370 429
6371 213
6372 1548
6373 1385
6374 1661
6375 1816
6376 1165
6377 494
6378 1265
6379 1342
6380 466
6381 451
6382 1548
6383 1765
6384 1132
6385 1398
6386 301
6387 893
6388 1322
6389 311
6390 197
6391 41
6392 486
6393 942
6394 1377
6395 1738
6396 43
6397 516
6398 959
6399 1942
6400 1173
6401 465
6402 733
6403 1435
6404 376
6405 1005
6406 1386
6407 1107
6408 397
6409 984
6410 911
6411 1775
6412 1550
6413 652
6414 1588
6415 1107
6416 1042
6417 59
6418 37
6419 1671
6420 314
6421 176
6422 336
6423 208
6424 59
6425 655
6426 761
6427 200
6428 1191
6429 141
6430 119
6431 935
6432 381
6433 1808
6434 1084
6435 1244
6436 383
6437 317
6438 176
6439 684
6440 1225
6441 998
6442 1229
6443 1696
6444 626
6445 556
6446 1522
6447 967
6448 1945
6449 1131
6450 17
6451 430
6452 1122
6453 417
6454 776
6455 1760
6456 342
6457 191
6458 824
6459 538
6460 304
6461 644
6462 1949
6463 342
6464 230
6465 342
6466 1915
6467 1412
6468 497
6469 44
6470 383
6471 1042
6472 98
6473 826
6474 991
6475 1127
6476 1666
6477 284
6478 1529
6479 994
6480 1174
6481 946
6482 556
6483 760
6484 140
6485 1114
6486 15
6487 1776
6488 962
6489 229
6490 89
6491 1398
6492 1419
6493 1023
6494 58
6495 1661
6496 274
6497 1646
6498 55
6499 229
6500 449
6501 556
6502 1548
6503 1126
6504 1529
6505 226
6506 514
6507 939
6508 1559
6509 708
6510 75
6511 1123
6512 296
6513 1655
6514 1548
6515 59
6516 138
6517 1376
6518 810
6519 298
6520 1367
6521 1478
6522 7
6523 488
6524 1150
6525 1684
6526 1795
6527 1121
6528 886
6529 49
6530 597
6531 1107
6532 1825
6533 712
6534 176
6535 667
6536 1575
6537 823
6538 540
6539 1502
6540 915
6541 1975
6542 85
6543 1185
6544 899
6545 22
6546 465
6547 1429
6548 341
6549 1671
6550 395
6551 596
6552 1571
6553 1818
6554 891
6555 80
6556 431
6557 1141
6558 1575
6559 874
6560 536
6561 502
6562 971
6563 812
6564 1676
6565 1845
6566 1562
6567 755
6568 254
6569 934
6570 1453
6571 1816
6572 210
6573 1822
6574 1541
6575 893
6576 425
6577 773
6578 1684
6579 175
6580 1339
6581 1080
6582 895
6583 791
6584 391
6585 1615
6586 1201
6587 886
6588 663
6589 635
6590 908
6591 42
6592 1625
6593 1236
6594 1158
6595 1144
6596 237
6597 267
6598 37
6599 1005
6600 1152
6601 1584
6602 227
6603 1916
6604 1437
6605 1511
6606 485
6607 191
6608 1684
6609 959
6610 194
6611 1264
6612 1522
6613 412
6614 1341
6615 1780
6616 722
6617 1672
6618 1544
6619 1811
6620 1994
6621 1798
6622 216
6623 1017
6624 1529
6625 921
6626 1898
6627 1045
6628 301
6629 257
6630 1522
6631 305
6632 1216
6633 1918
6634 1160
6635 1193
6636 1878
6637 129
6638 1701
6639 477
6640 895
6641 1518
6642 1833
6643 492
6644 1322
6645 746
6646 1694
6647 889
6648 1615
6649 1017
6650 594
6651 753
6652 1080
6653 1322
6654 1177
6655 1441
6656 34
6657 1763
6658 869
6659 488
6660 159
6661 660
6662 468
6663 1107
6664 1571
6665 1571
6666 516
6667 1673
6668 1122
6669 1571
6670 820
6671 1812
6672 1672
6673 1575
6674 403
6675 1906
6676 1042
6677 954
6678 300
6679 1367
6680 1824
6681 1429
6682 914
6683 1013
6684 1671
6685 1607
6686 212
6687 1707
6688 612
6689 1979
6690 644
6691 1990
6692 953
6693 1129
6694 865
6695 1715
6696 724
6697 374
6698 794
6699 363
6700 829
6701 1571
6702 676
6703 1813
6704 88
6705 1682
6706 1418
6707 354
6708 849
6709 1012
6710 920
6711 1461
6712 1425
6713 743
6714 1455
6715 1406
6716 77
6717 580
6718 1506
6719 1568
6720 1783
6721 1249
6722 1188
6723 546
6724 1571
6725 1038
6726 727
6727 1181
6728 653
6729 1932
6730 1188
6731 1978
6732 620
6733 325
6734 1055
6735 417
6736 464
6737 1489
6738 200
6739 511
6740 608
6741 1445
6742 394
6743 157
6744 1383
6745 1522
6746 593
6747 1792
6748 595
6749 602
6750 1878
6751 1615
6752 1542
6753 612
6754 18
6755 1006
6756 732
6757 58
6758 1383
6759 648
6760 96
6761 1048
6762 1258
6763 493
6764 314
6765 1415
6766 1119
6767 1383
6768 1848
6769 1332
6770 1416
6771 242
6772 1502
6773 1005
6774 989
6775 1380
6776 514
6777 1964
6778 229
6779 420
6780 1154
6781 591
6782 440
6783 894
6784 552
6785 418
6786 1190
6787 1105
6788 589
6789 653
6790 614
6791 1760
6792 620
6793 732
6794 1889
6795 15
6796 364
6797 1743
6798 1383
6799 1131
6800 520
6801 1405
6802 1383
6803 1832
6804 973
6805 800
6806 1632
6807 439
6808 106
6809 1785
6810 1014
6811 1648
6812 0
6813 640
6814 1522
6815 1534
6816 741
6817 1383
6818 1147
6819 1427
6820 1760
6821 555
6822 1203
6823 1615
6824 910
6825 1803
6826 150
6827 133
6828 1143
6829 1636
6830 579
6831 122
6832 1048
6833 1115
6834 153
6835 1383
6836 1695
6837 395
6838 1090
6839 1215
6840 678
6841 696
6842 556
6843 614
6844 390
6845 1935
6846 1688
6847 1176
6848 1607
6849 1375
6850 1378
6851 716
6852 1183
6853 1564
6854 1230
6855 133
6856 1615
6857 710
6858 1375
6859 608
6860 816
6861 528
6862 1071
6863 1963
6864 1505
6865 1777
6866 437
6867 975
6868 285
6869 328
6870 306
6871 678
6872 650
6873 1960
6874 1506
6875 486
6876 878
6877 415
6878 644
6879 735
6880 266
6881 1375
6882 637
6883 1242
6884 1085
6885 1413
6886 535
6887 1624
6888 1090
6889 1375
6890 543
6891 1375
6892 1774
6893 854
6894 1470
6895 852
6896 1759
6897 1676
6898 1535
6899 550
6900 1728
6901 34
6902 1006
6903 1730
6904 987
6905 556
6906 1109
6907 1802
6908 221
6909 432
6910 1835
6911 854
6912 1285
6913 1483
6914 1831
6915 310
6916 1269
6917 865
6918 1698
6919 175
6920 679
6921 1148
6922 1974
6923 667
6924 1204
6925 1577
6926 648
6927 328
6928 652
6929 1615
6930 1375
6931 625
6932 827
6933 1375
6934 1338
6935 1375
6936 1151
6937 310
6938 608
6939 1105
6940 866
6941 370
6942 1696
6943 212
6944 1041
6945 1738
6946 589
6947 322
6948 1151
6949 107
6950 1711
6951 877
6952 1677
6953 1058
6954 1717
6955 1554
6956 1529
6957 1816
6958 1824
6959 1656
6960 144
6961 1160
6962 1105
6963 1375
6964 952
6965 1001
6966 376
6967 599
6968 327
6969 1707
6970 1063
6971 387
6972 381
6973 1381
6974 1176
6975 732
6976 796
6977 526
6978 60
6979 19
6980 1202
6981 210
6982 910
6983 1919
6984 385
6985 470
6986 1252
6987 646
6988 1447
6989 328
6990 453
6991 777
6992 578
6993 101
6994 690
6995 1381
6996 1879
6997 1322
6998 1167
6999 1503
7000 1269
7001 1381
7002 1074
7003 1529
7004 1381
7005 288
7006 355
7007 692
7008 1105
7009 1380
7010 1470
7011 913
7012 1855
7013 690
7014 908
7015 469
7016 329
7017 1833
7018 1725
7019 1369
7020 757
7021 969
7022 1804
7023 1803
7024 1775
7025 1912
7026 1879
7027 1642
7028 861
7029 1199
7030 406
7031 1430
7032 1154
7033 1092
7034 635
7035 596
7036 1553
7037 1339
7038 354
7039 46
7040 1105
7041 1728
7042 130
7043 779
7044 640
7045 1950
7046 468
7047 1238
7048 985
7049 1624
7050 483
7051 608
7052 361
7053 396
7054 1035
7055 459
7056 551
7057 1462
7058 771
7059 1615
7060 1778
7061 1105
7062 353
7063 547
7064 1689
7065 1767
7066 15
7067 1736
7068 1243
7069 363
7070 1660
7071 175
7072 268
7073 1567
7074 598
7075 332
7076 596
7077 63
7078 1637
7079 1947
7080 1872
7081 437
7082 1381
7083 678
7084 1796
7085 766
7086 1381
7087 217
7088 162
7089 281
7090 1633
7091 1292
7092 212
7093 851
7094 985
7095 150
7096 960
7097 1075
7098 1414
7099 1790
7100 547
7101 1409
7102 1760
7103 325
7104 175
7105 1118
7106 1381
7107 251
7108 1793
7109 1844
7110 513
7111 748
7112 1958
7113 1831
7114 1615
7115 1167
7116 95
7117 586
7118 1339
7119 1381
7120 175
7121 1881
7122 1381
7123 1213
7124 881
7125 652
7126 271
7127 94
7128 1529
7129 1204
7130 1137
7131 1289
7132 1172
7133 576
7134 530
7135 1845
7136 549
7137 929
7138 18
7139 1541
7140 353
7141 310
7142 140
7143 980
7144 539
7145 1947
7146 1899
7147 1319
7148 505
7149 181
7150 1063
7151 1663
7152 116
7153 736
7154 301
7155 109
7156 1447
7157 225
7158 1475
7159 175
7160 521
7161 879
7162 716
7163 669
7164 108
7165 877
7166 1521
7167 1413
7168 1908
7169 218
7170 200
7171 1554
7172 356
7173 741
7174 966
7175 1406
7176 200
7177 1235
7178 958
7179 1296
7180 288
7181 215
7182 921
7183 1960
7184 1433
7185 1754
7186 656
7187 361
7188 1780
7189 830
7190 1378
7191 1615
7192 210
7193 1066
7194 46
7195 1197
7196 1966
7197 190
7198 1945
7199 428
7200 1401
7201 1296
7202 364
7203 1296
7204 1652
7205 851
7206 1541
7207 73
7208 355
7209 1171
7210 1172
7211 1547
7212 1128
7213 478
7214 722
7215 210
7216 74
7217 1755
7218 1044
7219 1421
7220 1407
7221 279
7222 834
7223 175
7224 838
7225 905
7226 660
7227 1245
7228 1935
7229 1692
7230 1136
7231 1665
7232 661
7233 303
7234 1105
7235 210
7236 1227
7237 996
7238 1746
7239 1105
7240 746
7241 55
7242 1105
7243 1615
7244 1708
7245 841
7246 718
7247 1243
7248 465
7249 1234
7250 1035
7251 1760
7252 319
7253 1296
7254 1671
7255 1045
7256 1296
7257 652
7258 200
7259 261
7260 1031
7261 1467
7262 476
7263 1030
7264 175
7265 1902
7266 627
7267 1661
7268 1051
7269 889
7270 1296
7271 1296
7272 984
7273 1445
7274 1296
7275 1590
7276 1886
7277 586
7278 661
7279 1252
7280 582
7281 883
7282 1704
7283 505
7284 1296
7285 72
7286 1837
7287 1322
7288 572
7289 15
7290 413
7291 175
7292 88
7293 1738
7294 197
7295 56
7296 602
7297 892
7298 881
7299 776
7300 1105
7301 1813
7302 1445
7303 296
7304 1813
7305 374
7306 1995
7307 1270
7308 301
7309 327
7310 1593
7311 556
7312 1390
7313 620
7314 1721
7315 1622
7316 468
7317 640
7318 1014
7319 1865
7320 221
7321 1206
7322 894
7323 1856
7324 942
7325 1211
7326 1694
7327 889
7328 1752
7329 669
7330 11
7331 539
7332 57
7333 46
7334 1815
7335 1910
7336 734
7337 1574
7338 1218
7339 390
7340 1721
7341 815
7342 1460
7343 1754
7344 1764
7345 1956
7346 839
7347 786
7348 1109
7349 400
7350 1032
7351 967
7352 141
7353 1209
7354 1553
7355 1498
7356 1107
7357 1516
7358 1448
7359 1105
7360 1759
7361 175
7362 1121
7363 856
7364 1447
7365 1229
7366 222
7367 37
7368 1479
7369 1135
7370 1270
7371 443
7372 1479
7373 1475
7374 1085
7375 1035
7376 949
7377 957
7378 785
7379 1788
7380 1001
7381 542
7382 1804
7383 1384
7384 1501
7385 871
7386 663
7387 505
7388 1664
7389 457
7390 173
7391 1395
7392 55
7393 225
7394 1986
7395 726
7396 633
7397 1529
7398 1243
7399 1405
7400 1478
7401 596
7402 1170
7403 967
7404 96
7405 1187
7406 908
7407 1088
7408 1741
7409 745
7410 1773
7411 1898
7412 285
7413 1925
7414 806
7415 1270
7416 677
7417 892
7418 54
7419 1666
7420 247
7421 1414
7422 771
7423 1322
7424 1341
7425 596
7426 1468
7427 1270
7428 254
7429 1971
7430 125
7431 1914
7432 1156
7433 629
7434 140
7435 265
7436 285
7437 1002
7438 457
7439 285
7440 945
7441 173
7442 76
7443 862
7444 1271
7445 1176
7446 857
7447 491
7448 188
7449 1629
7450 90
7451 350
7452 1614
7453 514
7454 1804
7455 1271
7456 1104
7457 261
7458 1160
7459 1191
7460 727
7461 818
7462 1629
7463 65
7464 1271
7465 1038
7466 1746
7467 1660
7468 978
7469 770
7470 1614
7471 1133
7472 1823
7473 239
7474 102
7475 1074
7476 1671
7477 1428
7478 942
7479 1249
7480 1466
7481 1331
7482 1271
7483 553
7484 127
7485 1973
7486 1118
7487 269
7488 513
7489 37
7490 1674
7491 1214
7492 1257
7493 556
7494 607
7495 1614
7496 365
7497 631
7498 585
7499 1257
7500 1332
7501 661
7502 380
7503 160
7504 522
7505 1722
7506 1257
7507 405
7508 120
7509 1737
7510 384
7511 127
7512 470
7513 1738
7514 852
7515 549
7516 633
7517 743
7518 1580
7519 624
7520 1787
7521 145
7522 1227
7523 932
7524 1535
7525 279
7526 750
7527 1908
7528 489
7529 1585
7530 723
7531 778
7532 800
7533 1257
7534 1614
7535 1388
7536 1875
7537 1070
7538 272
7539 1943
7540 1433
7541 745
7542 383
7543 695
7544 1911
7545 664
7546 735
7547 391
7548 29
7549 690
7550 1656
7551 569
7552 13
7553 1197
7554 1588
7555 1322
7556 556
7557 756
7558 955
7559 1786
7560 1104
7561 1708
7562 7
7563 1257
7564 1081
7565 779
7566 1819
7567 1074
7568 1207
7569 1128
7570 980
7571 1257
7572 1160
7573 1831
7574 1515
7575 1614
7576 1232
7577 572
7578 1815
7579 1162
7580 1614
7581 1899
7582 1589
7583 1709
7584 708
7585 922
7586 657
7587 14
7588 233
7589 1446
7590 1107
7591 19
7592 1763
7593 341
7594 1257
7595 1752
7596 615
7597 1563
7598 394
7599 364
7600 422
7601 1366
7602 705
7603 1680
7604 1916
7605 814
7606 1719
7607 1404
7608 1660
7609 849
7610 805
7611 356
7612 1257
7613 80
7614 1322
7615 934
7616 1955
7617 1479
7618 840
7619 1115
7620 565
7621 102
7622 1470
7623 339
7624 1232
7625 329
7626 1676
7627 1505
7628 941
7629 1630
7630 695
7631 1257
7632 834
7633 1009
7634 125
7635 1166
7636 444
7637 1556
7638 1614
7639 507
7640 1563
7641 1371
7642 1066
7643 1354
7644 1730
7645 1233
7646 120
7647 173
7648 1227
7649 1815
7650 852
7651 349
7652 1692
7653 1123
7654 98
7655 557
7656 1174
7657 710
7658 398
7659 1786
7660 1399
7661 1339
7662 1286
7663 1529
7664 1961
7665 377
7666 543
7667 863
7668 1521
7669 811
7670 501
7671 644
7672 120
7673 377
7674 1614
7675 524
7676 1145
7677 405
7678 1616
7679 919
7680 716
7681 1504
7682 324
7683 303
7684 642
7685 1123
7686 1060
7687 776
7688 821
7689 685
7690 1060
7691 1801
7692 398
7693 1219
7694 514
7695 924
7696 73
7697 1104
7698 1237
7699 1227
7700 862
7701 1706
7702 618
7703 127
7704 704
7705 1554
7706 596
7707 1954
7708 906
7709 1516
7710 1626
7711 1126
7712 1752
7713 1792
7714 1215
7715 497
7716 402
7717 1382
7718 929
7719 604
7720 1354
7721 252
7722 1390
7723 398
7724 1354
7725 678
7726 470
7727 1354
7728 156
7729 488
7730 302
7731 569
7732 589
7733 777
7734 992
7735 622
7736 1423
7737 1908
7738 1246
7739 1354
7740 424
7741 77
7742 1237
7743 1230
7744 341
7745 1227
7746 1430
7747 1474
7748 1717
7749 155
7750 1104
7751 1184
7752 107
7753 1132
7754 557
7755 539
7756 1321
7757 910
7758 222
7759 251
7760 74
7761 606
7762 806
7763 1009
7764 1331
7765 1544
7766 544
7767 712
7768 845
7769 1354
7770 226
7771 1485
7772 1252
7773 133
7774 1343
7775 1483
7776 1009
7777 291
7778 575
7779 385
7780 1002
7781 808
7782 105
7783 441
7784 428
7785 694
7786 1719
7787 1805
7788 340
7789 1486
7790 714
7791 1907
7792 935
7793 163
7794 1319
7795 1238
7796 1354
7797 412
7798 1228
7799 455
7800 1090
7801 63
7802 1104
7803 802
7804 1634
7805 504
7806 1799
7807 1895
7808 863
7809 1410
7810 1987
7811 1631
7812 816
7813 1446
7814 1770
7815 1665
7816 1579
7817 1976
7818 1214
7819 314
7820 472
7821 383
7822 1200
7823 1166
7824 1123
7825 336
7826 1584
7827 120
7828 681
7829 1058
7830 1806
7831 637
7832 1503
7833 1354
7834 1442
7835 1883
7836 1104
7837 1405
7838 84
7839 398
7840 1453
7841 610
7842 364
7843 1115
7844 193
7845 1195
7846 1223
7847 982
7848 557
7849 456
7850 1321
7851 1078
7852 181
7853 1119
7854 731
7855 783
7856 1354
7857 807
7858 1780
7859 975
7860 297
7861 1805
7862 1468
7863 1290
7864 1681
7865 305
7866 399
7867 1218
7868 775
7869 1116
7870 338
7871 1689
7872 1205
7873 630
7874 133
7875 269
7876 1422
7877 482
7878 197
7879 816
7880 1956
7881 1630
7882 521
7883 1965
7884 1734
7885 228
7886 453
7887 1048
7888 425
7889 1189
7890 310
7891 261
7892 1930
7893 1060
7894 771
7895 743
7896 1657
7897 353
7898 1723
7899 1318
7900 555
7901 1365
7902 1057
7903 3
7904 189
7905 105
7906 530
7907 228
7908 37
7909 416
7910 1504
7911 720
7912 165
7913 1808
7914 1647
7915 683
7916 437
7917 1500
7918 599
7919 871
7920 648
7921 1365
7922 644
7923 1921
7924 1806
7925 508
7926 1535
7927 1554
7928 626
7929 879
7930 457
7931 803
7932 87
7933 526
7934 786
7935 1545
7936 26
7937 1104
7938 535
7939 1706
7940 173
7941 569
7942 1321
7943 206
7944 1321
7945 228
7946 270
7947 300
7948 1497
7949 1505
7950 1846
7951 197
7952 1365
7953 1309
7954 413
7955 734
7956 1531
7957 1428
7958 1618
7959 1835
7960 1539
7961 448
7962 820
7963 1450
7964 1070
7965 477
7966 1104
7967 252
7968 1177
7969 919
7970 1913
7971 539
7972 462
7973 318
7974 1104
7975 545
7976 921
7977 1767
7978 310
7979 1418
7980 868
7981 1714
7982 1223
7983 1521
7984 1148
7985 1946
7986 928
7987 1801
7988 1786
7989 1950
7990 31
7991 860
7992 1917
7993 1587
7994 1990
7995 738
7996 1509
7997 615
7998 1411
7999 1734
8000 1899
8001 1703
8002 1365
8003 491
8004 933
8005 1262
8006 707
8007 1958
8008 1972
8009 961
8010 1245
8011 1518
8012 1851
8013 1576
8014 949
8015 1655
8016 917
8017 1321
8018 1720
8019 628
8020 1318
8021 1119
8022 1365
8023 1142
8024 679
8025 222
8026 1365
8027 400
8028 204
8029 269
8030 1949
8031 1071
8032 1640
8033 184
8034 293
8035 1867
8036 728
8037 1669
8038 963
8039 958
8040 1365
8041 1026
8042 1009
8043 522
8044 107
8045 824
8046 608
8047 156
8048 709
8049 1365
8050 410
8051 610
8052 896
8053 1218
8054 1545
8055 1675
8056 363
8057 884
8058 1204
8059 905
8060 534
8061 791
8062 1616
8063 91
8064 582
8065 156
8066 973
8067 1365
8068 666
8069 120
8070 1170
8071 9
8072 1333
8073 1060
8074 1080
8075 232
8076 1777
8077 911
8078 585
8079 543
8080 1333
8081 1566
8082 1333
8083 744
8084 383
8085 580
8086 1333
8087 1623
8088 1142
8089 210
8090 1681
8091 1478
8092 339
8093 1333
8094 297
8095 1318
8096 1618
8097 911
8098 841
8099 245
8100 1479
8101 479
8102 1241
8103 305
8104 1333
8105 1720
8106 574
8107 1333
8108 303
8109 1406
8110 211
8111 7
8112 1451
8113 530
8114 413
8115 799
8116 439
8117 1936
8118 262
8119 670
8120 1763
8121 1862
8122 557
8123 167
8124 1574
8125 1677
8126 56
8127 547
8128 473
8129 85
8130 1157
8131 941
8132 1821
8133 822
8134 184
8135 1671
8136 313
8137 1642
8138 829
8139 619
8140 354
8141 765
8142 744
8143 1585
8144 1214
8145 302
8146 1321
8147 1333
8148 942
8149 557
8150 1749
8151 71
8152 1777
8153 502
8154 310
8155 1623
8156 453
8157 632
8158 1685
8159 247
8160 1154
8161 789
8162 158
8163 1574
8164 166
8165 939
8166 342
8167 739
8168 1560
8169 1910
8170 1252
8171 1582
8172 1809
8173 262
8174 1180
8175 91
8176 43
8177 405
8178 463
8179 821
8180 1671
8181 1333
8182 679
8183 1240
8184 1726
8185 8
8186 331
8187 369
8188 1752
8189 817
8190 1876
8191 1647
8192 622
8193 569
8194 1745
8195 460
8196 63
8197 1104
8198 1115
8199 1838
8200 557
8201 148
8202 1350
8203 340
8204 138
8205 352
8206 34
8207 1672
8208 1545
8209 752
8210 951
8211 1349
8212 1102
8213 220
8214 1887
8215 1582
8216 1791
8217 970
8218 1795
8219 1313
8220 638
8221 1657
8222 173
8223 1669
8224 304
8225 1321
8226 697
8227 84
8228 1288
8229 105
8230 578
8231 1102
8232 480
8233 418
8234 1201
8235 1070
8236 1342
8237 1035
8238 974
8239 1962
8240 257
8241 1379
8242 1728
8243 1102
8244 1952
8245 842
8246 1700
8247 1208
8248 358
8249 598
8250 1920
8251 1093
8252 418
8253 1297
8254 862
8255 1394
8256 327
8257 1288
8258 1623
8259 1350
8260 330
8261 756
8262 330
8263 22
8264 437
8265 906
8266 1350
8267 1386
8268 43
8269 609
8270 173
8271 1560
8272 453
8273 798
8274 161
8275 1547
8276 53
8277 1350
8278 1993
8279 1349
8280 1538
8281 972
8282 225
8283 1009
8284 1004
8285 1350
8286 803
8287 915
8288 1937
8289 1090
8290 192
8291 336
8292 1379
8293 795
8294 583
8295 147
8296 473
8297 1467
8298 1918
8299 865
8300 1321
8301 1457
8302 1972
8303 1318
8304 48
8305 336
8306 1421
8307 1313
8308 1863
8309 1321
8310 1037
8311 1350
8312 1350
8313 815
8314 1102
8315 1046
8316 1245
8317 323
8318 297
8319 1888
8320 1712
8321 1446
8322 545
8323 910
8324 332
8325 788
8326 1288
8327 1903
8328 765
8329 1249
8330 290
8331 693
8332 7
8333 8
8334 1759
8335 1378
8336 783
8337 934
8338 1660
8339 1670
8340 1718
8341 1103
8342 1854
8343 895
8344 556
8345 1435
8346 1103
8347 432
8348 1089
8349 1927
8350 1519
8351 1509
8352 818
8353 1232
8354 1507
8355 329
8356 448
8357 783
8358 911
8359 1103
8360 1660
8361 524
8362 1037
8363 1244
8364 977
8365 1633
8366 1102
8367 1978
8368 776
8369 1592
8370 1420
8371 1351
8372 342
8373 572
8374 292
8375 681
8376 1245
8377 1863
8378 1351
8379 779
8380 1347
8381 1244
8382 1035
8383 784
8384 1228
8385 1218
8386 843
8387 297
8388 922
8389 1219
8390 866
8391 1599
8392 452
8393 497
8394 1653
8395 569
8396 1456
8397 551
8398 257
8399 242
8400 603
8401 1071
8402 1133
8403 332
8404 1484
8405 1825
8406 108
8407 760
8408 1695
8409 1584
8410 1574
8411 1050
8412 1195
8413 1102
8414 1723
8415 1585
8416 1183
8417 897
8418 814
8419 255
8420 1634
8421 1466
8422 1724
8423 1116
8424 1323
8425 1023
8426 95
8427 1351
8428 250
8429 59
8430 1249
8431 200
8432 1351
8433 1441
8434 1162
8435 261
8436 936
8437 821
8438 446
8439 390
8440 1351
8441 1373
8442 163
8443 603
8444 466
8445 907
8446 884
8447 1463
8448 253
8449 1131
8450 1634
8451 1985
8452 1351
8453 1064
8454 681
8455 543
8456 1716
8457 1197
8458 1407
8459 1116
8460 1252
8461 398
8462 837
8463 516
8464 1804
8465 1711
8466 424
8467 924
8468 1772
8469 133
8470 1146
8471 1023
8472 1042
8473 1498
8474 788
8475 1509
8476 809
8477 1351
8478 1229
8479 1853
8480 153
8481 473
8482 191
8483 306
8484 242
8485 1044
8486 1028
8487 1102
8488 1919
8489 1703
8490 493
8491 1943
8492 44
8493 1762
8494 99
8495 1700
8496 1984
8497 354
8498 1351
8499 226
8500 396
8501 216
8502 225
8503 253
8504 139
8505 1102
8506 1351
8507 737
8508 682
8509 263
8510 1460
8511 1788
8512 1349
8513 9
8514 9
8515 977
8516 894
8517 876
8518 473
8519 361
8520 53
8521 864
8522 833
8523 1064
8524 1131
8525 438
8526 953
8527 1234
8528 1016
8529 1070
8530 1676
8531 448
8532 1459
8533 1713
8534 1118
8535 35
8536 970
8537 771
8538 1349
8539 285
8540 612
8541 438
8542 1397
8543 740
8544 43
8545 826
8546 1349
8547 3
8548 1574
8549 638
8550 43
8551 1117
8552 1102
8553 1854
8554 1465
8555 204
8556 1741
8557 1005
8558 524
8559 63
8560 589
8561 886
8562 1177
8563 441
8564 1082
8565 454
8566 323
8567 498
8568 910
8569 1041
8570 255
8571 1542
8572 80
8573 771
8574 810
8575 145
8576 1349
8577 635
8578 723
8579 1688
8580 336
8581 459
8582 1441
8583 1811
8584 474
8585 1781
8586 1035
8587 463
8588 1823
8589 395
8590 1016
8591 197
8592 348
8593 498
8594 496
8595 953
8596 263
8597 726
8598 232
8599 464
8600 947
8601 245
8602 1534
8603 952
8604 30
8605 904
8606 1471
8607 1686
8608 571
8609 539
8610 594
8611 1679
8612 1734
8613 901
8614 504
8615 995
8616 818
8617 1853
8618 2
8619 664
8620 729
8621 465
8622 1461
8623 1071
8624 407
8625 762
8626 705
8627 1042
8628 1328
8629 575
8630 53
8631 1671
8632 1544
8633 1574
8634 1828
8635 1349
8636 557
8637 360
8638 1348
8639 1926
8640 729
8641 736
8642 1649
8643 1029
8644 842
8645 1665
8646 96
8647 200
8648 1843
8649 685
8650 1135
8651 1293
8652 1177
8653 1235
8654 918
8655 656
8656 1741
8657 1885
8658 413
8659 1062
8660 510
8661 1698
8662 1743
8663 229
8664 605
8665 968
8666 1441
8667 519
8668 693
8669 1448
8670 127
8671 595
8672 1883
8673 722
8674 1648
8675 1829
8676 833
8677 498
8678 201
8679 1016
8680 200
8681 1170
8682 702
8683 676
8684 1821
8685 1349
8686 806
8687 173
8688 878
8689 1962
8690 1445
8691 467
8692 1553
8693 591
8694 225
8695 702
8696 1101
8697 1952
8698 1696
8699 1646
8700 1307
8701 1447
8702 118
8703 1193
8704 201
8705 1696
8706 114
8707 641
8708 256
8709 1858
8710 1492
8711 1627
8712 1617
8713 502
8714 481
8715 90
8716 398
8717 553
8718 1460
8719 623
8720 1661
8721 1128
8722 267
8723 1500
8724 1967
8725 1623
8726 1734
8727 1617
8728 853
8729 885
8730 261
8731 730
8732 900
8733 1852
8734 424
8735 1109
8736 1394
8737 508
8738 1778
8739 785
8740 297
8741 1455
8742 1063
8743 126
8744 1545
8745 43
8746 1206
8747 1775
8748 1871
8749 1090
8750 1102
8751 377
8752 730
8753 1055
8754 874
8755 1155
8756 173
8757 135
8758 1425
8759 1656
8760 181
8761 998
8762 569
8763 1731
8764 376
8765 1958
8766 377
8767 705
8768 1425
8769 336
8770 383
8771 1883
8772 1864
8773 48
8774 1623
8775 1446
8776 1401
8777 291
8778 1986
8779 1490
8780 1704
8781 155
8782 658
8783 924
8784 1736
8785 1181
8786 788
8787 90
8788 557
8789 1244
8790 618
8791 629
8792 963
8793 831
8794 1934
8795 1711
8796 976
8797 1634
8798 1318
8799 894
8800 226
8801 1634
8802 251
8803 1243
8804 1387
8805 406
8806 1070
8807 1030
8808 1978
8809 865
8810 589
8811 883
8812 775
8813 1938
8814 530
8815 1239
8816 873
8817 150
8818 1832
8819 796
8820 135
8821 1714
8822 173
8823 1662
8824 600
8825 1164
8826 174
8827 1509
8828 930
8829 665
8830 779
8831 1842
8832 1349
8833 814
8834 294
8835 1349
8836 1407
8837 665
8838 1046
8839 320
8840 1194
8841 834
8842 1207
8843 516
8844 69
8845 1746
8846 1070
8847 1627
8848 1141
8849 1810
8850 1180
8851 1760
8852 1617
8853 631
8854 1391
8855 1238
8856 1453
8857 403
8858 201
8859 1391
8860 1219
8861 1042
8862 173
8863 1480
8864 146
8865 864
8866 512
8867 439
8868 0
8869 520
8870 1884
8871 577
8872 888
8873 150
8874 1617
8875 264
8876 1972
8877 1774
8878 1241
8879 847
8880 1477
8881 1737
8882 174
8883 213
8884 279
8885 1817
8886 170
8887 211
8888 957
8889 1715
8890 1332
8891 870
8892 717
8893 742
8894 504
8895 1688
8896 413
8897 1546
8898 658
8899 1828
8900 1262
8901 1182
8902 1367
8903 1535
8904 487
8905 1654
8906 887
8907 873
8908 623
8909 859
8910 1189
8911 288
8912 815
8913 650
8914 721
8915 1497
8916 291
8917 945
8918 1432
8919 1100
8920 1440
8921 127
8922 690
8923 1401
8924 796
8925 1404
8926 1051
8927 1151
8928 127
8929 119
8930 1917
8931 568
8932 1683
8933 1038
8934 1498
8935 1448
8936 813
8937 1891
8938 0
8939 608
8940 1391
8941 440
8942 1224
8943 76
8944 1668
8945 1391
8946 207
8947 798
8948 401
8949 1535
8950 1635
8951 1844
8952 831
8953 524
8954 1530
8955 967
8956 1238
8957 919
8958 543
8959 1747
8960 195
8961 1391
8962 285
8963 1385
8964 752
8965 1945
8966 1461
8967 508
8968 1552
8969 1593
8970 1621
8971 1841
8972 310
8973 1391
8974 1129
8975 1649
8976 1154
8977 1503
8978 1035
8979 638
8980 63
8981 1637
8982 819
8983 1683
8984 1491
8985 1495
8986 310
8987 1847
8988 135
8989 782
8990 667
8991 804
8992 47
8993 799
8994 1587
8995 45
8996 980
8997 1152
8998 862
8999 342
9000 486
9001 376
9002 446
9003 1202
9004 1015
9005 1593
9006 1391
9007 1829
9008 116
9009 1673
9010 25
9011 708
9012 294
9013 467
9014 1495
9015 292
9016 1671
9017 1045
9018 1877
9019 770
9020 181
9021 920
9022 667
9023 1760
9024 1259
9025 1888
9026 1617
9027 1752
9028 1775
9029 639
9030 600
9031 1400
9032 1237
9033 139
9034 848
9035 1632
9036 84
9037 467
9038 1433
9039 1189
9040 1228
9041 490
9042 383
9043 1651
9044 1725
9045 1348
9046 1321
9047 1667
9048 1866
9049 990
9050 310
9051 1730
9052 1348
9053 1131
9054 957
9055 205
9056 1415
9057 384
9058 807
9059 1037
9060 229
9061 1574
9062 1403
9063 1348
9064 508
9065 1057
9066 842
9067 552
9068 425
9069 1566
9070 819
9071 1449
9072 661
9073 826
9074 1259
9075 1009
9076 291
9077 557
9078 274
9079 1725
9080 132
9081 291
9082 1242
9083 37
9084 1460
9085 279
9086 1763
9087 810
9088 1736
9089 995
9090 1635
9091 831
9092 258
9093 684
9094 1059
9095 1464
9096 533
9097 1348
9098 1897
9099 1969
9100 990
9101 1815
9102 373
9103 612
9104 359
9105 1306
9106 1821
9107 1468
9108 981
9109 1617
9110 1874
9111 966
9112 1816
9113 1942
9114 1799
9115 1752
9116 1942
9117 1579
9118 392
9119 1348
9120 1951
9121 539
9122 961
9123 1564
9124 1788
9125 795
9126 299
9127 1556
9128 1348
9129 652
9130 1563
9131 75
9132 344
9133 1456
9134 396
9135 99
9136 974
9137 1348
9138 118
9139 1411
9140 787
9141 960
9142 1081
9143 1348
9144 1741
9145 1115
9146 791
9147 1259
9148 332
9149 127
9150 98
9151 413
9152 849
9153 867
9154 666
9155 1348
9156 801
9157 1419
9158 1000
9159 104
9160 847
9161 359
9162 1738
9163 1856
9164 764
9165 539
9166 10
9167 477
9168 1276
9169 1754
9170 1150
9171 73
9172 1139
9173 293
9174 1643
9175 561
9176 1821
9177 1025
9178 18
9179 1277
9180 174
9181 812
9182 1654
9183 1157
9184 1464
9185 1841
9186 1896
9187 849
9188 1667
9189 1656
9190 1940
9191 801
9192 325
9193 1941
9194 1760
9195 1844
9196 385
9197 127
9198 853
9199 72
9200 414
9201 113
9202 1277
9203 1262
9204 1697
9205 1208
9206 758
9207 1975
9208 494
9209 1566
9210 547
9211 1046
9212 1711
9213 1729
9214 1234
9215 1246
9216 1459
9217 835
9218 768
9219 647
9220 832
9221 747
9222 30
9223 1386
9224 615
9225 1679
9226 1277
9227 269
9228 737
9229 127
9230 674
9231 57
9232 1129
9233 779
9234 1055
9235 1646
9236 293
9237 1101
9238 174
9239 1038
9240 1504
9241 1546
9242 28
9243 1634
9244 949
9245 1389
9246 880
9247 1834
9248 1277
9249 793
9250 70
9251 1509
9252 1694
9253 1277
9254 1760
9255 838
9256 29
9257 336
9258 560
9259 1727
9260 54
9261 1617
9262 16
9263 650
9264 571
9265 756
9266 1702
9267 1733
9268 1259
9269 1363
9270 1259
9271 1107
9272 384
9273 585
9274 1410
9275 1410
9276 1631
9277 1687
9278 1277
9279 1739
9280 1965
9281 414
9282 1277
9283 751
9284 900
9285 276
9286 174
9287 541
9288 1416
9289 1829
9290 1709
9291 804
9292 1259
9293 523
9294 785
9295 1116
9296 319
9297 1452
9298 113
9299 1748
9300 1262
9301 1084
9302 1977
9303 1277
9304 128
9305 818
9306 1339
9307 917
9308 174
9309 1256
9310 206
9311 44
9312 1702
9313 578
9314 1746
9315 1914
9316 1082
9317 252
9318 380
9319 1368
9320 108
9321 469
9322 1220
9323 53
9324 530
9325 728
9326 112
9327 735
9328 1535
9329 917
9330 1971
9331 1358
9332 803
9333 674
9334 147
9335 1154
9336 1257
9337 709
9338 858
9339 255
9340 1675
9341 128
9342 1638
9343 1437
9344 1088
9345 1888
9346 380
9347 1117
9348 1509
9349 635
9350 53
9351 1035
9352 416
9353 101
9354 174
9355 615
9356 904
9357 1257
9358 1588
9359 912
9360 1545
9361 1645
9362 976
9363 22
9364 1658
9365 424
9366 11
9367 1593
9368 1723
9369 22
9370 1462
9371 129
9372 408
9373 461
9374 1712
9375 1509
9376 257
9377 1914
9378 1812
9379 1445
9380 604
9381 1905
9382 778
9383 771
9384 913
9385 742
9386 470
9387 1669
9388 888
9389 462
9390 185
9391 982
9392 721
9393 1406
9394 1254
9395 1872
9396 1463
9397 1347
9398 1259
9399 279
9400 293
9401 161
9402 1531
9403 245
9404 1893
9405 1468
9406 583
9407 989
9408 817
9409 1620
9410 1566
9411 778
9412 1451
9413 1183
9414 1073
9415 1259
9416 1259
9417 495
9418 698
9419 469
9420 1634
9421 1728
9422 1877
9423 623
9424 489
9425 1660
9426 34
9427 1657
9428 1456
9429 948
9430 1292
9431 935
9432 1748
9433 81
9434 1009
9435 1023
9436 604
9437 414
9438 120
9439 1464
9440 351
9441 1898
9442 1634
9443 1488
9444 1074
9445 170
9446 1254
9447 383
9448 1713
9449 1617
9450 1883
9451 1443
9452 279
9453 314
9454 1839
9455 58
9456 967
9457 341
9458 511
9459 1231
9460 1421
9461 1200
9462 27
9463 1668
9464 291
9465 1698
9466 485
9467 902
9468 1449
9469 174
9470 1206
9471 121
9472 1254
9473 600
9474 1080
9475 1029
9476 989
9477 273
9478 849
9479 471
9480 1609
9481 323
9482 1042
9483 828
9484 1464
9485 484
9486 484
9487 297
9488 1254
9489 1410
9490 1047
9491 135
9492 1119
9493 1255
9494 730
9495 393
9496 725
9497 1933
9498 264
9499 494
9500 1509
9501 1255
9502 1782
9503 965
9504 1309
9505 53
9506 1436
9507 1522
9508 613
9509 115
9510 104
9511 998
9512 37
9513 1001
9514 1416
9515 1784
9516 1617
9517 273
9518 376
9519 1309
9520 916
9521 1458
9522 1818
9523 2
9524 1662
9525 383
9526 1545
9527 962
9528 400
9529 1200
9530 1483
9531 294
9532 1223
9533 1617
9534 630
9535 561
9536 832
9537 1970
9538 1399
9539 1915
9540 1122
9541 1961
9542 462
9543 1800
9544 1578
9545 1309
9546 1323
9547 37
9548 407
9549 875
9550 1627
9551 1124
9552 128
9553 1576
9554 727
9555 1822
9556 1039
9557 13
9558 262
9559 386
9560 961
9561 84
9562 1066
9563 441
9564 42
9565 1041
9566 1035
9567 1640
9568 122
9569 1651
9570 1656
9571 1041
9572 1480
9573 1707
9574 1309
9575 826
9576 1652
9577 1347
9578 1855
9579 1418
9580 449
9581 1913
9582 1593
9583 1509
9584 1709
9585 936
9586 894
9587 1021
9588 1679
9589 476
9590 372
9591 716
9592 561
9593 1811
9594 128
9595 1400
9596 1706
9597 37
9598 230
9599 1440
9600 1770
9601 0
9602 1309
9603 1228
9604 518
9605 958
9606 1971
9607 192
9608 46
9609 340
9610 1535
9611 743
9612 442
9613 1724
9614 1262
9615 652
9616 1939
9617 758
9618 996
9619 673
9620 617
9621 1508
9622 1453
9623 1226
9624 1866
9625 189
9626 1748
9627 773
9628 824
9629 1993
9630 1402
9631 353
9632 1896
9633 1309
9634 95
9635 1309
9636 1984
9637 211
9638 115
9639 1197
9640 7
9641 1291
9642 504
9643 1838
9644 6
9645 1309
9646 710
9647 526
9648 229
9649 1378
9650 1488
9651 1023
9652 803
9653 1065
9654 471
9655 917
9656 1629
9657 108
9658 1495
9659 378
9660 1228
9661 22
9662 262
9663 103
9664 727
9665 14
9666 57
9667 1701
9668 1468
9669 1617
9670 1497
9671 465
9672 1431
9673 1535
9674 984
9675 403
9676 964
9677 1894
9678 624
9679 520
9680 22
9681 1425
9682 1631
9683 214
9684 1481
9685 24
9686 326
9687 1288
9688 1627
9689 877
9690 1087
9691 1966
9692 1444
9693 1786
9694 797
9695 1636
9696 1250
9697 399
9698 1880
9699 858
9700 452
9701 1156
9702 917
9703 230
9704 38
9705 732
9706 1221
9707 1309
9708 1090
9709 1970
9710 571
9711 414
9712 1323
9713 838
9714 1063
9715 1166
9716 830
9717 1240
9718 1026
9719 964
9720 1298
9721 995
9722 442
9723 507
9724 913
9725 639
9726 1500
9727 812
9728 671
9729 740
9730 1630
9731 492
9732 184
9733 1850
9734 1673
9735 1298
9736 472
9737 221
9738 1298
9739 678
9740 28
9741 737
9742 386
9743 230
9744 721
9745 184
9746 1841
9747 777
9748 990
9749 928
9750 769
9751 37
9752 1846
9753 1249
9754 484
9755 1173
9756 1701
9757 889
9758 1298
9759 1187
9760 484
9761 310
9762 922
9763 451
9764 424
9765 376
9766 1298
9767 1820
9768 185
9769 400
9770 905
9771 1776
9772 1159
9773 1855
9774 377
9775 1206
9776 434
9777 896
9778 1565
9779 141
9780 591
9781 1486
9782 656
9783 349
9784 697
9785 304
9786 1816
9787 1109
9788 1664
9789 40
9790 1456
9791 860
9792 539
9793 746
9794 150
9795 918
9796 1726
9797 73
9798 792
9799 1210
9800 934
9801 820
9802 1509
9803 581
9804 1239
9805 1248
9806 1034
9807 1709
9808 654
9809 661
9810 1298
9811 206
9812 53
9813 1162
9814 1298
9815 397
9816 585
9817 153
9818 1308
9819 1508
9820 674
9821 665
9822 143
9823 870
9824 879
9825 1627
9826 1428
9827 1298
9828 138
9829 1769
9830 1171
9831 1298
9832 1415
9833 188
9834 45
9835 1323
9836 664
9837 1023
9838 1175
9839 261
9840 834
9841 280
9842 392
9843 883
9844 1833
9845 1268
9846 1497
9847 56
9848 1788
9849 600
9850 959
9851 1698
9852 336
9853 603
9854 626
9855 707
9856 59
9857 1979
9858 1250
9859 36
9860 807
9861 1945
9862 733
9863 1800
9864 119
9865 498
9866 517
9867 797
9868 510
9869 618
9870 1645
9871 827
9872 234
9873 918
9874 1849
9875 1661
9876 306
9877 1388
9878 1919
9879 1704
9880 585
9881 1388
9882 599
9883 795
9884 1269
9885 1367
9886 28
9887 1338
9888 412
9889 1535
9890 1024
9891 1034
9892 1285
9893 756
9894 1197
9895 1042
9896 64
9897 1578
9898 1268
9899 185
9900 1250
9901 1158
9902 1692
9903 413
9904 1930
9905 1657
9906 940
9907 145
9908 1931
9909 771
9910 1068
9911 359
9912 1699
9913 1268
9914 1960
9915 396
9916 642
9917 1657
9918 753
9919 1952
9920 1713
9921 1940
9922 1369
9923 1604
9924 262
9925 615
9926 263
9927 582
9928 1925
9929 484
9930 730
9931 773
9932 1268
9933 1088
9934 1836
9935 64
9936 1285
9937 1268
9938 504
9939 1650
9940 1046
9941 1621
9942 68
9943 1061
9944 520
9945 24
9946 734
9947 1323
9948 941
9949 221
9950 908
9951 1087
9952 1703
9953 486
9954 618
9955 1323
9956 1262
9957 844
9958 1007
9959 753
9960 1578
9961 250
9962 1193
9963 1415
9964 1500
9965 566
9966 1422
9967 4
9968 1238
9969 1187
9970 1986
9971 1214
9972 1848
9973 1124
9974 572
9975 257
9976 585
9977 1616
9978 291
9979 758
9980 1833
9981 1258
9982 389
9983 811
9984 1268
9985 797
9986 960
9987 1819
9988 1268
9989 354
9990 498
9991 711
9992 109
9993 1606
9994 369
9995 652
9996 1179
9997 845
9998 423
9999 561
