10000 4
10001 92
10002 22
10003 17
10004 4
10005 58
10006 67
10007 36
10008 19
10009 11
10010 90
10011 34
10012 81
10013 33
10014 1
10015 99
10016 71
10017 15
10018 2
10019 97
10020 74
10021 53
10022 1
10023 55
10024 6
10025 5
10026 57
10027 78
10028 87
10029 14
10030 35
10031 7
10032 38
10033 38
10034 85
10035 0
10036 89
10037 46
10038 75
10039 19
10040 23
10041 59
10042 29
10043 48
10044 57
10045 72
10046 75
10047 10
10048 60
10049 97
10050 35
10051 1
10052 53
10053 79
10054 14
10055 58
10056 79
10057 5
10058 39
10059 93
10060 69
10061 99
10062 9
10063 40
10064 69
10065 3
10066 88
10067 81
10068 28
10069 70
10070 42
10071 30
10072 41
10073 25
10074 3
10075 49
10076 10
10077 0
10078 71
10079 37
10080 49
10081 71
10082 42
10083 37
10084 13
10085 38
10086 69
10087 41
10088 43
10089 73
10090 54
10091 88
10092 41
10093 14
10094 97
10095 30
10096 14
10097 98
10098 98
10099 24
10100 32
10101 97
10102 38
10103 57
10104 92
10105 91
10106 49
10107 17
10108 27
10109 70
10110 52
10111 48
10112 22
10113 42
10114 45
10115 36
10116 35
10117 41
10118 34
10119 82
10120 80
10121 29
10122 98
10123 21
10124 14
10125 52
10126 98
10127 35
10128 2
10129 10
10130 90
10131 28
10132 3
10133 71
10134 21
10135 35
10136 14
10137 34
10138 60
10139 68
10140 26
10141 18
10142 86
10143 90
10144 35
10145 38
10146 20
10147 86
10148 72
10149 77
10150 77
10151 28
10152 33
10153 89
10154 84
10155 2
10156 34
10157 5
10158 50
10159 48
10160 77
10161 11
10162 27
10163 9
10164 39
10165 46
10166 2
10167 39
10168 53
10169 6
10170 98
10171 73
10172 49
10173 54
10174 59
10175 72
10176 36
10177 40
10178 48
10179 26
10180 86
10181 12
10182 89
10183 25
10184 73
10185 94
10186 47
10187 74
10188 61
10189 23
10190 91
10191 88
10192 43
10193 28
10194 17
10195 84
10196 54
10197 90
10198 5
10199 25
10200 75
10201 82
10202 89
10203 16
10204 13
10205 92
10206 78
10207 6
10208 7
10209 64
10210 2
10211 40
10212 54
10213 33
10214 34
10215 29
10216 71
10217 52
10218 47
10219 34
10220 50
10221 5
10222 43
10223 94
10224 46
10225 74
10226 20
10227 58
10228 90
10229 52
10230 80
10231 88
10232 90
10233 8
10234 73
10235 17
10236 95
10237 1
10238 16
10239 4
10240 2
10241 91
10242 75
10243 44
10244 8
10245 14
10246 32
10247 50
10248 80
10249 41
10250 19
10251 97
10252 21
10253 49
10254 49
10255 90
10256 36
10257 51
10258 77
10259 47
10260 63
10261 52
10262 39
10263 2
10264 37
10265 25
10266 15
10267 8
10268 60
10269 64
10270 32
10271 6
10272 61
10273 17
10274 63
10275 15
10276 25
10277 45
10278 30
10279 61
10280 49
10281 68
10282 60
10283 82
10284 93
10285 3
10286 85
10287 64
10288 53
10289 21
10290 85
10291 14
10292 2
10293 5
10294 90
10295 28
10296 62
10297 97
10298 45
10299 4
10300 76
10301 16
10302 15
10303 87
10304 68
10305 91
10306 19
10307 38
10308 54
10309 78
10310 21
10311 56
10312 21
10313 2
10314 96
10315 51
10316 50
10317 91
10318 23
10319 10
10320 85
10321 55
10322 45
10323 23
10324 58
10325 16
10326 57
10327 3
10328 96
10329 87
10330 13
10331 27
10332 61
10333 92
10334 84
10335 15
10336 16
10337 90
10338 94
10339 28
10340 58
10341 85
10342 12
10343 64
10344 53
10345 86
10346 53
10347 13
10348 53
10349 73
10350 97
10351 22
10352 89
10353 54
10354 0
10355 9
10356 5
10357 19
10358 61
10359 60
10360 5
10361 63
10362 19
10363 96
10364 53
10365 41
10366 56
10367 37
10368 61
10369 85
10370 64
10371 8
10372 65
10373 68
10374 55
10375 27
10376 69
10377 34
10378 53
10379 72
10380 45
10381 29
10382 85
10383 3
10384 54
10385 76
10386 42
10387 73
10388 43
10389 77
10390 38
10391 89
10392 34
10393 22
10394 73
10395 73
10396 19
10397 29
10398 82
10399 84
10400 93
10401 61
10402 42
10403 87
10404 5
10405 97
10406 14
10407 50
10408 67
10409 90
10410 41
10411 50
10412 60
10413 81
10414 64
10415 18
10416 94
10417 77
10418 95
10419 38
10420 80
10421 66
10422 7
10423 9
10424 71
10425 25
10426 12
10427 29
10428 32
10429 62
10430 71
10431 77
10432 27
10433 11
10434 63
10435 74
10436 22
10437 35
10438 72
10439 53
10440 37
10441 61
10442 20
10443 31
10444 16
10445 97
10446 80
10447 38
10448 61
10449 18
10450 8
10451 59
10452 38
10453 13
10454 56
10455 0
10456 83
10457 31
10458 16
10459 70
10460 18
10461 60
10462 96
10463 91
10464 55
10465 22
10466 49
10467 29
10468 88
10469 83
10470 64
10471 87
10472 75
10473 16
10474 8
10475 47
10476 26
10477 60
10478 20
10479 76
10480 19
10481 33
10482 60
10483 77
10484 93
10485 23
10486 70
10487 67
10488 41
10489 92
10490 64
10491 55
10492 27
10493 82
10494 9
10495 33
10496 1
10497 71
10498 65
10499 63
10500 40
10501 64
10502 47
10503 36
10504 93
10505 82
10506 33
10507 62
10508 15
10509 58
10510 2
10511 78
10512 87
10513 97
10514 67
10515 4
10516 16
10517 56
10518 0
10519 75
10520 58
10521 52
10522 95
10523 90
10524 5
10525 53
10526 39
10527 11
10528 3
10529 12
10530 66
10531 78
10532 88
10533 65
10534 85
10535 79
10536 48
10537 33
10538 20
10539 28
10540 98
10541 26
10542 35
10543 27
10544 70
10545 3
10546 11
10547 94
10548 37
10549 40
10550 29
10551 84
10552 20
10553 64
10554 7
10555 53
10556 4
10557 77
10558 49
10559 30
10560 77
10561 18
10562 31
10563 30
10564 51
10565 55
10566 36
10567 29
10568 53
10569 93
10570 20
10571 81
10572 11
10573 31
10574 0
10575 81
10576 54
10577 46
10578 75
10579 39
10580 92
10581 85
10582 49
10583 36
10584 46
10585 67
10586 1
10587 20
10588 33
10589 23
10590 66
10591 12
10592 44
10593 88
10594 76
10595 64
10596 46
10597 68
10598 45
10599 85
10600 89
10601 82
10602 85
10603 10
10604 13
10605 34
10606 76
10607 63
10608 57
10609 4
10610 66
10611 42
10612 63
10613 4
10614 44
10615 34
10616 50
10617 12
10618 79
10619 51
10620 65
10621 65
10622 43
10623 64
10624 19
10625 41
10626 36
10627 4
10628 69
10629 70
10630 57
10631 72
10632 83
10633 63
10634 42
10635 95
10636 39
10637 48
10638 81
10639 46
10640 80
10641 86
10642 64
10643 61
10644 58
10645 36
10646 69
10647 90
10648 9
10649 49
10650 72
10651 82
10652 92
10653 89
10654 92
10655 89
10656 56
10657 39
10658 86
10659 76
10660 53
10661 29
10662 49
10663 70
10664 25
10665 73
10666 13
10667 67
10668 24
10669 42
10670 56
10671 70
10672 57
10673 98
10674 2
10675 39
10676 10
10677 63
10678 44
10679 18
10680 28
10681 72
10682 95
10683 65
10684 3
10685 72
10686 95
10687 36
10688 13
10689 6
10690 33
10691 41
10692 8
10693 21
10694 8
10695 17
10696 7
10697 31
10698 61
10699 83
10700 14
10701 42
10702 71
10703 14
10704 50
10705 84
10706 71
10707 21
10708 47
10709 25
10710 58
10711 46
10712 94
10713 39
10714 46
10715 88
10716 33
10717 47
10718 84
10719 50
10720 97
10721 40
10722 78
10723 59
10724 64
10725 95
10726 73
10727 91
10728 25
10729 16
10730 76
10731 53
10732 49
10733 36
10734 46
10735 73
10736 52
10737 39
10738 98
10739 11
10740 67
10741 73
10742 18
10743 8
10744 85
10745 34
10746 84
10747 89
10748 23
10749 54
10750 91
10751 14
10752 45
10753 84
10754 66
10755 59
10756 79
10757 78
10758 72
10759 74
10760 14
10761 7
10762 0
10763 39
10764 85
10765 15
10766 12
10767 24
10768 35
10769 29
10770 15
10771 44
10772 44
10773 44
10774 64
10775 5
10776 27
10777 83
10778 69
10779 38
10780 63
10781 32
10782 91
10783 81
10784 34
10785 91
10786 20
10787 72
10788 78
10789 15
10790 57
10791 24
10792 13
10793 90
10794 88
10795 12
10796 90
10797 71
10798 39
10799 11
10800 29
10801 34
10802 57
10803 1
10804 32
10805 89
10806 83
10807 90
10808 36
10809 4
10810 48
10811 32
10812 34
10813 10
10814 57
10815 5
10816 74
10817 2
10818 5
10819 56
10820 57
10821 81
10822 94
10823 16
10824 89
10825 79
10826 26
10827 51
10828 79
10829 8
10830 41
10831 34
10832 98
10833 23
10834 93
10835 14
10836 89
10837 78
10838 41
10839 11
10840 14
10841 97
10842 27
10843 70
10844 8
10845 76
10846 17
10847 83
10848 77
10849 70
10850 8
10851 32
10852 49
10853 13
10854 45
10855 43
10856 71
10857 93
10858 98
10859 36
10860 58
10861 50
10862 13
10863 74
10864 26
10865 62
10866 69
10867 4
10868 50
10869 42
10870 69
10871 25
10872 98
10873 67
10874 36
10875 45
10876 95
10877 6
10878 87
10879 74
10880 4
10881 61
10882 83
10883 23
10884 79
10885 18
10886 96
10887 32
10888 77
10889 71
10890 98
10891 28
10892 90
10893 86
10894 20
10895 67
10896 14
10897 4
10898 16
10899 56
10900 74
10901 8
10902 90
10903 37
10904 67
10905 97
10906 54
10907 89
10908 64
10909 48
10910 35
10911 16
10912 37
10913 28
10914 24
10915 17
10916 0
10917 29
10918 59
10919 47
10920 15
10921 10
10922 29
10923 45
10924 25
10925 34
10926 54
10927 12
10928 36
10929 29
10930 1
10931 29
10932 8
10933 69
10934 99
10935 34
10936 97
10937 80
10938 1
10939 13
10940 19
10941 63
10942 71
10943 17
10944 81
10945 26
10946 66
10947 91
10948 60
10949 63
10950 60
10951 6
10952 76
10953 49
10954 68
10955 72
10956 14
10957 56
10958 76
10959 71
10960 24
10961 84
10962 48
10963 61
10964 5
10965 56
10966 90
10967 65
10968 75
10969 11
10970 81
10971 91
10972 11
10973 55
10974 2
10975 38
10976 30
10977 14
10978 29
10979 9
10980 14
10981 53
10982 56
10983 82
10984 42
10985 39
10986 42
10987 9
10988 52
10989 39
10990 4
10991 12
10992 63
10993 29
10994 32
10995 89
10996 52
10997 5
10998 39
10999 46
11000 37
11001 60
11002 30
11003 96
11004 13
11005 64
11006 67
11007 52
11008 45
11009 95
11010 52
11011 28
11012 32
11013 92
11014 81
11015 86
11016 74
11017 68
11018 18
11019 86
11020 90
11021 79
11022 89
11023 76
11024 44
11025 52
11026 6
11027 50
11028 89
11029 87
11030 92
11031 43
11032 70
11033 73
11034 47
11035 28
11036 68
11037 64
11038 90
11039 32
11040 54
11041 7
11042 99
11043 33
11044 86
11045 27
11046 23
11047 67
11048 90
11049 57
11050 71
11051 1
11052 2
11053 70
11054 70
11055 94
11056 45
11057 34
11058 54
11059 85
11060 90
11061 70
11062 42
11063 25
11064 98
11065 37
11066 4
11067 92
11068 63
11069 62
11070 75
11071 31
11072 24
11073 4
11074 84
11075 9
11076 83
11077 62
11078 11
11079 8
11080 1
11081 89
11082 78
11083 45
11084 88
11085 27
11086 65
11087 36
11088 33
11089 36
11090 14
11091 77
11092 48
11093 89
11094 44
11095 48
11096 99
11097 7
11098 14
11099 44
11100 69
11101 91
11102 86
11103 75
11104 42
11105 1
11106 49
11107 88
11108 96
11109 97
11110 58
11111 60
11112 21
11113 33
11114 56
11115 49
11116 87
11117 46
11118 74
11119 21
11120 27
11121 48
11122 34
11123 73
11124 86
11125 99
11126 71
11127 90
11128 20
11129 88
11130 10
11131 76
11132 68
11133 57
11134 52
11135 66
11136 78
11137 43
11138 5
11139 70
11140 27
11141 69
11142 34
11143 15
11144 63
11145 83
11146 32
11147 34
11148 27
11149 66
11150 3
11151 3
11152 96
11153 73
11154 44
11155 9
11156 35
11157 45
11158 20
11159 47
11160 93
11161 76
11162 64
11163 45
11164 27
11165 3
11166 48
11167 84
11168 68
11169 18
11170 71
11171 16
11172 52
11173 49
11174 70
11175 38
11176 36
11177 48
11178 34
11179 18
11180 33
11181 29
11182 95
11183 50
11184 1
11185 14
11186 45
11187 49
11188 25
11189 30
11190 48
11191 41
11192 73
11193 88
11194 70
11195 98
11196 0
11197 72
11198 89
11199 71
11200 73
11201 27
11202 34
11203 47
11204 93
11205 57
11206 45
11207 25
11208 96
11209 16
11210 20
11211 33
11212 68
11213 5
11214 71
11215 95
11216 14
11217 37
11218 2
11219 45
11220 33
11221 27
11222 22
11223 36
11224 18
11225 0
11226 64
11227 67
11228 20
11229 94
11230 41
11231 73
11232 3
11233 43
11234 34
11235 77
11236 63
11237 44
11238 67
11239 17
11240 36
11241 70
11242 70
11243 83
11244 87
11245 75
11246 45
11247 6
11248 56
11249 80
11250 59
11251 41
11252 56
11253 50
11254 78
11255 81
11256 65
11257 29
11258 4
11259 23
11260 19
11261 92
11262 34
11263 21
11264 52
11265 6
11266 82
11267 65
11268 46
11269 6
11270 40
11271 37
11272 78
11273 18
11274 61
11275 90
11276 78
11277 85
11278 34
11279 85
11280 64
11281 40
11282 50
11283 23
11284 50
11285 76
11286 68
11287 10
11288 0
11289 90
11290 50
11291 40
11292 18
11293 78
11294 29
11295 51
11296 46
11297 76
11298 27
11299 17
11300 29
11301 18
11302 86
11303 91
11304 31
11305 42
11306 15
11307 72
11308 46
11309 98
11310 25
11311 77
11312 52
11313 8
11314 55
11315 7
11316 19
11317 95
11318 62
11319 64
11320 28
11321 53
11322 3
11323 40
11324 68
11325 81
11326 89
11327 3
11328 69
11329 2
11330 13
11331 15
11332 6
11333 93
11334 59
11335 70
11336 37
11337 72
11338 86
11339 70
11340 17
11341 67
11342 72
11343 22
11344 21
11345 72
11346 80
11347 64
11348 32
11349 59
11350 19
11351 81
11352 22
11353 19
11354 58
11355 40
11356 40
11357 52
11358 77
11359 0
11360 92
11361 67
11362 31
11363 5
11364 21
11365 8
11366 11
11367 90
11368 56
11369 9
11370 26
11371 84
11372 56
11373 24
11374 87
11375 25
11376 8
11377 6
11378 83
11379 44
11380 22
11381 44
11382 69
11383 4
11384 47
11385 57
11386 70
11387 47
11388 62
11389 31
11390 88
11391 72
11392 6
11393 94
11394 24
11395 45
11396 96
11397 20
11398 56
11399 91
11400 95
11401 82
11402 89
11403 3
11404 59
11405 68
11406 20
11407 19
11408 90
11409 71
11410 94
11411 78
11412 79
11413 58
11414 31
11415 14
11416 68
11417 40
11418 6
11419 50
11420 17
11421 67
11422 44
11423 83
11424 55
11425 4
11426 41
11427 9
11428 10
11429 60
11430 28
11431 20
11432 39
11433 65
11434 13
11435 39
11436 52
11437 20
11438 97
11439 74
11440 88
11441 8
11442 89
11443 61
11444 35
11445 46
11446 23
11447 14
11448 25
11449 99
11450 94
11451 95
11452 21
11453 61
11454 12
11455 12
11456 26
11457 95
11458 50
11459 5
11460 55
11461 63
11462 39
11463 73
11464 92
11465 57
11466 52
11467 10
11468 31
11469 43
11470 29
11471 52
11472 45
11473 77
11474 7
11475 53
11476 13
11477 80
11478 93
11479 68
11480 49
11481 71
11482 87
11483 54
11484 38
11485 76
11486 16
11487 97
11488 32
11489 75
11490 55
11491 32
11492 37
11493 42
11494 21
11495 73
11496 66
11497 9
11498 67
11499 70
11500 52
11501 79
11502 92
11503 64
11504 24
11505 6
11506 10
11507 91
11508 78
11509 39
11510 72
11511 21
11512 36
11513 83
11514 78
11515 93
11516 33
11517 30
11518 97
11519 94
11520 33
11521 11
11522 67
11523 73
11524 97
11525 74
11526 25
11527 53
11528 44
11529 9
11530 37
11531 74
11532 70
11533 89
11534 34
11535 13
11536 6
11537 66
11538 30
11539 98
11540 24
11541 84
11542 25
11543 93
11544 54
11545 82
11546 32
11547 82
11548 44
11549 5
11550 48
11551 14
11552 54
11553 72
11554 10
11555 76
11556 5
11557 60
11558 86
11559 33
11560 49
11561 0
11562 10
11563 64
11564 93
11565 75
11566 80
11567 18
11568 1
11569 93
11570 47
11571 78
11572 38
11573 94
11574 34
11575 6
11576 50
11577 15
11578 30
11579 47
11580 38
11581 53
11582 18
11583 85
11584 60
11585 84
11586 15
11587 55
11588 79
11589 7
11590 44
11591 87
11592 35
11593 64
11594 62
11595 31
11596 17
11597 43
11598 54
11599 53
11600 69
11601 3
11602 93
11603 24
11604 92
11605 4
11606 57
11607 1
11608 34
11609 20
11610 32
11611 96
11612 46
11613 52
11614 89
11615 4
11616 85
11617 94
11618 95
11619 70
11620 46
11621 28
11622 77
11623 59
11624 1
11625 69
11626 76
11627 41
11628 34
11629 89
11630 33
11631 56
11632 75
11633 23
11634 1
11635 18
11636 87
11637 38
11638 96
11639 0
11640 6
11641 89
11642 87
11643 4
11644 19
11645 35
11646 66
11647 64
11648 42
11649 54
11650 56
11651 91
11652 32
11653 48
11654 46
11655 77
11656 58
11657 34
11658 7
11659 83
11660 43
11661 52
11662 0
11663 81
11664 80
11665 84
11666 72
11667 75
11668 40
11669 5
11670 95
11671 13
11672 80
11673 73
11674 17
11675 45
11676 59
11677 28
11678 8
11679 42
11680 87
11681 73
11682 23
11683 96
11684 21
11685 25
11686 46
11687 92
11688 74
11689 77
11690 56
11691 2
11692 66
11693 32
11694 98
11695 11
11696 53
11697 89
11698 86
11699 70
11700 1
11701 74
11702 52
11703 19
11704 90
11705 42
11706 26
11707 40
11708 7
11709 72
11710 71
11711 29
11712 31
11713 3
11714 80
11715 98
11716 78
11717 7
11718 57
11719 50
11720 6
11721 28
11722 23
11723 49
11724 59
11725 0
11726 78
11727 28
11728 90
11729 88
11730 62
11731 53
11732 77
11733 1
11734 88
11735 5
11736 47
11737 44
11738 17
11739 35
11740 67
11741 61
11742 31
11743 50
11744 69
11745 99
11746 3
11747 48
11748 61
11749 1
11750 97
11751 40
11752 78
11753 57
11754 6
11755 79
11756 48
11757 39
11758 61
11759 86
11760 9
11761 59
11762 46
11763 77
11764 55
11765 0
11766 60
11767 34
11768 3
11769 70
11770 76
11771 70
11772 9
11773 50
11774 65
11775 56
11776 47
11777 26
11778 26
11779 31
11780 29
11781 23
11782 4
11783 59
11784 58
11785 89
11786 32
11787 39
11788 55
11789 82
11790 85
11791 59
11792 35
11793 92
11794 50
11795 68
11796 6
11797 65
11798 59
11799 88
11800 54
11801 16
11802 32
11803 37
11804 8
11805 23
11806 6
11807 19
11808 47
11809 60
11810 80
11811 15
11812 13
11813 0
11814 74
11815 22
11816 14
11817 26
11818 15
11819 69
11820 39
11821 1
11822 61
11823 97
11824 27
11825 87
11826 2
11827 79
11828 69
11829 61
11830 49
11831 4
11832 34
11833 8
11834 66
11835 75
11836 50
11837 46
11838 66
11839 97
11840 25
11841 24
11842 87
11843 34
11844 30
11845 11
11846 58
11847 99
11848 57
11849 20
11850 14
11851 7
11852 2
11853 66
11854 32
11855 23
11856 95
11857 61
11858 75
11859 35
11860 93
11861 86
11862 38
11863 70
11864 43
11865 57
11866 11
11867 90
11868 9
11869 90
11870 49
11871 61
11872 53
11873 7
11874 60
11875 35
11876 12
11877 28
11878 53
11879 36
11880 30
11881 0
11882 45
11883 21
11884 9
11885 5
11886 37
11887 36
11888 97
11889 20
11890 20
11891 33
11892 61
11893 79
11894 21
11895 56
11896 25
11897 64
11898 18
11899 51
11900 52
11901 80
11902 7
11903 42
11904 0
11905 78
11906 35
11907 0
11908 33
11909 34
11910 81
11911 82
11912 54
11913 72
11914 12
11915 19
11916 84
11917 30
11918 96
11919 61
11920 75
11921 77
11922 62
11923 43
11924 20
11925 1
11926 58
11927 65
11928 60
11929 17
11930 42
11931 68
11932 70
11933 51
11934 94
11935 65
11936 54
11937 58
11938 48
11939 90
11940 59
11941 43
11942 3
11943 61
11944 87
11945 90
11946 39
11947 63
11948 56
11949 59
11950 21
11951 21
11952 9
11953 51
11954 35
11955 85
11956 96
11957 92
11958 3
11959 13
11960 16
11961 26
11962 96
11963 74
11964 63
11965 67
11966 44
11967 48
11968 73
11969 86
11970 19
11971 89
11972 38
11973 87
11974 14
11975 41
11976 19
11977 66
11978 82
11979 44
11980 96
11981 83
11982 88
11983 33
11984 87
11985 60
11986 38
11987 65
11988 25
11989 68
11990 6
11991 8
11992 0
11993 90
11994 22
11995 89
11996 90
11997 94
11998 11
11999 80
12000 30
12001 26
12002 60
12003 55
12004 91
12005 64
12006 39
12007 20
12008 32
12009 52
12010 83
12011 69
12012 47
12013 14
12014 24
12015 78
12016 27
12017 17
12018 52
12019 80
12020 77
12021 42
12022 49
12023 52
12024 62
12025 1
12026 94
12027 10
12028 76
12029 25
12030 82
12031 67
12032 98
12033 11
12034 54
12035 3
12036 22
12037 34
12038 98
12039 86
12040 33
12041 88
12042 87
12043 80
12044 23
12045 25
12046 36
12047 70
12048 34
12049 4
12050 74
12051 13
12052 53
12053 84
12054 78
12055 76
12056 43
12057 16
12058 61
12059 50
12060 35
12061 57
12062 30
12063 5
12064 67
12065 96
12066 66
12067 87
12068 25
12069 19
12070 3
12071 7
12072 4
12073 94
12074 44
12075 87
12076 36
12077 1
12078 50
12079 87
12080 11
12081 66
12082 57
12083 70
12084 12
12085 88
12086 84
12087 61
12088 97
12089 85
12090 45
12091 6
12092 22
12093 51
12094 43
12095 59
12096 48
12097 86
12098 29
12099 69
12100 48
12101 82
12102 32
12103 92
12104 50
12105 63
12106 0
12107 14
12108 34
12109 51
12110 50
12111 34
12112 48
12113 33
12114 65
12115 64
12116 66
12117 48
12118 7
12119 45
12120 59
12121 65
12122 90
12123 79
12124 88
12125 2
12126 43
12127 45
12128 33
12129 11
12130 60
12131 50
12132 72
12133 4
12134 87
12135 92
12136 40
12137 43
12138 68
12139 42
12140 33
12141 17
12142 84
12143 16
12144 76
12145 95
12146 36
12147 26
12148 56
12149 7
12150 60
12151 62
12152 68
12153 58
12154 27
12155 94
12156 30
12157 17
12158 25
12159 6
12160 45
12161 46
12162 19
12163 71
12164 70
12165 3
12166 67
12167 41
12168 31
12169 4
12170 14
12171 44
12172 42
12173 19
12174 56
12175 87
12176 39
12177 94
12178 81
12179 15
12180 48
12181 66
12182 10
12183 68
12184 11
12185 59
12186 29
12187 37
12188 76
12189 60
12190 57
12191 13
12192 64
12193 6
12194 31
12195 54
12196 70
12197 67
12198 16
12199 78
12200 83
12201 60
12202 87
12203 28
12204 8
12205 37
12206 0
12207 86
12208 79
12209 69
12210 12
12211 88
12212 16
12213 43
12214 53
12215 54
12216 82
12217 86
12218 4
12219 43
12220 20
12221 2
12222 72
12223 10
12224 7
12225 80
12226 19
12227 50
12228 34
12229 37
12230 87
12231 34
12232 6
12233 62
12234 9
12235 23
12236 16
12237 75
12238 96
12239 86
12240 72
12241 48
12242 78
12243 23
12244 5
12245 22
12246 96
12247 29
12248 37
12249 59
12250 73
12251 62
12252 95
12253 60
12254 75
12255 8
12256 60
12257 60
12258 61
12259 22
12260 53
12261 28
12262 28
12263 82
12264 32
12265 66
12266 41
12267 65
12268 33
12269 83
12270 66
12271 41
12272 75
12273 81
12274 25
12275 13
12276 6
12277 32
12278 41
12279 31
12280 29
12281 8
12282 64
12283 27
12284 5
12285 71
12286 97
12287 50
12288 69
12289 2
12290 18
12291 92
12292 88
12293 73
12294 22
12295 14
12296 20
12297 32
12298 82
12299 19
12300 70
12301 63
12302 72
12303 58
12304 59
12305 69
12306 74
12307 37
12308 96
12309 54
12310 94
12311 21
12312 15
12313 2
12314 83
12315 58
12316 72
12317 4
12318 99
12319 40
12320 10
12321 3
12322 39
12323 2
12324 58
12325 80
12326 9
12327 89
12328 72
12329 6
12330 6
12331 5
12332 46
12333 48
12334 29
12335 74
12336 59
12337 58
12338 81
12339 3
12340 4
12341 82
12342 61
12343 77
12344 84
12345 15
12346 76
12347 72
12348 9
12349 90
12350 32
12351 60
12352 60
12353 85
12354 35
12355 98
12356 28
12357 44
12358 8
12359 2
12360 65
12361 77
12362 24
12363 81
12364 7
12365 41
12366 2
12367 2
12368 79
12369 85
12370 57
12371 18
12372 97
12373 19
12374 91
12375 53
12376 17
12377 73
12378 66
12379 19
12380 77
12381 53
12382 19
12383 57
12384 21
12385 13
12386 68
12387 19
12388 76
12389 52
12390 88
12391 87
12392 93
12393 95
12394 86
12395 33
12396 33
12397 0
12398 7
12399 86
12400 34
12401 53
12402 89
12403 47
12404 6
12405 43
12406 47
12407 51
12408 75
12409 51
12410 58
12411 67
12412 96
12413 92
12414 54
12415 32
12416 98
12417 69
12418 47
12419 1
12420 58
12421 14
12422 98
12423 54
12424 99
12425 56
12426 0
12427 58
12428 18
12429 1
12430 44
12431 68
12432 5
12433 65
12434 62
12435 98
12436 91
12437 54
12438 14
12439 13
12440 8
12441 38
12442 88
12443 10
12444 13
12445 95
12446 13
12447 41
12448 80
12449 34
12450 64
12451 91
12452 44
12453 87
12454 5
12455 60
12456 56
12457 71
12458 27
12459 16
12460 64
12461 50
12462 85
12463 16
12464 51
12465 55
12466 60
12467 29
12468 83
12469 86
12470 93
12471 58
12472 72
12473 45
12474 68
12475 36
12476 42
12477 94
12478 35
12479 68
12480 3
12481 42
12482 20
12483 7
12484 19
12485 1
12486 71
12487 98
12488 56
12489 92
12490 0
12491 7
12492 75
12493 13
12494 74
12495 44
12496 74
12497 67
12498 79
12499 6
12500 50
12501 60
12502 60
12503 22
12504 50
12505 19
12506 73
12507 90
12508 87
12509 42
12510 16
12511 17
12512 87
12513 79
12514 55
12515 22
12516 50
12517 7
12518 53
12519 39
12520 92
12521 34
12522 41
12523 76
12524 67
12525 14
12526 27
12527 93
12528 26
12529 58
12530 90
12531 4
12532 51
12533 35
12534 22
12535 86
12536 85
12537 51
12538 74
12539 71
12540 17
12541 13
12542 27
12543 59
12544 43
12545 40
12546 35
12547 56
12548 2
12549 10
12550 87
12551 20
12552 28
12553 9
12554 61
12555 3
12556 78
12557 43
12558 76
12559 52
12560 64
12561 33
12562 71
12563 93
12564 2
12565 51
12566 98
12567 82
12568 79
12569 60
12570 15
12571 13
12572 51
12573 3
12574 98
12575 59
12576 50
12577 92
12578 44
12579 12
12580 66
12581 65
12582 95
12583 38
12584 71
12585 22
12586 92
12587 6
12588 59
12589 90
12590 3
12591 89
12592 61
12593 64
12594 28
12595 14
12596 64
12597 30
12598 43
12599 27
12600 63
12601 52
12602 51
12603 5
12604 51
12605 15
12606 87
12607 89
12608 91
12609 41
12610 41
12611 58
12612 62
12613 27
12614 24
12615 54
12616 61
12617 83
12618 4
12619 66
12620 77
12621 51
12622 92
12623 47
12624 8
12625 51
12626 32
12627 57
12628 93
12629 51
12630 34
12631 97
12632 85
12633 4
12634 11
12635 64
12636 32
12637 84
12638 80
12639 81
12640 21
12641 15
12642 28
12643 1
12644 95
12645 92
12646 14
12647 33
12648 93
12649 96
12650 81
12651 8
12652 3
12653 39
12654 72
12655 96
12656 94
12657 56
12658 5
12659 9
12660 40
12661 31
12662 36
12663 83
12664 36
12665 74
12666 62
12667 28
12668 86
12669 35
12670 96
12671 2
12672 39
12673 34
12674 35
12675 50
12676 81
12677 68
12678 47
12679 63
12680 93
12681 80
12682 43
12683 37
12684 60
12685 75
12686 16
12687 70
12688 59
12689 88
12690 74
12691 49
12692 12
12693 69
12694 64
12695 22
12696 90
12697 47
12698 43
12699 64
12700 19
12701 6
12702 28
12703 14
12704 54
12705 85
12706 10
12707 53
12708 4
12709 23
12710 23
12711 93
12712 5
12713 11
12714 17
12715 96
12716 26
12717 8
12718 81
12719 53
12720 46
12721 96
12722 2
12723 63
12724 55
12725 8
12726 5
12727 87
12728 58
12729 81
12730 81
12731 48
12732 53
12733 13
12734 44
12735 37
12736 9
12737 32
12738 13
12739 68
12740 88
12741 86
12742 66
12743 84
12744 59
12745 70
12746 94
12747 4
12748 52
12749 52
12750 61
12751 18
12752 69
12753 6
12754 5
12755 18
12756 0
12757 57
12758 66
12759 67
12760 68
12761 56
12762 96
12763 37
12764 9
12765 11
12766 39
12767 37
12768 68
12769 13
12770 12
12771 20
12772 81
12773 73
12774 25
12775 0
12776 32
12777 73
12778 35
12779 28
12780 30
12781 81
12782 8
12783 92
12784 77
12785 38
12786 85
12787 20
12788 94
12789 68
12790 27
12791 19
12792 61
12793 93
12794 68
12795 24
12796 54
12797 48
12798 62
12799 27
12800 38
12801 37
12802 12
12803 22
12804 57
12805 13
12806 62
12807 63
12808 35
12809 62
12810 27
12811 17
12812 13
12813 84
12814 96
12815 68
12816 54
12817 17
12818 24
12819 78
12820 74
12821 75
12822 64
12823 41
12824 61
12825 98
12826 39
12827 12
12828 36
12829 76
12830 82
12831 19
12832 16
12833 58
12834 17
12835 4
12836 47
12837 22
12838 0
12839 62
12840 76
12841 33
12842 55
12843 59
12844 13
12845 52
12846 30
12847 1
12848 38
12849 20
12850 40
12851 78
12852 7
12853 39
12854 94
12855 5
12856 2
12857 22
12858 99
12859 59
12860 29
12861 79
12862 21
12863 38
12864 41
12865 0
12866 19
12867 13
12868 48
12869 41
12870 36
12871 37
12872 1
12873 75
12874 4
12875 51
12876 31
12877 63
12878 45
12879 91
12880 33
12881 57
12882 0
12883 70
12884 2
12885 85
12886 21
12887 68
12888 52
12889 45
12890 52
12891 4
12892 47
12893 65
12894 79
12895 45
12896 22
12897 41
12898 98
12899 0
12900 12
12901 50
12902 96
12903 8
12904 20
12905 25
12906 40
12907 38
12908 52
12909 46
12910 43
12911 94
12912 11
12913 45
12914 55
12915 26
12916 3
12917 62
12918 77
12919 64
12920 91
12921 89
12922 93
12923 36
12924 44
12925 63
12926 77
12927 89
12928 7
12929 37
12930 98
12931 32
12932 57
12933 85
12934 72
12935 17
12936 93
12937 54
12938 39
12939 19
12940 84
12941 31
12942 63
12943 13
12944 49
12945 84
12946 60
12947 10
12948 15
12949 21
12950 31
12951 6
12952 71
12953 61
12954 95
12955 53
12956 11
12957 71
12958 74
12959 96
12960 44
12961 38
12962 40
12963 68
12964 3
12965 73
12966 16
12967 7
12968 88
12969 33
12970 96
12971 72
12972 8
12973 8
12974 77
12975 28
12976 70
12977 58
12978 48
12979 56
12980 57
12981 77
12982 76
12983 71
12984 67
12985 69
12986 88
12987 86
12988 1
12989 86
12990 12
12991 1
12992 25
12993 89
12994 84
12995 2
12996 33
12997 16
12998 89
12999 25
13000 85
13001 29
13002 31
13003 9
13004 18
13005 19
13006 38
13007 98
13008 32
13009 60
13010 57
13011 92
13012 6
13013 62
13014 91
13015 87
13016 21
13017 50
13018 68
13019 68
13020 35
13021 48
13022 54
13023 10
13024 31
13025 47
13026 0
13027 10
13028 94
13029 63
13030 32
13031 45
13032 46
13033 79
13034 98
13035 0
13036 65
13037 6
13038 3
13039 44
13040 58
13041 38
13042 19
13043 58
13044 90
13045 85
13046 5
13047 52
13048 71
13049 38
13050 27
13051 29
13052 44
13053 8
13054 54
13055 43
13056 37
13057 7
13058 9
13059 46
13060 32
13061 74
13062 15
13063 83
13064 97
13065 25
13066 70
13067 13
13068 85
13069 92
13070 43
13071 30
13072 38
13073 65
13074 96
13075 70
13076 98
13077 8
13078 76
13079 65
13080 38
13081 69
13082 85
13083 88
13084 82
13085 61
13086 46
13087 5
13088 26
13089 47
13090 21
13091 18
13092 43
13093 63
13094 33
13095 92
13096 85
13097 91
13098 66
13099 53
13100 96
13101 22
13102 89
13103 26
13104 88
13105 54
13106 70
13107 9
13108 48
13109 14
13110 16
13111 92
13112 9
13113 14
13114 57
13115 48
13116 19
13117 85
13118 37
13119 57
13120 51
13121 64
13122 87
13123 54
13124 82
13125 17
13126 24
13127 18
13128 39
13129 65
13130 16
13131 8
13132 47
13133 68
13134 57
13135 21
13136 84
13137 89
13138 8
13139 85
13140 37
13141 64
13142 88
13143 93
13144 21
13145 58
13146 48
13147 55
13148 87
13149 21
13150 40
13151 62
13152 52
13153 44
13154 73
13155 61
13156 92
13157 2
13158 16
13159 63
13160 99
13161 22
13162 64
13163 65
13164 57
13165 59
13166 52
13167 83
13168 54
13169 72
13170 1
13171 31
13172 41
13173 31
13174 47
13175 69
13176 46
13177 92
13178 56
13179 64
13180 51
13181 22
13182 15
13183 39
13184 16
13185 88
13186 56
13187 8
13188 11
13189 94
13190 98
13191 57
13192 94
13193 71
13194 61
13195 87
13196 41
13197 47
13198 70
13199 2
13200 63
13201 80
13202 7
13203 47
13204 54
13205 97
13206 30
13207 13
13208 4
13209 19
13210 6
13211 18
13212 29
13213 61
13214 3
13215 97
13216 84
13217 26
13218 92
13219 81
13220 25
13221 54
13222 42
13223 68
13224 11
13225 10
13226 95
13227 85
13228 71
13229 73
13230 88
13231 1
13232 11
13233 8
13234 66
13235 66
13236 71
13237 59
13238 70
13239 26
13240 19
13241 75
13242 25
13243 65
13244 90
13245 94
13246 76
13247 68
13248 36
13249 68
13250 35
13251 34
13252 24
13253 13
13254 6
13255 87
13256 8
13257 73
13258 74
13259 22
13260 7
13261 13
13262 57
13263 90
13264 58
13265 93
13266 85
13267 55
13268 89
13269 61
13270 50
13271 46
13272 45
13273 22
13274 12
13275 3
13276 3
13277 32
13278 15
13279 85
13280 29
13281 34
13282 85
13283 59
13284 97
13285 33
13286 21
13287 28
13288 70
13289 85
13290 39
13291 50
13292 87
13293 43
13294 50
13295 79
13296 61
13297 59
13298 95
13299 23
13300 71
13301 69
13302 10
13303 8
13304 2
13305 84
13306 80
13307 78
13308 22
13309 17
13310 92
13311 54
13312 83
13313 43
13314 96
13315 95
13316 52
13317 33
13318 37
13319 55
13320 89
13321 98
13322 54
13323 66
13324 15
13325 44
13326 26
13327 86
13328 75
13329 48
13330 96
13331 55
13332 67
13333 54
13334 97
13335 37
13336 3
13337 73
13338 48
13339 72
13340 50
13341 67
13342 38
13343 12
13344 30
13345 64
13346 14
13347 17
13348 9
13349 29
13350 56
13351 41
13352 88
13353 59
13354 3
13355 57
13356 89
13357 14
13358 63
13359 51
13360 12
13361 94
13362 82
13363 95
13364 43
13365 98
13366 61
13367 24
13368 86
13369 92
13370 56
13371 88
13372 42
13373 63
13374 8
13375 13
13376 66
13377 96
13378 31
13379 32
13380 91
13381 62
13382 63
13383 18
13384 13
13385 43
13386 98
13387 4
13388 46
13389 18
13390 39
13391 13
13392 84
13393 13
13394 54
13395 58
13396 28
13397 12
13398 91
13399 44
13400 50
13401 65
13402 19
13403 26
13404 96
13405 91
13406 44
13407 38
13408 88
13409 60
13410 6
13411 80
13412 21
13413 1
13414 43
13415 60
13416 9
13417 94
13418 12
13419 79
13420 19
13421 70
13422 58
13423 9
13424 39
13425 23
13426 40
13427 36
13428 29
13429 40
13430 51
13431 0
13432 49
13433 48
13434 15
13435 3
13436 12
13437 7
13438 92
13439 73
13440 95
13441 59
13442 45
13443 78
13444 60
13445 99
13446 18
13447 12
13448 82
13449 6
13450 82
13451 81
13452 16
13453 38
13454 98
13455 97
13456 2
13457 1
13458 11
13459 81
13460 85
13461 13
13462 23
13463 2
13464 23
13465 0
13466 15
13467 96
13468 49
13469 48
13470 3
13471 21
13472 20
13473 5
13474 2
13475 16
13476 39
13477 28
13478 2
13479 18
13480 0
13481 92
13482 1
13483 78
13484 48
13485 32
13486 69
13487 60
13488 64
13489 45
13490 37
13491 84
13492 77
13493 38
13494 62
13495 30
13496 96
13497 24
13498 39
13499 72
13500 96
13501 47
13502 48
13503 70
13504 15
13505 63
13506 23
13507 87
13508 33
13509 69
13510 70
13511 73
13512 92
13513 61
13514 37
13515 82
13516 5
13517 0
13518 33
13519 38
13520 49
13521 64
13522 76
13523 76
13524 23
13525 17
13526 68
13527 1
13528 1
13529 52
13530 46
13531 57
13532 74
13533 90
13534 57
13535 97
13536 36
13537 7
13538 20
13539 53
13540 11
13541 31
13542 38
13543 9
13544 56
13545 21
13546 91
13547 30
13548 65
13549 58
13550 26
13551 66
13552 86
13553 20
13554 9
13555 19
13556 91
13557 36
13558 27
13559 51
13560 4
13561 10
13562 70
13563 63
13564 29
13565 57
13566 25
13567 3
13568 27
13569 38
13570 53
13571 97
13572 36
13573 87
13574 47
13575 86
13576 2
13577 66
13578 59
13579 40
13580 60
13581 15
13582 22
13583 30
13584 3
13585 62
13586 82
13587 5
13588 5
13589 73
13590 96
13591 5
13592 3
13593 28
13594 55
13595 79
13596 10
13597 20
13598 70
13599 18
13600 48
13601 2
13602 32
13603 3
13604 59
13605 83
13606 93
13607 32
13608 39
13609 70
13610 56
13611 21
13612 9
13613 0
13614 16
13615 25
13616 37
13617 44
13618 42
13619 92
13620 76
13621 69
13622 9
13623 92
13624 56
13625 62
13626 70
13627 83
13628 66
13629 2
13630 12
13631 11
13632 43
13633 97
13634 15
13635 92
13636 57
13637 9
13638 29
13639 56
13640 62
13641 22
13642 75
13643 35
13644 55
13645 61
13646 1
13647 7
13648 94
13649 52
13650 49
13651 23
13652 4
13653 70
13654 84
13655 77
13656 77
13657 43
13658 45
13659 36
13660 20
13661 62
13662 81
13663 91
13664 66
13665 51
13666 74
13667 61
13668 88
13669 81
13670 61
13671 34
13672 62
13673 21
13674 66
13675 57
13676 54
13677 82
13678 86
13679 32
13680 69
13681 78
13682 53
13683 98
13684 7
13685 32
13686 88
13687 83
13688 94
13689 19
13690 51
13691 86
13692 23
13693 65
13694 22
13695 38
13696 4
13697 75
13698 83
13699 44
13700 47
13701 37
13702 87
13703 5
13704 59
13705 90
13706 24
13707 39
13708 66
13709 49
13710 6
13711 33
13712 14
13713 58
13714 23
13715 21
13716 40
13717 74
13718 31
13719 77
13720 6
13721 46
13722 46
13723 23
13724 6
13725 10
13726 90
13727 9
13728 49
13729 51
13730 81
13731 35
13732 17
13733 22
13734 59
13735 46
13736 72
13737 43
13738 55
13739 88
13740 60
13741 75
13742 19
13743 81
13744 91
13745 56
13746 86
13747 88
13748 65
13749 51
13750 50
13751 66
13752 71
13753 16
13754 66
13755 79
13756 84
13757 27
13758 11
13759 97
13760 47
13761 4
13762 36
13763 20
13764 44
13765 20
13766 55
13767 34
13768 84
13769 73
13770 89
13771 35
13772 73
13773 5
13774 56
13775 15
13776 18
13777 15
13778 68
13779 21
13780 36
13781 85
13782 33
13783 78
13784 72
13785 62
13786 13
13787 20
13788 56
13789 34
13790 32
13791 23
13792 81
13793 15
13794 28
13795 33
13796 81
13797 17
13798 53
13799 96
13800 50
13801 47
13802 20
13803 35
13804 51
13805 41
13806 68
13807 85
13808 76
13809 43
13810 56
13811 30
13812 89
13813 5
13814 65
13815 38
13816 23
13817 70
13818 67
13819 84
13820 74
13821 63
13822 91
13823 43
13824 79
13825 95
13826 14
13827 60
13828 31
13829 71
13830 33
13831 36
13832 56
13833 0
13834 21
13835 2
13836 11
13837 93
13838 56
13839 54
13840 43
13841 85
13842 5
13843 67
13844 37
13845 8
13846 33
13847 73
13848 68
13849 26
13850 0
13851 18
13852 74
13853 51
13854 80
13855 45
13856 97
13857 5
13858 10
13859 81
13860 69
13861 46
13862 94
13863 37
13864 28
13865 40
13866 97
13867 78
13868 41
13869 66
13870 35
13871 82
13872 85
13873 98
13874 12
13875 65
13876 3
13877 67
13878 74
13879 9
13880 7
13881 46
13882 36
13883 37
13884 35
13885 13
13886 54
13887 75
13888 46
13889 22
13890 69
13891 37
13892 26
13893 47
13894 42
13895 80
13896 11
13897 30
13898 9
13899 4
13900 90
13901 52
13902 31
13903 77
13904 81
13905 41
13906 5
13907 16
13908 40
13909 38
13910 19
13911 75
13912 21
13913 47
13914 29
13915 60
13916 27
13917 8
13918 15
13919 69
13920 1
13921 70
13922 59
13923 71
13924 53
13925 30
13926 37
13927 44
13928 26
13929 33
13930 47
13931 34
13932 98
13933 10
13934 65
13935 18
13936 37
13937 54
13938 19
13939 6
13940 0
13941 31
13942 55
13943 87
13944 48
13945 80
13946 90
13947 47
13948 35
13949 37
13950 2
13951 27
13952 60
13953 53
13954 73
13955 81
13956 86
13957 55
13958 88
13959 62
13960 52
13961 34
13962 44
13963 26
13964 91
13965 74
13966 22
13967 14
13968 36
13969 20
13970 85
13971 88
13972 62
13973 42
13974 53
13975 21
13976 48
13977 50
13978 97
13979 92
13980 26
13981 88
13982 92
13983 35
13984 91
13985 2
13986 92
13987 72
13988 1
13989 59
13990 88
13991 42
13992 73
13993 67
13994 66
13995 95
13996 11
13997 35
13998 82
13999 35
14000 38
14001 3
14002 32
14003 48
14004 80
14005 47
14006 54
14007 21
14008 94
14009 68
14010 10
14011 60
14012 51
14013 81
14014 5
14015 45
14016 60
14017 78
14018 79
14019 31
14020 96
14021 7
14022 45
14023 41
14024 89
14025 50
14026 58
14027 97
14028 34
14029 25
14030 56
14031 54
14032 85
14033 14
14034 39
14035 85
14036 2
14037 62
14038 11
14039 89
14040 90
14041 21
14042 23
14043 66
14044 0
14045 20
14046 70
14047 75
14048 38
14049 56
14050 60
14051 65
14052 51
14053 98
14054 96
14055 3
14056 41
14057 25
14058 91
14059 81
14060 9
14061 93
14062 46
14063 12
14064 77
14065 89
14066 7
14067 98
14068 54
14069 43
14070 10
14071 50
14072 62
14073 59
14074 75
14075 12
14076 11
14077 29
14078 47
14079 62
14080 44
14081 38
14082 98
14083 56
14084 65
14085 64
14086 3
14087 96
14088 11
14089 98
14090 13
14091 53
14092 44
14093 46
14094 21
14095 34
14096 78
14097 42
14098 39
14099 33
14100 63
14101 93
14102 3
14103 3
14104 18
14105 67
14106 7
14107 62
14108 91
14109 5
14110 10
14111 69
14112 14
14113 76
14114 2
14115 17
14116 2
14117 81
14118 79
14119 38
14120 40
14121 3
14122 9
14123 93
14124 55
14125 63
14126 41
14127 94
14128 50
14129 98
14130 28
14131 52
14132 66
14133 26
14134 37
14135 65
14136 68
14137 11
14138 96
14139 86
14140 95
14141 56
14142 28
14143 81
14144 78
14145 10
14146 34
14147 7
14148 60
14149 92
14150 78
14151 47
14152 60
14153 71
14154 71
14155 67
14156 1
14157 31
14158 67
14159 68
14160 70
14161 53
14162 54
14163 77
14164 88
14165 85
14166 13
14167 3
14168 0
14169 67
14170 64
14171 52
14172 17
14173 69
14174 82
14175 22
14176 72
14177 41
14178 44
14179 23
14180 85
14181 31
14182 39
14183 50
14184 3
14185 80
14186 42
14187 59
14188 35
14189 30
14190 0
14191 85
14192 65
14193 86
14194 60
14195 84
14196 29
14197 34
14198 97
14199 28
14200 69
14201 29
14202 30
14203 93
14204 7
14205 5
14206 88
14207 71
14208 77
14209 26
14210 11
14211 89
14212 78
14213 35
14214 15
14215 77
14216 50
14217 27
14218 70
14219 3
14220 5
14221 14
14222 3
14223 95
14224 33
14225 9
14226 35
14227 31
14228 79
14229 83
14230 54
14231 70
14232 7
14233 53
14234 70
14235 79
14236 68
14237 52
14238 98
14239 76
14240 93
14241 81
14242 98
14243 8
14244 73
14245 69
14246 8
14247 20
14248 73
14249 80
14250 56
14251 81
14252 23
14253 19
14254 47
14255 63
14256 73
14257 58
14258 47
14259 25
14260 36
14261 74
14262 37
14263 74
14264 20
14265 31
14266 70
14267 74
14268 90
14269 81
14270 81
14271 13
14272 45
14273 54
14274 12
14275 60
14276 30
14277 75
14278 53
14279 4
14280 92
14281 16
14282 79
14283 85
14284 81
14285 29
14286 73
14287 91
14288 11
14289 41
14290 32
14291 80
14292 31
14293 55
14294 78
14295 51
14296 30
14297 57
14298 94
14299 93
14300 89
14301 97
14302 6
14303 42
14304 69
14305 95
14306 68
14307 19
14308 7
14309 45
14310 73
14311 8
14312 57
14313 2
14314 81
14315 87
14316 58
14317 71
14318 62
14319 49
14320 52
14321 11
14322 27
14323 68
14324 86
14325 60
14326 86
14327 82
14328 72
14329 7
14330 18
14331 96
14332 97
14333 94
14334 40
14335 69
14336 63
14337 93
14338 89
14339 98
14340 3
14341 8
14342 70
14343 86
14344 42
14345 21
14346 83
14347 96
14348 34
14349 24
14350 58
14351 76
14352 69
14353 83
14354 42
14355 73
14356 62
14357 80
14358 80
14359 19
14360 44
14361 9
14362 51
14363 10
14364 36
14365 99
14366 4
14367 38
14368 87
14369 81
14370 57
14371 7
14372 42
14373 52
14374 66
14375 20
14376 21
14377 19
14378 28
14379 25
14380 20
14381 0
14382 89
14383 70
14384 16
14385 53
14386 36
14387 52
14388 73
14389 95
14390 26
14391 96
14392 56
14393 34
14394 49
14395 91
14396 38
14397 4
14398 85
14399 85
14400 57
14401 15
14402 88
14403 29
14404 13
14405 56
14406 55
14407 8
14408 60
14409 92
14410 11
14411 59
14412 52
14413 98
14414 56
14415 18
14416 6
14417 55
14418 37
14419 5
14420 4
14421 7
14422 60
14423 38
14424 59
14425 25
14426 57
14427 75
14428 69
14429 72
14430 2
14431 38
14432 91
14433 94
14434 8
14435 88
14436 84
14437 61
14438 81
14439 12
14440 76
14441 65
14442 25
14443 52
14444 53
14445 3
14446 89
14447 15
14448 72
14449 93
14450 69
14451 9
14452 11
14453 18
14454 40
14455 25
14456 99
14457 52
14458 19
14459 64
14460 72
14461 83
14462 82
14463 58
14464 93
14465 88
14466 77
14467 95
14468 34
14469 75
14470 23
14471 92
14472 90
14473 9
14474 21
14475 18
14476 60
14477 47
14478 60
14479 86
14480 25
14481 13
14482 42
14483 30
14484 8
14485 81
14486 81
14487 86
14488 1
14489 54
14490 41
14491 72
14492 35
14493 31
14494 3
14495 59
14496 2
14497 24
14498 48
14499 71
14500 57
14501 7
14502 61
14503 87
14504 77
14505 47
14506 92
14507 57
14508 93
14509 55
14510 94
14511 52
14512 52
14513 1
14514 79
14515 26
14516 30
14517 44
14518 75
14519 42
14520 95
14521 35
14522 41
14523 97
14524 74
14525 1
14526 36
14527 49
14528 42
14529 19
14530 83
14531 27
14532 87
14533 46
14534 67
14535 42
14536 59
14537 34
14538 50
14539 42
14540 33
14541 80
14542 13
14543 7
14544 81
14545 5
14546 5
14547 12
14548 99
14549 28
14550 79
14551 57
14552 62
14553 49
14554 98
14555 76
14556 22
14557 35
14558 68
14559 30
14560 97
14561 38
14562 3
14563 89
14564 21
14565 82
14566 51
14567 85
14568 84
14569 91
14570 55
14571 72
14572 8
14573 18
14574 56
14575 23
14576 34
14577 23
14578 74
14579 51
14580 17
14581 98
14582 3
14583 92
14584 99
14585 59
14586 11
14587 51
14588 11
14589 45
14590 6
14591 30
14592 65
14593 61
14594 26
14595 40
14596 11
14597 31
14598 24
14599 65
14600 98
14601 49
14602 23
14603 99
14604 87
14605 63
14606 23
14607 77
14608 93
14609 78
14610 16
14611 44
14612 84
14613 85
14614 74
14615 80
14616 85
14617 99
14618 26
14619 27
14620 15
14621 94
14622 63
14623 41
14624 90
14625 82
14626 98
14627 51
14628 68
14629 77
14630 89
14631 53
14632 77
14633 38
14634 8
14635 92
14636 16
14637 75
14638 15
14639 39
14640 37
14641 43
14642 84
14643 9
14644 80
14645 3
14646 51
14647 37
14648 35
14649 37
14650 6
14651 84
14652 25
14653 15
14654 62
14655 42
14656 27
14657 25
14658 72
14659 26
14660 50
14661 10
14662 6
14663 92
14664 72
14665 59
14666 27
14667 62
14668 25
14669 72
14670 9
14671 58
14672 64
14673 92
14674 4
14675 32
14676 16
14677 35
14678 15
14679 89
14680 98
14681 4
14682 32
14683 40
14684 41
14685 20
14686 73
14687 16
14688 26
14689 4
14690 44
14691 99
14692 97
14693 15
14694 5
14695 10
14696 26
14697 43
14698 63
14699 30
14700 98
14701 91
14702 3
14703 89
14704 88
14705 10
14706 91
14707 58
14708 86
14709 32
14710 41
14711 59
14712 17
14713 92
14714 71
14715 49
14716 19
14717 66
14718 68
14719 27
14720 71
14721 31
14722 96
14723 7
14724 75
14725 2
14726 51
14727 62
14728 70
14729 29
14730 24
14731 65
14732 9
14733 58
14734 95
14735 80
14736 30
14737 1
14738 21
14739 31
14740 35
14741 45
14742 74
14743 75
14744 9
14745 5
14746 28
14747 21
14748 68
14749 55
14750 77
14751 72
14752 6
14753 65
14754 38
14755 56
14756 10
14757 12
14758 56
14759 84
14760 50
14761 19
14762 13
14763 46
14764 28
14765 69
14766 34
14767 29
14768 46
14769 67
14770 75
14771 42
14772 63
14773 2
14774 27
14775 7
14776 39
14777 72
14778 26
14779 6
14780 73
14781 28
14782 7
14783 85
14784 59
14785 73
14786 6
14787 83
14788 70
14789 59
14790 66
14791 92
14792 84
14793 2
14794 52
14795 72
14796 68
14797 59
14798 82
14799 94
14800 14
14801 22
14802 60
14803 17
14804 45
14805 55
14806 77
14807 93
14808 83
14809 60
14810 97
14811 52
14812 29
14813 27
14814 8
14815 69
14816 13
14817 19
14818 52
14819 82
14820 86
14821 46
14822 14
14823 24
14824 61
14825 40
14826 70
14827 35
14828 82
14829 44
14830 46
14831 54
14832 16
14833 32
14834 70
14835 49
14836 50
14837 2
14838 77
14839 67
14840 48
14841 53
14842 89
14843 23
14844 72
14845 10
14846 89
14847 99
14848 88
14849 92
14850 82
14851 94
14852 35
14853 85
14854 15
14855 81
14856 18
14857 0
14858 15
14859 96
14860 67
14861 67
14862 62
14863 33
14864 6
14865 62
14866 21
14867 23
14868 99
14869 51
14870 13
14871 80
14872 57
14873 57
14874 12
14875 33
14876 2
14877 46
14878 98
14879 33
14880 47
14881 47
14882 16
14883 9
14884 66
14885 25
14886 27
14887 67
14888 1
14889 65
14890 51
14891 77
14892 96
14893 51
14894 86
14895 23
14896 36
14897 82
14898 9
14899 75
14900 49
14901 78
14902 69
14903 96
14904 96
14905 50
14906 97
14907 64
14908 22
14909 88
14910 92
14911 3
14912 66
14913 83
14914 46
14915 14
14916 42
14917 42
14918 53
14919 14
14920 83
14921 61
14922 40
14923 50
14924 63
14925 42
14926 10
14927 24
14928 29
14929 24
14930 24
14931 77
14932 52
14933 44
14934 7
14935 19
14936 80
14937 18
14938 40
14939 3
14940 54
14941 72
14942 33
14943 91
14944 87
14945 76
14946 55
14947 60
14948 9
14949 97
14950 41
14951 46
14952 42
14953 30
14954 56
14955 35
14956 92
14957 65
14958 11
14959 95
14960 85
14961 53
14962 71
14963 48
14964 41
14965 72
14966 91
14967 85
14968 89
14969 63
14970 84
14971 92
14972 12
14973 18
14974 23
14975 5
14976 21
14977 99
14978 62
14979 45
14980 65
14981 73
14982 36
14983 68
14984 16
14985 12
14986 47
14987 84
14988 94
14989 95
14990 64
14991 86
14992 35
14993 80
14994 41
14995 42
14996 67
14997 79
14998 23
14999 31
