5000 1728
5001 1763
5002 3829
5003 4725
5004 603
5005 2953
5006 749
5007 222
5008 1418
5009 1223
5010 292
5011 1407
5012 2945
5013 3511
5014 4550
5015 4639
5016 2579
5017 1285
5018 4262
5019 2953
5020 642
5021 4707
5022 3448
5023 1455
5024 2015
5025 3547
5026 3521
5027 896
5028 646
5029 574
5030 3991
5031 2110
5032 4679
5033 2093
5034 4413
5035 826
5036 1308
5037 1984
5038 1098
5039 3815
5040 143
5041 4190
5042 3408
5043 4776
5044 4009
5045 3892
5046 1480
5047 3948
5048 3726
5049 2110
5050 1410
5051 228
5052 49
5053 3407
5054 2546
5055 1677
5056 2604
5057 4235
5058 4760
5059 3268
5060 2953
5061 955
5062 2122
5063 580
5064 538
5065 4067
5066 4705
5067 2538
5068 2734
5069 3629
5070 1253
5071 1388
5072 393
5073 4504
5074 3971
5075 1040
5076 997
5077 2953
5078 749
5079 4083
5080 623
5081 3964
5082 4461
5083 2361
5084 2252
5085 4008
5086 2540
5087 2184
5088 615
5089 4391
5090 4749
5091 4068
5092 3123
5093 4667
5094 3252
5095 4613
5096 617
5097 1860
5098 856
5099 3184
5100 3537
5101 3814
5102 3234
5103 494
5104 669
5105 4446
5106 2253
5107 3862
5108 2954
5109 4054
5110 958
5111 4468
5112 1098
5113 2632
5114 1886
5115 2171
5116 4358
5117 296
5118 665
5119 1293
5120 2522
5121 2513
5122 3882
5123 4884
5124 650
5125 3645
5126 2009
5127 1819
5128 920
5129 637
5130 4318
5131 4382
5132 475
5133 200
5134 3905
5135 3514
5136 2470
5137 650
5138 3248
5139 4586
5140 3848
5141 4693
5142 1224
5143 3074
5144 1933
5145 2182
5146 4363
5147 4570
5148 4181
5149 930
5150 1845
5151 3466
5152 1731
5153 270
5154 4304
5155 3248
5156 4976
5157 2432
5158 3760
5159 1389
5160 1674
5161 2522
5162 2455
5163 1661
5164 2746
5165 159
5166 251
5167 860
5168 2202
5169 3737
5170 959
5171 3910
5172 364
5173 3034
5174 4725
5175 3248
5176 2005
5177 3349
5178 3513
5179 1996
5180 3898
5181 25
5182 763
5183 13
5184 1136
5185 380
5186 4575
5187 2929
5188 1864
5189 3606
5190 4000
5191 1846
5192 2311
5193 4132
5194 1154
5195 4948
5196 4706
5197 2869
5198 1611
5199 347
5200 3609
5201 243
5202 1100
5203 4309
5204 1465
5205 706
5206 941
5207 3254
5208 3980
5209 1942
5210 1533
5211 1357
5212 561
5213 1831
5214 400
5215 4820
5216 930
5217 1896
5218 4638
5219 380
5220 723
5221 2734
5222 2747
5223 2448
5224 3765
5225 3686
5226 1135
5227 3547
5228 832
5229 2598
5230 3457
5231 800
5232 1465
5233 2746
5234 1986
5235 3697
5236 2646
5237 698
5238 1031
5239 1154
5240 1622
5241 3646
5242 3407
5243 3723
5244 2238
5245 3953
5246 4187
5247 4779
5248 3854
5249 1035
5250 3254
5251 1564
5252 2532
5253 737
5254 1053
5255 1594
5256 3547
5257 2135
5258 4145
5259 1478
5260 184
5261 3446
5262 3254
5263 2641
5264 422
5265 4540
5266 4334
5267 290
5268 737
5269 548
5270 561
5271 675
5272 567
5273 4846
5274 3155
5275 3253
5276 222
5277 3906
5278 881
5279 4353
5280 222
5281 589
5282 152
5283 1053
5284 1563
5285 650
5286 177
5287 3253
5288 2539
5289 4363
5290 1435
5291 3253
5292 3728
5293 4132
5294 1599
5295 4907
5296 4533
5297 3356
5298 4920
5299 2247
5300 248
5301 197
5302 1942
5303 2952
5304 1275
5305 1915
5306 386
5307 2274
5308 1212
5309 728
5310 2301
5311 1675
5312 3154
5313 2356
5314 1891
5315 4302
5316 2760
5317 1749
5318 3364
5319 4053
5320 2581
5321 3364
5322 886
5323 4597
5324 2833
5325 4709
5326 1625
5327 3003
5328 3157
5329 3547
5330 3751
5331 3943
5332 328
5333 2270
5334 798
5335 4853
5336 3951
5337 1053
5338 610
5339 2030
5340 3261
5341 2538
5342 3833
5343 2870
5344 3259
5345 3508
5346 2961
5347 134
5348 3074
5349 4560
5350 3788
5351 2445
5352 2121
5353 3316
5354 1224
5355 3120
5356 118
5357 1109
5358 3851
5359 2820
5360 1154
5361 3407
5362 1198
5363 814
5364 2716
5365 2820
5366 3975
5367 853
5368 355
5369 1933
5370 2321
5371 833
5372 4822
5373 3259
5374 4794
5375 865
5376 2895
5377 700
5378 243
5379 1336
5380 3235
5381 2019
5382 4741
5383 2966
5384 1563
5385 1868
5386 1498
5387 778
5388 905
5389 162
5390 1605
5391 567
5392 4884
5393 4756
5394 982
5395 4484
5396 355
5397 4295
5398 3259
5399 2470
5400 2888
5401 4054
5402 1054
5403 3843
5404 3258
5405 612
5406 2568
5407 1054
5408 4227
5409 1004
5410 1860
5411 3258
5412 169
5413 4772
5414 3601
5415 2870
5416 1692
5417 3948
5418 4877
5419 4174
5420 945
5421 2203
5422 681
5423 3575
5424 1704
5425 4422
5426 1225
5427 4602
5428 222
5429 2610
5430 462
5431 2819
5432 3434
5433 3646
5434 3345
5435 1899
5436 1341
5437 1410
5438 3083
5439 2173
5440 2057
5441 4847
5442 4627
5443 2306
5444 4770
5445 4896
5446 2276
5447 797
5448 4774
5449 1606
5450 4344
5451 3732
5452 3510
5453 2795
5454 2019
5455 2024
5456 622
5457 3234
5458 3322
5459 3258
5460 1367
5461 494
5462 91
5463 142
5464 2744
5465 1034
5466 4859
5467 329
5468 3319
5469 4924
5470 3246
5471 997
5472 1566
5473 2778
5474 379
5475 494
5476 3246
5477 823
5478 4621
5479 1409
5480 727
5481 3308
5482 2103
5483 637
5484 2218
5485 3395
5486 4783
5487 12
5488 3245
5489 2212
5490 1171
5491 4595
5492 4590
5493 651
5494 2633
5495 2287
5496 4124
5497 3470
5498 1033
5499 4858
5500 2895
5501 2311
5502 1946
5503 1845
5504 4218
5505 4416
5506 1332
5507 3882
5508 2940
5509 2699
5510 3894
5511 323
5512 70
5513 3434
5514 1226
5515 2196
5516 3513
5517 4132
5518 2348
5519 2068
5520 1473
5521 4015
5522 3927
5523 2744
5524 1989
5525 2697
5526 3434
5527 4583
5528 2436
5529 4150
5530 337
5531 3162
5532 3074
5533 1511
5534 2154
5535 3350
5536 435
5537 1619
5538 1859
5539 3983
5540 3245
5541 4529
5542 145
5543 4655
5544 1364
5545 573
5546 3489
5547 3343
5548 3029
5549 239
5550 4592
5551 1779
5552 3477
5553 3245
5554 3245
5555 1200
5556 516
5557 3434
5558 1660
5559 446
5560 494
5561 4377
5562 395
5563 2457
5564 2359
5565 4564
5566 4590
5567 1279
5568 2470
5569 1031
5570 2717
5571 3000
5572 3947
5573 1589
5574 3038
5575 176
5576 1558
5577 4173
5578 4341
5579 380
5580 222
5581 3256
5582 4420
5583 3075
5584 3585
5585 2106
5586 2566
5587 1054
5588 1491
5589 865
5590 1332
5591 403
5592 1910
5593 4558
5594 4416
5595 2408
5596 186
5597 3764
5598 2276
5599 3854
5600 607
5601 2966
5602 85
5603 4373
5604 146
5605 2226
5606 768
5607 130
5608 2688
5609 2947
5610 1380
5611 745
5612 1261
5613 4888
5614 1435
5615 2413
5616 3614
5617 4209
5618 1005
5619 4419
5620 243
5621 2669
5622 2209
5623 1224
5624 150
5625 1126
5626 3928
5627 4193
5628 3826
5629 682
5630 715
5631 1827
5632 1973
5633 4847
5634 856
5635 1549
5636 1085
5637 959
5638 651
5639 3256
5640 2547
5641 3472
5642 2952
5643 3256
5644 4783
5645 2712
5646 2271
5647 2843
5648 1690
5649 2543
5650 3546
5651 4717
5652 2334
5653 3341
5654 1896
5655 603
5656 4557
5657 3704
5658 169
5659 85
5660 3335
5661 2178
5662 523
5663 1509
5664 4266
5665 3118
5666 857
5667 786
5668 810
5669 1395
5670 2550
5671 2424
5672 4301
5673 1505
5674 2372
5675 2109
5676 1532
5677 1871
5678 4054
5679 3753
5680 2770
5681 3816
5682 2502
5683 2960
5684 3556
5685 1489
5686 4532
5687 2416
5688 4049
5689 3318
5690 4295
5691 2581
5692 913
5693 1573
5694 2946
5695 960
5696 585
5697 578
5698 3525
5699 2770
5700 2550
5701 3435
5702 2285
5703 1225
5704 3200
5705 3491
5706 1707
5707 4017
5708 4231
5709 1045
5710 1332
5711 2551
5712 240
5713 2194
5714 2770
5715 529
5716 1454
5717 4615
5718 3962
5719 1480
5720 1948
5721 1124
5722 4134
5723 2254
5724 2580
5725 4075
5726 603
5727 1883
5728 3987
5729 749
5730 3272
5731 1497
5732 1913
5733 590
5734 3646
5735 2135
5736 2157
5737 1489
5738 984
5739 1045
5740 3025
5741 1045
5742 4312
5743 4383
5744 381
5745 2399
5746 3128
5747 495
5748 1638
5749 4275
5750 37
5751 809
5752 4627
5753 130
5754 1414
5755 462
5756 299
5757 1967
5758 2632
5759 4258
5760 3350
5761 4453
5762 1728
5763 4624
5764 905
5765 4767
5766 4619
5767 2502
5768 4376
5769 4340
5770 960
5771 2212
5772 2712
5773 824
5774 1119
5775 65
5776 3599
5777 850
5778 2202
5779 4051
5780 811
5781 4608
5782 312
5783 4729
5784 3959
5785 3414
5786 2641
5787 4364
5788 3888
5789 2771
5790 2505
5791 4007
5792 298
5793 1449
5794 1898
5795 2889
5796 3075
5797 2372
5798 2145
5799 3604
5800 4246
5801 2696
5802 4122
5803 678
5804 495
5805 2652
5806 1013
5807 4260
5808 749
5809 3811
5810 3227
5811 578
5812 1044
5813 2060
5814 228
5815 4342
5816 2123
5817 955
5818 938
5819 4375
5820 643
5821 905
5822 1871
5823 3505
5824 240
5825 910
5826 356
5827 3463
5828 2038
5829 1853
5830 2914
5831 2055
5832 2771
5833 2071
5834 4264
5835 3652
5836 4503
5837 1341
5838 340
5839 2894
5840 2587
5841 2471
5842 4806
5843 4729
5844 1088
5845 1109
5846 4237
5847 3522
5848 397
5849 2060
5850 728
5851 880
5852 1923
5853 4404
5854 155
5855 2505
5856 690
5857 4095
5858 4078
5859 3732
5860 3117
5861 240
5862 1404
5863 3543
5864 3911
5865 4437
5866 613
5867 1816
5868 2141
5869 2894
5870 2382
5871 356
5872 4758
5873 4639
5874 1420
5875 1662
5876 240
5877 1732
5878 3575
5879 4354
5880 4577
5881 2771
5882 833
5883 4932
5884 1019
5885 3715
5886 1739
5887 3198
5888 45
5889 60
5890 3910
5891 198
5892 198
5893 2196
5894 4458
5895 3454
5896 3198
5897 1184
5898 910
5899 2746
5900 1931
5901 2351
5902 4352
5903 3198
5904 3761
5905 4959
5906 1192
5907 4223
5908 2779
5909 2757
5910 3743
5911 1311
5912 4324
5913 2985
5914 896
5915 1566
5916 3831
5917 1587
5918 3647
5919 1610
5920 4153
5921 1044
5922 1754
5923 3860
5924 3910
5925 3272
5926 4761
5927 4397
5928 37
5929 2556
5930 4070
5931 462
5932 1662
5933 2709
5934 2746
5935 1511
5936 2348
5937 1709
5938 1762
5939 3543
5940 3968
5941 1073
5942 1590
5943 1942
5944 2276
5945 1708
5946 4094
5947 4642
5948 85
5949 2415
5950 1508
5951 3513
5952 3537
5953 3543
5954 2985
5955 1922
5956 4630
5957 4483
5958 3575
5959 1558
5960 651
5961 3435
5962 4137
5963 1352
5964 4112
5965 1703
5966 4382
5967 4184
5968 4918
5969 4317
5970 1660
5971 815
5972 1481
5973 2598
5974 3541
5975 4591
5976 1134
5977 1357
5978 356
5979 1716
5980 4868
5981 279
5982 637
5983 1052
5984 3541
5985 4661
5986 2985
5987 2592
5988 981
5989 4228
5990 1442
5991 4928
5992 2175
5993 2003
5994 2473
5995 4280
5996 4151
5997 2221
5998 4474
5999 2704
6000 1189
6001 3167
6002 4628
6003 1113
6004 1820
6005 4139
6006 3605
6007 1022
6008 3495
6009 3647
6010 749
6011 1225
6012 365
6013 3168
6014 1225
6015 2815
6016 38
6017 3075
6018 3236
6019 2235
6020 1273
6021 2072
6022 376
6023 4057
6024 3183
6025 886
6026 1015
6027 1214
6028 4640
6029 4495
6030 3125
6031 4811
6032 4604
6033 877
6034 2652
6035 2068
6036 3691
6037 2705
6038 4864
6039 1603
6040 2643
6041 3541
6042 3168
6043 4435
6044 3602
6045 2916
6046 3202
6047 4396
6048 312
6049 299
6050 4739
6051 4062
6052 2270
6053 3926
6054 2745
6055 713
6056 3647
6057 714
6058 2745
6059 3765
6060 3202
6061 265
6062 815
6063 327
6064 509
6065 309
6066 4769
6067 1456
6068 433
6069 3681
6070 1494
6071 3435
6072 551
6073 2611
6074 3537
6075 2093
6076 3825
6077 737
6078 3202
6079 4698
6080 2265
6081 462
6082 1685
6083 4708
6084 2808
6085 4347
6086 797
6087 1857
6088 4891
6089 1886
6090 1844
6091 2730
6092 2270
6093 4844
6094 1044
6095 1201
6096 1226
6097 3652
6098 3201
6099 691
6100 4611
6101 1938
6102 2690
6103 3954
6104 2287
6105 2085
6106 783
6107 4020
6108 4748
6109 1019
6110 461
6111 2811
6112 4311
6113 2681
6114 837
6115 325
6116 3128
6117 567
6118 1227
6119 434
6120 187
6121 4486
6122 2611
6123 1939
6124 495
6125 3435
6126 2121
6127 3229
6128 945
6129 1589
6130 1553
6131 2590
6132 3857
6133 3485
6134 434
6135 2145
6136 2544
6137 2471
6138 4126
6139 2725
6140 771
6141 3644
6142 622
6143 2267
6144 4385
6145 1730
6146 2634
6147 4175
6148 3201
6149 1915
6150 4660
6151 4797
6152 1154
6153 865
6154 1211
6155 1341
6156 114
6157 1
6158 309
6159 1653
6160 1715
6161 1423
6162 1804
6163 1619
6164 3320
6165 755
6166 3715
6167 3201
6168 4411
6169 1763
6170 2159
6171 591
6172 2427
6173 3146
6174 1154
6175 276
6176 1228
6177 898
6178 3200
6179 822
6180 4893
6181 309
6182 2157
6183 3628
6184 2186
6185 3437
6186 3437
6187 3575
6188 1033
6189 4376
6190 3516
6191 577
6192 4395
6193 2861
6194 4776
6195 1888
6196 3200
6197 2471
6198 3782
6199 3155
6200 4001
6201 1307
6202 3200
6203 4277
6204 198
6205 1042
6206 3488
6207 737
6208 2511
6209 4009
6210 3325
6211 3195
6212 4304
6213 1265
6214 1105
6215 784
6216 2858
6217 1392
6218 1394
6219 1305
6220 4114
6221 636
6222 77
6223 2745
6224 3522
6225 4293
6226 2372
6227 1763
6228 1424
6229 1085
6230 4645
6231 2589
6232 1748
6233 4072
6234 4571
6235 3064
6236 4242
6237 3855
6238 2353
6239 1991
6240 241
6241 2139
6242 698
6243 1543
6244 4305
6245 3426
6246 8
6247 951
6248 3531
6249 3993
6250 886
6251 2994
6252 4948
6253 1422
6254 2472
6255 4360
6256 2903
6257 3541
6258 153
6259 3253
6260 434
6261 3195
6262 547
6263 1260
6264 3149
6265 2474
6266 386
6267 4537
6268 3952
6269 4111
6270 3272
6271 560
6272 4788
6273 4459
6274 401
6275 4629
6276 709
6277 4597
6278 275
6279 1215
6280 3870
6281 1794
6282 1226
6283 3576
6284 475
6285 3195
6286 3614
6287 1728
6288 3027
6289 4035
6290 3017
6291 1998
6292 583
6293 3840
6294 2184
6295 2641
6296 3600
6297 2834
6298 2867
6299 4694
6300 744
6301 1226
6302 4693
6303 165
6304 813
6305 1176
6306 1456
6307 184
6308 918
6309 1497
6310 4837
6311 3609
6312 2690
6313 744
6314 1460
6315 833
6316 730
6317 4239
6318 58
6319 169
6320 4572
6321 3542
6322 1793
6323 4867
6324 3437
6325 3437
6326 4708
6327 401
6328 4085
6329 1967
6330 909
6331 3668
6332 1273
6333 3731
6334 4309
6335 2589
6336 755
6337 2126
6338 3736
6339 798
6340 4924
6341 2104
6342 4811
6343 196
6344 154
6345 1368
6346 4639
6347 1684
6348 2721
6349 4160
6350 1685
6351 2650
6352 1549
6353 3991
6354 4446
6355 4782
6356 769
6357 434
6358 1153
6359 2813
6360 3978
6361 4641
6362 1132
6363 3195
6364 3864
6365 4567
6366 2660
6367 745
6368 2745
6369 4179
6370 1324
6371 2472
6372 3196
6373 3161
6374 3045
6375 4415
6376 2660
6377 1227
6378 3523
6379 2329
6380 2042
6381 3559
6382 3196
6383 3516
6384 4491
6385 4735
6386 616
6387 2038
6388 3075
6389 969
6390 886
6391 124
6392 3576
6393 2153
6394 2911
6395 3919
6396 87
6397 982
6398 2795
6399 2431
6400 2946
6401 3029
6402 2786
6403 2929
6404 2188
6405 4982
6406 3161
6407 2589
6408 4482
6409 3496
6410 2305
6411 3883
6412 3196
6413 714
6414 3697
6415 2267
6416 1764
6417 131
6418 91
6419 3715
6420 797
6421 495
6422 833
6423 603
6424 130
6425 776
6426 1282
6427 891
6428 2997
6429 474
6430 2398
6431 2009
6432 1153
6433 4588
6434 2557
6435 4044
6436 1534
6437 801
6438 495
6439 1019
6440 3601
6441 4688
6442 2804
6443 4926
6444 725
6445 2717
6446 2745
6447 3167
6448 4672
6449 3208
6450 1268
6451 2688
6452 4861
6453 1043
6454 1375
6455 3513
6456 857
6457 891
6458 1431
6459 755
6460 1112
6461 1691
6462 4178
6463 857
6464 2266
6465 851
6466 4182
6467 1063
6468 1218
6469 142
6470 1535
6471 1764
6472 662
6473 1546
6474 4438
6475 2285
6476 3791
6477 356
6478 3542
6479 1229
6480 2669
6481 2161
6482 2718
6483 1389
6484 200
6485 2734
6486 16
6487 3997
6488 2139
6489 2266
6490 429
6491 4208
6492 2877
6493 4312
6494 128
6495 4304
6496 241
6497 3024
6498 113
6499 2604
6500 2289
6501 1298
6502 3196
6503 2279
6504 3542
6505 541
6506 583
6507 2271
6508 2960
6509 1594
6510 278
6511 2778
6512 367
6513 3812
6514 3196
6515 2058
6516 205
6517 2917
6518 1844
6519 1039
6520 2888
6521 4886
6522 25
6523 4281
6524 2694
6525 3769
6526 4325
6527 2592
6528 988
6529 104
6530 1707
6531 2602
6532 4052
6533 1597
6534 496
6535 1942
6536 3442
6537 1434
6538 771
6539 2541
6540 1617
6541 3969
6542 417
6543 1124
6544 4484
6545 636
6546 3029
6547 4289
6548 853
6549 3719
6550 2014
6551 1712
6552 3442
6553 3799
6554 2032
6555 396
6556 2823
6557 3035
6558 3442
6559 2472
6560 986
6561 1352
6562 4142
6563 2273
6564 4764
6565 4559
6566 3844
6567 1557
6568 261
6569 2009
6570 3871
6571 4417
6572 602
6573 4848
6574 2894
6575 2038
6576 2108
6577 1391
6578 3766
6579 496
6580 2822
6581 2552
6582 1404
6583 1486
6584 2017
6585 3429
6586 2736
6587 1328
6588 1566
6589 738
6590 1855
6591 1368
6592 3620
6593 4510
6594 2616
6595 3001
6596 3429
6597 259
6598 91
6599 4818
6600 2834
6601 3350
6602 524
6603 3825
6604 3846
6605 3344
6606 1188
6607 2163
6608 3766
6609 2795
6610 1199
6611 2363
6612 1203
6613 2561
6614 3518
6615 4301
6616 2068
6617 2828
6618 3808
6619 4601
6620 4062
6621 4584
6622 212
6623 461
6624 3542
6625 2505
6626 4125
6627 4107
6628 388
6629 359
6630 1203
6631 1136
6632 1310
6633 4180
6634 2611
6635 2348
6636 3859
6637 515
6638 3938
6639 2346
6640 1358
6641 2364
6642 4272
6643 1227
6644 3076
6645 4394
6646 4617
6647 1511
6648 3429
6649 461
6650 1716
6651 1426
6652 2552
6653 3076
6654 2669
6655 3745
6656 184
6657 4613
6658 2121
6659 3817
6660 324
6661 1568
6662 2325
6663 2602
6664 2401
6665 2401
6666 982
6667 4347
6668 4859
6669 2401
6670 1465
6671 3783
6672 3710
6673 2401
6674 2267
6675 3904
6676 1764
6677 2136
6678 56
6679 4915
6680 4780
6681 1227
6682 2312
6683 1672
6684 3726
6685 4829
6686 589
6687 4069
6688 1603
6689 4156
6690 1691
6691 3970
6692 2178
6693 2276
6694 1483
6695 4474
6696 2253
6697 2647
6698 1786
6699 1086
6700 2223
6701 2402
6702 1025
6703 4803
6704 297
6705 4244
6706 2653
6707 803
6708 2263
6709 2580
6710 2413
6711 4529
6712 4750
6713 4066
6714 4646
6715 3737
6716 275
6717 665
6718 2725
6719 3261
6720 3913
6721 3979
6722 2368
6723 2382
6724 2402
6725 2385
6726 1920
6727 3232
6728 702
6729 4852
6730 2368
6731 4757
6732 1578
6733 4954
6734 1981
6735 41
6736 3042
6737 2770
6738 905
6739 1279
6740 1627
6741 4307
6742 2419
6743 350
6744 2402
6745 1203
6746 875
6747 4076
6748 1713
6749 1634
6750 3861
6751 3430
6752 3268
6753 1604
6754 1266
6755 1906
6756 2402
6757 129
6758 2400
6759 2458
6760 1316
6761 2243
6762 2319
6763 4281
6764 799
6765 4468
6766 2552
6767 2398
6768 4542
6769 3509
6770 3708
6771 2396
6772 2544
6773 4982
6774 3719
6775 3270
6776 978
6777 4004
6778 610
6779 2228
6780 2682
6781 865
6782 1925
6783 2038
6784 1738
6785 136
6786 1228
6787 2602
6788 1473
6789 702
6790 1620
6791 3512
6792 1578
6793 2398
6794 3863
6795 15
6796 651
6797 3668
6798 2398
6799 3208
6800 1730
6801 3737
6802 3249
6803 3829
6804 4722
6805 1819
6806 4347
6807 1104
6808 73
6809 4484
6810 2473
6811 3955
6812 1
6813 1647
6814 1203
6815 2867
6816 4472
6817 3249
6818 2473
6819 4109
6820 3507
6821 1305
6822 4486
6823 3430
6824 3174
6825 4580
6826 560
6827 178
6828 2690
6829 1228
6830 864
6831 3076
6832 2244
6833 2730
6834 553
6835 3249
6836 4615
6837 2014
6838 2708
6839 3537
6840 931
6841 1649
6842 1298
6843 1620
6844 1527
6845 3703
6846 4490
6847 2705
6848 3404
6849 3249
6850 4887
6851 1589
6852 3231
6853 3567
6854 2808
6855 178
6856 3430
6857 2412
6858 3249
6859 1630
6860 1804
6861 2248
6862 2515
6863 4001
6864 2839
6865 2845
6866 2757
6867 4536
6868 359
6869 913
6870 702
6871 931
6872 715
6873 3918
6874 2719
6875 1228
6876 1876
6877 2231
6878 1691
6879 2351
6880 256
6881 3248
6882 660
6883 4750
6884 2549
6885 2148
6886 686
6887 3405
6888 2708
6889 3557
6890 752
6891 3557
6892 3885
6893 941
6894 1066
6895 940
6896 3576
6897 4764
6898 2867
6899 4406
6900 3620
6901 183
6902 1906
6903 4795
6904 3732
6905 1298
6906 2602
6907 4577
6908 669
6909 2825
6910 4276
6911 942
6912 2754
6913 3965
6914 3832
6915 969
6916 1168
6917 1849
6918 3932
6919 496
6920 2384
6921 2334
6922 4738
6923 1944
6924 3226
6925 3320
6926 1229
6927 2444
6928 714
6929 3431
6930 3557
6931 733
6932 1872
6933 3444
6934 2820
6935 3444
6936 3002
6937 969
6938 1630
6939 2603
6940 2076
6941 2473
6942 3567
6943 850
6944 1759
6945 1230
6946 1471
6947 916
6948 3002
6949 425
6950 3262
6951 1884
6952 4813
6953 2522
6954 4361
6955 3237
6956 3542
6957 4423
6958 4789
6959 4463
6960 521
6961 2611
6962 2603
6963 3444
6964 2150
6965 1902
6966 2189
6967 864
6968 918
6969 4071
6970 531
6971 1536
6972 1153
6973 3443
6974 2705
6975 1928
6976 1791
6977 2057
6978 134
6979 627
6980 2738
6981 602
6982 2597
6983 4832
6984 1527
6985 1176
6986 1031
6987 1699
6988 4836
6989 4975
6990 2291
6991 1300
6992 2475
6993 2168
6994 1861
6995 3443
6996 4712
6997 3076
6998 2666
6999 4871
7000 4085
7001 3443
7002 2532
7003 3545
7004 3142
7005 377
7006 790
7007 2504
7008 2603
7009 3270
7010 3043
7011 2313
7012 4654
7013 1861
7014 2315
7015 2440
7016 1732
7017 4272
7018 4330
7019 3473
7020 1414
7021 3261
7022 4583
7023 4579
7024 3884
7025 4705
7026 4712
7027 3763
7028 2079
7029 4927
7030 2446
7031 4864
7032 2683
7033 2711
7034 738
7035 1711
7036 2396
7037 2822
7038 791
7039 139
7040 2603
7041 3620
7042 518
7043 1374
7044 4742
7045 4172
7046 2329
7047 4499
7048 4792
7049 2193
7050 3793
7051 1630
7052 1002
7053 2030
7054 2093
7055 2414
7056 1364
7057 4453
7058 1809
7059 3431
7060 4288
7061 1050
7062 813
7063 1313
7064 4302
7065 3785
7066 16
7067 3858
7068 3687
7069 1179
7070 4113
7071 496
7072 257
7073 3698
7074 1626
7075 823
7076 1711
7077 415
7078 4285
7079 4620
7080 4102
7081 2757
7082 3141
7083 931
7084 4596
7085 1402
7086 3141
7087 592
7088 72
7089 309
7090 3838
7091 2713
7092 3431
7093 2260
7094 4792
7095 560
7096 2134
7097 2341
7098 4771
7099 4020
7100 3350
7101 3702
7102 3499
7103 1719
7104 497
7105 2785
7106 3141
7107 255
7108 4075
7109 4568
7110 1998
7111 1041
7112 3417
7113 3830
7114 3433
7115 2779
7116 1750
7117 872
7118 4333
7119 3141
7120 497
7121 2474
7122 3140
7123 3493
7124 1890
7125 714
7126 239
7127 74
7128 3545
7129 3226
7130 2635
7131 1041
7132 2779
7133 2455
7134 1771
7135 4559
7136 1361
7137 3452
7138 1266
7139 2894
7140 804
7141 969
7142 200
7143 3181
7144 755
7145 3098
7146 3891
7147 3085
7148 1339
7149 221
7150 2174
7151 4520
7152 1094
7153 1866
7154 623
7155 421
7156 4650
7157 538
7158 4255
7159 497
7160 1443
7161 1912
7162 1589
7163 682
7164 1545
7165 1285
7166 1202
7167 4959
7168 4092
7169 947
7170 904
7171 4911
7172 811
7173 4472
7174 3721
7175 3738
7176 904
7177 3343
7178 2135
7179 2880
7180 377
7181 210
7182 2507
7183 3918
7184 4873
7185 4428
7186 777
7187 2232
7188 4305
7189 2209
7190 3027
7191 3433
7192 602
7193 1322
7194 139
7195 2360
7196 4826
7197 899
7198 4431
7199 2109
7200 4698
7201 2880
7202 652
7203 2880
7204 4733
7205 2259
7206 2893
7207 192
7208 791
7209 2779
7210 2780
7211 3992
7212 2285
7213 2417
7214 2068
7215 602
7216 282
7217 2474
7218 2104
7219 4033
7220 3907
7221 310
7222 1318
7223 497
7224 1743
7225 2475
7226 1570
7227 3932
7228 4505
7229 2476
7230 2632
7231 3961
7232 1598
7233 1728
7234 1050
7235 602
7236 2587
7237 4932
7238 4278
7239 1050
7240 2457
7241 113
7242 2627
7243 3433
7244 3786
7245 1739
7246 2390
7247 4329
7248 3029
7249 3599
7250 2093
7251 3498
7252 787
7253 2884
7254 4213
7255 2097
7256 2884
7257 719
7258 904
7259 38
7260 3776
7261 4188
7262 3460
7263 4799
7264 498
7265 3895
7266 705
7267 4515
7268 2238
7269 1517
7270 2884
7271 2882
7272 3486
7273 4307
7274 2883
7275 4516
7276 4533
7277 871
7278 1600
7279 1031
7280 882
7281 1505
7282 4359
7283 1339
7284 2883
7285 194
7286 4297
7287 3077
7288 567
7289 16
7290 2061
7291 498
7292 2076
7293 3919
7294 885
7295 84
7296 1715
7297 2034
7298 1890
7299 801
7300 2627
7301 4803
7302 4315
7303 2684
7304 3797
7305 1975
7306 4060
7307 2374
7308 1086
7309 917
7310 3902
7311 1298
7312 3153
7313 1578
7314 3836
7315 3574
7316 2475
7317 3779
7318 2584
7319 4885
7320 669
7321 4840
7322 2038
7323 4268
7324 3180
7325 4724
7326 4616
7327 1517
7328 2893
7329 1951
7330 11
7331 753
7332 105
7333 138
7334 4415
7335 4094
7336 2442
7337 3634
7338 3532
7339 2377
7340 3836
7341 1802
7342 4530
7343 4557
7344 4424
7345 4007
7346 1745
7347 1972
7348 2817
7349 2815
7350 2097
7351 3602
7352 474
7353 4524
7354 2393
7355 1211
7356 4117
7357 4818
7358 4637
7359 2627
7360 3576
7361 498
7362 2222
7363 2172
7364 4963
7365 2811
7366 1284
7367 91
7368 4898
7369 2345
7370 2377
7371 2320
7372 2778
7373 4255
7374 2549
7375 2095
7376 2176
7377 2475
7378 1956
7379 3815
7380 1902
7381 757
7382 4583
7383 3712
7384 979
7385 2125
7386 709
7387 1339
7388 4518
7389 1201
7390 498
7391 4421
7392 113
7393 538
7394 3874
7395 2250
7396 724
7397 3545
7398 4520
7399 3740
7400 4815
7401 1711
7402 2566
7403 3594
7404 63
7405 3774
7406 1854
7407 2222
7408 4552
7409 4677
7410 3885
7411 4122
7412 359
7413 4392
7414 1783
7415 2923
7416 923
7417 2047
7418 116
7419 3791
7420 2364
7421 3321
7422 1809
7423 3078
7424 3518
7425 1711
7426 2888
7427 2925
7428 264
7429 4525
7430 202
7431 4460
7432 2693
7433 711
7434 200
7435 70
7436 359
7437 1905
7438 1229
7439 357
7440 2167
7441 499
7442 291
7443 2089
7444 2925
7445 2705
7446 945
7447 4269
7448 901
7449 3619
7450 427
7451 299
7452 3432
7453 978
7454 4573
7455 2925
7456 2627
7457 56
7458 2613
7459 2998
7460 1348
7461 1460
7462 3619
7463 109
7464 2925
7465 2662
7466 4280
7467 4102
7468 3725
7469 1813
7470 3432
7471 2646
7472 4879
7473 4922
7474 999
7475 2531
7476 3720
7477 4865
7478 3734
7479 3704
7480 4189
7481 3509
7482 2924
7483 1358
7484 474
7485 3952
7486 2788
7487 273
7488 1998
7489 90
7490 3856
7491 1884
7492 2924
7493 1299
7494 1625
7495 3432
7496 619
7497 710
7498 871
7499 2924
7500 3511
7501 1564
7502 4303
7503 330
7504 1444
7505 4214
7506 2924
7507 4933
7508 3426
7509 3679
7510 614
7511 487
7512 2637
7513 3352
7514 940
7515 1363
7516 735
7517 4325
7518 2948
7519 2002
7520 4024
7521 548
7522 2587
7523 2010
7524 2867
7525 310
7526 1423
7527 4110
7528 4556
7529 3355
7530 2317
7531 1382
7532 1819
7533 3110
7534 3426
7535 4578
7536 3742
7537 2573
7538 253
7539 4425
7540 3122
7541 4734
7542 1535
7543 1856
7544 4097
7545 1566
7546 2349
7547 2016
7548 1263
7549 1867
7550 4461
7551 438
7552 36
7553 2359
7554 3694
7555 3078
7556 1299
7557 1414
7558 2144
7559 3824
7560 1092
7561 4338
7562 25
7563 3110
7564 2545
7565 1374
7566 4152
7567 2539
7568 4845
7569 2283
7570 4452
7571 3110
7572 2613
7573 3831
7574 4367
7575 3426
7576 3034
7577 568
7578 4420
7579 2642
7580 3424
7581 3888
7582 3695
7583 2779
7584 1717
7585 2507
7586 1950
7587 9
7588 582
7589 4434
7590 2594
7591 627
7592 3544
7593 1229
7594 3110
7595 2533
7596 1620
7597 3576
7598 2321
7599 652
7600 1086
7601 2782
7602 1703
7603 4565
7604 3827
7605 1800
7606 4694
7607 3724
7608 4113
7609 2263
7610 1845
7611 819
7612 3109
7613 397
7614 3078
7615 2010
7616 4011
7617 1230
7618 1748
7619 2730
7620 446
7621 649
7622 4237
7623 850
7624 3034
7625 1735
7626 2431
7627 2838
7628 3180
7629 4500
7630 1856
7631 3109
7632 1548
7633 1662
7634 202
7635 2659
7636 2784
7637 2960
7638 3424
7639 1337
7640 3577
7641 4273
7642 801
7643 3104
7644 4795
7645 4895
7646 3078
7647 499
7648 2587
7649 4415
7650 940
7651 642
7652 3789
7653 4860
7654 662
7655 1299
7656 2700
7657 3193
7658 2018
7659 4031
7660 3857
7661 2822
7662 2754
7663 3816
7664 3963
7665 1532
7666 747
7667 2088
7668 1202
7669 1833
7670 1993
7671 1691
7672 3424
7673 4252
7674 3425
7675 405
7676 2330
7677 2901
7678 3425
7679 2504
7680 1590
7681 3234
7682 916
7683 1724
7684 1682
7685 1122
7686 2527
7687 1378
7688 1429
7689 2256
7690 2527
7691 4380
7692 2018
7693 2801
7694 990
7695 2000
7696 165
7697 2626
7698 4768
7699 2585
7700 2032
7701 4909
7702 1582
7703 474
7704 997
7705 3574
7706 1711
7707 4022
7708 2649
7709 4802
7710 3619
7711 2279
7712 2893
7713 4073
7714 3536
7715 4800
7716 2511
7717 3008
7718 2087
7719 897
7720 3104
7721 266
7722 4990
7723 2868
7724 3104
7725 931
7726 2637
7727 1124
7728 215
7729 3817
7730 269
7731 438
7732 1471
7733 1824
7734 2445
7735 1575
7736 3016
7737 2964
7738 4045
7739 1129
7740 2082
7741 275
7742 4512
7743 2808
7744 853
7745 2584
7746 2966
7747 3139
7748 4701
7749 577
7750 1092
7751 3230
7752 424
7753 1030
7754 1299
7755 753
7756 3078
7757 3170
7758 293
7759 255
7760 281
7761 4576
7762 1781
7763 1670
7764 2843
7765 3809
7766 779
7767 1597
7768 2117
7769 1129
7770 541
7771 3839
7772 1027
7773 178
7774 4489
7775 4697
7776 1670
7777 362
7778 875
7779 1528
7780 1905
7781 2476
7782 1092
7783 1932
7784 3040
7785 2732
7786 4823
7787 4578
7788 850
7789 3848
7790 1587
7791 4092
7792 3172
7793 321
7794 1834
7795 2384
7796 2952
7797 2561
7798 1084
7799 3193
7800 2708
7801 169
7802 1092
7803 1820
7804 3616
7805 1339
7806 4384
7807 4123
7808 2088
7809 3678
7810 1230
7811 4464
7812 1306
7813 4775
7814 2907
7815 3756
7816 2947
7817 3984
7818 3536
7819 799
7820 1147
7821 1535
7822 3452
7823 2659
7824 4794
7825 835
7826 3355
7827 3079
7828 926
7829 2529
7830 4601
7831 660
7832 4212
7833 2950
7834 4310
7835 4371
7836 2599
7837 3728
7838 400
7839 2018
7840 3878
7841 1605
7842 652
7843 2729
7844 526
7845 3853
7846 4969
7847 3489
7848 1297
7849 1148
7850 3079
7851 2337
7852 221
7853 2549
7854 1929
7855 1960
7856 2950
7857 1782
7858 2429
7859 1991
7860 367
7861 4582
7862 4625
7863 3132
7864 4248
7865 1136
7866 2410
7867 3532
7868 1384
7869 4142
7870 849
7871 4114
7872 2477
7873 718
7874 178
7875 273
7876 3699
7877 4989
7878 885
7879 1546
7880 4005
7881 4566
7882 1443
7883 4805
7884 4496
7885 528
7886 2291
7887 2244
7888 2081
7889 2403
7890 969
7891 56
7892 4399
7893 2527
7894 1809
7895 3750
7896 4129
7897 813
7898 4351
7899 1201
7900 2476
7901 2930
7902 2521
7903 37
7904 881
7905 3616
7906 1761
7907 528
7908 90
7909 2101
7910 3237
7911 2064
7912 665
7913 4587
7914 2438
7915 1317
7916 2757
7917 979
7918 1996
7919 2126
7920 1689
7921 2930
7922 1556
7923 4209
7924 4590
7925 1273
7926 2868
7927 3570
7928 726
7929 1880
7930 1201
7931 1840
7932 1213
7933 1335
7934 1962
7935 2893
7936 179
7937 2599
7938 769
7939 4090
7940 499
7941 438
7942 3079
7943 589
7944 3079
7945 528
7946 254
7947 75
7948 4877
7949 2838
7950 3631
7951 888
7952 2930
7953 2942
7954 2061
7955 2439
7956 3592
7957 3807
7958 3793
7959 4260
7960 3096
7961 2297
7962 1562
7963 4522
7964 2573
7965 2416
7966 2601
7967 265
7968 2669
7969 2504
7970 4448
7971 753
7972 1198
7973 789
7974 2601
7975 2404
7976 2507
7977 3785
7978 968
7979 4176
7980 2113
7981 4475
7982 4283
7983 1202
7984 2334
7985 4679
7986 3449
7987 4386
7988 3823
7989 3459
7990 68
7991 2075
7992 4183
7993 3826
7994 3967
7995 1215
7996 2919
7997 1620
7998 3027
7999 4190
8000 3891
8001 4148
8002 1174
8003 1068
8004 2478
8005 3508
8006 1668
8007 3949
8008 3945
8009 2800
8010 4119
8011 1184
8012 4548
8013 4047
8014 2369
8015 4463
8016 1853
8017 3080
8018 3822
8019 732
8020 2724
8021 2553
8022 1174
8023 2692
8024 660
8025 667
8026 1174
8027 1772
8028 595
8029 272
8030 4179
8031 2510
8032 4308
8033 221
8034 315
8035 4849
8036 1922
8037 4028
8038 2139
8039 2132
8040 2923
8041 3841
8042 1670
8043 1444
8044 424
8045 1430
8046 1630
8047 1013
8048 1693
8049 2923
8050 2055
8051 1607
8052 1842
8053 3532
8054 2904
8055 3802
8056 1085
8057 1508
8058 3224
8059 2247
8060 769
8061 1743
8062 3425
8063 461
8064 1633
8065 581
8066 2424
8067 2923
8068 1938
8069 3080
8070 2567
8071 34
8072 2921
8073 4109
8074 2552
8075 612
8076 3997
8077 2305
8078 871
8079 747
8080 2921
8081 3190
8082 2921
8083 4390
8084 1535
8085 1633
8086 2921
8087 3427
8088 2688
8089 601
8090 4240
8091 4816
8092 842
8093 2922
8094 368
8095 2724
8096 3755
8097 1301
8098 1746
8099 653
8100 4807
8101 2917
8102 4773
8103 2181
8104 2922
8105 3709
8106 1737
8107 2922
8108 1727
8109 3740
8110 601
8111 22
8112 4607
8113 1761
8114 2061
8115 1960
8116 1926
8117 4505
8118 40
8119 1936
8120 3536
8121 4232
8122 1295
8123 443
8124 3634
8125 4814
8126 84
8127 1314
8128 3544
8129 417
8130 2607
8131 3180
8132 4728
8133 1432
8134 221
8135 3720
8136 964
8137 3763
8138 1685
8139 1639
8140 811
8141 1286
8142 4791
8143 3355
8144 3536
8145 271
8146 3080
8147 2922
8148 1545
8149 1295
8150 3959
8151 176
8152 3999
8153 1356
8154 968
8155 3427
8156 2291
8157 3235
8158 4034
8159 2364
8160 2683
8161 4782
8162 325
8163 3634
8164 331
8165 2271
8166 851
8167 4238
8168 4291
8169 4098
8170 1027
8171 2847
8172 4572
8173 40
8174 2672
8175 461
8176 1546
8177 4933
8178 2105
8179 1447
8180 3720
8181 2922
8182 1074
8183 4773
8184 4355
8185 1260
8186 829
8187 1022
8188 2904
8189 1450
8190 3649
8191 4731
8192 2477
8193 438
8194 4282
8195 2477
8196 415
8197 2601
8198 2726
8199 3756
8200 1295
8201 521
8202 2963
8203 770
8204 204
8205 818
8206 183
8207 965
8208 2904
8209 1419
8210 2154
8211 2963
8212 2601
8213 670
8214 3862
8215 2850
8216 4023
8217 3173
8218 4635
8219 2763
8220 2742
8221 4129
8222 499
8223 4028
8224 684
8225 3080
8226 1649
8227 400
8228 2752
8229 2960
8230 4393
8231 2281
8232 1988
8233 76
8234 2736
8235 2573
8236 4693
8237 2095
8238 4954
8239 4446
8240 280
8241 3270
8242 2428
8243 2281
8244 4869
8245 1746
8246 4238
8247 4612
8248 805
8249 1626
8250 4831
8251 1098
8252 1052
8253 3682
8254 2128
8255 4407
8256 918
8257 2752
8258 3427
8259 2963
8260 825
8261 1414
8262 822
8263 636
8264 2755
8265 1499
8266 3186
8267 3164
8268 131
8269 1631
8270 500
8271 4291
8272 2291
8273 1817
8274 656
8275 4469
8276 113
8277 3185
8278 4056
8279 3185
8280 4695
8281 4466
8282 538
8283 1669
8284 3159
8285 3303
8286 1840
8287 1987
8288 4015
8289 2707
8290 444
8291 835
8292 3270
8293 1504
8294 860
8295 519
8296 3661
8297 4188
8298 4182
8299 1483
8300 3081
8301 4643
8302 3931
8303 2724
8304 83
8305 835
8306 4030
8307 2763
8308 4231
8309 3081
8310 2664
8311 3303
8312 3303
8313 1803
8314 2281
8315 1760
8316 3928
8317 4292
8318 368
8319 4373
8320 4481
8321 4434
8322 673
8323 3171
8324 823
8325 1967
8326 2752
8327 3901
8328 1307
8329 3979
8330 314
8331 1671
8332 22
8333 1262
8334 4404
8335 4887
8336 1960
8337 2010
8338 4116
8339 4060
8340 4701
8341 2621
8342 4651
8343 2367
8344 2439
8345 2929
8346 2621
8347 2829
8348 2765
8349 4414
8350 3342
8351 2919
8352 1460
8353 3033
8354 2719
8355 824
8356 2297
8357 1960
8358 1323
8359 2621
8360 4112
8361 401
8362 2664
8363 4048
8364 3184
8365 3838
8366 1090
8367 4757
8368 1378
8369 3810
8370 4321
8371 3299
8372 1000
8373 765
8374 316
8375 926
8376 3929
8377 4231
8378 3299
8379 1374
8380 4818
8381 4046
8382 2095
8383 3872
8384 2586
8385 3532
8386 1750
8387 1017
8388 2508
8389 2800
8390 2080
8391 3396
8392 2915
8393 4058
8394 4111
8395 439
8396 4647
8397 1364
8398 49
8399 3428
8400 1635
8401 2533
8402 2410
8403 830
8404 1230
8405 4053
8406 1483
8407 1389
8408 4619
8409 3355
8410 3635
8411 2165
8412 4080
8413 1090
8414 4351
8415 3354
8416 3231
8417 2702
8418 1457
8419 287
8420 3616
8421 4186
8422 4352
8423 4531
8424 3081
8425 653
8426 72
8427 3299
8428 258
8429 130
8430 2344
8431 904
8432 3298
8433 4342
8434 2642
8435 56
8436 2479
8437 1447
8438 2288
8439 1529
8440 3298
8441 3569
8442 345
8443 1635
8444 1003
8445 1851
8446 1506
8447 3894
8448 262
8449 1095
8450 3616
8451 3868
8452 3298
8453 1192
8454 2299
8455 746
8456 4364
8457 2359
8458 4319
8459 3780
8460 1027
8461 2018
8462 2513
8463 982
8464 4581
8465 3262
8466 2108
8467 2028
8468 4236
8469 178
8470 2742
8471 654
8472 1764
8473 3960
8474 1967
8475 2919
8476 1785
8477 3297
8478 2804
8479 4664
8480 552
8481 3661
8482 896
8483 964
8484 3428
8485 2097
8486 4101
8487 1090
8488 4832
8489 4147
8490 4486
8491 4427
8492 142
8493 3325
8494 63
8495 3941
8496 4202
8497 803
8498 3297
8499 1284
8500 2013
8501 212
8502 539
8503 261
8504 197
8505 1090
8506 3297
8507 2351
8508 1023
8509 40
8510 3985
8511 4024
8512 3265
8513 31
8514 34
8515 3184
8516 2041
8517 1910
8518 3661
8519 1002
8520 112
8521 991
8522 1733
8523 1193
8524 1095
8525 992
8526 3454
8527 3610
8528 460
8529 2570
8530 4765
8531 2304
8532 1175
8533 4387
8534 2788
8535 186
8536 3173
8537 1807
8538 3264
8539 357
8540 2500
8541 3531
8542 4455
8543 3868
8544 641
8545 1452
8546 3263
8547 31
8548 3635
8549 2742
8550 87
8551 4045
8552 1091
8553 4656
8554 4863
8555 595
8556 4554
8557 3445
8558 408
8559 168
8560 1471
8561 1486
8562 2671
8563 1932
8564 2207
8565 1109
8566 909
8567 1231
8568 3171
8569 1758
8570 288
8571 3525
8572 391
8573 1807
8574 1845
8575 621
8576 3263
8577 738
8578 4375
8579 4933
8580 835
8581 2411
8582 4341
8583 4609
8584 1914
8585 4072
8586 2095
8587 2103
8588 4879
8589 2014
8590 460
8591 888
8592 569
8593 1123
8594 4339
8595 2178
8596 42
8597 2249
8598 545
8599 3041
8600 2171
8601 654
8602 4251
8603 2151
8604 65
8605 1520
8606 3924
8607 4036
8608 572
8609 753
8610 1604
8611 4565
8612 4091
8613 4343
8614 1340
8615 2453
8616 1460
8617 4665
8618 5
8619 1567
8620 1915
8621 3028
8622 4528
8623 2510
8624 2055
8625 2193
8626 1703
8627 1764
8628 3065
8629 875
8630 112
8631 3137
8632 3808
8633 3635
8634 4436
8635 3263
8636 1297
8637 617
8638 3263
8639 4593
8640 1917
8641 1866
8642 4678
8643 4720
8644 1746
8645 4976
8646 2404
8647 895
8648 4211
8649 2386
8650 2410
8651 3135
8652 2671
8653 4950
8654 1849
8655 773
8656 4552
8657 4534
8658 2061
8659 2478
8660 1276
8661 3932
8662 3943
8663 1144
8664 1773
8665 3454
8666 4341
8667 1644
8668 1565
8669 3281
8670 477
8671 1713
8672 4371
8673 2070
8674 4340
8675 4275
8676 2223
8677 4911
8678 895
8679 460
8680 895
8681 2566
8682 3775
8683 928
8684 4727
8685 3286
8686 1783
8687 500
8688 1876
8689 4445
8690 3816
8691 3764
8692 2393
8693 1481
8694 540
8695 2427
8696 2655
8697 3214
8698 4058
8699 1093
8700 1231
8701 4650
8702 2731
8703 2347
8704 894
8705 4926
8706 1068
8707 1681
8708 363
8709 4389
8710 3005
8711 3661
8712 3428
8713 1356
8714 1131
8715 1440
8716 2020
8717 2342
8718 4530
8719 1611
8720 4516
8721 2283
8722 270
8723 979
8724 4881
8725 4159
8726 4191
8727 3428
8728 949
8729 1493
8730 53
8731 1917
8732 3744
8733 4169
8734 2090
8735 3730
8736 4853
8737 1273
8738 3683
8739 1958
8740 3498
8741 4647
8742 2174
8743 201
8744 2901
8745 126
8746 4719
8747 3884
8748 4144
8749 2707
8750 1091
8751 1532
8752 1917
8753 1981
8754 2156
8755 2789
8756 500
8757 177
8758 2911
8759 4463
8760 220
8761 4033
8762 439
8763 3804
8764 2189
8765 3956
8766 1532
8767 1703
8768 4751
8769 834
8770 1536
8771 4700
8772 4649
8773 83
8774 3423
8775 4775
8776 4698
8777 420
8778 3875
8779 4274
8780 4814
8781 577
8782 1708
8783 2025
8784 3858
8785 1888
8786 1968
8787 1440
8788 1297
8789 4044
8790 1582
8791 711
8792 2138
8793 2216
8794 3898
8795 4755
8796 4166
8797 3617
8798 2731
8799 2041
8800 541
8801 3617
8802 267
8803 4329
8804 3520
8805 3908
8806 2570
8807 4799
8808 4759
8809 1841
8810 1472
8811 1505
8812 1378
8813 3467
8814 410
8815 3256
8816 1828
8817 560
8818 3830
8819 1791
8820 177
8821 4478
8822 500
8823 4500
8824 1355
8825 2644
8826 500
8827 1144
8828 4493
8829 1103
8830 1374
8831 4223
8832 3286
8833 1798
8834 373
8835 3286
8836 4317
8837 1015
8838 1760
8839 4438
8840 4439
8841 1302
8842 3851
8843 978
8844 163
8845 4278
8846 2570
8847 3662
8848 3035
8849 4411
8850 1828
8851 3498
8852 3423
8853 2380
8854 3291
8855 4500
8856 3560
8857 2267
8858 894
8859 3291
8860 2800
8861 1765
8862 501
8863 2888
8864 624
8865 998
8866 190
8867 1104
8868 1
8869 1730
8870 4857
8871 575
8872 1491
8873 565
8874 3423
8875 286
8876 3931
8877 4451
8878 2478
8879 2110
8880 4815
8881 2570
8882 501
8883 624
8884 310
8885 3795
8886 339
8887 601
8888 2325
8889 4483
8890 3511
8891 2128
8892 1591
8893 4966
8894 1340
8895 4490
8896 2560
8897 3920
8898 1708
8899 4441
8900 1793
8901 1885
8902 2860
8903 2868
8904 4435
8905 3817
8906 1519
8907 2306
8908 1609
8909 955
8910 2649
8911 1231
8912 1803
8913 718
8914 2063
8915 4874
8916 420
8917 2167
8918 3305
8919 4817
8920 3923
8921 477
8922 1863
8923 3273
8924 1789
8925 3728
8926 2238
8927 3002
8928 477
8929 2226
8930 4184
8931 439
8932 4246
8933 2662
8934 3960
8935 4635
8936 1448
8937 4140
8938 1
8939 2478
8940 3291
8941 1925
8942 2789
8943 289
8944 4569
8945 3290
8946 587
8947 2297
8948 1376
8949 2868
8950 3705
8951 3806
8952 2216
8953 408
8954 3844
8955 2803
8956 4499
8957 2502
8958 747
8959 2480
8960 646
8961 3290
8962 357
8963 3164
8964 1557
8965 4430
8966 4528
8967 1272
8968 3398
8969 4550
8970 3750
8971 4400
8972 968
8973 3290
8974 2279
8975 4875
8976 2683
8977 1030
8978 2094
8979 694
8980 168
8981 4284
8982 1462
8983 3765
8984 4230
8985 4487
8986 968
8987 4544
8988 181
8989 2657
8990 1944
8991 1821
8992 143
8993 1986
8994 3694
8995 147
8996 3180
8997 2834
8998 2033
8999 851
9000 4859
9001 2189
9002 2389
9003 2636
9004 4170
9005 3902
9006 3289
9007 4264
9008 2403
9009 3992
9010 1253
9011 1717
9012 373
9013 3289
9014 4708
9015 908
9016 3720
9017 4510
9018 4808
9019 1813
9020 220
9021 2319
9022 1944
9023 3498
9024 1091
9025 4485
9026 3423
9027 2901
9028 3887
9029 3403
9030 1663
9031 3474
9032 4541
9033 197
9034 1337
9035 4320
9036 399
9037 3289
9038 4839
9039 2649
9040 2323
9041 1212
9042 1908
9043 1191
9044 3311
9045 3289
9046 3081
9047 3719
9048 4163
9049 3118
9050 970
9051 4785
9052 3287
9053 1095
9054 2144
9055 522
9056 2944
9057 614
9058 1778
9059 2664
9060 1144
9061 3635
9062 3734
9063 3287
9064 191
9065 2521
9066 1746
9067 1738
9068 78
9069 3579
9070 1462
9071 3277
9072 1600
9073 1451
9074 1091
9075 1669
9076 420
9077 1297
9078 241
9079 4331
9080 508
9081 48
9082 4763
9083 90
9084 4531
9085 308
9086 3662
9087 1836
9088 4592
9089 4447
9090 3587
9091 2215
9092 46
9093 1018
9094 2535
9095 4781
9096 743
9097 3287
9098 4131
9099 3936
9100 4332
9101 4422
9102 632
9103 1603
9104 806
9105 4798
9106 4876
9107 4626
9108 3491
9109 3422
9110 4160
9111 3722
9112 4423
9113 4429
9114 4380
9115 2901
9116 4428
9117 2947
9118 2266
9119 3287
9120 4175
9121 754
9122 2800
9123 3626
9124 4025
9125 1485
9126 75
9127 2962
9128 3288
9129 719
9130 3579
9131 276
9132 388
9133 4647
9134 2013
9135 680
9136 4824
9137 3596
9138 1113
9139 4453
9140 3149
9141 2133
9142 2545
9143 3596
9144 4553
9145 2727
9146 1486
9147 1093
9148 828
9149 469
9150 662
9151 2560
9152 2263
9153 2077
9154 2479
9155 3596
9156 1826
9157 4467
9158 569
9159 1276
9160 2110
9161 1106
9162 3950
9163 4284
9164 1551
9165 758
9166 13
9167 2660
9168 2856
9169 4548
9170 2694
9171 166
9172 4964
9173 313
9174 4433
9175 1294
9176 3325
9177 3877
9178 628
9179 2856
9180 501
9181 1780
9182 3813
9183 4191
9184 4781
9185 4777
9186 4127
9187 2263
9188 3853
9189 4460
9190 3310
9191 1826
9192 1232
9193 3534
9194 3497
9195 3806
9196 1528
9197 469
9198 950
9199 194
9200 2047
9201 2393
9202 2856
9203 1793
9204 4747
9205 4612
9206 1420
9207 3982
9208 4955
9209 3579
9210 3354
9211 1760
9212 4754
9213 4059
9214 3600
9215 4801
9216 4790
9217 4990
9218 1396
9219 1689
9220 2215
9221 4214
9222 65
9223 3735
9224 1621
9225 4565
9226 2856
9227 272
9228 2353
9229 469
9230 922
9231 101
9232 2277
9233 1373
9234 1981
9235 4947
9236 315
9237 3839
9238 501
9239 2385
9240 3237
9241 2901
9242 60
9243 3617
9244 2163
9245 3151
9246 1881
9247 4261
9248 2855
9249 1501
9250 163
9251 1144
9252 4618
9253 2855
9254 3497
9255 1741
9256 1263
9257 834
9258 4394
9259 3986
9260 114
9261 3422
9262 1265
9263 717
9264 863
9265 1412
9266 4149
9267 4617
9268 1093
9269 3439
9270 2624
9271 2305
9272 1537
9273 871
9274 4168
9275 3678
9276 4394
9277 4115
9278 2932
9279 3756
9280 4882
9281 2042
9282 2932
9283 1407
9284 2204
9285 238
9286 503
9287 2261
9288 3707
9289 4267
9290 4754
9291 2188
9292 2624
9293 1444
9294 1958
9295 3781
9296 783
9297 4820
9298 1153
9299 4854
9300 2823
9301 960
9302 4758
9303 2932
9304 469
9305 1454
9306 2822
9307 1851
9308 503
9309 2932
9310 590
9311 127
9312 4150
9313 2645
9314 4281
9315 4704
9316 2207
9317 266
9318 1159
9319 3468
9320 78
9321 3422
9322 2371
9323 112
9324 1761
9325 1920
9326 1312
9327 2349
9328 2862
9329 1852
9330 4526
9331 3770
9332 1840
9333 920
9334 519
9335 2680
9336 2931
9337 1693
9338 4217
9339 287
9340 2419
9341 469
9342 2858
9343 4780
9344 2222
9345 4485
9346 1159
9347 4711
9348 1143
9349 738
9350 112
9351 2094
9352 2634
9353 2147
9354 503
9355 1621
9356 1520
9357 2931
9358 3694
9359 2306
9360 3124
9361 3670
9362 3754
9363 636
9364 3879
9365 2108
9366 11
9367 1233
9368 4352
9369 635
9370 3340
9371 515
9372 856
9373 3520
9374 1231
9375 1145
9376 49
9377 4450
9378 2479
9379 4311
9380 1289
9381 3896
9382 1382
9383 1807
9384 2313
9385 1235
9386 3558
9387 3852
9388 1491
9389 1197
9390 503
9391 3495
9392 2070
9393 3740
9394 2931
9395 4104
9396 3894
9397 3311
9398 2624
9399 308
9400 314
9401 1173
9402 3590
9403 654
9404 4133
9405 4626
9406 879
9407 4691
9408 1461
9409 3369
9410 3579
9411 1382
9412 4607
9413 3474
9414 2531
9415 2624
9416 2624
9417 974
9418 1676
9419 3422
9420 3618
9421 3990
9422 4153
9423 1610
9424 4535
9425 4116
9426 183
9427 4517
9428 3754
9429 2158
9430 2713
9431 4029
9432 4854
9433 393
9434 1669
9435 654
9436 1288
9437 2042
9438 3085
9439 4785
9440 1908
9441 4126
9442 3617
9443 4162
9444 2535
9445 339
9446 2931
9447 1536
9448 4478
9449 3419
9450 4700
9451 3818
9452 308
9453 799
9454 4227
9455 129
9456 3167
9457 831
9458 1278
9459 2655
9460 4033
9461 2902
9462 1256
9463 2419
9464 362
9465 3936
9466 4243
9467 4439
9468 4859
9469 502
9470 4841
9471 3662
9472 2930
9473 1690
9474 2554
9475 4706
9476 4561
9477 252
9478 2262
9479 4234
9480 3364
9481 911
9482 1765
9483 1446
9484 4781
9485 4771
9486 3637
9487 3497
9488 2939
9489 3677
9490 2422
9491 181
9492 2553
9493 2939
9494 1917
9495 2031
9496 1754
9497 3900
9498 1952
9499 2597
9500 1145
9501 2939
9502 3690
9503 2174
9504 2938
9505 115
9506 4725
9507 4508
9508 2007
9509 1068
9510 156
9511 2480
9512 90
9513 1902
9514 2608
9515 4633
9516 3419
9517 252
9518 2189
9519 2938
9520 2195
9521 3907
9522 3798
9523 33
9524 3909
9525 1537
9526 3808
9527 2135
9528 1773
9529 2902
9530 4697
9531 1949
9532 2595
9533 3419
9534 48
9535 1294
9536 2215
9537 3928
9538 4695
9539 4108
9540 4859
9541 3961
9542 3598
9543 4378
9544 3618
9545 2938
9546 3085
9547 89
9548 2054
9549 1879
9550 3662
9551 4400
9552 470
9553 3203
9554 1920
9555 4847
9556 2391
9557 36
9558 40
9559 1529
9560 2324
9561 399
9562 801
9563 1932
9564 2005
9565 1759
9566 2094
9567 1172
9568 3637
9569 4339
9570 4460
9571 1759
9572 4829
9573 4069
9574 2938
9575 1451
9576 3811
9577 3005
9578 4654
9579 3215
9580 1949
9581 4450
9582 4541
9583 1145
9584 3771
9585 4969
9586 2041
9587 3218
9588 4570
9589 4739
9590 1992
9591 1591
9592 1294
9593 3105
9594 470
9595 1215
9596 4909
9597 89
9598 2625
9599 3682
9600 4370
9601 1
9602 2935
9603 2582
9604 685
9605 2140
9606 2480
9607 594
9608 139
9609 844
9610 2866
9611 3845
9612 1108
9613 4355
9614 2823
9615 719
9616 4003
9617 1388
9618 4318
9619 920
9620 1613
9621 1145
9622 3876
9623 3333
9624 4161
9625 900
9626 4854
9627 1403
9628 1430
9629 4054
9630 3046
9631 813
9632 4128
9633 2937
9634 62
9635 2937
9636 4201
9637 601
9638 1069
9639 2359
9640 22
9641 3127
9642 1340
9643 3835
9644 22
9645 2937
9646 3191
9647 1335
9648 610
9649 4917
9650 4171
9651 645
9652 1839
9653 1322
9654 4234
9655 1852
9656 2965
9657 78
9658 3240
9659 4636
9660 2582
9661 635
9662 42
9663 392
9664 1923
9665 9
9666 127
9667 3938
9668 4626
9669 3419
9670 4874
9671 1199
9672 4121
9673 2866
9674 3493
9675 3485
9676 1757
9677 4136
9678 3677
9679 1730
9680 635
9681 4594
9682 4366
9683 646
9684 4002
9685 1251
9686 1232
9687 2750
9688 3660
9689 1554
9690 2625
9691 4887
9692 2435
9693 3756
9694 1789
9695 3820
9696 1027
9697 1811
9698 4563
9699 956
9700 2915
9701 2693
9702 1852
9703 2625
9704 1329
9705 1928
9706 2806
9707 2937
9708 2707
9709 3931
9710 435
9711 2043
9712 3085
9713 1743
9714 1193
9715 2659
9716 2209
9717 4376
9718 3841
9719 2681
9720 2934
9721 4447
9722 1108
9723 1350
9724 2313
9725 694
9726 2764
9727 1000
9728 1937
9729 3759
9730 2480
9731 3040
9732 234
9733 4546
9734 4347
9735 2934
9736 2420
9737 667
9738 2934
9739 932
9740 61
9741 2352
9742 1530
9743 2625
9744 2070
9745 234
9746 4776
9747 1827
9748 4968
9749 1313
9750 1397
9751 89
9752 3632
9753 4913
9754 3637
9755 2702
9756 3938
9757 1517
9758 2376
9759 4861
9760 3637
9761 970
9762 2508
9763 2303
9764 2107
9765 2190
9766 2374
9767 3799
9768 502
9769 1805
9770 4457
9771 3569
9772 1202
9773 4658
9774 2481
9775 3154
9776 2758
9777 427
9778 4997
9779 578
9780 866
9781 3839
9782 773
9783 816
9784 1657
9785 683
9786 4422
9787 1087
9788 4519
9789 106
9790 4648
9791 2075
9792 758
9793 4390
9794 565
9795 1852
9796 4330
9797 282
9798 1497
9799 4627
9800 2010
9801 1773
9802 2766
9803 867
9804 2644
9805 3978
9806 2094
9807 3771
9808 775
9809 2481
9810 2374
9811 588
9812 115
9813 2642
9814 3322
9815 2020
9816 870
9817 571
9818 1232
9819 2767
9820 922
9821 3663
9822 140
9823 2128
9824 1880
9825 3660
9826 3039
9827 3322
9828 205
9829 4019
9830 2780
9831 3322
9832 4467
9833 880
9834 141
9835 3083
9836 1567
9837 645
9838 1124
9839 53
9840 2203
9841 300
9842 2015
9843 1512
9844 4272
9845 3294
9846 2967
9847 84
9848 4025
9849 1709
9850 2130
9851 3932
9852 834
9853 1640
9854 724
9855 1674
9856 132
9857 4157
9858 1026
9859 89
9860 1779
9861 4431
9862 2786
9863 4378
9864 2323
9865 1123
9866 983
9867 1789
9868 1276
9869 1582
9870 3670
9871 1872
9872 2866
9873 1852
9874 4606
9875 2425
9876 1293
9877 3105
9878 2596
9879 4359
9880 870
9881 3150
9882 2003
9883 1502
9884 3145
9885 4778
9886 1255
9887 2818
9888 2043
9889 2866
9890 4808
9891 2100
9892 2748
9893 1412
9894 2360
9895 4407
9896 168
9897 3618
9898 3294
9899 502
9900 1026
9901 2616
9902 3789
9903 4991
9904 4398
9905 4129
9906 2273
9907 553
9908 4867
9909 1807
9910 1073
9911 1288
9912 3933
9913 3294
9914 3919
9915 2020
9916 1682
9917 4517
9918 1417
9919 4872
9920 4362
9921 3790
9922 3472
9923 4519
9924 41
9925 1621
9926 43
9927 882
9928 4391
9929 3636
9930 1919
9931 1391
9932 3044
9933 2219
9934 4261
9935 168
9936 2366
9937 3044
9938 1340
9939 3463
9940 1760
9941 3752
9942 159
9943 2242
9944 1729
9945 1251
9946 1991
9947 3083
9948 3180
9949 667
9950 1841
9951 2623
9952 4148
9953 4293
9954 1582
9955 3083
9956 1552
9957 1439
9958 1898
9959 1422
9960 3618
9961 706
9962 2347
9963 4558
9964 2764
9965 570
9966 4740
9967 21
9968 4500
9969 4598
9970 3875
9971 3540
9972 4542
9973 4452
9974 573
9975 263
9976 870
9977 3420
9978 364
9979 1420
9980 4259
9981 3531
9982 1541
9983 1835
9984 3044
9985 1789
9986 1547
9987 4151
9988 3086
9989 803
9990 4651
9991 1102
9992 421
9993 4345
9994 1014
9995 719
9996 3555
9997 2117
9998 2082
9999 1294
