0 3148
1 4107
2 2854
3 1211
4 3889
5 798
6 39
7 4117
8 4291
9 3460
10 2380
11 1817
12 4046
13 292
14 1038
15 2060
16 3835
17 1293
18 2060
19 139
20 2441
21 3778
22 594
23 4489
24 1871
25 525
26 2854
27 311
28 2737
29 2854
30 4313
31 977
32 2165
33 750
34 57
35 727
36 3065
37 1036
38 2854
39 2432
40 3129
41 2833
42 1865
43 3611
44 342
45 2666
46 4753
47 3916
48 2271
49 3787
50 2382
51 2721
52 1003
53 980
54 2461
55 1657
56 256
57 4981
58 4021
59 3822
60 3622
61 1780
62 525
63 516
64 2943
65 4480
66 1996
67 35
68 929
69 881
70 2853
71 1699
72 1529
73 1080
74 408
75 3622
76 1180
77 639
78 2500
79 1725
80 3522
81 1008
82 2853
83 4850
84 3347
85 1328
86 747
87 190
88 523
89 1435
90 2084
91 60
92 174
93 3700
94 1377
95 4615
96 3191
97 3990
98 847
99 525
100 262
101 860
102 1565
103 2853
104 2852
105 2853
106 259
107 406
108 1194
109 468
110 1436
111 975
112 1401
113 3331
114 2551
115 311
116 2273
117 4468
118 1978
119 1395
120 30
121 1574
122 3157
123 2456
124 4852
125 3874
126 518
127 2277
128 2201
129 2249
130 2710
131 1891
132 4405
133 1368
134 4501
135 3324
136 3175
137 4965
138 3999
139 3324
140 1500
141 468
142 2558
143 2204
144 579
145 1302
146 2930
147 2447
148 2173
149 2091
150 4388
151 2933
152 521
153 2417
154 1338
155 4542
156 4262
157 929
158 748
159 641
160 2150
161 2067
162 4397
163 3280
164 3878
165 428
166 2064
167 3013
168 924
169 2844
170 3217
171 2933
172 656
173 1598
174 1849
175 2264
176 2144
177 3759
178 656
179 1291
180 4625
181 525
182 4523
183 2336
184 3663
185 1445
186 468
187 4897
188 3191
189 842
190 2329
191 557
192 2011
193 1081
194 4059
195 2933
196 1081
197 4193
198 1038
199 2517
200 2933
201 1755
202 342
203 59
204 1673
205 3648
206 966
207 2302
208 3524
209 4707
210 2934
211 2156
212 3314
213 1606
214 3770
215 136
216 2132
217 2289
218 2112
219 1084
220 481
221 1285
222 4511
223 4201
224 289
225 3396
226 2164
227 3680
228 2179
229 3702
230 2129
231 2794
232 1406
233 3837
234 4759
235 2955
236 4481
237 1719
238 190
239 4912
240 4756
241 4763
242 554
243 2567
244 1411
245 4183
246 2125
247 4922
248 1179
249 3831
250 2255
251 3777
252 3060
253 2638
254 428
255 1377
256 3116
257 4689
258 1519
259 2390
260 2955
261 1322
262 138
263 1155
264 4338
265 1289
266 2904
267 3589
268 2955
269 3672
270 3721
271 2422
272 431
273 2296
274 2164
275 30
276 4234
277 2050
278 2799
279 481
280 3700
281 2957
282 4387
283 1610
284 3479
285 2149
286 2003
287 3672
288 4324
289 1179
290 3845
291 2957
292 4281
293 3324
294 331
295 1565
296 4091
297 7
298 1264
299 2011
300 4166
301 4422
302 382
303 3545
304 2777
305 4546
306 2287
307 1163
308 3489
309 2034
310 2631
311 4006
312 902
313 4012
314 3893
315 2801
316 674
317 2631
318 2091
319 1618
320 1081
321 468
322 648
323 1713
324 4302
325 4109
326 3332
327 3916
328 2634
329 274
330 3624
331 2959
332 1185
333 2517
334 4035
335 4945
336 3767
337 4488
338 3366
339 2255
340 3861
341 322
342 1725
343 3750
344 1685
345 81
346 4633
347 4155
348 2674
349 1310
350 4603
351 4169
352 713
353 4759
354 2102
355 1923
356 4534
357 3126
358 4558
359 245
360 2704
361 3040
362 4623
363 2957
364 4226
365 1646
366 678
367 680
368 4033
369 861
370 1217
371 389
372 4694
373 3135
374 1860
375 3966
376 2710
377 2229
378 4072
379 1037
380 1396
381 2826
382 2651
383 1959
384 4082
385 4045
386 4410
387 252
388 689
389 1999
390 4121
391 1081
392 4199
393 1916
394 814
395 1783
396 59
397 4368
398 2728
399 64
400 712
401 4451
402 4455
403 3143
404 172
405 4620
406 952
407 3143
408 2574
409 1757
410 530
411 2264
412 3143
413 2174
414 2201
415 2157
416 4672
417 3232
418 3819
419 2786
420 1466
421 4230
422 467
423 1087
424 2310
425 4391
426 4923
427 3552
428 4145
429 2221
430 1170
431 1120
432 3552
433 587
434 4737
435 224
436 680
437 4641
438 320
439 1574
440 4736
441 4044
442 2302
443 332
444 4129
445 1177
446 3904
447 3412
448 4195
449 707
450 4455
451 2777
452 3138
453 3035
454 4509
455 4958
456 3544
457 3138
458 902
459 3412
460 3412
461 3456
462 2653
463 1180
464 2787
465 260
466 924
467 3407
468 3412
469 1905
470 172
471 3887
472 4497
473 336
474 4517
475 4807
476 4021
477 3138
478 2343
479 3975
480 4565
481 4079
482 2844
483 681
484 2112
485 4003
486 318
487 1452
488 3177
489 682
490 345
491 467
492 2233
493 3798
494 2586
495 4426
496 3273
497 3890
498 3188
499 1384
500 1139
501 3188
502 1216
503 3586
504 2180
505 125
506 3188
507 3188
508 2343
509 4905
510 23
511 1065
512 4070
513 4907
514 2083
515 1935
516 1216
517 4459
518 1076
519 2195
520 2388
521 4586
522 2735
523 2838
524 2455
525 2813
526 1431
527 2461
528 3235
529 2766
530 316
531 166
532 354
533 3189
534 3035
535 294
536 4066
537 350
538 4405
539 3301
540 4250
541 1139
542 3879
543 1139
544 1287
545 2307
546 2362
547 4357
548 3189
549 2076
550 3710
551 1139
552 2368
553 3
554 149
555 346
556 1180
557 2551
558 641
559 3189
560 2964
561 4160
562 3189
563 4301
564 1606
565 3889
566 3377
567 2106
568 351
569 4353
570 4165
571 919
572 3194
573 332
574 4172
575 674
576 2461
577 2053
578 2461
579 1139
580 1704
581 4314
582 859
583 1637
584 765
585 2015
586 2831
587 748
588 3913
589 3974
590 765
591 1453
592 21
593 941
594 514
595 2179
596 1731
597 1318
598 2318
599 3922
600 4721
601 3828
602 2204
603 3023
604 73
605 1443
606 1190
607 1541
608 5
609 4069
610 3522
611 4407
612 2239
613 4036
614 925
615 2447
616 1400
617 81
618 2648
619 1681
620 2414
621 2861
622 2720
623 1216
624 3413
625 1810
626 2546
627 2056
628 285
629 2153
630 3802
631 2201
632 190
633 3306
634 1966
635 1216
636 3892
637 253
638 1108
639 3623
640 653
641 467
642 4320
643 1401
644 2373
645 4237
646 3546
647 170
648 693
649 354
650 346
651 191
652 2843
653 4898
654 1830
655 902
656 2293
657 915
658 2440
659 81
660 4801
661 2415
662 1966
663 3873
664 3487
665 419
666 1138
667 3909
668 4378
669 4976
670 2195
671 2736
672 4382
673 1984
674 524
675 2032
676 1217
677 3413
678 3756
679 4320
680 1076
681 407
682 2686
683 3546
684 4140
685 4899
686 1869
687 267
688 540
689 1854
690 1945
691 3546
692 4250
693 2146
694 744
695 1504
696 2073
697 1792
698 3009
699 1931
700 902
701 2506
702 467
703 4158
704 1271
705 992
706 838
707 4259
708 2369
709 4890
710 1250
711 3708
712 3893
713 2097
714 1422
715 3009
716 3667
717 1333
718 4388
719 2053
720 734
721 2158
722 3067
723 4649
724 137
725 3009
726 1602
727 1737
728 1537
729 3876
730 1287
731 59
732 1411
733 4504
734 440
735 3292
736 2512
737 2959
738 79
739 2815
740 508
741 1648
742 2225
743 2819
744 2088
745 825
746 3538
747 2629
748 1308
749 1076
750 4194
751 2743
752 903
753 3280
754 2091
755 4543
756 158
757 4187
758 3668
759 4311
760 3067
761 4315
762 35
763 4117
764 1686
765 1959
766 1797
767 4823
768 1217
769 2828
770 3960
771 778
772 3292
773 4794
774 2991
775 4058
776 1466
777 4582
778 109
779 2959
780 2993
781 1563
782 2993
783 2345
784 1120
785 2462
786 4418
787 3941
788 2841
789 1690
790 1920
791 3057
792 3648
793 41
794 2540
795 4261
796 295
797 4888
798 1133
799 1525
800 3057
801 369
802 4719
803 4410
804 1118
805 4127
806 3859
807 4897
808 1366
809 3057
810 4266
811 890
812 271
813 2326
814 1758
815 2833
816 4443
817 891
818 4855
819 1859
820 3413
821 1307
822 767
823 3869
824 4555
825 3058
826 2286
827 3916
828 3058
829 4648
830 4172
831 1076
832 3667
833 4296
834 3672
835 2959
836 2704
837 854
838 3944
839 4322
840 435
841 903
842 1104
843 3499
844 4010
845 1130
846 1907
847 2399
848 3058
849 2452
850 1292
851 1948
852 1311
853 863
854 1871
855 712
856 4265
857 209
858 605
859 3493
860 3062
861 2456
862 1479
863 3518
864 3062
865 224
866 891
867 1292
868 621
869 4748
870 3667
871 1486
872 2462
873 1425
874 1087
875 382
876 554
877 4767
878 1660
879 2443
880 1966
881 966
882 899
883 3897
884 4433
885 1355
886 1281
887 2288
888 557
889 2828
890 4889
891 862
892 3254
893 4378
894 4708
895 3623
896 4130
897 2463
898 3062
899 1026
900 1994
901 1051
902 954
903 4787
904 2651
905 476
906 861
907 2673
908 2524
909 1676
910 3413
911 1008
912 1024
913 2361
914 605
915 1778
916 3160
917 264
918 3063
919 2022
920 2256
921 2733
922 3409
923 2002
924 4498
925 3409
926 4807
927 622
928 3808
929 4579
930 1076
931 16
932 3063
933 3292
934 3292
935 4026
936 1274
937 1178
938 2848
939 3063
940 1080
941 1217
942 4862
943 2002
944 2344
945 3572
946 4843
947 2371
948 4743
949 4055
950 47
951 3054
952 3293
953 3893
954 1786
955 4813
956 4147
957 1143
958 748
959 1568
960 867
961 4138
962 1550
963 716
964 1741
965 193
966 1101
967 2816
968 3965
969 2431
970 3529
971 1393
972 1016
973 2512
974 1155
975 1830
976 2286
977 1946
978 4637
979 4169
980 1649
981 2424
982 4785
983 3754
984 1411
985 4630
986 3282
987 3507
988 4496
989 2883
990 2794
991 2264
992 481
993 3054
994 4699
995 3293
996 465
997 1648
998 861
999 4312
1000 2548
1001 823
1002 787
1003 3956
1004 1911
1005 4755
1006 2844
1007 3946
1008 4114
1009 2701
1010 1111
1011 2759
1012 4389
1013 1859
1014 107
1015 3054
1016 3409
1017 4900
1018 3025
1019 1262
1020 3019
1021 2599
1022 645
1023 4405
1024 342
1025 1281
1026 4533
1027 1274
1028 2341
1029 3019
1030 2633
1031 4354
1032 2346
1033 275
1034 4297
1035 4332
1036 2438
1037 1097
1038 1574
1039 1758
1040 2599
1041 616
1042 3205
1043 4667
1044 3868
1045 1155
1046 1476
1047 2920
1048 2753
1049 3611
1050 3214
1051 2971
1052 4327
1053 2969
1054 2449
1055 2801
1056 3673
1057 2996
1058 2614
1059 4300
1060 2039
1061 1541
1062 1601
1063 1448
1064 4404
1065 641
1066 1693
1067 4524
1068 584
1069 785
1070 1194
1071 4788
1072 3940
1073 4364
1074 685
1075 691
1076 2343
1077 3651
1078 4034
1079 1506
1080 3649
1081 428
1082 2682
1083 2302
1084 123
1085 2062
1086 297
1087 2970
1088 2028
1089 3958
1090 1553
1091 2970
1092 2150
1093 1194
1094 2323
1095 693
1096 4802
1097 1618
1098 1601
1099 4472
1100 163
1101 197
1102 1558
1103 2430
1104 3923
1105 1706
1106 3612
1107 3943
1108 3643
1109 4346
1110 107
1111 1824
1112 4401
1113 35
1114 2111
1115 26
1116 817
1117 2948
1118 2530
1119 2970
1120 383
1121 403
1122 2970
1123 4365
1124 1277
1125 4642
1126 3067
1127 1292
1128 1133
1129 3096
1130 3805
1131 2316
1132 1217
1133 2892
1134 3803
1135 4700
1136 2958
1137 117
1138 1980
1139 4085
1140 20
1141 1767
1142 766
1143 1178
1144 4436
1145 1947
1146 4506
1147 1670
1148 313
1149 4656
1150 3104
1151 480
1152 35
1153 557
1154 2574
1155 1264
1156 593
1157 2011
1158 3982
1159 2726
1160 2892
1161 4540
1162 4198
1163 2168
1164 2892
1165 2269
1166 4715
1167 2039
1168 1608
1169 895
1170 628
1171 3217
1172 3883
1173 3925
1174 4319
1175 2591
1176 3726
1177 3748
1178 712
1179 3409
1180 4466
1181 2015
1182 4413
1183 4616
1184 2176
1185 3811
1186 1745
1187 2558
1188 4377
1189 163
1190 4007
1191 3173
1192 3921
1193 2743
1194 2272
1195 4401
1196 3217
1197 1843
1198 3314
1199 1810
1200 2342
1201 2710
1202 1405
1203 1292
1204 4902
1205 2028
1206 3305
1207 1980
1208 3452
1209 3217
1210 4288
1211 4184
1212 2845
1213 2416
1214 3242
1215 421
1216 4207
1217 1888
1218 2252
1219 937
1220 465
1221 4658
1222 3215
1223 4765
1224 85
1225 3975
1226 3954
1227 3190
1228 2229
1229 39
1230 4440
1231 1700
1232 2666
1233 2404
1234 1458
1235 4343
1236 997
1237 3215
1238 2357
1239 2259
1240 1948
1241 3280
1242 4080
1243 1595
1244 3215
1245 2407
1246 3410
1247 1189
1248 2651
1249 69
1250 1645
1251 172
1252 1934
1253 2638
1254 4600
1255 2861
1256 3214
1257 4121
1258 946
1259 819
1260 3410
1261 1657
1262 66
1263 1725
1264 1185
1265 3293
1266 4137
1267 4718
1268 1335
1269 3214
1270 3953
1271 1802
1272 1618
1273 1758
1274 1512
1275 2174
1276 1876
1277 1595
1278 404
1279 831
1280 323
1281 2264
1282 1187
1283 189
1284 3761
1285 2084
1286 2795
1287 3214
1288 4727
1289 342
1290 205
1291 1518
1292 687
1293 2958
1294 2310
1295 1631
1296 2463
1297 2201
1298 2448
1299 4322
1300 4247
1301 1534
1302 4201
1303 2799
1304 3465
1305 4249
1306 4871
1307 3457
1308 2591
1309 154
1310 1841
1311 1024
1312 1687
1313 1810
1314 1767
1315 4882
1316 3173
1317 2432
1318 890
1319 915
1320 470
1321 2051
1322 3903
1323 4331
1324 3101
1325 1155
1326 4759
1327 2463
1328 4264
1329 2558
1330 447
1331 440
1332 2269
1333 2591
1334 2633
1335 2733
1336 1767
1337 3084
1338 4772
1339 3726
1340 752
1341 4692
1342 966
1343 3599
1344 2317
1345 2039
1346 4277
1347 4442
1348 3221
1349 2710
1350 148
1351 939
1352 3886
1353 1828
1354 4194
1355 79
1356 4461
1357 3219
1358 3699
1359 1855
1360 4274
1361 746
1362 3800
1363 4844
1364 354
1365 1679
1366 591
1367 1618
1368 2246
1369 1349
1370 718
1371 3673
1372 1514
1373 2084
1374 3881
1375 3483
1376 2617
1377 1814
1378 2575
1379 4587
1380 1137
1381 3219
1382 3242
1383 4439
1384 1726
1385 4559
1386 4101
1387 3721
1388 1844
1389 3219
1390 2523
1391 1607
1392 39
1393 3693
1394 1985
1395 1012
1396 4614
1397 4758
1398 1311
1399 79
1400 3293
1401 730
1402 530
1403 480
1404 2513
1405 1766
1406 1477
1407 605
1408 7
1409 4743
1410 2053
1411 2452
1412 2539
1413 692
1414 1030
1415 3069
1416 66
1417 380
1418 4609
1419 4954
1420 2449
1421 1011
1422 4453
1423 3410
1424 2719
1425 245
1426 1512
1427 480
1428 3294
1429 480
1430 2411
1431 3973
1432 1315
1433 1185
1434 1073
1435 4384
1436 2929
1437 2084
1438 2580
1439 26
1440 4502
1441 261
1442 826
1443 718
1444 4079
1445 3219
1446 2755
1447 3882
1448 4446
1449 661
1450 189
1451 3701
1452 414
1453 4881
1454 479
1455 4437
1456 3611
1457 2091
1458 3220
1459 4562
1460 2357
1461 3601
1462 4251
1463 1172
1464 4758
1465 642
1466 3132
1467 3479
1468 2820
1469 3796
1470 3444
1471 1014
1472 3666
1473 2743
1474 2720
1475 479
1476 4204
1477 1843
1478 1980
1479 1185
1480 4542
1481 1815
1482 1275
1483 734
1484 427
1485 4446
1486 321
1487 3220
1488 1783
1489 2502
1490 3410
1491 251
1492 4784
1493 929
1494 1301
1495 2584
1496 3967
1497 3311
1498 2179
1499 4518
1500 4384
1501 1335
1502 1564
1503 1366
1504 2342
1505 4293
1506 244
1507 4665
1508 1680
1509 4682
1510 75
1511 3220
1512 1658
1513 4156
1514 1452
1515 4689
1516 2530
1517 3799
1518 4460
1519 2569
1520 1916
1521 4156
1522 1542
1523 270
1524 2733
1525 3673
1526 3674
1527 1495
1528 2102
1529 542
1530 4162
1531 1097
1532 4193
1533 4739
1534 328
1535 3963
1536 2302
1537 2640
1538 1954
1539 116
1540 3220
1541 1197
1542 3674
1543 4158
1544 353
1545 4276
1546 3673
1547 465
1548 1966
1549 956
1550 2429
1551 1639
1552 4143
1553 977
1554 24
1555 2304
1556 4179
1557 3941
1558 1501
1559 1841
1560 3340
1561 849
1562 2348
1563 465
1564 2952
1565 2574
1566 4225
1567 2255
1568 605
1569 3149
1570 2674
1571 3993
1572 3223
1573 2762
1574 1832
1575 668
1576 3623
1577 966
1578 1010
1579 4451
1580 3648
1581 46
1582 3552
1583 353
1584 3680
1585 4379
1586 351
1587 3677
1588 3552
1589 4067
1590 3499
1591 4839
1592 4669
1593 1929
1594 3331
1595 816
1596 2586
1597 584
1598 3706
1599 3784
1600 996
1601 4225
1602 4234
1603 4511
1604 2643
1605 4695
1606 1774
1607 2203
1608 431
1609 4355
1610 481
1611 2071
1612 4628
1613 977
1614 264
1615 4295
1616 656
1617 1186
1618 2824
1619 4497
1620 4537
1621 4623
1622 2234
1623 1830
1624 0
1625 2019
1626 2464
1627 1218
1628 4221
1629 573
1630 2790
1631 1980
1632 3898
1633 2102
1634 3940
1635 2590
1636 1590
1637 4690
1638 1878
1639 4791
1640 2661
1641 3721
1642 3521
1643 734
1644 2515
1645 1530
1646 2445
1647 346
1648 1538
1649 4159
1650 4543
1651 4782
1652 199
1653 4220
1654 341
1655 3013
1656 1172
1657 1403
1658 828
1659 767
1660 2221
1661 4057
1662 2085
1663 4103
1664 2386
1665 287
1666 1137
1667 1435
1668 3914
1669 476
1670 2766
1671 3726
1672 1189
1673 4238
1674 1359
1675 857
1676 1975
1677 3898
1678 967
1679 3223
1680 3351
1681 3479
1682 1355
1683 4482
1684 4433
1685 3223
1686 1172
1687 4693
1688 827
1689 4922
1690 802
1691 3221
1692 4200
1693 1021
1694 510
1695 1137
1696 1036
1697 1484
1698 199
1699 4115
1700 2195
1701 2422
1702 431
1703 3674
1704 2300
1705 4400
1706 1188
1707 42
1708 182
1709 3221
1710 1516
1711 765
1712 3666
1713 580
1714 2464
1715 2574
1716 3828
1717 4890
1718 393
1719 3847
1720 4417
1721 767
1722 1954
1723 189
1724 939
1725 1980
1726 3013
1727 4087
1728 1882
1729 3122
1730 2064
1731 476
1732 4222
1733 3957
1734 4981
1735 855
1736 2458
1737 1515
1738 3221
1739 77
1740 3030
1741 3954
1742 3770
1743 2165
1744 2464
1745 1366
1746 2301
1747 2573
1748 2239
1749 4660
1750 4399
1751 1964
1752 3206
1753 4641
1754 1587
1755 550
1756 4778
1757 2019
1758 4538
1759 45
1760 4634
1761 1012
1762 3589
1763 2194
1764 2217
1765 2960
1766 1551
1767 4585
1768 4537
1769 3599
1770 1411
1771 3746
1772 483
1773 2421
1774 668
1775 1334
1776 2447
1777 1487
1778 1812
1779 3007
1780 1588
1781 1934
1782 79
1783 2926
1784 2590
1785 4439
1786 4415
1787 868
1788 1401
1789 4920
1790 1664
1791 2131
1792 778
1793 2523
1794 789
1795 1953
1796 175
1797 3589
1798 1393
1799 1999
1800 2191
1801 336
1802 1613
1803 836
1804 4024
1805 4046
1806 3786
1807 4309
1808 2180
1809 3549
1810 1952
1811 2202
1812 939
1813 2229
1814 414
1815 2239
1816 1725
1817 661
1818 3206
1819 967
1820 3206
1821 4270
1822 3411
1823 4850
1824 192
1825 1410
1826 4591
1827 736
1828 1673
1829 1681
1830 2661
1831 900
1832 2559
1833 201
1834 977
1835 2551
1836 346
1837 122
1838 224
1839 3034
1840 3495
1841 1658
1842 661
1843 4127
1844 3499
1845 2896
1846 34
1847 2640
1848 951
1849 3205
1850 2714
1851 4672
1852 4434
1853 4294
1854 131
1855 4880
1856 4599
1857 513
1858 1173
1859 4648
1860 3007
1861 3985
1862 2039
1863 3205
1864 2517
1865 1860
1866 4532
1867 2798
1868 1637
1869 1266
1870 4661
1871 1011
1872 4041
1873 1499
1874 2122
1875 3123
1876 1526
1877 1958
1878 3069
1879 1040
1880 3204
1881 1173
1882 4215
1883 1366
1884 1031
1885 2341
1886 2251
1887 4675
1888 4223
1889 1906
1890 1574
1891 3469
1892 925
1893 3236
1894 3190
1895 2265
1896 2465
1897 4675
1898 3347
1899 515
1900 3458
1901 273
1902 2829
1903 1348
1904 3458
1905 2720
1906 828
1907 3826
1908 2720
1909 4484
1910 1933
1911 2233
1912 4107
1913 204
1914 838
1915 1210
1916 2269
1917 1617
1918 4734
1919 2896
1920 4241
1921 1456
1922 3458
1923 4602
1924 4961
1925 3804
1926 4423
1927 943
1928 337
1929 620
1930 4369
1931 2559
1932 3524
1933 4209
1934 3007
1935 2675
1936 3440
1937 2182
1938 2896
1939 1593
1940 890
1941 3589
1942 4225
1943 4174
1944 3912
1945 4569
1946 47
1947 2559
1948 1156
1949 1741
1950 3771
1951 735
1952 1250
1953 442
1954 4498
1955 2453
1956 4621
1957 910
1958 557
1959 1527
1960 1573
1961 2092
1962 1997
1963 1853
1964 3440
1965 4335
1966 1669
1967 3440
1968 817
1969 432
1970 3607
1971 3069
1972 3949
1973 4241
1974 1049
1975 1423
1976 1259
1977 2058
1978 3623
1979 1916
1980 1036
1981 341
1982 941
1983 3213
1984 2674
1985 1767
1986 3673
1987 170
1988 3213
1989 1476
1990 3411
1991 2540
1992 4321
1993 42
1994 128
1995 3818
1996 423
1997 2465
1998 1726
1999 2232
2000 3855
2001 1623
2002 3621
2003 1334
2004 3473
2005 1940
2006 1794
2007 2982
2008 291
2009 1363
2010 803
2011 920
2012 1052
2013 1684
2014 1432
2015 2234
2016 4496
2017 1680
2018 3901
2019 4571
2020 2709
2021 4745
2022 2843
2023 404
2024 4014
2025 214
2026 3799
2027 4747
2028 2807
2029 279
2030 3213
2031 800
2032 2686
2033 4071
2034 862
2035 4645
2036 4825
2037 2029
2038 3805
2039 3554
2040 2190
2041 1895
2042 1218
2043 3555
2044 3897
2045 2229
2046 1921
2047 4589
2048 3820
2049 4972
2050 1118
2051 4267
2052 4938
2053 2773
2054 4245
2055 3611
2056 4408
2057 1748
2058 78
2059 3573
2060 1658
2061 2315
2062 1529
2063 140
2064 579
2065 1290
2066 297
2067 1872
2068 4737
2069 175
2070 2539
2071 2071
2072 2327
2073 4397
2074 2516
2075 575
2076 157
2077 2301
2078 3493
2079 639
2080 4270
2081 1290
2082 4202
2083 2787
2084 1407
2085 3411
2086 3847
2087 2807
2088 4062
2089 35
2090 1118
2091 2681
2092 2409
2093 3
2094 1173
2095 3411
2096 1929
2097 1741
2098 2926
2099 4247
2100 1972
2101 2441
2102 1776
2103 4928
2104 3831
2105 4093
2106 3418
2107 9
2108 1927
2109 4288
2110 4381
2111 2186
2112 3648
2113 1018
2114 1137
2115 1543
2116 1683
2117 210
2118 1677
2119 211
2120 4531
2121 1377
2122 3899
2123 3218
2124 2386
2125 3465
2126 578
2127 2852
2128 298
2129 3672
2130 4827
2131 3418
2132 3925
2133 316
2134 1333
2135 1713
2136 2956
2137 1684
2138 4163
2139 2590
2140 3986
2141 3918
2142 2260
2143 4039
2144 2135
2145 3467
2146 3753
2147 2759
2148 4851
2149 1380
2150 1070
2151 3609
2152 967
2153 2569
2154 3621
2155 1170
2156 1561
2157 736
2158 1000
2159 2417
2160 3587
2161 1300
2162 1039
2163 4106
2164 2376
2165 140
2166 1302
2167 812
2168 2855
2169 1692
2170 4640
2171 1219
2172 4593
2173 466
2174 432
2175 1977
2176 4625
2177 4750
2178 3331
2179 787
2180 2233
2181 2657
2182 3870
2183 832
2184 2617
2185 4808
2186 3688
2187 4224
2188 939
2189 207
2190 663
2191 2855
2192 858
2193 3608
2194 867
2195 3450
2196 3964
2197 4357
2198 2376
2199 4124
2200 4875
2201 558
2202 2376
2203 4876
2204 4846
2205 1001
2206 3992
2207 2928
2208 2715
2209 953
2210 1214
2211 1953
2212 4233
2213 4762
2214 1392
2215 1573
2216 1070
2217 4358
2218 4462
2219 3823
2220 2029
2221 764
2222 707
2223 4271
2224 2433
2225 675
2226 2442
2227 189
2228 4218
2229 584
2230 764
2231 3059
2232 2650
2233 1265
2234 4873
2235 4131
2236 2370
2237 432
2238 4881
2239 2887
2240 1415
2241 1682
2242 387
2243 4104
2244 3462
2245 1816
2246 121
2247 4210
2248 2833
2249 244
2250 2758
2251 2887
2252 2122
2253 4072
2254 2269
2255 3840
2256 2144
2257 1899
2258 4983
2259 4425
2260 3475
2261 3569
2262 967
2263 34
2264 2399
2265 2887
2266 1647
2267 778
2268 341
2269 3418
2270 1940
2271 943
2272 210
2273 1011
2274 3486
2275 4308
2276 2883
2277 2857
2278 4642
2279 4233
2280 4503
2281 4398
2282 2787
2283 3843
2284 1956
2285 2186
2286 483
2287 689
2288 3757
2289 2397
2290 170
2291 4829
2292 3559
2293 2675
2294 1094
2295 2151
2296 4752
2297 3897
2298 663
2299 683
2300 4366
2301 3892
2302 4583
2303 1964
2304 3082
2305 1220
2306 431
2307 3959
2308 726
2309 4851
2310 2127
2311 1156
2312 149
2313 3456
2314 446
2315 2958
2316 2758
2317 1070
2318 3535
2319 4809
2320 655
2321 1219
2322 2878
2323 1700
2324 1645
2325 1681
2326 3461
2327 1190
2328 2588
2329 4872
2330 2082
2331 407
2332 3833
2333 55
2334 2743
2335 483
2336 4755
2337 3061
2338 1515
2339 3069
2340 1291
2341 253
2342 1074
2343 2530
2344 2072
2345 2056
2346 3297
2347 4603
2348 3666
2349 4323
2350 3664
2351 1060
2352 2665
2353 1361
2354 4178
2355 712
2356 4690
2357 192
2358 2252
2359 3332
2360 2878
2361 1036
2362 1367
2363 2310
2364 4589
2365 4553
2366 1492
2367 4377
2368 693
2369 1740
2370 936
2371 2715
2372 953
2373 3365
2374 4701
2375 1456
2376 311
2377 1784
2378 4258
2379 2777
2380 1333
2381 795
2382 3310
2383 3235
2384 2211
2385 3402
2386 2878
2387 4777
2388 2877
2389 3138
2390 2338
2391 2300
2392 2310
2393 4537
2394 284
2395 475
2396 4043
2397 4409
2398 4297
2399 4173
2400 2877
2401 1556
2402 36
2403 1505
2404 2103
2405 2877
2406 60
2407 4334
2408 3626
2409 1895
2410 2879
2411 1664
2412 1207
2413 4098
2414 1449
2415 1199
2416 887
2417 3621
2418 3971
2419 1381
2420 2807
2421 4233
2422 1938
2423 2526
2424 2811
2425 4835
2426 244
2427 1978
2428 1068
2429 252
2430 1761
2431 2251
2432 4362
2433 2879
2434 3402
2435 3789
2436 2687
2437 2569
2438 280
2439 3418
2440 3150
2441 2165
2442 3741
2443 1774
2444 4678
2445 224
2446 4653
2447 3599
2448 2465
2449 1840
2450 3859
2451 3690
2452 1959
2453 4845
2454 3768
2455 58
2456 1973
2457 1207
2458 1337
2459 2193
2460 295
2461 2017
2462 1088
2463 3329
2464 4095
2465 2465
2466 1165
2467 4034
2468 1642
2469 3278
2470 4029
2471 353
2472 4141
2473 4620
2474 1629
2475 2365
2476 2206
2477 606
2478 620
2479 3956
2480 3682
2481 2140
2482 3417
2483 1072
2484 2879
2485 4702
2486 4367
2487 2877
2488 1493
2489 4571
2490 2875
2491 1099
2492 2875
2493 2198
2494 2220
2495 3257
2496 3417
2497 2643
2498 2875
2499 606
2500 1936
2501 1445
2502 4985
2503 3347
2504 266
2505 1134
2506 1817
2507 2523
2508 138
2509 1618
2510 3057
2511 2875
2512 3930
2513 2301
2514 369
2515 111
2516 3780
2517 1408
2518 3340
2519 1207
2520 1207
2521 1383
2522 3190
2523 69
2524 63
2525 4210
2526 3
2527 1629
2528 2876
2529 1964
2530 864
2531 4242
2532 4657
2533 3767
2534 4307
2535 1405
2536 4903
2537 3368
2538 927
2539 345
2540 2423
2541 4617
2542 2413
2543 466
2544 3972
2545 2231
2546 4761
2547 4301
2548 1208
2549 4895
2550 3985
2551 627
2552 1895
2553 4768
2554 2337
2555 903
2556 2920
2557 4313
2558 4212
2559 4733
2560 2066
2561 3934
2562 1619
2563 4081
2564 1192
2565 3924
2566 2693
2567 3980
2568 3176
2569 2689
2570 1964
2571 4236
2572 2358
2573 1640
2574 1937
2575 1649
2576 466
2577 2876
2578 1551
2579 4147
2580 4087
2581 1937
2582 2876
2583 3117
2584 2092
2585 3347
2586 1874
2587 483
2588 1186
2589 4502
2590 2581
2591 1039
2592 4078
2593 4494
2594 188
2595 1317
2596 4287
2597 1580
2598 225
2599 1978
2600 3285
2601 3587
2602 4331
2603 375
2604 4809
2605 2466
2606 3976
2607 284
2608 2794
2609 3966
2610 1208
2611 3128
2612 4144
2613 4554
2614 4068
2615 663
2616 4567
2617 1686
2618 903
2619 4501
2620 1512
2621 558
2622 3123
2623 980
2624 1740
2625 4719
2626 2774
2627 177
2628 1580
2629 1156
2630 1664
2631 618
2632 530
2633 4912
2634 466
2635 269
2636 4529
2637 4587
2638 3229
2639 2432
2640 353
2641 4272
2642 4239
2643 13
2644 829
2645 3346
2646 3858
2647 4140
2648 2293
2649 1515
2650 1208
2651 4390
2652 515
2653 214
2654 2079
2655 1832
2656 13
2657 4623
2658 283
2659 4539
2660 4001
2661 429
2662 1809
2663 152
2664 2876
2665 2516
2666 2655
2667 896
2668 1953
2669 4513
2670 2296
2671 3802
2672 2874
2673 17
2674 4253
2675 1102
2676 1433
2677 3042
2678 3549
2679 3417
2680 2798
2681 225
2682 4924
2683 1219
2684 414
2685 590
2686 3472
2687 2815
2688 4443
2689 3512
2690 1335
2691 2122
2692 612
2693 4171
2694 4865
2695 3232
2696 2586
2697 1119
2698 1208
2699 2056
2700 2467
2701 2719
2702 1072
2703 375
2704 2704
2705 463
2706 2753
2707 2324
2708 2037
2709 2597
2710 1072
2711 204
2712 3353
2713 3819
2714 3587
2715 3071
2716 1494
2717 4099
2718 2874
2719 2444
2720 1165
2721 4240
2722 2883
2723 1853
2724 4905
2725 3474
2726 1519
2727 2156
2728 3554
2729 4673
2730 431
2731 144
2732 4332
2733 3927
2734 2787
2735 341
2736 4237
2737 4176
2738 3028
2739 4457
2740 348
2741 1129
2742 4176
2743 1010
2744 1855
2745 1533
2746 1219
2747 1410
2748 899
2749 1934
2750 3121
2751 3416
2752 1250
2753 1220
2754 4420
2755 2116
2756 1323
2757 3205
2758 3849
2759 4457
2760 3760
2761 347
2762 1432
2763 2131
2764 752
2765 2293
2766 1814
2767 4213
2768 4481
2769 529
2770 2456
2771 4124
2772 2161
2773 340
2774 3601
2775 4361
2776 1220
2777 2874
2778 3666
2779 1118
2780 3700
2781 4716
2782 3955
2783 1881
2784 1895
2785 2753
2786 2149
2787 2279
2788 2593
2789 46
2790 1647
2791 3585
2792 145
2793 188
2794 2874
2795 1661
2796 4810
2797 2228
2798 1332
2799 1072
2800 2634
2801 3038
2802 604
2803 4315
2804 3460
2805 1383
2806 3664
2807 3300
2808 2451
2809 3557
2810 1214
2811 3549
2812 4885
2813 4746
2814 3416
2815 4610
2816 55
2817 1659
2818 2430
2819 3795
2820 4464
2821 4883
2822 4616
2823 301
2824 4425
2825 4393
2826 79
2827 1354
2828 2540
2829 3332
2830 3071
2831 4609
2832 1097
2833 4878
2834 4513
2835 1835
2836 3346
2837 279
2838 2125
2839 1510
2840 2804
2841 2190
2842 4741
2843 4654
2844 170
2845 3780
2846 3779
2847 558
2848 4551
2849 3664
2850 373
2851 1291
2852 763
2853 4012
2854 1075
2855 2454
2856 3472
2857 3488
2858 1772
2859 805
2860 1220
2861 4763
2862 639
2863 2728
2864 3174
2865 1305
2866 2386
2867 2540
2868 817
2869 2162
2870 3480
2871 249
2872 1990
2873 4111
2874 3538
2875 2033
2876 2708
2877 2569
2878 2609
2879 1261
2880 1172
2881 1661
2882 1190
2883 4004
2884 1704
2885 2350
2886 3341
2887 3878
2888 442
2889 2211
2890 3665
2891 3528
2892 3013
2893 1327
2894 4543
2895 4666
2896 2277
2897 2235
2898 2630
2899 2541
2900 3238
2901 3955
2902 2817
2903 1390
2904 2612
2905 2872
2906 2326
2907 4885
2908 2148
2909 211
2910 1683
2911 4264
2912 4579
2913 2067
2914 2872
2915 3462
2916 630
2917 3585
2918 244
2919 3863
2920 3538
2921 3416
2922 360
2923 1570
2924 4100
2925 2125
2926 2466
2927 4474
2928 4824
2929 3160
2930 2872
2931 4118
2932 2082
2933 482
2934 2872
2935 3071
2936 1580
2937 1951
2938 630
2939 326
2940 522
2941 3194
2942 1965
2943 4633
2944 1962
2945 2881
2946 4751
2947 4528
2948 897
2949 2203
2950 2513
2951 482
2952 4541
2953 4727
2954 4362
2955 2640
2956 2588
2957 1489
2958 1487
2959 2790
2960 752
2961 1355
2962 3071
2963 1317
2964 3462
2965 1156
2966 4641
2967 1935
2968 4118
2969 1381
2970 4303
2971 4163
2972 3415
2973 1959
2974 1973
2975 4766
2976 3415
2977 592
2978 4312
2979 2034
2980 3065
2981 3897
2982 1467
2983 4812
2984 2873
2985 4089
2986 2647
2987 1117
2988 4899
2989 1500
2990 713
2991 2383
2992 4025
2993 482
2994 922
2995 764
2996 147
2997 2234
2998 1534
2999 2123
3000 4984
3001 2176
3002 2913
3003 4445
3004 2913
3005 482
3006 4537
3007 1067
3008 1617
3009 3646
3010 2963
3011 3939
3012 3585
3013 2913
3014 171
3015 3279
3016 3295
3017 4417
3018 3801
3019 509
3020 3627
3021 1067
3022 4933
3023 767
3024 4515
3025 3172
3026 353
3027 3295
3028 4430
3029 38
3030 1726
3031 4229
3032 475
3033 3595
3034 211
3035 3415
3036 1940
3037 352
3038 3414
3039 4106
3040 2511
3041 2777
3042 2098
3043 1776
3044 3742
3045 788
3046 1740
3047 126
3048 1935
3049 259
3050 116
3051 3738
3052 3301
3053 3584
3054 3432
3055 4692
3056 2098
3057 2325
3058 717
3059 1989
3060 4619
3061 3514
3062 4821
3063 2774
3064 3271
3065 2892
3066 4527
3067 1579
3068 1659
3069 4742
3070 66
3071 3414
3072 919
3073 2235
3074 143
3075 4400
3076 2506
3077 4676
3078 3295
3079 3982
3080 4480
3081 1712
3082 1830
3083 3147
3084 4444
3085 3147
3086 3871
3087 3389
3088 609
3089 1221
3090 2033
3091 2948
3092 3927
3093 3700
3094 490
3095 4613
3096 3310
3097 4806
3098 1315
3099 3014
3100 3449
3101 2131
3102 3147
3103 1067
3104 2031
3105 608
3106 1802
3107 1553
3108 4141
3109 2836
3110 3784
3111 2443
3112 148
3113 3538
3114 2728
3115 2188
3116 421
3117 2501
3118 887
3119 3242
3120 1121
3121 2564
3122 2067
3123 3414
3124 3572
3125 1778
3126 1698
3127 854
3128 490
3129 1823
3130 151
3131 1700
3132 683
3133 1977
3134 2541
3135 2584
3136 2562
3137 4039
3138 4162
3139 3353
3140 1480
3141 1121
3142 822
3143 1792
3144 2896
3145 1291
3146 2562
3147 1351
3148 3006
3149 3941
3150 2433
3151 2765
3152 2136
3153 340
3154 3549
3155 1367
3156 3205
3157 1579
3158 716
3159 396
3160 1650
3161 1883
3162 1121
3163 3550
3164 772
3165 3103
3166 1833
3167 4654
3168 861
3169 4153
3170 4539
3171 2631
3172 4634
3173 3665
3174 1866
3175 2847
3176 3070
3177 463
3178 819
3179 4765
3180 3846
3181 3103
3182 4245
3183 3744
3184 3103
3185 2810
3186 2803
3187 1588
3188 578
3189 3550
3190 3994
3191 1210
3192 2228
3193 2688
3194 3727
3195 730
3196 3010
3197 1221
3198 2073
3199 3070
3200 2327
3201 2198
3202 3010
3203 3295
3204 4280
3205 381
3206 1377
3207 4345
3208 3242
3209 4214
3210 3399
3211 861
3212 4653
3213 3938
3214 3399
3215 1989
3216 4646
3217 146
3218 2037
3219 1550
3220 585
3221 1629
3222 2774
3223 939
3224 3296
3225 3010
3226 1680
3227 3512
3228 1801
3229 3922
3230 3399
3231 329
3232 4597
3233 3160
3234 2846
3235 117
3236 331
3237 4267
3238 1916
3239 1376
3240 2579
3241 4313
3242 2697
3243 1726
3244 817
3245 2665
3246 3042
3247 490
3248 1954
3249 4547
3250 2897
3251 188
3252 604
3253 1515
3254 3070
3255 1439
3256 3399
3257 4555
3258 2678
3259 157
3260 4430
3261 1612
3262 463
3263 887
3264 1057
3265 372
3266 1530
3267 2845
3268 4432
3269 3727
3270 225
3271 1255
3272 4350
3273 2978
3274 1014
3275 1324
3276 2967
3277 1999
3278 2550
3279 2759
3280 4011
3281 1059
3282 3487
3283 2352
3284 3321
3285 184
3286 3400
3287 2978
3288 74
3289 384
3290 3946
3291 3665
3292 3967
3293 4476
3294 2268
3295 1600
3296 3974
3297 31
3298 4958
3299 2129
3300 3160
3301 318
3302 1510
3303 2468
3304 732
3305 927
3306 4963
3307 716
3308 3116
3309 1657
3310 2976
3311 4602
3312 4861
3313 4896
3314 1401
3315 1999
3316 836
3317 2233
3318 4862
3319 2568
3320 277
3321 3031
3322 2976
3323 4028
3324 1543
3325 256
3326 1999
3327 2210
3328 3228
3329 1458
3330 403
3331 3070
3332 4752
3333 2356
3334 277
3335 2011
3336 4970
3337 1891
3338 1136
3339 3556
3340 2532
3341 4328
3342 4235
3343 1222
3344 204
3345 1459
3346 1740
3347 2976
3348 1186
3349 3701
3350 703
3351 1181
3352 568
3353 3663
3354 3
3355 1650
3356 1994
3357 2198
3358 3042
3359 1595
3360 60
3361 3400
3362 3296
3363 4064
3364 4157
3365 384
3366 3346
3367 929
3368 1722
3369 2112
3370 3346
3371 2976
3372 2414
3373 1979
3374 2897
3375 1662
3376 2733
3377 292
3378 553
3379 490
3380 2443
3381 2391
3382 2974
3383 1170
3384 256
3385 3128
3386 721
3387 3296
3388 2008
3389 4113
3390 4077
3391 1255
3392 4034
3393 1842
3394 1291
3395 2918
3396 3701
3397 1990
3398 4704
3399 1533
3400 1129
3401 4408
3402 3942
3403 1490
3404 953
3405 3977
3406 3233
3407 2897
3408 1459
3409 1570
3410 398
3411 4670
3412 4076
3413 262
3414 2974
3415 2520
3416 36
3417 140
3418 3663
3419 158
3420 243
3421 1987
3422 1907
3423 1309
3424 3584
3425 1015
3426 930
3427 4891
3428 1176
3429 4769
3430 490
3431 3014
3432 1104
3433 2999
3434 312
3435 3072
3436 2506
3437 2846
3438 3663
3439 489
3440 4118
3441 2265
3442 2974
3443 3921
3444 4556
3445 1554
3446 293
3447 1119
3448 4344
3449 4022
3450 3912
3451 1952
3452 4709
3453 1317
3454 1568
3455 4566
3456 390
3457 1548
3458 3348
3459 3738
3460 4346
3461 3452
3462 3793
3463 2617
3464 383
3465 154
3466 3627
3467 1792
3468 1896
3469 443
3470 1914
3471 121
3472 4740
3473 155
3474 3161
3475 57
3476 2974
3477 4965
3478 3887
3479 3572
3480 2687
3481 2975
3482 4128
3483 489
3484 2466
3485 832
3486 814
3487 4192
3488 4822
3489 1883
3490 2651
3491 3485
3492 1110
3493 328
3494 2259
3495 4551
3496 2918
3497 2320
3498 3400
3499 2408
3500 4182
3501 2668
3502 3492
3503 4166
3504 4772
3505 4594
3506 2356
3507 796
3508 1319
3509 4039
3510 2889
3511 872
3512 185
3513 1250
3514 638
3515 442
3516 1635
3517 2435
3518 4339
3519 2975
3520 948
3521 4423
3522 4498
3523 953
3524 352
3525 76
3526 1704
3527 3558
3528 2945
3529 1322
3530 1633
3531 4698
3532 3400
3533 1059
3534 2469
3535 1588
3536 4861
3537 2958
3538 1059
3539 2975
3540 3170
3541 2957
3542 1396
3543 4550
3544 685
3545 3341
3546 3865
3547 3281
3548 790
3549 3983
3550 2775
3551 3461
3552 1059
3553 4365
3554 4836
3555 2389
3556 4727
3557 3228
3558 463
3559 2765
3560 4533
3561 1290
3562 604
3563 3703
3564 4816
3565 751
3566 3866
3567 1792
3568 3296
3569 1440
3570 2306
3571 843
3572 1896
3573 4888
3574 3158
3575 644
3576 3982
3577 4018
3578 4667
3579 2418
3580 1308
3581 3834
3582 638
3583 2276
3584 2714
3585 3741
3586 4819
3587 4184
3588 3795
3589 3996
3590 4271
3591 2292
3592 3950
3593 1658
3594 3689
3595 2397
3596 329
3597 3550
3598 4217
3599 4188
3600 2897
3601 1731
3602 3627
3603 2772
3604 2975
3605 352
3606 1157
3607 121
3608 3820
3609 1910
3610 4703
3611 627
3612 2588
3613 3301
3614 1030
3615 347
3616 2037
3617 2975
3618 3019
3619 3978
3620 3161
3621 4735
3622 1195
3623 3915
3624 1855
3625 3172
3626 4589
3627 2511
3628 2290
3629 3883
3630 4850
3631 3463
3632 3019
3633 3014
3634 1221
3635 4357
3636 1034
3637 1114
3638 2156
3639 3627
3640 1663
3641 2615
3642 4173
3643 3628
3644 1448
3645 3018
3646 1106
3647 2898
3648 3969
3649 4869
3650 4745
3651 761
3652 427
3653 1925
3654 1290
3655 4697
3656 121
3657 3271
3658 2547
3659 2774
3660 944
3661 608
3662 3772
3663 1797
3664 3018
3665 4350
3666 3018
3667 2665
3668 514
3669 3913
3670 4751
3671 383
3672 3018
3673 4431
3674 995
3675 2353
3676 2073
3677 4723
3678 558
3679 3190
3680 3809
3681 3550
3682 2133
3683 3000
3684 751
3685 1984
3686 2191
3687 3997
3688 2941
3689 3491
3690 2277
3691 369
3692 849
3693 3650
3694 188
3695 3805
3696 4136
3697 1979
3698 2112
3699 171
3700 4769
3701 1998
3702 1514
3703 4037
3704 2055
3705 2665
3706 3020
3707 2158
3708 1327
3709 2580
3710 1305
3711 150
3712 1987
3713 4652
3714 1146
3715 1641
3716 1510
3717 3801
3718 2008
3719 3020
3720 923
3721 3020
3722 1104
3723 430
3724 2284
3725 2212
3726 4542
3727 1058
3728 1221
3729 2857
3730 1082
3731 1150
3732 416
3733 4482
3734 1005
3735 1771
3736 4391
3737 2668
3738 4210
3739 3301
3740 1268
3741 3849
3742 3856
3743 4257
3744 2984
3745 1865
3746 2169
3747 1111
3748 2235
3749 3152
3750 2075
3751 2673
3752 3977
3753 3548
3754 1037
3755 3821
3756 4695
3757 2936
3758 3512
3759 1367
3760 2629
3761 489
3762 489
3763 4427
3764 2936
3765 1393
3766 733
3767 2092
3768 2373
3769 3401
3770 4
3771 2178
3772 491
3773 1706
3774 4531
3775 3553
3776 202
3777 3573
3778 668
3779 3401
3780 2702
3781 4713
3782 2918
3783 551
3784 3401
3785 3228
3786 887
3787 464
3788 4589
3789 4895
3790 3268
3791 4025
3792 915
3793 3833
3794 3401
3795 403
3796 1564
3797 2467
3798 4133
3799 962
3800 3936
3801 369
3802 559
3803 2361
3804 85
3805 226
3806 3981
3807 3796
3808 4211
3809 4783
3810 2936
3811 2393
3812 2397
3813 4283
3814 3172
3815 3815
3816 2188
3817 1781
3818 3628
3819 1545
3820 136
3821 2169
3822 4166
3823 2292
3824 3967
3825 1222
3826 80
3827 1256
3828 2764
3829 2524
3830 1119
3831 2206
3832 4159
3833 1766
3834 1037
3835 716
3836 225
3837 618
3838 1131
3839 266
3840 3924
3841 4622
3842 1869
3843 4288
3844 1510
3845 872
3846 3669
3847 3027
3848 2986
3849 1392
3850 3101
3851 120
3852 1755
3853 2467
3854 2284
3855 4923
3856 2936
3857 1772
3858 2230
3859 3847
3860 2127
3861 2327
3862 2709
3863 2248
3864 4596
3865 1885
3866 2846
3867 4830
3868 491
3869 663
3870 529
3871 2576
3872 4551
3873 4503
3874 491
3875 1171
3876 3129
3877 1818
3878 1464
3879 2278
3880 1498
3881 2568
3882 4651
3883 4636
3884 4397
3885 4197
3886 2935
3887 660
3888 1324
3889 414
3890 1376
3891 4315
3892 4324
3893 321
3894 1974
3895 429
3896 2337
3897 2935
3898 1433
3899 2773
3900 3573
3901 2935
3902 4795
3903 4674
3904 1533
3905 1579
3906 665
3907 2935
3908 1464
3909 4392
3910 4700
3911 1598
3912 260
3913 2739
3914 825
3915 2426
3916 3708
3917 974
3918 267
3919 3917
3920 1933
3921 2831
3922 1882
3923 2576
3924 326
3925 3866
3926 1222
3927 1126
3928 574
3929 1277
3930 1876
3931 3590
3932 3849
3933 2165
3934 1800
3935 4696
3936 1965
3937 4053
3938 1882
3939 3225
3940 4664
3941 1626
3942 119
3943 3929
3944 4745
3945 662
3946 1150
3947 396
3948 3271
3949 4044
3950 4081
3951 2468
3952 3493
3953 1965
3954 442
3955 2129
3956 4275
3957 3515
3958 290
3959 4709
3960 2711
3961 1520
3962 3991
3963 2320
3964 3628
3965 1733
3966 3404
3967 4856
3968 2381
3969 2841
3970 128
3971 2057
3972 1588
3973 2961
3974 4269
3975 2744
3976 3404
3977 2327
3978 4863
3979 1979
3980 858
3981 751
3982 3630
3983 553
3984 3280
3985 1854
3986 1926
3987 2110
3988 4
3989 2715
3990 3782
3991 1511
3992 1375
3993 4220
3994 119
3995 2403
3996 2927
3997 1749
3998 736
3999 283
4000 2841
4001 1659
4002 1256
4003 491
4004 3353
4005 3379
4006 1965
4007 2576
4008 1802
4009 4327
4010 1885
4011 3551
4012 2898
4013 4127
4014 1126
4015 1150
4016 2217
4017 918
4018 2418
4019 906
4020 3332
4021 203
4022 4567
4023 3032
4024 2162
4025 3003
4026 1391
4027 3574
4028 2187
4029 996
4030 409
4031 2668
4032 4379
4033 1534
4034 1812
4035 3072
4036 872
4037 73
4038 4374
4039 2689
4040 2927
4041 3928
4042 110
4043 2344
4044 1132
4045 4547
4046 2961
4047 4670
4048 3574
4049 2361
4050 3348
4051 2092
4052 2927
4053 906
4054 2910
4055 417
4056 2575
4057 961
4058 798
4059 1259
4060 1112
4061 2734
4062 464
4063 2640
4064 1865
4065 4899
4066 661
4067 4492
4068 961
4069 4444
4070 1213
4071 1712
4072 4152
4073 2758
4074 1781
4075 3226
4076 4387
4077 4747
4078 3091
4079 796
4080 4083
4081 145
4082 2391
4083 4362
4084 1798
4085 2506
4086 2747
4087 1403
4088 4138
4089 3235
4090 4294
4091 1891
4092 1777
4093 2019
4094 541
4095 691
4096 2265
4097 2568
4098 4282
4099 930
4100 2631
4101 980
4102 4895
4103 673
4104 518
4105 3025
4106 4664
4107 3092
4108 2397
4109 2468
4110 1157
4111 214
4112 2887
4113 1686
4114 4977
4115 3092
4116 4809
4117 1524
4118 1952
4119 3548
4120 2292
4121 858
4122 142
4123 3670
4124 843
4125 492
4126 2867
4127 4910
4128 3176
4129 2089
4130 3404
4131 4307
4132 80
4133 3121
4134 4135
4135 693
4136 2661
4137 4300
4138 2221
4139 4292
4140 4228
4141 3092
4142 2646
4143 724
4144 1708
4145 3515
4146 4005
4147 4534
4148 430
4149 1375
4150 2399
4151 3092
4152 2506
4153 71
4154 4248
4155 3592
4156 3804
4157 4642
4158 2405
4159 1826
4160 4699
4161 2628
4162 1589
4163 1331
4164 106
4165 2049
4166 2152
4167 2453
4168 400
4169 194
4170 4639
4171 2059
4172 4354
4173 188
4174 4322
4175 2071
4176 3121
4177 1316
4178 326
4179 352
4180 1466
4181 1074
4182 2850
4183 1559
4184 3092
4185 1975
4186 4016
4187 4285
4188 3072
4189 2747
4190 1709
4191 3643
4192 3151
4193 3093
4194 80
4195 1264
4196 2505
4197 4571
4198 611
4199 786
4200 3093
4201 1383
4202 3682
4203 223
4204 2846
4205 4210
4206 1780
4207 2155
4208 4089
4209 1051
4210 1290
4211 4255
4212 2521
4213 3906
4214 1816
4215 2949
4216 143
4217 2742
4218 519
4219 2349
4220 4385
4221 1881
4222 2182
4223 2198
4224 3643
4225 3317
4226 2550
4227 999
4228 961
4229 3771
4230 2575
4231 2898
4232 3405
4233 3535
4234 3093
4235 2468
4236 86
4237 4576
4238 4774
4239 2873
4240 3906
4241 382
4242 2575
4243 2344
4244 842
4245 2199
4246 2057
4247 4298
4248 3935
4249 815
4250 3816
4251 3515
4252 4624
4253 4016
4254 4326
4255 4580
4256 4350
4257 4157
4258 640
4259 813
4260 4419
4261 2873
4262 68
4263 3031
4264 4613
4265 4393
4266 4568
4267 1821
4268 1310
4269 1785
4270 4883
4271 668
4272 986
4273 4688
4274 4084
4275 1733
4276 1361
4277 1037
4278 3699
4279 4393
4280 280
4281 2873
4282 3405
4283 2230
4284 223
4285 4137
4286 2579
4287 3586
4288 1452
4289 2338
4290 4586
4291 1285
4292 4682
4293 2614
4294 952
4295 1080
4296 638
4297 3990
4298 4004
4299 1712
4300 3333
4301 1912
4302 299
4303 3045
4304 2097
4305 1385
4306 1718
4307 961
4308 976
4309 290
4310 2752
4311 32
4312 2664
4313 2233
4314 514
4315 1739
4316 3271
4317 2507
4318 3630
4319 4752
4320 4724
4321 2008
4322 1827
4323 2645
4324 104
4325 3279
4326 4167
4327 2058
4328 713
4329 715
4330 1341
4331 1490
4332 2967
4333 1900
4334 3072
4335 2609
4336 430
4337 3158
4338 3841
4339 3252
4340 4716
4341 1706
4342 2807
4343 4665
4344 3643
4345 4306
4346 2992
4347 1385
4348 1195
4349 77
4350 1731
4351 2842
4352 492
4353 4860
4354 2992
4355 4266
4356 3644
4357 1192
4358 2641
4359 4585
4360 4
4361 2304
4362 430
4363 187
4364 2762
4365 616
4366 688
4367 3279
4368 1543
4369 2199
4370 2609
4371 3034
4372 4488
4373 2992
4374 4471
4375 2319
4376 2992
4377 464
4378 3208
4379 748
4380 1947
4381 1525
4382 730
4383 2292
4384 4696
4385 940
4386 4766
4387 1476
4388 158
4389 3405
4390 4733
4391 2004
4392 3687
4393 1842
4394 4082
4395 2199
4396 4227
4397 1222
4398 404
4399 2993
4400 838
4401 1421
4402 2086
4403 4445
4404 3902
4405 1080
4406 1405
4407 715
4408 1690
4409 3406
4410 4913
4411 2406
4412 2163
4413 2372
4414 4250
4415 3429
4416 1277
4417 4658
4418 4219
4419 2993
4420 1818
4421 2116
4422 464
4423 661
4424 1373
4425 604
4426 1080
4427 4061
4428 2756
4429 783
4430 4009
4431 2239
4432 2916
4433 1599
4434 4811
4435 4212
4436 3590
4437 1099
4438 3644
4439 4544
4440 4986
4441 4523
4442 1700
4443 2076
4444 4563
4445 3158
4446 3681
4447 4668
4448 2228
4449 198
4450 4203
4451 4168
4452 1224
4453 4578
4454 3548
4455 37
4456 2285
4457 4027
4458 2798
4459 1766
4460 2595
4461 2292
4462 3738
4463 773
4464 4726
4465 1916
4466 3860
4467 4373
4468 4399
4469 1097
4470 1629
4471 1985
4472 4071
4473 3981
4474 2337
4475 4730
4476 1950
4477 1661
4478 3597
4479 832
4480 856
4481 2588
4482 664
4483 4091
4484 3348
4485 821
4486 2217
4487 3073
4488 3174
4489 4796
4490 4
4491 1888
4492 1158
4493 3252
4494 4161
4495 2977
4496 736
4497 3842
4498 284
4499 1223
4500 109
4501 1511
4502 2977
4503 4849
4504 1314
4505 2778
4506 212
4507 3073
4508 3161
4509 3630
4510 4610
4511 1859
4512 1896
4513 3731
4514 2997
4515 4710
4516 2916
4517 432
4518 844
4519 4538
4520 2236
4521 2031
4522 175
4523 3440
4524 1001
4525 4599
4526 3297
4527 1256
4528 205
4529 4513
4530 4985
4531 3014
4532 4063
4533 3815
4534 3514
4535 1580
4536 367
4537 2967
4538 122
4539 3073
4540 3780
4541 4535
4542 119
4543 258
4544 2469
4545 1602
4546 429
4547 4499
4548 3129
4549 119
4550 1632
4551 4144
4552 2977
4553 1195
4554 2521
4555 3466
4556 223
4557 3349
4558 1053
4559 3006
4560 4987
4561 2318
4562 4349
4563 1499
4564 4795
4565 2816
4566 66
4567 3349
4568 103
4569 1213
4570 559
4571 3229
4572 4038
4573 72
4574 347
4575 3179
4576 4480
4577 1579
4578 3598
4579 446
4580 1402
4581 1956
4582 2606
4583 3590
4584 910
4585 1408
4586 4711
4587 2199
4588 3837
4589 637
4590 1274
4591 1775
4592 2898
4593 2437
4594 3105
4595 492
4596 4069
4597 4049
4598 2312
4599 475
4600 2470
4601 2606
4602 1488
4603 715
4604 1579
4605 979
4606 2747
4607 3284
4608 433
4609 2092
4610 2697
4611 433
4612 4960
4613 4098
4614 4120
4615 4449
4616 2437
4617 2673
4618 3644
4619 606
4620 2895
4621 408
4622 1264
4623 4714
4624 3349
4625 1082
4626 4733
4627 954
4628 808
4629 4001
4630 4279
4631 316
4632 1565
4633 1739
4634 4492
4635 3284
4636 3629
4637 2606
4638 4868
4639 4548
4640 2450
4641 2606
4642 4475
4643 322
4644 3228
4645 297
4646 3062
4647 2469
4648 1627
4649 3946
4650 559
4651 3406
4652 2299
4653 3548
4654 2675
4655 4386
4656 2223
4657 4095
4658 1473
4659 559
4660 2895
4661 2130
4662 396
4663 2152
4664 312
4665 1438
4666 1418
4667 384
4668 1791
4669 3957
4670 3692
4671 947
4672 1174
4673 1699
4674 1884
4675 4216
4676 1836
4677 3783
4678 1424
4679 2847
4680 4256
4681 1558
4682 4514
4683 1177
4684 1890
4685 3701
4686 3174
4687 2067
4688 4418
4689 492
4690 2352
4691 3284
4692 2999
4693 2694
4694 1742
4695 4395
4696 1351
4697 1133
4698 2331
4699 4506
4700 1396
4701 2744
4702 395
4703 3218
4704 958
4705 4117
4706 3526
4707 4626
4708 3949
4709 1793
4710 1641
4711 3015
4712 2449
4713 847
4714 493
4715 3284
4716 3084
4717 3282
4718 3158
4719 2311
4720 2610
4721 257
4722 2632
4723 187
4724 3125
4725 2961
4726 1017
4727 2008
4728 3922
4729 4061
4730 1464
4731 4120
4732 1979
4733 4444
4734 285
4735 2409
4736 3547
4737 2748
4738 3406
4739 3073
4740 4987
4741 2037
4742 1674
4743 4485
4744 1157
4745 2456
4746 3915
4747 3283
4748 4505
4749 2682
4750 3775
4751 4513
4752 1718
4753 4920
4754 1200
4755 2043
4756 4015
4757 4230
4758 2819
4759 2075
4760 1358
4761 4493
4762 4175
4763 1757
4764 669
4765 2312
4766 1632
4767 4567
4768 11
4769 2788
4770 4058
4771 3311
4772 3751
4773 133
4774 1989
4775 4803
4776 1449
4777 3283
4778 3151
4779 4600
4780 223
4781 4866
4782 2861
4783 4821
4784 2759
4785 1578
4786 2088
4787 119
4788 3156
4789 1126
4790 1745
4791 3408
4792 1832
4793 937
4794 2869
4795 594
4796 4946
4797 107
4798 658
4799 585
4800 2181
4801 3290
4802 4141
4803 814
4804 4041
4805 1268
4806 958
4807 4855
4808 3226
4809 4048
4810 2610
4811 4157
4812 2916
4813 1029
4814 3469
4815 3668
4816 239
4817 1955
4818 3470
4819 152
4820 1431
4821 3073
4822 3952
4823 4853
4824 4098
4825 3283
4826 3789
4827 509
4828 2311
4829 3577
4830 2652
4831 2716
4832 171
4833 561
4834 2133
4835 435
4836 1157
4837 25
4838 1191
4839 2212
4840 3820
4841 1419
4842 2009
4843 4271
4844 1854
4845 4591
4846 4174
4847 3667
4848 1823
4849 1784
4850 3272
4851 4504
4852 1375
4853 3454
4854 3385
4855 1644
4856 2547
4857 4134
4858 1117
4859 493
4860 1679
4861 4209
4862 2762
4863 4241
4864 4965
4865 1915
4866 4773
4867 3514
4868 3629
4869 1905
4870 4739
4871 3645
4872 3905
4873 3805
4874 1431
4875 3283
4876 1673
4877 2048
4878 2604
4879 3704
4880 2610
4881 607
4882 3064
4883 3510
4884 388
4885 340
4886 4988
4887 2469
4888 4044
4889 3285
4890 158
4891 2500
4892 1791
4893 3496
4894 1223
4895 2197
4896 151
4897 2772
4898 171
4899 362
4900 4429
4901 1133
4902 906
4903 2261
4904 2869
4905 4186
4906 819
4907 4539
4908 2847
4909 3234
4910 2396
4911 2186
4912 649
4913 1179
4914 729
4915 3129
4916 3551
4917 2146
4918 3577
4919 80
4920 1223
4921 3939
4922 1763
4923 4128
4924 3285
4925 905
4926 958
4927 493
4928 2589
4929 1724
4930 4351
4931 3737
4932 2501
4933 3645
4934 1347
4935 187
4936 4622
4937 395
4938 803
4939 3629
4940 1651
4941 4801
4942 3614
4943 4823
4944 3577
4945 1499
4946 3285
4947 4555
4948 2009
4949 3555
4950 1603
4951 51
4952 2208
4953 329
4954 239
4955 1388
4956 387
4957 1850
4958 2660
4959 619
4960 3566
4961 2270
4962 4394
4963 186
4964 2504
4965 3735
4966 658
4967 1759
4968 2964
4969 3870
4970 1089
4971 1990
4972 1464
4973 1200
4974 3408
4975 2926
4976 1523
4977 4287
4978 2870
4979 561
4980 1627
4981 326
4982 768
4983 433
4984 4040
4985 2191
4986 3074
4987 921
4988 734
4989 493
4990 4065
4991 886
4992 4742
4993 4003
4994 1660
4995 415
4996 367
4997 3609
4998 4083
4999 1619
