5000 389
5001 153
5002 363
5003 280
5004 260
5005 141
5006 117
5007 78
5008 54
5009 87
5010 237
5011 314
5012 17
5013 209
5014 328
5015 206
5016 368
5017 35
5018 45
5019 111
5020 29
5021 201
5022 45
5023 323
5024 396
5025 202
5026 53
5027 35
5028 17
5029 150
5030 364
5031 367
5032 353
5033 285
5034 322
5035 78
5036 214
5037 246
5038 305
5039 217
5040 256
5041 164
5042 45
5043 55
5044 45
5045 82
5046 219
5047 176
5048 315
5049 301
5050 392
5051 315
5052 26
5053 375
5054 327
5055 160
5056 283
5057 4
5058 222
5059 363
5060 54
5061 171
5062 250
5063 202
5064 136
5065 301
5066 4
5067 177
5068 63
5069 395
5070 217
5071 61
5072 152
5073 160
5074 322
5075 160
5076 353
5077 46
5078 156
5079 362
5080 17
5081 263
5082 323
5083 258
5084 171
5085 73
5086 181
5087 111
5088 245
5089 17
5090 29
5091 197
5092 393
5093 109
5094 256
5095 345
5096 173
5097 56
5098 4
5099 96
5100 338
5101 250
5102 102
5103 114
5104 138
5105 148
5106 337
5107 315
5108 325
5109 17
5110 253
5111 45
5112 121
5113 178
5114 92
5115 54
5116 359
5117 17
5118 170
5119 288
5120 102
5121 39
5122 217
5123 292
5124 35
5125 325
5126 243
5127 65
5128 310
5129 35
5130 104
5131 322
5132 43
5133 103
5134 324
5135 253
5136 219
5137 100
5138 92
5139 268
5140 389
5141 92
5142 87
5143 181
5144 304
5145 80
5146 82
5147 330
5148 388
5149 4
5150 103
5151 383
5152 180
5153 229
5154 224
5155 243
5156 210
5157 356
5158 212
5159 223
5160 191
5161 115
5162 260
5163 339
5164 207
5165 170
5166 306
5167 334
5168 35
5169 27
5170 4
5171 364
5172 330
5173 148
5174 333
5175 4
5176 393
5177 103
5178 313
5179 191
5180 95
5181 103
5182 339
5183 300
5184 142
5185 141
5186 103
5187 35
5188 133
5189 176
5190 35
5191 346
5192 273
5193 200
5194 35
5195 137
5196 148
5197 298
5198 209
5199 338
5200 297
5201 386
5202 233
5203 17
5204 73
5205 202
5206 92
5207 321
5208 249
5209 191
5210 133
5211 151
5212 313
5213 129
5214 121
5215 381
5216 223
5217 17
5218 344
5219 319
5220 61
5221 372
5222 211
5223 103
5224 255
5225 200
5226 234
5227 4
5228 207
5229 46
5230 389
5231 324
5232 181
5233 211
5234 170
5235 263
5236 81
5237 357
5238 295
5239 328
5240 229
5241 77
5242 361
5243 116
5244 391
5245 93
5246 143
5247 103
5248 102
5249 67
5250 382
5251 102
5252 142
5253 242
5254 109
5255 189
5256 184
5257 144
5258 358
5259 330
5260 343
5261 168
5262 358
5263 357
5264 396
5265 245
5266 87
5267 154
5268 28
5269 390
5270 304
5271 290
5272 43
5273 246
5274 294
5275 301
5276 336
5277 176
5278 333
5279 261
5280 397
5281 206
5282 361
5283 259
5284 4
5285 187
5286 87
5287 4
5288 222
5289 104
5290 4
5291 61
5292 179
5293 191
5294 308
5295 387
5296 290
5297 5
5298 370
5299 154
5300 396
5301 129
5302 389
5303 267
5304 35
5305 296
5306 71
5307 167
5308 79
5309 202
5310 152
5311 187
5312 154
5313 283
5314 319
5315 352
5316 77
5317 241
5318 348
5319 16
5320 46
5321 28
5322 61
5323 319
5324 181
5325 293
5326 229
5327 322
5328 35
5329 378
5330 249
5331 151
5332 242
5333 271
5334 68
5335 388
5336 17
5337 147
5338 116
5339 240
5340 97
5341 154
5342 35
5343 386
5344 171
5345 255
5346 362
5347 344
5348 124
5349 100
5350 397
5351 234
5352 229
5353 365
5354 372
5355 128
5356 81
5357 207
5358 134
5359 358
5360 220
5361 4
5362 35
5363 341
5364 74
5365 356
5366 273
5367 133
5368 249
5369 46
5370 340
5371 167
5372 202
5373 122
5374 62
5375 364
5376 316
5377 285
5378 4
5379 283
5380 163
5381 94
5382 188
5383 206
5384 314
5385 331
5386 151
5387 217
5388 61
5389 178
5390 258
5391 304
5392 303
5393 46
5394 247
5395 91
5396 370
5397 261
5398 198
5399 197
5400 358
5401 250
5402 238
5403 158
5404 4
5405 358
5406 175
5407 258
5408 173
5409 83
5410 47
5411 54
5412 123
5413 109
5414 89
5415 65
5416 134
5417 400
5418 245
5419 301
5420 305
5421 143
5422 17
5423 308
5424 166
5425 87
5426 294
5427 218
5428 357
5429 158
5430 386
5431 261
5432 285
5433 261
5434 200
5435 35
5436 78
5437 47
5438 190
5439 207
5440 269
5441 203
5442 47
5443 180
5444 181
5445 122
5446 257
5447 3
5448 147
5449 350
5450 247
5451 346
5452 383
5453 86
5454 35
5455 178
5456 384
5457 142
5458 78
5459 237
5460 234
5461 28
5462 200
5463 142
5464 197
5465 305
5466 116
5467 385
5468 366
5469 236
5470 362
5471 116
5472 272
5473 5
5474 13
5475 318
5476 195
5477 200
5478 281
5479 375
5480 207
5481 218
5482 164
5483 365
5484 17
5485 227
5486 218
5487 153
5488 18
5489 206
5490 271
5491 178
5492 35
5493 61
5494 275
5495 316
5496 335
5497 334
5498 5
5499 319
5500 311
5501 71
5502 343
5503 289
5504 44
5505 299
5506 5
5507 147
5508 273
5509 375
5510 314
5511 261
5512 196
5513 279
5514 380
5515 336
5516 78
5517 321
5518 104
5519 71
5520 290
5521 266
5522 18
5523 141
5524 207
5525 392
5526 174
5527 5
5528 364
5529 43
5530 376
5531 292
5532 76
5533 5
5534 284
5535 5
5536 229
5537 290
5538 35
5539 103
5540 212
5541 270
5542 148
5543 5
5544 163
5545 163
5546 376
5547 321
5548 133
5549 150
5550 188
5551 18
5552 254
5553 35
5554 185
5555 315
5556 270
5557 28
5558 84
5559 147
5560 389
5561 316
5562 197
5563 140
5564 174
5565 167
5566 70
5567 235
5568 57
5569 167
5570 176
5571 70
5572 393
5573 381
5574 343
5575 63
5576 338
5577 197
5578 133
5579 290
5580 233
5581 343
5582 81
5583 397
5584 179
5585 203
5586 18
5587 304
5588 167
5589 156
5590 256
5591 193
5592 104
5593 248
5594 109
5595 171
5596 394
5597 65
5598 237
5599 65
5600 382
5601 128
5602 30
5603 310
5604 197
5605 384
5606 70
5607 228
5608 123
5609 343
5610 338
5611 18
5612 222
5613 204
5614 127
5615 198
5616 261
5617 345
5618 191
5619 74
5620 28
5621 239
5622 167
5623 63
5624 18
5625 78
5626 61
5627 232
5628 199
5629 261
5630 303
5631 352
5632 3
5633 28
5634 152
5635 310
5636 271
5637 388
5638 399
5639 42
5640 195
5641 204
5642 355
5643 74
5644 328
5645 211
5646 28
5647 176
5648 188
5649 399
5650 383
5651 367
5652 181
5653 377
5654 28
5655 320
5656 232
5657 289
5658 163
5659 225
5660 305
5661 186
5662 328
5663 111
5664 18
5665 128
5666 304
5667 128
5668 132
5669 400
5670 380
5671 19
5672 98
5673 51
5674 289
5675 43
5676 248
5677 387
5678 64
5679 55
5680 5
5681 5
5682 43
5683 319
5684 98
5685 5
5686 386
5687 396
5688 97
5689 63
5690 128
5691 377
5692 380
5693 292
5694 63
5695 174
5696 306
5697 205
5698 163
5699 56
5700 128
5701 388
5702 205
5703 96
5704 5
5705 5
5706 209
5707 28
5708 84
5709 163
5710 78
5711 271
5712 220
5713 286
5714 328
5715 344
5716 276
5717 85
5718 30
5719 202
5720 286
5721 93
5722 29
5723 281
5724 28
5725 225
5726 225
5727 249
5728 116
5729 345
5730 313
5731 252
5732 129
5733 248
5734 287
5735 202
5736 28
5737 67
5738 96
5739 381
5740 29
5741 330
5742 35
5743 190
5744 276
5745 248
5746 18
5747 329
5748 367
5749 390
5750 314
5751 320
5752 352
5753 142
5754 195
5755 361
5756 248
5757 190
5758 254
5759 181
5760 103
5761 290
5762 148
5763 149
5764 128
5765 306
5766 343
5767 81
5768 235
5769 353
5770 29
5771 82
5772 296
5773 263
5774 345
5775 177
5776 173
5777 205
5778 133
5779 116
5780 5
5781 189
5782 52
5783 259
5784 18
5785 95
5786 197
5787 343
5788 247
5789 231
5790 35
5791 66
5792 290
5793 245
5794 374
5795 278
5796 187
5797 176
5798 171
5799 18
5800 86
5801 247
5802 76
5803 261
5804 28
5805 356
5806 339
5807 246
5808 367
5809 92
5810 59
5811 399
5812 132
5813 83
5814 286
5815 125
5816 284
5817 5
5818 396
5819 267
5820 168
5821 259
5822 196
5823 104
5824 367
5825 29
5826 86
5827 237
5828 232
5829 5
5830 207
5831 356
5832 63
5833 43
5834 178
5835 61
5836 26
5837 18
5838 100
5839 135
5840 193
5841 18
5842 175
5843 175
5844 381
5845 363
5846 360
5847 175
5848 39
5849 56
5850 244
5851 186
5852 85
5853 169
5854 245
5855 349
5856 402
5857 71
5858 383
5859 247
5860 121
5861 200
5862 271
5863 251
5864 18
5865 160
5866 98
5867 18
5868 130
5869 345
5870 5
5871 174
5872 240
5873 399
5874 56
5875 26
5876 270
5877 69
5878 154
5879 308
5880 279
5881 384
5882 378
5883 373
5884 188
5885 189
5886 274
5887 83
5888 189
5889 135
5890 73
5891 250
5892 387
5893 271
5894 5
5895 219
5896 128
5897 377
5898 277
5899 367
5900 123
5901 356
5902 71
5903 258
5904 181
5905 353
5906 194
5907 82
5908 43
5909 108
5910 353
5911 130
5912 352
5913 236
5914 279
5915 191
5916 78
5917 273
5918 255
5919 346
5920 2
5921 243
5922 317
5923 108
5924 147
5925 146
5926 373
5927 298
5928 83
5929 293
5930 55
5931 237
5932 5
5933 167
5934 43
5935 18
5936 316
5937 144
5938 321
5939 96
5940 257
5941 139
5942 149
5943 385
5944 375
5945 217
5946 146
5947 166
5948 116
5949 358
5950 349
5951 81
5952 254
5953 43
5954 301
5955 89
5956 326
5957 257
5958 71
5959 257
5960 392
5961 222
5962 18
5963 283
5964 43
5965 360
5966 102
5967 307
5968 47
5969 163
5970 301
5971 258
5972 116
5973 144
5974 181
5975 169
5976 103
5977 255
5978 150
5979 358
5980 357
5981 122
5982 274
5983 333
5984 177
5985 245
5986 104
5987 324
5988 278
5989 197
5990 316
5991 370
5992 166
5993 286
5994 276
5995 85
5996 61
5997 260
5998 52
5999 97
6000 26
6001 228
6002 317
6003 369
6004 114
6005 43
6006 59
6007 60
6008 191
6009 165
6010 229
6011 298
6012 127
6013 229
6014 56
6015 105
6016 71
6017 266
6018 300
6019 93
6020 402
6021 286
6022 358
6023 165
6024 287
6025 217
6026 335
6027 326
6028 172
6029 163
6030 363
6031 43
6032 173
6033 188
6034 117
6035 383
6036 355
6037 308
6038 279
6039 331
6040 83
6041 210
6042 267
6043 283
6044 59
6045 44
6046 259
6047 42
6048 115
6049 130
6050 329
6051 5
6052 209
6053 160
6054 5
6055 223
6056 84
6057 330
6058 245
6059 157
6060 383
6061 168
6062 313
6063 384
6064 275
6065 105
6066 5
6067 135
6068 258
6069 18
6070 195
6071 84
6072 42
6073 322
6074 244
6075 57
6076 85
6077 14
6078 185
6079 192
6080 278
6081 267
6082 105
6083 152
6084 348
6085 42
6086 130
6087 181
6088 65
6089 270
6090 379
6091 325
6092 309
6093 242
6094 255
6095 151
6096 300
6097 310
6098 402
6099 85
6100 280
6101 376
6102 274
6103 324
6104 336
6105 209
6106 222
6107 89
6108 72
6109 351
6110 43
6111 224
6112 283
6113 340
6114 91
6115 296
6116 43
6117 85
6118 192
6119 96
6120 346
6121 0
6122 18
6123 378
6124 156
6125 5
6126 270
6127 209
6128 206
6129 85
6130 326
6131 69
6132 389
6133 142
6134 76
6135 42
6136 18
6137 160
6138 99
6139 306
6140 166
6141 198
6142 18
6143 333
6144 394
6145 368
6146 221
6147 154
6148 346
6149 198
6150 60
6151 371
6152 141
6153 387
6154 87
6155 389
6156 339
6157 86
6158 381
6159 299
6160 363
6161 129
6162 165
6163 226
6164 5
6165 205
6166 172
6167 300
6168 160
6169 5
6170 189
6171 337
6172 250
6173 60
6174 348
6175 141
6176 275
6177 27
6178 105
6179 260
6180 319
6181 61
6182 305
6183 73
6184 35
6185 336
6186 168
6187 322
6188 5
6189 205
6190 338
6191 198
6192 7
6193 168
6194 334
6195 42
6196 322
6197 283
6198 96
6199 115
6200 235
6201 315
6202 18
6203 57
6204 358
6205 320
6206 184
6207 27
6208 200
6209 346
6210 243
6211 343
6212 27
6213 318
6214 72
6215 165
6216 180
6217 43
6218 282
6219 53
6220 181
6221 169
6222 386
6223 326
6224 193
6225 134
6226 77
6227 5
6228 139
6229 273
6230 233
6231 340
6232 105
6233 350
6234 260
6235 100
6236 135
6237 18
6238 77
6239 195
6240 380
6241 180
6242 211
6243 18
6244 215
6245 199
6246 154
6247 161
6248 356
6249 130
6250 5
6251 163
6252 334
6253 364
6254 16
6255 239
6256 326
6257 27
6258 220
6259 42
6260 130
6261 147
6262 297
6263 361
6264 5
6265 388
6266 190
6267 166
6268 349
6269 238
6270 343
6271 78
6272 115
6273 371
6274 5
6275 145
6276 153
6277 276
6278 166
6279 132
6280 18
6281 41
6282 282
6283 297
6284 387
6285 275
6286 229
6287 42
6288 323
6289 157
6290 147
6291 105
6292 5
6293 311
6294 337
6295 200
6296 81
6297 83
6298 110
6299 331
6300 144
6301 326
6302 236
6303 284
6304 272
6305 5
6306 178
6307 100
6308 42
6309 222
6310 54
6311 334
6312 330
6313 369
6314 276
6315 41
6316 226
6317 109
6318 235
6319 172
6320 231
6321 360
6322 35
6323 380
6324 157
6325 115
6326 18
6327 275
6328 320
6329 212
6330 128
6331 53
6332 105
6333 203
6334 216
6335 192
6336 304
6337 27
6338 27
6339 228
6340 292
6341 18
6342 124
6343 146
6344 5
6345 73
6346 373
6347 180
6348 42
6349 298
6350 391
6351 27
6352 310
6353 285
6354 234
6355 125
6356 227
6357 365
6358 3
6359 43
6360 344
6361 295
6362 375
6363 42
6364 18
6365 270
6366 52
6367 374
6368 188
6369 115
6370 125
6371 115
6372 106
6373 281
6374 55
6375 83
6376 317
6377 204
6378 165
6379 85
6380 375
6381 386
6382 218
6383 59
6384 394
6385 18
6386 298
6387 177
6388 43
6389 366
6390 327
6391 115
6392 116
6393 219
6394 55
6395 367
6396 149
6397 348
6398 44
6399 273
6400 280
6401 18
6402 339
6403 376
6404 132
6405 367
6406 116
6407 132
6408 42
6409 147
6410 136
6411 117
6412 180
6413 169
6414 329
6415 250
6416 376
6417 105
6418 279
6419 163
6420 44
6421 340
6422 89
6423 315
6424 18
6425 27
6426 180
6427 276
6428 350
6429 133
6430 292
6431 345
6432 199
6433 330
6434 148
6435 29
6436 29
6437 354
6438 105
6439 172
6440 273
6441 199
6442 349
6443 294
6444 73
6445 319
6446 130
6447 169
6448 147
6449 204
6450 195
6451 172
6452 147
6453 65
6454 5
6455 228
6456 105
6457 183
6458 230
6459 56
6460 202
6461 128
6462 166
6463 260
6464 212
6465 248
6466 41
6467 169
6468 5
6469 301
6470 364
6471 181
6472 297
6473 189
6474 83
6475 347
6476 236
6477 276
6478 18
6479 60
6480 365
6481 35
6482 316
6483 357
6484 80
6485 377
6486 115
6487 36
6488 350
6489 6
6490 55
6491 98
6492 117
6493 27
6494 53
6495 322
6496 105
6497 178
6498 166
6499 18
6500 391
6501 174
6502 229
6503 335
6504 206
6505 260
6506 395
6507 390
6508 105
6509 180
6510 170
6511 326
6512 123
6513 176
6514 6
6515 204
6516 53
6517 146
6518 360
6519 169
6520 43
6521 316
6522 226
6523 115
6524 193
6525 231
6526 379
6527 71
6528 230
6529 378
6530 92
6531 83
6532 367
6533 235
6534 83
6535 18
6536 344
6537 141
6538 115
6539 363
6540 369
6541 241
6542 166
6543 42
6544 53
6545 28
6546 15
6547 6
6548 390
6549 254
6550 340
6551 59
6552 86
6553 150
6554 85
6555 150
6556 227
6557 215
6558 343
6559 218
6560 273
6561 117
6562 312
6563 258
6564 332
6565 342
6566 232
6567 18
6568 235
6569 19
6570 270
6571 118
6572 260
6573 27
6574 271
6575 256
6576 29
6577 19
6578 284
6579 260
6580 41
6581 130
6582 386
6583 204
6584 375
6585 118
6586 390
6587 132
6588 197
6589 26
6590 316
6591 104
6592 54
6593 105
6594 108
6595 85
6596 341
6597 347
6598 185
6599 132
6600 392
6601 172
6602 328
6603 169
6604 343
6605 36
6606 125
6607 283
6608 26
6609 206
6610 324
6611 247
6612 394
6613 375
6614 29
6615 261
6616 317
6617 277
6618 19
6619 97
6620 59
6621 146
6622 204
6623 320
6624 85
6625 372
6626 326
6627 347
6628 14
6629 150
6630 255
6631 376
6632 221
6633 245
6634 372
6635 140
6636 59
6637 6
6638 187
6639 153
6640 36
6641 222
6642 235
6643 100
6644 229
6645 29
6646 89
6647 60
6648 329
6649 204
6650 332
6651 53
6652 236
6653 263
6654 279
6655 6
6656 236
6657 198
6658 142
6659 247
6660 368
6661 170
6662 6
6663 41
6664 206
6665 400
6666 263
6667 267
6668 293
6669 216
6670 238
6671 355
6672 195
6673 53
6674 361
6675 78
6676 266
6677 375
6678 154
6679 380
6680 93
6681 310
6682 118
6683 292
6684 367
6685 216
6686 6
6687 271
6688 55
6689 95
6690 6
6691 356
6692 292
6693 268
6694 118
6695 222
6696 58
6697 305
6698 359
6699 169
6700 19
6701 60
6702 371
6703 6
6704 258
6705 86
6706 203
6707 243
6708 130
6709 274
6710 197
6711 344
6712 180
6713 356
6714 304
6715 6
6716 55
6717 298
6718 334
6719 128
6720 287
6721 219
6722 318
6723 52
6724 29
6725 52
6726 283
6727 121
6728 100
6729 246
6730 282
6731 166
6732 290
6733 347
6734 85
6735 375
6736 166
6737 291
6738 301
6739 380
6740 212
6741 295
6742 146
6743 85
6744 367
6745 328
6746 304
6747 151
6748 154
6749 176
6750 6
6751 41
6752 26
6753 393
6754 381
6755 266
6756 250
6757 86
6758 48
6759 6
6760 357
6761 143
6762 304
6763 97
6764 197
6765 273
6766 197
6767 291
6768 236
6769 316
6770 331
6771 6
6772 327
6773 153
6774 388
6775 36
6776 255
6777 83
6778 156
6779 90
6780 185
6781 172
6782 207
6783 381
6784 154
6785 374
6786 30
6787 290
6788 203
6789 311
6790 305
6791 322
6792 304
6793 176
6794 215
6795 301
6796 245
6797 190
6798 28
6799 397
6800 191
6801 187
6802 291
6803 105
6804 161
6805 337
6806 314
6807 228
6808 391
6809 36
6810 282
6811 343
6812 6
6813 232
6814 118
6815 72
6816 196
6817 215
6818 236
6819 348
6820 370
6821 170
6822 163
6823 78
6824 266
6825 244
6826 394
6827 254
6828 185
6829 258
6830 30
6831 19
6832 215
6833 144
6834 209
6835 332
6836 324
6837 19
6838 255
6839 280
6840 203
6841 165
6842 250
6843 289
6844 203
6845 300
6846 359
6847 65
6848 130
6849 217
6850 161
6851 6
6852 291
6853 97
6854 296
6855 106
6856 114
6857 213
6858 359
6859 327
6860 55
6861 347
6862 242
6863 160
6864 238
6865 251
6866 19
6867 252
6868 236
6869 342
6870 270
6871 365
6872 344
6873 106
6874 80
6875 359
6876 294
6877 235
6878 53
6879 148
6880 142
6881 77
6882 341
6883 93
6884 215
6885 227
6886 316
6887 102
6888 64
6889 267
6890 106
6891 199
6892 249
6893 130
6894 388
6895 244
6896 362
6897 68
6898 199
6899 386
6900 151
6901 56
6902 240
6903 258
6904 106
6905 315
6906 14
6907 106
6908 141
6909 233
6910 202
6911 275
6912 272
6913 283
6914 30
6915 171
6916 362
6917 6
6918 154
6919 121
6920 132
6921 157
6922 106
6923 161
6924 273
6925 274
6926 100
6927 317
6928 118
6929 202
6930 52
6931 384
6932 343
6933 263
6934 240
6935 146
6936 223
6937 400
6938 106
6939 28
6940 297
6941 284
6942 236
6943 154
6944 239
6945 227
6946 354
6947 362
6948 305
6949 216
6950 255
6951 321
6952 147
6953 130
6954 196
6955 106
6956 85
6957 160
6958 350
6959 144
6960 360
6961 377
6962 106
6963 60
6964 169
6965 233
6966 96
6967 77
6968 118
6969 153
6970 304
6971 211
6972 353
6973 16
6974 106
6975 255
6976 124
6977 364
6978 227
6979 118
6980 348
6981 199
6982 336
6983 3
6984 399
6985 53
6986 313
6987 41
6988 388
6989 124
6990 252
6991 211
6992 223
6993 170
6994 258
6995 318
6996 60
6997 354
6998 137
6999 308
7000 191
7001 169
7002 203
7003 308
7004 130
7005 387
7006 106
7007 195
7008 131
7009 197
7010 303
7011 232
7012 325
7013 272
7014 235
7015 134
7016 349
7017 56
7018 78
7019 108
7020 376
7021 369
7022 157
7023 185
7024 30
7025 394
7026 36
7027 160
7028 183
7029 118
7030 36
7031 36
7032 387
7033 36
7034 77
7035 287
7036 137
7037 285
7038 144
7039 326
7040 160
7041 188
7042 326
7043 226
7044 119
7045 154
7046 60
7047 103
7048 176
7049 331
7050 299
7051 106
7052 316
7053 357
7054 258
7055 226
7056 101
7057 119
7058 235
7059 202
7060 156
7061 217
7062 90
7063 235
7064 161
7065 199
7066 203
7067 101
7068 123
7069 351
7070 393
7071 86
7072 308
7073 6
7074 400
7075 176
7076 380
7077 199
7078 209
7079 19
7080 218
7081 140
7082 345
7083 91
7084 249
7085 30
7086 331
7087 207
7088 355
7089 128
7090 165
7091 48
7092 308
7093 369
7094 98
7095 353
7096 297
7097 247
7098 131
7099 285
7100 326
7101 351
7102 324
7103 200
7104 72
7105 134
7106 141
7107 95
7108 171
7109 387
7110 137
7111 209
7112 285
7113 136
7114 375
7115 395
7116 19
7117 72
7118 274
7119 316
7120 351
7121 266
7122 102
7123 320
7124 321
7125 145
7126 108
7127 274
7128 386
7129 270
7130 131
7131 254
7132 348
7133 65
7134 93
7135 59
7136 298
7137 197
7138 331
7139 36
7140 135
7141 243
7142 136
7143 72
7144 306
7145 191
7146 329
7147 180
7148 278
7149 367
7150 213
7151 347
7152 283
7153 78
7154 272
7155 60
7156 231
7157 367
7158 242
7159 299
7160 367
7161 19
7162 16
7163 341
7164 312
7165 213
7166 401
7167 331
7168 395
7169 73
7170 142
7171 255
7172 341
7173 215
7174 19
7175 370
7176 16
7177 304
7178 42
7179 19
7180 324
7181 383
7182 206
7183 257
7184 59
7185 6
7186 216
7187 349
7188 377
7189 131
7190 169
7191 156
7192 257
7193 351
7194 169
7195 41
7196 299
7197 356
7198 181
7199 240
7200 197
7201 149
7202 19
7203 96
7204 141
7205 303
7206 43
7207 207
7208 19
7209 196
7210 200
7211 169
7212 337
7213 170
7214 377
7215 191
7216 221
7217 180
7218 354
7219 6
7220 36
7221 52
7222 55
7223 234
7224 184
7225 19
7226 379
7227 352
7228 322
7229 68
7230 286
7231 104
7232 127
7233 387
7234 60
7235 179
7236 211
7237 349
7238 382
7239 30
7240 158
7241 19
7242 233
7243 326
7244 134
7245 29
7246 375
7247 139
7248 149
7249 385
7250 86
7251 249
7252 109
7253 346
7254 340
7255 387
7256 72
7257 320
7258 140
7259 331
7260 131
7261 6
7262 384
7263 395
7264 119
7265 345
7266 132
7267 226
7268 353
7269 343
7270 19
7271 54
7272 71
7273 332
7274 157
7275 384
7276 19
7277 370
7278 309
7279 344
7280 187
7281 111
7282 191
7283 334
7284 6
7285 279
7286 380
7287 326
7288 169
7289 80
7290 360
7291 346
7292 387
7293 36
7294 334
7295 6
7296 314
7297 111
7298 320
7299 163
7300 270
7301 361
7302 255
7303 268
7304 60
7305 180
7306 329
7307 132
7308 295
7309 339
7310 132
7311 205
7312 289
7313 77
7314 119
7315 238
7316 125
7317 179
7318 160
7319 266
7320 287
7321 255
7322 6
7323 390
7324 387
7325 257
7326 270
7327 350
7328 209
7329 310
7330 276
7331 220
7332 322
7333 161
7334 148
7335 210
7336 41
7337 272
7338 282
7339 55
7340 231
7341 111
7342 240
7343 60
7344 19
7345 124
7346 6
7347 154
7348 221
7349 355
7350 380
7351 36
7352 171
7353 274
7354 249
7355 210
7356 171
7357 373
7358 200
7359 119
7360 144
7361 6
7362 347
7363 146
7364 387
7365 360
7366 161
7367 359
7368 93
7369 60
7370 153
7371 272
7372 65
7373 163
7374 340
7375 321
7376 171
7377 111
7378 89
7379 30
7380 341
7381 235
7382 279
7383 286
7384 245
7385 92
7386 71
7387 82
7388 185
7389 77
7390 36
7391 289
7392 19
7393 243
7394 346
7395 77
7396 272
7397 55
7398 81
7399 206
7400 385
7401 71
7402 298
7403 239
7404 93
7405 111
7406 301
7407 260
7408 258
7409 395
7410 304
7411 241
7412 289
7413 268
7414 82
7415 171
7416 92
7417 146
7418 119
7419 345
7420 53
7421 206
7422 129
7423 198
7424 119
7425 232
7426 311
7427 111
7428 204
7429 98
7430 207
7431 231
7432 16
7433 281
7434 238
7435 195
7436 294
7437 283
7438 153
7439 330
7440 36
7441 41
7442 346
7443 356
7444 132
7445 73
7446 187
7447 111
7448 40
7449 278
7450 59
7451 131
7452 36
7453 255
7454 187
7455 6
7456 68
7457 392
7458 210
7459 272
7460 157
7461 111
7462 292
7463 166
7464 384
7465 6
7466 99
7467 67
7468 128
7469 55
7470 173
7471 78
7472 144
7473 285
7474 60
7475 242
7476 342
7477 363
7478 53
7479 387
7480 402
7481 254
7482 341
7483 40
7484 234
7485 195
7486 160
7487 19
7488 219
7489 245
7490 195
7491 19
7492 328
7493 350
7494 319
7495 159
7496 59
7497 381
7498 87
7499 390
7500 322
7501 246
7502 36
7503 227
7504 326
7505 136
7506 175
7507 226
7508 160
7509 158
7510 39
7511 245
7512 249
7513 215
7514 189
7515 266
7516 39
7517 128
7518 67
7519 92
7520 60
7521 86
7522 147
7523 119
7524 367
7525 392
7526 119
7527 251
7528 95
7529 261
7530 207
7531 55
7532 177
7533 295
7534 67
7535 386
7536 97
7537 7
7538 65
7539 261
7540 153
7541 173
7542 54
7543 278
7544 323
7545 119
7546 163
7547 39
7548 285
7549 89
7550 7
7551 308
7552 266
7553 210
7554 99
7555 13
7556 197
7557 111
7558 40
7559 19
7560 213
7561 327
7562 393
7563 327
7564 335
7565 359
7566 36
7567 52
7568 199
7569 131
7570 279
7571 295
7572 179
7573 100
7574 111
7575 255
7576 121
7577 288
7578 316
7579 350
7580 257
7581 7
7582 255
7583 83
7584 243
7585 292
7586 240
7587 215
7588 381
7589 36
7590 19
7591 65
7592 305
7593 363
7594 266
7595 134
7596 19
7597 345
7598 260
7599 249
7600 197
7601 376
7602 99
7603 309
7604 121
7605 119
7606 179
7607 255
7608 65
7609 92
7610 325
7611 73
7612 366
7613 339
7614 399
7615 40
7616 385
7617 90
7618 124
7619 314
7620 349
7621 77
7622 341
7623 123
7624 226
7625 94
7626 119
7627 402
7628 311
7629 266
7630 395
7631 48
7632 19
7633 308
7634 90
7635 159
7636 122
7637 119
7638 287
7639 91
7640 48
7641 146
7642 150
7643 240
7644 223
7645 144
7646 199
7647 387
7648 132
7649 151
7650 180
7651 249
7652 332
7653 341
7654 362
7655 366
7656 180
7657 216
7658 328
7659 137
7660 136
7661 78
7662 292
7663 43
7664 119
7665 40
7666 354
7667 281
7668 207
7669 7
7670 264
7671 150
7672 271
7673 210
7674 297
7675 274
7676 242
7677 296
7678 392
7679 353
7680 191
7681 7
7682 53
7683 39
7684 317
7685 162
7686 240
7687 327
7688 147
7689 242
7690 195
7691 37
7692 122
7693 350
7694 166
7695 259
7696 92
7697 7
7698 86
7699 381
7700 380
7701 276
7702 136
7703 319
7704 198
7705 158
7706 111
7707 204
7708 385
7709 91
7710 326
7711 308
7712 334
7713 365
7714 100
7715 287
7716 165
7717 158
7718 296
7719 394
7720 108
7721 82
7722 210
7723 117
7724 86
7725 359
7726 42
7727 264
7728 324
7729 275
7730 58
7731 213
7732 153
7733 311
7734 347
7735 234
7736 308
7737 43
7738 219
7739 164
7740 199
7741 103
7742 119
7743 259
7744 315
7745 255
7746 67
7747 337
7748 44
7749 7
7750 276
7751 111
7752 111
7753 379
7754 70
7755 36
7756 89
7757 326
7758 210
7759 245
7760 365
7761 153
7762 83
7763 354
7764 54
7765 195
7766 183
7767 79
7768 7
7769 223
7770 380
7771 94
7772 329
7773 44
7774 232
7775 330
7776 7
7777 7
7778 55
7779 80
7780 292
7781 74
7782 44
7783 77
7784 223
7785 109
7786 119
7787 220
7788 124
7789 360
7790 160
7791 276
7792 185
7793 339
7794 259
7795 19
7796 86
7797 213
7798 330
7799 108
7800 90
7801 78
7802 138
7803 21
7804 44
7805 121
7806 275
7807 245
7808 204
7809 392
7810 142
7811 313
7812 191
7813 44
7814 80
7815 146
7816 240
7817 36
7818 196
7819 111
7820 185
7821 340
7822 243
7823 20
7824 337
7825 95
7826 36
7827 112
7828 44
7829 369
7830 363
7831 136
7832 91
7833 229
7834 122
7835 333
7836 371
7837 244
7838 325
7839 359
7840 260
7841 301
7842 165
7843 337
7844 266
7845 187
7846 119
7847 36
7848 90
7849 246
7850 308
7851 222
7852 358
7853 266
7854 254
7855 53
7856 213
7857 351
7858 95
7859 336
7860 260
7861 20
7862 55
7863 390
7864 61
7865 143
7866 78
7867 146
7868 306
7869 36
7870 185
7871 96
7872 158
7873 355
7874 148
7875 221
7876 336
7877 180
7878 370
7879 69
7880 272
7881 255
7882 341
7883 234
7884 111
7885 219
7886 373
7887 297
7888 153
7889 183
7890 285
7891 304
7892 69
7893 36
7894 139
7895 331
7896 89
7897 44
7898 190
7899 214
7900 263
7901 143
7902 65
7903 266
7904 258
7905 7
7906 275
7907 7
7908 164
7909 147
7910 20
7911 201
7912 274
7913 111
7914 242
7915 184
7916 159
7917 123
7918 36
7919 20
7920 275
7921 323
7922 212
7923 207
7924 189
7925 143
7926 65
7927 323
7928 335
7929 137
7930 36
7931 271
7932 184
7933 370
7934 342
7935 7
7936 220
7937 55
7938 291
7939 244
7940 113
7941 20
7942 234
7943 314
7944 301
7945 229
7946 260
7947 207
7948 328
7949 183
7950 233
7951 20
7952 142
7953 360
7954 243
7955 92
7956 99
7957 240
7958 70
7959 124
7960 358
7961 65
7962 283
7963 275
7964 282
7965 175
7966 197
7967 370
7968 184
7969 331
7970 69
7971 56
7972 384
7973 244
7974 53
7975 42
7976 297
7977 397
7978 223
7979 159
7980 36
7981 350
7982 20
7983 365
7984 210
7985 127
7986 36
7987 342
7988 250
7989 97
7990 252
7991 369
7992 134
7993 39
7994 282
7995 352
7996 111
7997 300
7998 221
7999 44
8000 306
8001 159
8002 56
8003 321
8004 130
8005 123
8006 158
8007 67
8008 278
8009 47
8010 379
8011 352
8012 49
8013 132
8014 234
8015 7
8016 173
8017 343
8018 276
8019 150
8020 197
8021 264
8022 308
8023 322
8024 263
8025 134
8026 285
8027 111
8028 245
8029 293
8030 146
8031 184
8032 111
8033 64
8034 306
8035 89
8036 210
8037 7
8038 211
8039 51
8040 142
8041 7
8042 146
8043 28
8044 334
8045 331
8046 173
8047 153
8048 119
8049 364
8050 69
8051 124
8052 289
8053 20
8054 127
8055 135
8056 36
8057 282
8058 227
8059 271
8060 315
8061 190
8062 338
8063 237
8064 332
8065 225
8066 196
8067 392
8068 183
8069 165
8070 77
8071 384
8072 114
8073 88
8074 93
8075 214
8076 311
8077 274
8078 252
8079 392
8080 27
8081 350
8082 384
8083 193
8084 185
8085 98
8086 20
8087 7
8088 264
8089 111
8090 402
8091 128
8092 70
8093 219
8094 302
8095 123
8096 289
8097 311
8098 157
8099 219
8100 329
8101 219
8102 361
8103 124
8104 148
8105 257
8106 52
8107 121
8108 395
8109 154
8110 65
8111 197
8112 347
8113 151
8114 275
8115 187
8116 280
8117 332
8118 397
8119 270
8120 275
8121 351
8122 213
8123 201
8124 231
8125 135
8126 383
8127 323
8128 13
8129 160
8130 380
8131 269
8132 357
8133 297
8134 132
8135 183
8136 47
8137 342
8138 100
8139 148
8140 95
8141 322
8142 154
8143 193
8144 264
8145 150
8146 111
8147 89
8148 184
8149 210
8150 36
8151 369
8152 332
8153 178
8154 193
8155 36
8156 238
8157 239
8158 269
8159 20
8160 270
8161 268
8162 53
8163 279
8164 325
8165 401
8166 184
8167 7
8168 154
8169 20
8170 7
8171 173
8172 269
8173 290
8174 316
8175 352
8176 341
8177 157
8178 287
8179 246
8180 7
8181 337
8182 7
8183 111
8184 220
8185 391
8186 272
8187 384
8188 145
8189 69
8190 137
8191 224
8192 282
8193 20
8194 125
8195 385
8196 140
8197 392
8198 281
8199 328
8200 356
8201 137
8202 96
8203 249
8204 20
8205 159
8206 39
8207 275
8208 36
8209 146
8210 210
8211 230
8212 160
8213 328
8214 294
8215 88
8216 79
8217 7
8218 131
8219 127
8220 380
8221 367
8222 212
8223 52
8224 285
8225 260
8226 70
8227 345
8228 138
8229 232
8230 183
8231 251
8232 13
8233 174
8234 8
8235 94
8236 225
8237 223
8238 311
8239 88
8240 206
8241 232
8242 385
8243 304
8244 335
8245 271
8246 185
8247 190
8248 8
8249 51
8250 357
8251 73
8252 89
8253 70
8254 125
8255 154
8256 369
8257 149
8258 249
8259 111
8260 379
8261 221
8262 70
8263 389
8264 356
8265 79
8266 65
8267 375
8268 326
8269 54
8270 376
8271 334
8272 154
8273 287
8274 318
8275 80
8276 125
8277 206
8278 184
8279 190
8280 203
8281 358
8282 138
8283 153
8284 209
8285 282
8286 130
8287 298
8288 125
8289 111
8290 249
8291 67
8292 173
8293 350
8294 396
8295 27
8296 356
8297 121
8298 36
8299 94
8300 143
8301 150
8302 123
8303 197
8304 291
8305 111
8306 8
8307 269
8308 160
8309 227
8310 31
8311 336
8312 20
8313 162
8314 262
8315 250
8316 44
8317 40
8318 295
8319 307
8320 112
8321 173
8322 91
8323 251
8324 110
8325 52
8326 47
8327 189
8328 20
8329 400
8330 8
8331 20
8332 359
8333 280
8334 112
8335 222
8336 219
8337 39
8338 112
8339 307
8340 207
8341 230
8342 125
8343 386
8344 308
8345 342
8346 368
8347 263
8348 165
8349 213
8350 116
8351 240
8352 68
8353 180
8354 175
8355 282
8356 301
8357 219
8358 158
8359 89
8360 354
8361 334
8362 322
8363 125
8364 369
8365 189
8366 183
8367 69
8368 190
8369 326
8370 78
8371 350
8372 288
8373 70
8374 155
8375 36
8376 242
8377 8
8378 207
8379 209
8380 302
8381 340
8382 47
8383 112
8384 288
8385 112
8386 207
8387 375
8388 20
8389 264
8390 367
8391 201
8392 367
8393 21
8394 112
8395 350
8396 158
8397 156
8398 70
8399 351
8400 250
8401 399
8402 264
8403 351
8404 240
8405 179
8406 126
8407 92
8408 367
8409 181
8410 136
8411 297
8412 64
8413 345
8414 255
8415 337
8416 68
8417 47
8418 325
8419 112
8420 37
8421 21
8422 70
8423 337
8424 360
8425 334
8426 251
8427 338
8428 92
8429 77
8430 208
8431 79
8432 74
8433 292
8434 349
8435 154
8436 8
8437 191
8438 354
8439 179
8440 266
8441 208
8442 254
8443 288
8444 231
8445 21
8446 309
8447 165
8448 254
8449 384
8450 150
8451 81
8452 326
8453 201
8454 8
8455 297
8456 266
8457 306
8458 81
8459 131
8460 286
8461 54
8462 213
8463 138
8464 322
8465 316
8466 302
8467 8
8468 380
8469 186
8470 42
8471 401
8472 380
8473 358
8474 251
8475 59
8476 313
8477 170
8478 352
8479 215
8480 89
8481 123
8482 91
8483 308
8484 47
8485 189
8486 124
8487 208
8488 71
8489 299
8490 387
8491 282
8492 247
8493 88
8494 264
8495 8
8496 214
8497 214
8498 8
8499 193
8500 277
8501 222
8502 193
8503 173
8504 49
8505 94
8506 21
8507 306
8508 69
8509 190
8510 252
8511 313
8512 363
8513 240
8514 251
8515 21
8516 307
8517 134
8518 91
8519 228
8520 362
8521 68
8522 181
8523 35
8524 354
8525 108
8526 228
8527 103
8528 83
8529 60
8530 21
8531 21
8532 195
8533 65
8534 348
8535 206
8536 282
8537 212
8538 171
8539 67
8540 304
8541 230
8542 8
8543 286
8544 190
8545 295
8546 88
8547 327
8548 316
8549 179
8550 96
8551 101
8552 281
8553 380
8554 281
8555 206
8556 147
8557 305
8558 122
8559 21
8560 294
8561 270
8562 349
8563 250
8564 112
8565 155
8566 385
8567 203
8568 157
8569 53
8570 44
8571 250
8572 26
8573 143
8574 127
8575 44
8576 194
8577 399
8578 264
8579 214
8580 54
8581 112
8582 156
8583 345
8584 116
8585 21
8586 396
8587 247
8588 257
8589 142
8590 21
8591 234
8592 264
8593 306
8594 249
8595 241
8596 208
8597 305
8598 308
8599 347
8600 264
8601 123
8602 75
8603 368
8604 362
8605 126
8606 300
8607 356
8608 126
8609 208
8610 54
8611 145
8612 228
8613 320
8614 218
8615 126
8616 208
8617 252
8618 131
8619 250
8620 94
8621 64
8622 69
8623 158
8624 234
8625 21
8626 370
8627 261
8628 194
8629 176
8630 158
8631 312
8632 264
8633 145
8634 97
8635 21
8636 78
8637 303
8638 151
8639 243
8640 199
8641 83
8642 351
8643 214
8644 284
8645 272
8646 195
8647 319
8648 194
8649 94
8650 8
8651 359
8652 266
8653 348
8654 287
8655 8
8656 372
8657 139
8658 230
8659 255
8660 250
8661 64
8662 306
8663 153
8664 59
8665 264
8666 236
8667 349
8668 208
8669 214
8670 241
8671 364
8672 178
8673 390
8674 67
8675 311
8676 228
8677 372
8678 67
8679 131
8680 304
8681 245
8682 323
8683 28
8684 320
8685 91
8686 139
8687 296
8688 163
8689 234
8690 47
8691 384
8692 214
8693 380
8694 244
8695 109
8696 390
8697 131
8698 302
8699 230
8700 37
8701 225
8702 208
8703 264
8704 108
8705 21
8706 145
8707 226
8708 238
8709 316
8710 228
8711 179
8712 265
8713 215
8714 251
8715 242
8716 112
8717 327
8718 189
8719 209
8720 68
8721 21
8722 80
8723 396
8724 123
8725 8
8726 394
8727 341
8728 288
8729 352
8730 367
8731 69
8732 345
8733 320
8734 112
8735 126
8736 285
8737 343
8738 375
8739 269
8740 368
8741 157
8742 220
8743 90
8744 342
8745 151
8746 77
8747 56
8748 208
8749 88
8750 156
8751 391
8752 354
8753 143
8754 52
8755 137
8756 214
8757 91
8758 224
8759 274
8760 213
8761 328
8762 327
8763 99
8764 21
8765 311
8766 181
8767 225
8768 92
8769 46
8770 102
8771 229
8772 379
8773 312
8774 228
8775 156
8776 21
8777 126
8778 394
8779 240
8780 45
8781 140
8782 64
8783 57
8784 356
8785 65
8786 8
8787 21
8788 242
8789 369
8790 139
8791 112
8792 76
8793 231
8794 383
8795 59
8796 139
8797 182
8798 201
8799 21
8800 194
8801 268
8802 147
8803 21
8804 319
8805 79
8806 363
8807 313
8808 333
8809 338
8810 42
8811 275
8812 137
8813 19
8814 126
8815 379
8816 94
8817 174
8818 30
8819 269
8820 117
8821 366
8822 285
8823 314
8824 246
8825 276
8826 112
8827 186
8828 287
8829 112
8830 240
8831 332
8832 354
8833 27
8834 59
8835 21
8836 230
8837 13
8838 154
8839 69
8840 127
8841 212
8842 400
8843 263
8844 348
8845 71
8846 338
8847 248
8848 379
8849 63
8850 40
8851 92
8852 21
8853 99
8854 309
8855 282
8856 360
8857 49
8858 174
8859 181
8860 302
8861 287
8862 8
8863 221
8864 244
8865 213
8866 218
8867 8
8868 344
8869 265
8870 352
8871 139
8872 8
8873 8
8874 303
8875 134
8876 134
8877 162
8878 328
8879 170
8880 45
8881 401
8882 307
8883 335
8884 224
8885 134
8886 21
8887 106
8888 278
8889 244
8890 89
8891 8
8892 296
8893 215
8894 170
8895 126
8896 325
8897 319
8898 160
8899 49
8900 205
8901 302
8902 266
8903 241
8904 219
8905 45
8906 8
8907 126
8908 247
8909 176
8910 220
8911 52
8912 8
8913 58
8914 342
8915 368
8916 163
8917 138
8918 8
8919 291
8920 176
8921 37
8922 373
8923 291
8924 8
8925 8
8926 192
8927 377
8928 287
8929 289
8930 397
8931 215
8932 59
8933 240
8934 172
8935 316
8936 174
8937 59
8938 203
8939 56
8940 82
8941 153
8942 109
8943 53
8944 255
8945 181
8946 399
8947 339
8948 356
8949 168
8950 296
8951 255
8952 135
8953 285
8954 126
8955 195
8956 37
8957 139
8958 49
8959 221
8960 214
8961 64
8962 208
8963 199
8964 106
8965 124
8966 152
8967 336
8968 21
8969 348
8970 143
8971 53
8972 241
8973 21
8974 361
8975 88
8976 181
8977 21
8978 196
8979 391
8980 294
8981 175
8982 21
8983 390
8984 86
8985 47
8986 139
8987 91
8988 124
8989 30
8990 21
8991 170
8992 282
8993 277
8994 126
8995 244
8996 212
8997 103
8998 364
8999 311
9000 221
9001 151
9002 108
9003 319
9004 151
9005 366
9006 106
9007 160
9008 124
9009 152
9010 30
9011 342
9012 240
9013 139
9014 140
9015 49
9016 83
9017 106
9018 199
9019 149
9020 332
9021 59
9022 382
9023 244
9024 228
9025 215
9026 176
9027 13
9028 143
9029 355
9030 190
9031 215
9032 129
9033 42
9034 225
9035 187
9036 254
9037 181
9038 117
9039 300
9040 240
9041 8
9042 285
9043 126
9044 354
9045 254
9046 290
9047 189
9048 8
9049 220
9050 248
9051 305
9052 39
9053 322
9054 208
9055 342
9056 26
9057 352
9058 345
9059 315
9060 49
9061 258
9062 240
9063 354
9064 39
9065 333
9066 162
9067 38
9068 377
9069 63
9070 310
9071 304
9072 298
9073 126
9074 116
9075 282
9076 212
9077 8
9078 400
9079 112
9080 143
9081 280
9082 356
9083 8
9084 69
9085 55
9086 265
9087 209
9088 52
9089 371
9090 345
9091 278
9092 247
9093 335
9094 294
9095 27
9096 21
9097 112
9098 336
9099 389
9100 318
9101 171
9102 287
9103 308
9104 106
9105 49
9106 265
9107 252
9108 96
9109 256
9110 228
9111 197
9112 269
9113 94
9114 212
9115 339
9116 140
9117 91
9118 358
9119 190
9120 330
9121 377
9122 254
9123 320
9124 342
9125 147
9126 278
9127 230
9128 285
9129 101
9130 68
9131 8
9132 165
9133 112
9134 249
9135 385
9136 318
9137 126
9138 27
9139 69
9140 217
9141 66
9142 261
9143 399
9144 134
9145 21
9146 13
9147 112
9148 265
9149 149
9150 249
9151 303
9152 116
9153 282
9154 240
9155 51
9156 69
9157 397
9158 402
9159 162
9160 46
9161 277
9162 21
9163 102
9164 221
9165 381
9166 164
9167 21
9168 223
9169 26
9170 308
9171 153
9172 389
9173 64
9174 63
9175 370
9176 184
9177 309
9178 291
9179 295
9180 73
9181 337
9182 109
9183 307
9184 244
9185 21
9186 364
9187 170
9188 364
9189 154
9190 8
9191 182
9192 307
9193 80
9194 265
9195 351
9196 265
9197 127
9198 265
9199 227
9200 366
9201 90
9202 37
9203 22
9204 112
9205 42
9206 100
9207 354
9208 292
9209 338
9210 9
9211 126
9212 112
9213 240
9214 8
9215 126
9216 162
9217 37
9218 42
9219 247
9220 91
9221 368
9222 224
9223 383
9224 76
9225 263
9226 52
9227 357
9228 246
9229 233
9230 383
9231 101
9232 170
9233 277
9234 178
9235 208
9236 243
9237 127
9238 388
9239 164
9240 45
9241 68
9242 360
9243 254
9244 268
9245 378
9246 303
9247 6
9248 136
9249 55
9250 383
9251 265
9252 387
9253 348
9254 39
9255 8
9256 170
9257 80
9258 152
9259 218
9260 52
9261 281
9262 292
9263 338
9264 253
9265 118
9266 40
9267 367
9268 216
9269 240
9270 182
9271 6
9272 222
9273 371
9274 392
9275 112
9276 77
9277 185
9278 153
9279 193
9280 259
9281 279
9282 126
9283 199
9284 115
9285 218
9286 162
9287 176
9288 8
9289 382
9290 383
9291 318
9292 335
9293 126
9294 364
9295 126
9296 71
9297 183
9298 265
9299 304
9300 284
9301 352
9302 210
9303 284
9304 302
9305 176
9306 214
9307 269
9308 337
9309 98
9310 265
9311 252
9312 21
9313 52
9314 360
9315 71
9316 63
9317 157
9318 299
9319 69
9320 53
9321 174
9322 53
9323 377
9324 311
9325 159
9326 126
9327 272
9328 393
9329 307
9330 384
9331 266
9332 53
9333 126
9334 310
9335 45
9336 136
9337 266
9338 206
9339 153
9340 64
9341 158
9342 341
9343 9
9344 247
9345 180
9346 287
9347 9
9348 9
9349 64
9350 334
9351 379
9352 313
9353 49
9354 143
9355 239
9356 140
9357 381
9358 71
9359 325
9360 199
9361 347
9362 153
9363 225
9364 285
9365 21
9366 83
9367 209
9368 145
9369 153
9370 75
9371 112
9372 86
9373 63
9374 401
9375 112
9376 263
9377 63
9378 235
9379 140
9380 183
9381 302
9382 54
9383 162
9384 126
9385 30
9386 246
9387 338
9388 285
9389 112
9390 9
9391 298
9392 37
9393 307
9394 131
9395 77
9396 334
9397 274
9398 318
9399 159
9400 59
9401 330
9402 75
9403 322
9404 135
9405 27
9406 395
9407 227
9408 79
9409 312
9410 295
9411 75
9412 127
9413 149
9414 253
9415 174
9416 49
9417 179
9418 150
9419 313
9420 352
9421 121
9422 49
9423 126
9424 139
9425 49
9426 194
9427 282
9428 307
9429 335
9430 345
9431 216
9432 37
9433 37
9434 228
9435 323
9436 164
9437 220
9438 49
9439 281
9440 303
9441 203
9442 215
9443 37
9444 69
9445 9
9446 30
9447 391
9448 385
9449 200
9450 88
9451 320
9452 222
9453 112
9454 303
9455 281
9456 96
9457 352
9458 402
9459 375
9460 238
9461 341
9462 93
9463 274
9464 77
9465 240
9466 301
9467 149
9468 208
9469 299
9470 394
9471 270
9472 59
9473 328
9474 49
9475 372
9476 338
9477 195
9478 151
9479 391
9480 243
9481 77
9482 240
9483 206
9484 94
9485 367
9486 364
9487 386
9488 361
9489 189
9490 9
9491 26
9492 307
9493 381
9494 299
9495 232
9496 108
9497 254
9498 9
9499 371
9500 9
9501 247
9502 69
9503 269
9504 241
9505 266
9506 112
9507 16
9508 234
9509 37
9510 80
9511 275
9512 171
9513 37
9514 159
9515 184
9516 77
9517 30
9518 171
9519 370
9520 187
9521 317
9522 198
9523 336
9524 227
9525 314
9526 51
9527 305
9528 250
9529 22
9530 274
9531 362
9532 100
9533 277
9534 180
9535 389
9536 388
9537 68
9538 37
9539 184
9540 22
9541 128
9542 183
9543 158
9544 219
9545 37
9546 77
9547 9
9548 212
9549 201
9550 51
9551 222
9552 321
9553 9
9554 234
9555 153
9556 265
9557 323
9558 209
9559 27
9560 206
9561 64
9562 127
9563 37
9564 52
9565 132
9566 152
9567 277
9568 265
9569 142
9570 186
9571 323
9572 395
9573 112
9574 338
9575 92
9576 218
9577 230
9578 321
9579 22
9580 49
9581 75
9582 223
9583 252
9584 176
9585 327
9586 220
9587 148
9588 355
9589 240
9590 226
9591 291
9592 97
9593 139
9594 296
9595 254
9596 162
9597 303
9598 178
9599 147
9600 95
9601 9
9602 340
9603 49
9604 37
9605 272
9606 377
9607 265
9608 57
9609 226
9610 164
9611 162
9612 402
9613 232
9614 385
9615 37
9616 220
9617 49
9618 298
9619 356
9620 244
9621 300
9622 202
9623 325
9624 246
9625 190
9626 272
9627 255
9628 134
9629 162
9630 9
9631 217
9632 9
9633 37
9634 200
9635 109
9636 63
9637 52
9638 48
9639 220
9640 392
9641 52
9642 291
9643 301
9644 142
9645 76
9646 59
9647 109
9648 192
9649 170
9650 247
9651 86
9652 190
9653 176
9654 214
9655 381
9656 153
9657 365
9658 146
9659 275
9660 351
9661 196
9662 93
9663 394
9664 250
9665 325
9666 164
9667 243
9668 288
9669 299
9670 354
9671 247
9672 53
9673 385
9674 226
9675 279
9676 140
9677 318
9678 195
9679 372
9680 228
9681 77
9682 37
9683 114
9684 302
9685 397
9686 49
9687 350
9688 73
9689 112
9690 350
9691 164
9692 351
9693 277
9694 195
9695 235
9696 89
9697 23
9698 392
9699 314
9700 358
9701 135
9702 96
9703 171
9704 98
9705 253
9706 366
9707 372
9708 22
9709 80
9710 345
9711 139
9712 48
9713 265
9714 122
9715 126
9716 340
9717 288
9718 326
9719 57
9720 269
9721 53
9722 174
9723 71
9724 315
9725 143
9726 303
9727 91
9728 314
9729 363
9730 354
9731 232
9732 363
9733 316
9734 220
9735 265
9736 305
9737 30
9738 49
9739 354
9740 106
9741 22
9742 127
9743 139
9744 188
9745 250
9746 272
9747 380
9748 279
9749 206
9750 94
9751 83
9752 382
9753 115
9754 129
9755 361
9756 142
9757 9
9758 123
9759 265
9760 262
9761 49
9762 80
9763 172
9764 352
9765 338
9766 274
9767 30
9768 230
9769 212
9770 69
9771 201
9772 48
9773 9
9774 247
9775 345
9776 189
9777 265
9778 77
9779 139
9780 224
9781 277
9782 215
9783 49
9784 225
9785 227
9786 90
9787 140
9788 126
9789 216
9790 391
9791 40
9792 75
9793 365
9794 169
9795 214
9796 48
9797 134
9798 341
9799 192
9800 316
9801 77
9802 329
9803 287
9804 251
9805 279
9806 295
9807 39
9808 309
9809 310
9810 86
9811 287
9812 172
9813 80
9814 238
9815 288
9816 174
9817 9
9818 114
9819 112
9820 100
9821 394
9822 87
9823 112
9824 151
9825 81
9826 338
9827 71
9828 397
9829 351
9830 140
9831 77
9832 52
9833 59
9834 378
9835 83
9836 222
9837 186
9838 184
9839 114
9840 9
9841 253
9842 241
9843 218
9844 389
9845 214
9846 265
9847 266
9848 209
9849 82
9850 316
9851 174
9852 230
9853 26
9854 96
9855 338
9856 340
9857 143
9858 242
9859 37
9860 118
9861 49
9862 22
9863 176
9864 22
9865 370
9866 265
9867 119
9868 388
9869 378
9870 266
9871 364
9872 157
9873 366
9874 153
9875 37
9876 303
9877 360
9878 186
9879 22
9880 113
9881 241
9882 168
9883 246
9884 220
9885 71
9886 188
9887 97
9888 295
9889 232
9890 254
9891 177
9892 288
9893 22
9894 348
9895 248
9896 265
9897 300
9898 279
9899 152
9900 294
9901 92
9902 399
9903 58
9904 276
9905 231
9906 196
9907 57
9908 37
9909 295
9910 131
9911 368
9912 376
9913 253
9914 292
9915 148
9916 9
9917 67
9918 58
9919 193
9920 9
9921 240
9922 99
9923 26
9924 247
9925 307
9926 307
9927 103
9928 66
9929 217
9930 113
9931 76
9932 9
9933 332
9934 152
9935 333
9936 55
9937 262
9938 184
9939 159
9940 193
9941 254
9942 113
9943 383
9944 6
9945 122
9946 359
9947 159
9948 113
9949 55
9950 379
9951 153
9952 49
9953 138
9954 53
9955 342
9956 384
9957 300
9958 22
9959 265
9960 30
9961 346
9962 187
9963 126
9964 22
9965 162
9966 196
9967 173
9968 243
9969 246
9970 376
9971 384
9972 127
9973 116
9974 208
9975 263
9976 385
9977 377
9978 253
9979 388
9980 366
9981 182
9982 297
9983 237
9984 321
9985 328
9986 183
9987 208
9988 174
9989 262
9990 49
9991 220
9992 22
9993 242
9994 30
9995 259
9996 294
9997 157
9998 113
9999 10
