10000 247
10001 312
10002 257
10003 325
10004 371
10005 196
10006 241
10007 254
10008 262
10009 387
10010 246
10011 59
10012 323
10013 163
10014 325
10015 9
10016 303
10017 49
10018 259
10019 354
10020 22
10021 99
10022 22
10023 30
10024 364
10025 77
10026 113
10027 372
10028 277
10029 150
10030 363
10031 393
10032 323
10033 292
10034 396
10035 271
10036 321
10037 63
10038 307
10039 63
10040 113
10041 119
10042 56
10043 9
10044 53
10045 217
10046 353
10047 293
10048 282
10049 218
10050 196
10051 303
10052 40
10053 296
10054 119
10055 147
10056 402
10057 337
10058 167
10059 214
10060 249
10061 265
10062 285
10063 179
10064 113
10065 240
10066 134
10067 184
10068 157
10069 330
10070 22
10071 279
10072 135
10073 220
10074 332
10075 172
10076 294
10077 27
10078 123
10079 240
10080 372
10081 22
10082 92
10083 183
10084 214
10085 95
10086 293
10087 119
10088 31
10089 82
10090 136
10091 225
10092 394
10093 77
10094 348
10095 164
10096 266
10097 22
10098 305
10099 338
10100 95
10101 262
10102 223
10103 231
10104 386
10105 252
10106 22
10107 143
10108 137
10109 209
10110 348
10111 83
10112 309
10113 347
10114 285
10115 238
10116 121
10117 278
10118 224
10119 275
10120 383
10121 75
10122 232
10123 243
10124 161
10125 373
10126 138
10127 58
10128 339
10129 68
10130 98
10131 279
10132 206
10133 169
10134 372
10135 309
10136 208
10137 330
10138 389
10139 381
10140 82
10141 37
10142 376
10143 149
10144 31
10145 9
10146 131
10147 114
10148 47
10149 215
10150 95
10151 141
10152 378
10153 269
10154 174
10155 311
10156 342
10157 198
10158 115
10159 307
10160 279
10161 54
10162 9
10163 220
10164 257
10165 175
10166 254
10167 9
10168 45
10169 160
10170 321
10171 159
10172 140
10173 89
10174 193
10175 9
10176 49
10177 119
10178 201
10179 243
10180 270
10181 26
10182 287
10183 238
10184 68
10185 141
10186 54
10187 257
10188 386
10189 68
10190 295
10191 123
10192 83
10193 175
10194 49
10195 371
10196 247
10197 326
10198 243
10199 183
10200 300
10201 1
10202 37
10203 287
10204 265
10205 22
10206 381
10207 300
10208 213
10209 348
10210 64
10211 282
10212 192
10213 22
10214 22
10215 378
10216 285
10217 22
10218 187
10219 47
10220 138
10221 130
10222 295
10223 282
10224 203
10225 327
10226 357
10227 63
10228 22
10229 57
10230 356
10231 52
10232 272
10233 82
10234 363
10235 88
10236 106
10237 351
10238 243
10239 91
10240 77
10241 91
10242 9
10243 231
10244 250
10245 71
10246 215
10247 307
10248 113
10249 248
10250 139
10251 27
10252 113
10253 354
10254 91
10255 37
10256 184
10257 178
10258 334
10259 321
10260 142
10261 110
10262 37
10263 209
10264 184
10265 141
10266 320
10267 73
10268 187
10269 52
10270 345
10271 81
10272 354
10273 260
10274 373
10275 73
10276 381
10277 22
10278 211
10279 203
10280 152
10281 22
10282 73
10283 135
10284 327
10285 336
10286 260
10287 123
10288 343
10289 9
10290 108
10291 37
10292 274
10293 131
10294 391
10295 37
10296 143
10297 153
10298 251
10299 71
10300 247
10301 140
10302 311
10303 22
10304 314
10305 220
10306 143
10307 232
10308 228
10309 347
10310 176
10311 9
10312 184
10313 358
10314 277
10315 73
10316 208
10317 201
10318 299
10319 123
10320 231
10321 323
10322 119
10323 224
10324 208
10325 167
10326 220
10327 396
10328 266
10329 52
10330 212
10331 119
10332 134
10333 9
10334 124
10335 40
10336 321
10337 172
10338 196
10339 123
10340 348
10341 177
10342 139
10343 259
10344 298
10345 27
10346 282
10347 61
10348 140
10349 157
10350 248
10351 275
10352 323
10353 252
10354 362
10355 152
10356 88
10357 253
10358 31
10359 167
10360 350
10361 136
10362 175
10363 215
10364 159
10365 331
10366 188
10367 389
10368 37
10369 167
10370 22
10371 245
10372 331
10373 374
10374 367
10375 101
10376 287
10377 9
10378 37
10379 259
10380 22
10381 235
10382 204
10383 317
10384 113
10385 158
10386 222
10387 340
10388 100
10389 119
10390 49
10391 371
10392 61
10393 218
10394 198
10395 88
10396 194
10397 37
10398 73
10399 323
10400 167
10401 345
10402 74
10403 58
10404 369
10405 396
10406 368
10407 49
10408 199
10409 383
10410 323
10411 52
10412 92
10413 269
10414 226
10415 353
10416 22
10417 82
10418 344
10419 49
10420 272
10421 268
10422 158
10423 76
10424 46
10425 71
10426 268
10427 215
10428 302
10429 113
10430 351
10431 183
10432 381
10433 221
10434 148
10435 254
10436 320
10437 275
10438 73
10439 386
10440 257
10441 262
10442 291
10443 117
10444 122
10445 184
10446 226
10447 22
10448 95
10449 70
10450 176
10451 50
10452 344
10453 254
10454 219
10455 102
10456 94
10457 135
10458 22
10459 153
10460 189
10461 337
10462 119
10463 22
10464 130
10465 394
10466 165
10467 339
10468 133
10469 318
10470 172
10471 212
10472 301
10473 77
10474 64
10475 135
10476 9
10477 128
10478 395
10479 394
10480 198
10481 133
10482 98
10483 50
10484 305
10485 357
10486 269
10487 357
10488 76
10489 291
10490 61
10491 50
10492 234
10493 314
10494 344
10495 296
10496 179
10497 265
10498 198
10499 183
10500 50
10501 201
10502 201
10503 328
10504 388
10505 228
10506 179
10507 184
10508 122
10509 386
10510 9
10511 50
10512 152
10513 116
10514 206
10515 269
10516 383
10517 127
10518 215
10519 208
10520 73
10521 186
10522 113
10523 54
10524 284
10525 329
10526 189
10527 121
10528 9
10529 22
10530 348
10531 190
10532 225
10533 50
10534 140
10535 22
10536 52
10537 267
10538 179
10539 303
10540 198
10541 50
10542 140
10543 329
10544 336
10545 22
10546 51
10547 325
10548 94
10549 347
10550 179
10551 119
10552 51
10553 336
10554 230
10555 225
10556 59
10557 153
10558 239
10559 75
10560 87
10561 81
10562 288
10563 37
10564 241
10565 337
10566 9
10567 218
10568 187
10569 282
10570 208
10571 23
10572 395
10573 299
10574 92
10575 174
10576 50
10577 67
10578 215
10579 382
10580 215
10581 395
10582 164
10583 54
10584 215
10585 339
10586 383
10587 399
10588 71
10589 113
10590 119
10591 254
10592 225
10593 178
10594 51
10595 333
10596 179
10597 319
10598 386
10599 366
10600 379
10601 23
10602 259
10603 152
10604 174
10605 183
10606 392
10607 64
10608 339
10609 113
10610 354
10611 98
10612 295
10613 113
10614 183
10615 103
10616 269
10617 291
10618 64
10619 387
10620 241
10621 220
10622 201
10623 307
10624 337
10625 237
10626 175
10627 74
10628 386
10629 159
10630 196
10631 170
10632 135
10633 109
10634 275
10635 358
10636 287
10637 265
10638 50
10639 285
10640 326
10641 50
10642 122
10643 37
10644 300
10645 101
10646 361
10647 238
10648 397
10649 170
10650 152
10651 170
10652 23
10653 220
10654 64
10655 87
10656 27
10657 382
10658 178
10659 10
10660 299
10661 211
10662 133
10663 63
10664 48
10665 331
10666 364
10667 358
10668 358
10669 106
10670 65
10671 402
10672 340
10673 328
10674 222
10675 94
10676 10
10677 133
10678 346
10679 19
10680 348
10681 113
10682 72
10683 278
10684 213
10685 238
10686 127
10687 254
10688 90
10689 360
10690 389
10691 83
10692 178
10693 159
10694 113
10695 51
10696 77
10697 115
10698 272
10699 37
10700 327
10701 331
10702 23
10703 72
10704 53
10705 187
10706 367
10707 308
10708 254
10709 316
10710 298
10711 94
10712 262
10713 161
10714 208
10715 247
10716 61
10717 229
10718 233
10719 251
10720 179
10721 27
10722 88
10723 238
10724 31
10725 371
10726 124
10727 399
10728 82
10729 244
10730 197
10731 318
10732 121
10733 268
10734 392
10735 392
10736 186
10737 247
10738 145
10739 320
10740 174
10741 189
10742 198
10743 224
10744 188
10745 317
10746 169
10747 342
10748 303
10749 263
10750 379
10751 262
10752 80
10753 80
10754 125
10755 217
10756 337
10757 124
10758 206
10759 211
10760 208
10761 174
10762 182
10763 147
10764 19
10765 38
10766 389
10767 23
10768 52
10769 384
10770 256
10771 202
10772 55
10773 321
10774 114
10775 349
10776 13
10777 150
10778 1
10779 23
10780 133
10781 38
10782 302
10783 293
10784 241
10785 393
10786 278
10787 201
10788 312
10789 171
10790 72
10791 389
10792 298
10793 282
10794 361
10795 237
10796 61
10797 94
10798 31
10799 10
10800 316
10801 51
10802 257
10803 228
10804 375
10805 318
10806 72
10807 342
10808 72
10809 51
10810 265
10811 10
10812 146
10813 228
10814 276
10815 348
10816 81
10817 310
10818 221
10819 81
10820 397
10821 90
10822 238
10823 139
10824 206
10825 285
10826 244
10827 31
10828 157
10829 376
10830 224
10831 384
10832 164
10833 213
10834 182
10835 156
10836 121
10837 253
10838 237
10839 206
10840 395
10841 325
10842 131
10843 186
10844 23
10845 329
10846 68
10847 336
10848 115
10849 223
10850 326
10851 353
10852 201
10853 119
10854 186
10855 59
10856 10
10857 200
10858 379
10859 226
10860 169
10861 48
10862 64
10863 242
10864 167
10865 108
10866 208
10867 277
10868 137
10869 93
10870 325
10871 262
10872 217
10873 161
10874 230
10875 297
10876 289
10877 303
10878 23
10879 51
10880 323
10881 237
10882 115
10883 23
10884 318
10885 231
10886 208
10887 91
10888 10
10889 30
10890 240
10891 272
10892 184
10893 391
10894 303
10895 310
10896 38
10897 237
10898 10
10899 50
10900 252
10901 88
10902 23
10903 399
10904 23
10905 122
10906 164
10907 285
10908 243
10909 273
10910 254
10911 395
10912 331
10913 114
10914 40
10915 117
10916 316
10917 38
10918 77
10919 113
10920 335
10921 291
10922 38
10923 149
10924 10
10925 133
10926 67
10927 377
10928 31
10929 393
10930 354
10931 152
10932 227
10933 91
10934 367
10935 375
10936 307
10937 360
10938 148
10939 156
10940 52
10941 316
10942 171
10943 146
10944 38
10945 349
10946 336
10947 113
10948 97
10949 83
10950 344
10951 71
10952 392
10953 106
10954 119
10955 113
10956 10
10957 379
10958 59
10959 168
10960 298
10961 320
10962 50
10963 247
10964 268
10965 40
10966 62
10967 11
10968 139
10969 228
10970 317
10971 379
10972 187
10973 204
10974 295
10975 23
10976 176
10977 198
10978 278
10979 402
10980 239
10981 23
10982 86
10983 373
10984 226
10985 152
10986 23
10987 80
10988 98
10989 211
10990 239
10991 207
10992 64
10993 120
10994 262
10995 257
10996 381
10997 335
10998 235
10999 396
11000 274
11001 150
11002 368
11003 303
11004 336
11005 358
11006 208
11007 209
11008 371
11009 57
11010 186
11011 312
11012 254
11013 39
11014 154
11015 140
11016 352
11017 193
11018 307
11019 120
11020 186
11021 10
11022 228
11023 124
11024 269
11025 262
11026 131
11027 320
11028 38
11029 378
11030 159
11031 88
11032 389
11033 356
11034 237
11035 58
11036 246
11037 320
11038 10
11039 131
11040 252
11041 274
11042 241
11043 23
11044 72
11045 153
11046 146
11047 361
11048 38
11049 67
11050 257
11051 50
11052 198
11053 133
11054 76
11055 201
11056 51
11057 310
11058 372
11059 145
11060 150
11061 153
11062 163
11063 251
11064 47
11065 256
11066 203
11067 208
11068 208
11069 31
11070 226
11071 226
11072 300
11073 269
11074 244
11075 208
11076 39
11077 193
11078 354
11079 224
11080 97
11081 208
11082 131
11083 215
11084 96
11085 23
11086 395
11087 167
11088 293
11089 159
11090 149
11091 124
11092 217
11093 44
11094 261
11095 63
11096 226
11097 385
11098 318
11099 38
11100 381
11101 133
11102 110
11103 122
11104 152
11105 342
11106 50
11107 10
11108 202
11109 148
11110 291
11111 297
11112 334
11113 200
11114 146
11115 10
11116 164
11117 61
11118 120
11119 319
11120 113
11121 271
11122 294
11123 288
11124 131
11125 259
11126 350
11127 145
11128 303
11129 307
11130 209
11131 349
11132 120
11133 196
11134 96
11135 163
11136 86
11137 288
11138 347
11139 131
11140 10
11141 237
11142 262
11143 211
11144 359
11145 374
11146 23
11147 394
11148 387
11149 86
11150 165
11151 393
11152 147
11153 202
11154 230
11155 391
11156 391
11157 235
11158 113
11159 61
11160 86
11161 87
11162 120
11163 282
11164 114
11165 122
11166 186
11167 152
11168 197
11169 88
11170 50
11171 57
11172 285
11173 38
11174 314
11175 135
11176 213
11177 233
11178 250
11179 50
11180 50
11181 252
11182 215
11183 395
11184 278
11185 121
11186 285
11187 241
11188 113
11189 375
11190 55
11191 10
11192 121
11193 342
11194 149
11195 125
11196 361
11197 173
11198 253
11199 50
11200 88
11201 359
11202 98
11203 81
11204 312
11205 373
11206 241
11207 152
11208 198
11209 113
11210 97
11211 46
11212 310
11213 52
11214 149
11215 340
11216 372
11217 199
11218 98
11219 50
11220 136
11221 201
11222 265
11223 10
11224 389
11225 40
11226 326
11227 50
11228 211
11229 357
11230 314
11231 142
11232 159
11233 55
11234 114
11235 339
11236 73
11237 10
11238 260
11239 38
11240 340
11241 69
11242 363
11243 385
11244 224
11245 304
11246 377
11247 300
11248 113
11249 224
11250 39
11251 125
11252 58
11253 124
11254 186
11255 249
11256 162
11257 278
11258 161
11259 29
11260 203
11261 61
11262 10
11263 396
11264 71
11265 198
11266 145
11267 10
11268 136
11269 131
11270 230
11271 127
11272 131
11273 366
11274 177
11275 50
11276 152
11277 196
11278 171
11279 10
11280 322
11281 75
11282 59
11283 211
11284 253
11285 282
11286 196
11287 259
11288 371
11289 174
11290 89
11291 98
11292 113
11293 64
11294 228
11295 199
11296 358
11297 335
11298 371
11299 287
11300 121
11301 389
11302 174
11303 266
11304 98
11305 297
11306 23
11307 6
11308 194
11309 131
11310 352
11311 184
11312 13
11313 165
11314 159
11315 344
11316 379
11317 358
11318 31
11319 38
11320 179
11321 277
11322 370
11323 316
11324 117
11325 31
11326 75
11327 58
11328 366
11329 307
11330 72
11331 256
11332 367
11333 38
11334 66
11335 331
11336 210
11337 318
11338 23
11339 175
11340 362
11341 113
11342 104
11343 26
11344 268
11345 40
11346 150
11347 321
11348 63
11349 71
11350 340
11351 313
11352 392
11353 190
11354 129
11355 161
11356 133
11357 370
11358 10
11359 182
11360 358
11361 317
11362 128
11363 226
11364 333
11365 316
11366 361
11367 62
11368 356
11369 174
11370 272
11371 241
11372 23
11373 237
11374 106
11375 106
11376 329
11377 71
11378 106
11379 299
11380 379
11381 159
11382 186
11383 284
11384 331
11385 10
11386 172
11387 186
11388 394
11389 260
11390 323
11391 329
11392 348
11393 382
11394 68
11395 23
11396 196
11397 66
11398 217
11399 72
11400 90
11401 288
11402 190
11403 241
11404 190
11405 72
11406 261
11407 73
11408 167
11409 257
11410 65
11411 320
11412 363
11413 262
11414 166
11415 10
11416 302
11417 214
11418 315
11419 179
11420 54
11421 329
11422 382
11423 106
11424 133
11425 364
11426 366
11427 307
11428 237
11429 344
11430 140
11431 23
11432 234
11433 342
11434 235
11435 309
11436 58
11437 281
11438 320
11439 237
11440 167
11441 38
11442 389
11443 136
11444 44
11445 38
11446 244
11447 320
11448 390
11449 186
11450 227
11451 231
11452 225
11453 143
11454 31
11455 25
11456 159
11457 76
11458 71
11459 23
11460 299
11461 167
11462 374
11463 277
11464 282
11465 50
11466 342
11467 50
11468 69
11469 266
11470 326
11471 288
11472 106
11473 222
11474 253
11475 38
11476 253
11477 165
11478 346
11479 323
11480 327
11481 232
11482 331
11483 302
11484 148
11485 31
11486 175
11487 327
11488 23
11489 320
11490 269
11491 272
11492 38
11493 196
11494 321
11495 70
11496 10
11497 335
11498 382
11499 221
11500 248
11501 76
11502 10
11503 58
11504 222
11505 203
11506 167
11507 10
11508 276
11509 393
11510 191
11511 344
11512 307
11513 23
11514 356
11515 159
11516 117
11517 38
11518 252
11519 96
11520 184
11521 293
11522 230
11523 183
11524 307
11525 142
11526 31
11527 310
11528 272
11529 173
11530 329
11531 348
11532 279
11533 272
11534 23
11535 236
11536 356
11537 323
11538 266
11539 170
11540 133
11541 253
11542 257
11543 132
11544 209
11545 165
11546 335
11547 44
11548 358
11549 345
11550 386
11551 246
11552 329
11553 178
11554 385
11555 117
11556 307
11557 76
11558 262
11559 31
11560 31
11561 236
11562 387
11563 26
11564 361
11565 46
11566 90
11567 399
11568 361
11569 244
11570 10
11571 23
11572 70
11573 145
11574 62
11575 354
11576 224
11577 232
11578 64
11579 70
11580 10
11581 109
11582 190
11583 165
11584 30
11585 31
11586 245
11587 23
11588 232
11589 92
11590 329
11591 150
11592 130
11593 182
11594 10
11595 293
11596 164
11597 198
11598 24
11599 106
11600 106
11601 126
11602 347
11603 317
11604 237
11605 83
11606 367
11607 150
11608 38
11609 303
11610 309
11611 230
11612 226
11613 75
11614 120
11615 325
11616 305
11617 23
11618 51
11619 178
11620 361
11621 153
11622 340
11623 335
11624 257
11625 104
11626 44
11627 291
11628 213
11629 338
11630 291
11631 51
11632 1
11633 46
11634 203
11635 147
11636 331
11637 129
11638 373
11639 344
11640 81
11641 95
11642 145
11643 82
11644 309
11645 233
11646 334
11647 140
11648 367
11649 362
11650 220
11651 120
11652 217
11653 364
11654 143
11655 183
11656 51
11657 279
11658 127
11659 232
11660 96
11661 225
11662 146
11663 342
11664 73
11665 231
11666 190
11667 68
11668 269
11669 288
11670 145
11671 38
11672 29
11673 122
11674 215
11675 302
11676 51
11677 342
11678 248
11679 58
11680 10
11681 120
11682 104
11683 10
11684 72
11685 364
11686 171
11687 379
11688 235
11689 272
11690 349
11691 379
11692 225
11693 117
11694 76
11695 183
11696 194
11697 62
11698 134
11699 44
11700 300
11701 233
11702 220
11703 241
11704 178
11705 113
11706 23
11707 244
11708 354
11709 342
11710 23
11711 44
11712 236
11713 95
11714 253
11715 122
11716 354
11717 323
11718 351
11719 212
11720 70
11721 129
11722 29
11723 74
11724 10
11725 135
11726 393
11727 257
11728 201
11729 278
11730 187
11731 150
11732 38
11733 201
11734 180
11735 196
11736 190
11737 272
11738 29
11739 320
11740 175
11741 387
11742 23
11743 74
11744 230
11745 318
11746 48
11747 383
11748 299
11749 31
11750 165
11751 88
11752 157
11753 258
11754 307
11755 10
11756 309
11757 402
11758 39
11759 246
11760 184
11761 268
11762 106
11763 235
11764 175
11765 183
11766 208
11767 196
11768 385
11769 335
11770 194
11771 31
11772 254
11773 156
11774 88
11775 383
11776 152
11777 318
11778 96
11779 178
11780 266
11781 23
11782 366
11783 326
11784 179
11785 370
11786 313
11787 10
11788 402
11789 182
11790 297
11791 208
11792 374
11793 106
11794 76
11795 342
11796 150
11797 12
11798 162
11799 11
11800 127
11801 370
11802 239
11803 50
11804 341
11805 186
11806 31
11807 23
11808 371
11809 327
11810 152
11811 333
11812 172
11813 62
11814 79
11815 92
11816 262
11817 179
11818 94
11819 24
11820 38
11821 196
11822 378
11823 175
11824 342
11825 315
11826 317
11827 47
11828 318
11829 206
11830 178
11831 113
11832 24
11833 178
11834 281
11835 24
11836 152
11837 357
11838 31
11839 120
11840 285
11841 164
11842 167
11843 291
11844 211
11845 11
11846 339
11847 365
11848 139
11849 100
11850 332
11851 31
11852 298
11853 99
11854 76
11855 24
11856 389
11857 88
11858 278
11859 311
11860 303
11861 307
11862 318
11863 296
11864 120
11865 39
11866 62
11867 320
11868 11
11869 268
11870 46
11871 149
11872 100
11873 31
11874 200
11875 109
11876 11
11877 85
11878 127
11879 402
11880 120
11881 198
11882 268
11883 40
11884 253
11885 388
11886 204
11887 282
11888 342
11889 387
11890 238
11891 31
11892 252
11893 225
11894 337
11895 307
11896 358
11897 208
11898 305
11899 315
11900 222
11901 171
11902 362
11903 72
11904 288
11905 11
11906 106
11907 106
11908 85
11909 385
11910 205
11911 200
11912 177
11913 376
11914 298
11915 268
11916 331
11917 257
11918 317
11919 146
11920 373
11921 184
11922 383
11923 402
11924 196
11925 253
11926 165
11927 220
11928 58
11929 148
11930 92
11931 291
11932 31
11933 309
11934 89
11935 207
11936 31
11937 11
11938 395
11939 228
11940 64
11941 164
11942 209
11943 400
11944 351
11945 272
11946 152
11947 209
11948 222
11949 244
11950 177
11951 373
11952 345
11953 147
11954 24
11955 31
11956 39
11957 275
11958 186
11959 31
11960 131
11961 11
11962 310
11963 317
11964 169
11965 218
11966 106
11967 252
11968 268
11969 320
11970 11
11971 238
11972 279
11973 120
11974 11
11975 64
11976 245
11977 178
11978 32
11979 362
11980 19
11981 211
11982 281
11983 282
11984 256
11985 11
11986 222
11987 257
11988 11
11989 293
11990 329
11991 107
11992 190
11993 143
11994 32
11995 334
11996 309
11997 136
11998 32
11999 85
12000 168
12001 70
12002 253
12003 114
12004 281
12005 187
12006 331
12007 24
12008 130
12009 318
12010 24
12011 333
12012 394
12013 278
12014 70
12015 11
12016 353
12017 51
12018 122
12019 389
12020 24
12021 379
12022 244
12023 241
12024 361
12025 172
12026 245
12027 164
12028 131
12029 137
12030 342
12031 69
12032 32
12033 127
12034 120
12035 148
12036 127
12037 345
12038 402
12039 228
12040 24
12041 329
12042 131
12043 159
12044 278
12045 364
12046 215
12047 213
12048 40
12049 113
12050 325
12051 348
12052 183
12053 376
12054 389
12055 114
12056 84
12057 96
12058 120
12059 51
12060 358
12061 162
12062 385
12063 366
12064 120
12065 121
12066 232
12067 203
12068 373
12069 133
12070 107
12071 354
12072 38
12073 204
12074 202
12075 248
12076 284
12077 24
12078 62
12079 305
12080 258
12081 244
12082 335
12083 360
12084 107
12085 288
12086 235
12087 224
12088 371
12089 350
12090 399
12091 337
12092 323
12093 364
12094 99
12095 109
12096 169
12097 150
12098 120
12099 342
12100 241
12101 291
12102 11
12103 200
12104 349
12105 339
12106 331
12107 24
12108 168
12109 215
12110 201
12111 347
12112 206
12113 104
12114 138
12115 26
12116 70
12117 72
12118 262
12119 66
12120 92
12121 334
12122 318
12123 192
12124 395
12125 179
12126 90
12127 168
12128 24
12129 394
12130 131
12131 95
12132 32
12133 225
12134 329
12135 169
12136 277
12137 11
12138 107
12139 306
12140 24
12141 371
12142 370
12143 361
12144 245
12145 97
12146 179
12147 47
12148 86
12149 315
12150 285
12151 47
12152 356
12153 357
12154 32
12155 90
12156 250
12157 358
12158 85
12159 214
12160 59
12161 383
12162 387
12163 228
12164 351
12165 135
12166 107
12167 190
12168 349
12169 333
12170 388
12171 125
12172 196
12173 83
12174 107
12175 165
12176 47
12177 374
12178 126
12179 187
12180 205
12181 80
12182 278
12183 268
12184 260
12185 250
12186 238
12187 120
12188 348
12189 11
12190 329
12191 51
12192 156
12193 46
12194 130
12195 302
12196 79
12197 100
12198 184
12199 402
12200 92
12201 351
12202 225
12203 298
12204 275
12205 75
12206 396
12207 190
12208 310
12209 159
12210 165
12211 253
12212 171
12213 89
12214 146
12215 400
12216 24
12217 140
12218 143
12219 387
12220 387
12221 241
12222 38
12223 165
12224 269
12225 69
12226 24
12227 249
12228 88
12229 226
12230 241
12231 198
12232 371
12233 85
12234 323
12235 120
12236 99
12237 150
12238 177
12239 220
12240 323
12241 131
12242 394
12243 243
12244 96
12245 241
12246 199
12247 24
12248 358
12249 99
12250 352
12251 229
12252 349
12253 210
12254 32
12255 183
12256 211
12257 323
12258 58
12259 166
12260 134
12261 98
12262 370
12263 247
12264 384
12265 6
12266 155
12267 71
12268 198
12269 388
12270 225
12271 324
12272 288
12273 345
12274 269
12275 142
12276 159
12277 393
12278 244
12279 50
12280 338
12281 272
12282 123
12283 11
12284 201
12285 146
12286 89
12287 230
12288 230
12289 278
12290 32
12291 107
12292 383
12293 254
12294 138
12295 164
12296 351
12297 152
12298 2
12299 173
12300 243
12301 260
12302 357
12303 360
12304 400
12305 303
12306 127
12307 230
12308 107
12309 251
12310 32
12311 223
12312 40
12313 293
12314 11
12315 39
12316 386
12317 190
12318 224
12319 88
12320 262
12321 203
12322 32
12323 177
12324 24
12325 125
12326 385
12327 379
12328 364
12329 109
12330 76
12331 401
12332 44
12333 230
12334 186
12335 196
12336 172
12337 24
12338 69
12339 326
12340 344
12341 131
12342 64
12343 351
12344 98
12345 180
12346 328
12347 81
12348 194
12349 277
12350 381
12351 186
12352 344
12353 104
12354 11
12355 44
12356 11
12357 184
12358 263
12359 32
12360 39
12361 303
12362 77
12363 55
12364 316
12365 160
12366 299
12367 342
12368 172
12369 376
12370 66
12371 352
12372 265
12373 173
12374 288
12375 381
12376 278
12377 79
12378 355
12379 130
12380 278
12381 293
12382 265
12383 88
12384 268
12385 151
12386 169
12387 101
12388 303
12389 402
12390 273
12391 381
12392 361
12393 228
12394 260
12395 198
12396 268
12397 39
12398 236
12399 148
12400 235
12401 228
12402 209
12403 331
12404 263
12405 100
12406 82
12407 130
12408 84
12409 24
12410 97
12411 155
12412 373
12413 204
12414 246
12415 202
12416 123
12417 187
12418 339
12419 132
12420 53
12421 399
12422 262
12423 366
12424 382
12425 184
12426 130
12427 284
12428 226
12429 46
12430 293
12431 326
12432 145
12433 262
12434 333
12435 24
12436 26
12437 185
12438 314
12439 137
12440 11
12441 76
12442 328
12443 391
12444 47
12445 102
12446 64
12447 125
12448 218
12449 328
12450 202
12451 202
12452 171
12453 142
12454 167
12455 120
12456 396
12457 287
12458 60
12459 376
12460 167
12461 159
12462 209
12463 117
12464 126
12465 278
12466 122
12467 333
12468 340
12469 331
12470 223
12471 377
12472 64
12473 393
12474 298
12475 125
12476 224
12477 51
12478 381
12479 211
12480 316
12481 152
12482 353
12483 148
12484 11
12485 324
12486 44
12487 24
12488 265
12489 206
12490 114
12491 55
12492 220
12493 198
12494 70
12495 320
12496 221
12497 269
12498 109
12499 64
12500 117
12501 400
12502 350
12503 67
12504 121
12505 321
12506 220
12507 62
12508 70
12509 76
12510 130
12511 391
12512 11
12513 263
12514 24
12515 127
12516 208
12517 259
12518 385
12519 329
12520 160
12521 76
12522 58
12523 379
12524 19
12525 220
12526 391
12527 127
12528 344
12529 230
12530 213
12531 107
12532 211
12533 51
12534 385
12535 79
12536 287
12537 217
12538 307
12539 243
12540 368
12541 345
12542 345
12543 341
12544 143
12545 156
12546 337
12547 327
12548 47
12549 26
12550 218
12551 341
12552 147
12553 304
12554 303
12555 269
12556 318
12557 11
12558 384
12559 83
12560 269
12561 310
12562 244
12563 268
12564 152
12565 129
12566 394
12567 164
12568 361
12569 351
12570 44
12571 344
12572 201
12573 140
12574 169
12575 277
12576 155
12577 266
12578 238
12579 190
12580 354
12581 393
12582 205
12583 251
12584 333
12585 211
12586 85
12587 165
12588 6
12589 85
12590 302
12591 204
12592 307
12593 306
12594 367
12595 142
12596 55
12597 143
12598 190
12599 327
12600 233
12601 259
12602 70
12603 329
12604 89
12605 11
12606 392
12607 237
12608 313
12609 148
12610 32
12611 150
12612 318
12613 376
12614 60
12615 145
12616 104
12617 201
12618 277
12619 378
12620 99
12621 388
12622 383
12623 172
12624 342
12625 291
12626 400
12627 287
12628 230
12629 76
12630 24
12631 38
12632 257
12633 222
12634 319
12635 237
12636 202
12637 51
12638 148
12639 235
12640 258
12641 39
12642 377
12643 179
12644 244
12645 143
12646 85
12647 32
12648 300
12649 146
12650 243
12651 298
12652 387
12653 107
12654 287
12655 351
12656 391
12657 58
12658 126
12659 230
12660 193
12661 66
12662 366
12663 58
12664 11
12665 303
12666 331
12667 224
12668 362
12669 147
12670 47
12671 363
12672 50
12673 210
12674 97
12675 329
12676 286
12677 41
12678 275
12679 156
12680 107
12681 287
12682 24
12683 70
12684 278
12685 269
12686 32
12687 211
12688 268
12689 24
12690 336
12691 364
12692 303
12693 253
12694 32
12695 225
12696 302
12697 32
12698 390
12699 92
12700 167
12701 348
12702 262
12703 302
12704 369
12705 211
12706 126
12707 11
12708 381
12709 47
12710 100
12711 218
12712 82
12713 155
12714 273
12715 218
12716 253
12717 194
12718 238
12719 359
12720 298
12721 107
12722 259
12723 399
12724 402
12725 104
12726 71
12727 367
12728 233
12729 355
12730 259
12731 385
12732 76
12733 375
12734 24
12735 145
12736 44
12737 212
12738 173
12739 209
12740 339
12741 89
12742 147
12743 248
12744 222
12745 265
12746 51
12747 11
12748 262
12749 32
12750 161
12751 373
12752 32
12753 335
12754 226
12755 222
12756 89
12757 387
12758 41
12759 196
12760 334
12761 364
12762 220
12763 309
12764 269
12765 236
12766 275
12767 274
12768 379
12769 76
12770 127
12771 39
12772 70
12773 83
12774 44
12775 345
12776 379
12777 228
12778 132
12779 178
12780 296
12781 180
12782 333
12783 293
12784 295
12785 285
12786 258
12787 385
12788 185
12789 300
12790 382
12791 70
12792 14
12793 184
12794 161
12795 76
12796 173
12797 24
12798 343
12799 47
12800 368
12801 251
12802 375
12803 90
12804 63
12805 159
12806 109
12807 389
12808 70
12809 81
12810 146
12811 352
12812 230
12813 268
12814 51
12815 369
12816 139
12817 225
12818 97
12819 58
12820 329
12821 388
12822 153
12823 167
12824 231
12825 309
12826 127
12827 320
12828 11
12829 98
12830 204
12831 348
12832 386
12833 156
12834 96
12835 24
12836 226
12837 297
12838 32
12839 124
12840 204
12841 337
12842 279
12843 309
12844 51
12845 137
12846 278
12847 344
12848 247
12849 38
12850 179
12851 344
12852 51
12853 373
12854 6
12855 226
12856 362
12857 202
12858 186
12859 120
12860 232
12861 47
12862 11
12863 0
12864 257
12865 354
12866 286
12867 295
12868 275
12869 127
12870 125
12871 72
12872 127
12873 169
12874 11
12875 44
12876 179
12877 195
12878 257
12879 91
12880 221
12881 362
12882 120
12883 216
12884 24
12885 197
12886 224
12887 114
12888 380
12889 169
12890 107
12891 41
12892 32
12893 164
12894 159
12895 324
12896 218
12897 67
12898 123
12899 269
12900 24
12901 76
12902 281
12903 318
12904 107
12905 11
12906 251
12907 209
12908 75
12909 300
12910 24
12911 11
12912 294
12913 24
12914 120
12915 157
12916 39
12917 349
12918 381
12919 140
12920 79
12921 185
12922 83
12923 11
12924 74
12925 381
12926 201
12927 368
12928 320
12929 149
12930 265
12931 231
12932 11
12933 107
12934 96
12935 310
12936 244
12937 389
12938 46
12939 276
12940 323
12941 107
12942 24
12943 380
12944 329
12945 210
12946 309
12947 138
12948 192
12949 318
12950 166
12951 274
12952 285
12953 107
12954 312
12955 334
12956 81
12957 12
12958 329
12959 139
12960 294
12961 233
12962 58
12963 165
12964 177
12965 31
12966 143
12967 120
12968 316
12969 252
12970 107
12971 51
12972 139
12973 316
12974 107
12975 24
12976 52
12977 269
12978 99
12979 32
12980 64
12981 278
12982 396
12983 236
12984 203
12985 394
12986 252
12987 168
12988 251
12989 230
12990 307
12991 376
12992 83
12993 228
12994 399
12995 25
12996 286
12997 168
12998 96
12999 107
13000 318
13001 250
13002 134
13003 333
13004 191
13005 75
13006 386
13007 60
13008 41
13009 328
13010 149
13011 256
13012 299
13013 228
13014 300
13015 143
13016 167
13017 383
13018 117
13019 188
13020 12
13021 391
13022 298
13023 12
13024 288
13025 86
13026 137
13027 89
13028 205
13029 331
13030 60
13031 393
13032 186
13033 366
13034 362
13035 370
13036 296
13037 336
13038 32
13039 202
13040 291
13041 389
13042 277
13043 70
13044 177
13045 360
13046 374
13047 107
13048 72
13049 99
13050 12
13051 235
13052 244
13053 256
13054 318
13055 235
13056 204
13057 25
13058 330
13059 107
13060 159
13061 92
13062 327
13063 385
13064 293
13065 187
13066 177
13067 373
13068 296
13069 97
13070 12
13071 240
13072 256
13073 32
13074 99
13075 250
13076 260
13077 101
13078 67
13079 39
13080 219
13081 144
13082 313
13083 367
13084 175
13085 252
13086 165
13087 272
13088 359
13089 205
13090 138
13091 318
13092 299
13093 151
13094 51
13095 288
13096 288
13097 216
13098 278
13099 241
13100 12
13101 194
13102 205
13103 41
13104 298
13105 70
13106 138
13107 377
13108 58
13109 81
13110 62
13111 294
13112 356
13113 248
13114 164
13115 64
13116 278
13117 12
13118 309
13119 102
13120 147
13121 130
13122 247
13123 316
13124 321
13125 331
13126 147
13127 329
13128 268
13129 384
13130 41
13131 144
13132 43
13133 134
13134 238
13135 64
13136 319
13137 195
13138 95
13139 179
13140 334
13141 12
13142 123
13143 268
13144 90
13145 379
13146 232
13147 136
13148 316
13149 300
13150 178
13151 25
13152 83
13153 265
13154 60
13155 68
13156 347
13157 155
13158 276
13159 12
13160 371
13161 272
13162 356
13163 310
13164 347
13165 54
13166 377
13167 358
13168 312
13169 25
13170 262
13171 38
13172 241
13173 127
13174 342
13175 223
13176 48
13177 358
13178 136
13179 132
13180 122
13181 150
13182 108
13183 104
13184 201
13185 58
13186 288
13187 340
13188 40
13189 55
13190 260
13191 276
13192 31
13193 237
13194 298
13195 46
13196 70
13197 85
13198 229
13199 19
13200 281
13201 361
13202 287
13203 120
13204 178
13205 25
13206 205
13207 32
13208 253
13209 356
13210 339
13211 323
13212 309
13213 341
13214 287
13215 152
13216 362
13217 194
13218 187
13219 44
13220 12
13221 155
13222 140
13223 74
13224 28
13225 329
13226 399
13227 107
13228 288
13229 268
13230 129
13231 149
13232 244
13233 85
13234 287
13235 159
13236 396
13237 57
13238 159
13239 65
13240 180
13241 177
13242 323
13243 387
13244 241
13245 12
13246 303
13247 25
13248 340
13249 230
13250 281
13251 82
13252 90
13253 277
13254 25
13255 150
13256 152
13257 12
13258 58
13259 12
13260 143
13261 123
13262 225
13263 179
13264 51
13265 25
13266 232
13267 120
13268 187
13269 60
13270 230
13271 349
13272 353
13273 230
13274 350
13275 25
13276 330
13277 31
13278 160
13279 51
13280 101
13281 269
13282 140
13283 378
13284 391
13285 236
13286 161
13287 367
13288 391
13289 114
13290 146
13291 383
13292 85
13293 227
13294 299
13295 109
13296 38
13297 38
13298 120
13299 373
13300 255
13301 38
13302 377
13303 390
13304 328
13305 374
13306 136
13307 205
13308 196
13309 39
13310 58
13311 337
13312 175
13313 72
13314 99
13315 25
13316 268
13317 188
13318 324
13319 274
13320 163
13321 151
13322 332
13323 58
13324 89
13325 32
13326 180
13327 136
13328 150
13329 195
13330 386
13331 166
13332 97
13333 384
13334 361
13335 107
13336 107
13337 160
13338 382
13339 319
13340 218
13341 148
13342 87
13343 334
13344 76
13345 12
13346 121
13347 107
13348 53
13349 235
13350 359
13351 12
13352 178
13353 336
13354 198
13355 348
13356 252
13357 194
13358 12
13359 99
13360 151
13361 126
13362 177
13363 177
13364 41
13365 93
13366 109
13367 320
13368 274
13369 386
13370 121
13371 402
13372 139
13373 169
13374 228
13375 26
13376 47
13377 140
13378 314
13379 382
13380 120
13381 279
13382 309
13383 179
13384 122
13385 82
13386 140
13387 225
13388 120
13389 253
13390 137
13391 310
13392 177
13393 362
13394 328
13395 75
13396 269
13397 64
13398 53
13399 60
13400 274
13401 81
13402 201
13403 300
13404 215
13405 310
13406 301
13407 353
13408 60
13409 205
13410 157
13411 206
13412 98
13413 288
13414 205
13415 366
13416 151
13417 210
13418 180
13419 380
13420 288
13421 224
13422 210
13423 205
13424 279
13425 339
13426 244
13427 190
13428 122
13429 190
13430 297
13431 32
13432 120
13433 143
13434 39
13435 282
13436 334
13437 121
13438 82
13439 129
13440 29
13441 26
13442 140
13443 219
13444 323
13445 399
13446 303
13447 76
13448 40
13449 58
13450 310
13451 393
13452 310
13453 228
13454 12
13455 383
13456 120
13457 131
13458 38
13459 25
13460 268
13461 390
13462 395
13463 394
13464 82
13465 25
13466 12
13467 27
13468 208
13469 312
13470 358
13471 231
13472 90
13473 32
13474 196
13475 38
13476 400
13477 71
13478 208
13479 177
13480 144
13481 219
13482 188
13483 160
13484 212
13485 342
13486 107
13487 73
13488 227
13489 122
13490 156
13491 233
13492 269
13493 289
13494 177
13495 351
13496 254
13497 218
13498 217
13499 95
13500 62
13501 320
13502 376
13503 12
13504 166
13505 25
13506 130
13507 176
13508 88
13509 382
13510 278
13511 287
13512 39
13513 271
13514 211
13515 370
13516 339
13517 239
13518 175
13519 69
13520 120
13521 337
13522 374
13523 107
13524 342
13525 114
13526 288
13527 268
13528 211
13529 107
13530 190
13531 180
13532 307
13533 258
13534 85
13535 282
13536 25
13537 130
13538 366
13539 244
13540 314
13541 311
13542 114
13543 359
13544 269
13545 81
13546 224
13547 74
13548 177
13549 318
13550 279
13551 40
13552 376
13553 209
13554 184
13555 334
13556 361
13557 291
13558 12
13559 136
13560 67
13561 178
13562 313
13563 251
13564 50
13565 219
13566 365
13567 80
13568 32
13569 157
13570 67
13571 297
13572 134
13573 25
13574 291
13575 158
13576 332
13577 117
13578 166
13579 241
13580 1
13581 350
13582 58
13583 87
13584 376
13585 70
13586 50
13587 223
13588 25
13589 366
13590 394
13591 244
13592 282
13593 354
13594 180
13595 336
13596 160
13597 210
13598 58
13599 12
13600 365
13601 25
13602 144
13603 107
13604 205
13605 205
13606 64
13607 242
13608 327
13609 210
13610 230
13611 93
13612 25
13613 41
13614 172
13615 156
13616 310
13617 197
13618 85
13619 107
13620 310
13621 232
13622 318
13623 75
13624 230
13625 257
13626 12
13627 372
13628 331
13629 12
13630 63
13631 179
13632 39
13633 6
13634 150
13635 314
13636 333
13637 55
13638 275
13639 120
13640 130
13641 59
13642 54
13643 320
13644 168
13645 25
13646 236
13647 157
13648 94
13649 371
13650 131
13651 58
13652 260
13653 285
13654 140
13655 315
13656 25
13657 254
13658 159
13659 51
13660 88
13661 177
13662 190
13663 288
13664 32
13665 340
13666 351
13667 344
13668 250
13669 12
13670 107
13671 12
13672 50
13673 50
13674 359
13675 32
13676 241
13677 180
13678 197
13679 136
13680 384
13681 255
13682 276
13683 40
13684 177
13685 358
13686 388
13687 130
13688 38
13689 197
13690 399
13691 67
13692 269
13693 25
13694 180
13695 371
13696 130
13697 38
13698 25
13699 281
13700 261
13701 178
13702 12
13703 190
13704 196
13705 85
13706 50
13707 348
13708 318
13709 152
13710 93
13711 12
13712 136
13713 227
13714 25
13715 55
13716 253
13717 177
13718 120
13719 268
13720 99
13721 93
13722 357
13723 42
13724 362
13725 293
13726 107
13727 268
13728 351
13729 241
13730 90
13731 12
13732 278
13733 276
13734 155
13735 48
13736 87
13737 383
13738 129
13739 73
13740 12
13741 291
13742 58
13743 172
13744 76
13745 159
13746 253
13747 352
13748 373
13749 172
13750 32
13751 205
13752 353
13753 357
13754 349
13755 364
13756 19
13757 126
13758 291
13759 341
13760 32
13761 138
13762 155
13763 93
13764 219
13765 25
13766 25
13767 329
13768 229
13769 122
13770 167
13771 50
13772 365
13773 186
13774 25
13775 344
13776 275
13777 240
13778 294
13779 352
13780 312
13781 392
13782 236
13783 107
13784 175
13785 368
13786 94
13787 337
13788 51
13789 193
13790 329
13791 301
13792 82
13793 269
13794 213
13795 25
13796 25
13797 236
13798 124
13799 196
13800 25
13801 257
13802 93
13803 292
13804 233
13805 392
13806 228
13807 339
13808 205
13809 387
13810 190
13811 25
13812 12
13813 12
13814 12
13815 41
13816 126
13817 87
13818 147
13819 225
13820 173
13821 334
13822 361
13823 25
13824 12
13825 282
13826 59
13827 174
13828 50
13829 349
13830 158
13831 94
13832 25
13833 374
13834 353
13835 87
13836 140
13837 178
13838 331
13839 19
13840 78
13841 272
13842 235
13843 198
13844 366
13845 25
13846 114
13847 142
13848 120
13849 25
13850 187
13851 83
13852 310
13853 169
13854 104
13855 59
13856 309
13857 165
13858 38
13859 82
13860 353
13861 165
13862 364
13863 40
13864 50
13865 272
13866 241
13867 268
13868 362
13869 12
13870 223
13871 235
13872 25
13873 312
13874 12
13875 57
13876 328
13877 167
13878 70
13879 217
13880 253
13881 345
13882 195
13883 350
