0 0
1 234
2 197
3 139
4 315
5 388
6 158
7 31
8 147
9 168
10 90
11 88
12 58
13 347
14 46
15 28
16 182
17 399
18 17
19 245
20 353
21 79
22 189
23 218
24 2
25 94
26 299
27 224
28 402
29 68
30 372
31 382
32 302
33 252
34 48
35 245
36 355
37 182
38 200
39 284
40 42
41 46
42 301
43 117
44 223
45 259
46 33
47 144
48 229
49 33
50 69
51 199
52 87
53 133
54 145
55 186
56 238
57 179
58 1
59 80
60 332
61 78
62 62
63 68
64 310
65 370
66 117
67 157
68 337
69 330
70 137
71 150
72 48
73 188
74 291
75 246
76 7
77 20
78 4
79 182
80 74
81 87
82 75
83 310
84 332
85 312
86 364
87 183
88 381
89 369
90 343
91 29
92 290
93 98
94 67
95 333
96 373
97 82
98 97
99 360
100 261
101 104
102 381
103 105
104 379
105 74
106 365
107 373
108 267
109 306
110 17
111 386
112 367
113 20
114 43
115 86
116 262
117 223
118 79
119 138
120 344
121 90
122 75
123 90
124 158
125 58
126 349
127 13
128 137
129 246
130 375
131 297
132 334
133 64
134 173
135 41
136 253
137 310
138 75
139 137
140 150
141 382
142 267
143 92
144 31
145 16
146 30
147 33
148 145
149 14
150 325
151 65
152 193
153 319
154 198
155 248
156 20
157 352
158 273
159 339
160 334
161 248
162 349
163 114
164 45
165 304
166 156
167 103
168 353
169 138
170 346
171 395
172 261
173 16
174 347
175 63
176 267
177 392
178 304
179 305
180 194
181 48
182 95
183 74
184 330
185 279
186 226
187 13
188 205
189 87
190 119
191 173
192 212
193 17
194 172
195 350
196 192
197 210
198 353
199 29
200 365
201 395
202 47
203 337
204 3
205 273
206 252
207 352
208 116
209 173
210 193
211 0
212 105
213 66
214 243
215 101
216 212
217 93
218 162
219 371
220 248
221 175
222 340
223 362
224 149
225 259
226 195
227 138
228 149
229 368
230 273
231 33
232 75
233 130
234 301
235 312
236 149
237 155
238 214
239 168
240 366
241 168
242 68
243 185
244 302
245 56
246 384
247 206
248 216
249 101
250 317
251 237
252 182
253 263
254 377
255 33
256 354
257 134
258 135
259 292
260 163
261 224
262 97
263 213
264 332
265 227
266 336
267 286
268 183
269 220
270 93
271 29
272 317
273 233
274 282
275 32
276 239
277 118
278 217
279 14
280 156
281 323
282 13
283 383
284 347
285 43
286 297
287 7
288 353
289 373
290 349
291 121
292 308
293 75
294 130
295 376
296 176
297 328
298 239
299 175
300 270
301 67
302 133
303 159
304 290
305 248
306 66
307 118
308 108
309 217
310 372
311 15
312 313
313 33
314 263
315 104
316 105
317 88
318 121
319 178
320 58
321 105
322 317
323 156
324 66
325 16
326 122
327 349
328 135
329 349
330 68
331 346
332 340
333 137
334 66
335 75
336 91
337 389
338 1
339 331
340 119
341 4
342 390
343 145
344 54
345 0
346 20
347 122
348 29
349 370
350 140
351 277
352 33
353 328
354 301
355 121
356 343
357 109
358 225
359 276
360 155
361 162
362 2
363 313
364 182
365 68
366 251
367 118
368 117
369 169
370 376
371 211
372 13
373 362
374 123
375 81
376 3
377 138
378 66
379 86
380 365
381 138
382 0
383 0
384 273
385 368
386 68
387 223
388 13
389 68
390 138
391 146
392 115
393 298
394 233
395 289
396 192
397 356
398 227
399 79
400 76
401 346
402 28
403 324
404 46
405 137
406 185
407 262
408 335
409 374
410 32
411 303
412 229
413 104
414 272
415 91
416 218
417 332
418 56
419 336
420 144
421 199
422 366
423 252
424 101
425 250
426 365
427 146
428 177
429 352
430 374
431 62
432 286
433 182
434 33
435 201
436 137
437 73
438 332
439 281
440 14
441 155
442 221
443 162
444 68
445 57
446 352
447 388
448 263
449 299
450 189
451 56
452 236
453 286
454 340
455 75
456 115
457 391
458 74
459 306
460 104
461 29
462 67
463 394
464 7
465 347
466 188
467 44
468 375
469 140
470 2
471 121
472 221
473 379
474 362
475 283
476 17
477 378
478 257
479 145
480 73
481 166
482 246
483 129
484 172
485 367
486 306
487 33
488 237
489 261
490 151
491 221
492 351
493 205
494 183
495 1
496 273
497 259
498 231
499 167
500 196
501 304
502 191
503 116
504 138
505 211
506 54
507 295
508 46
509 355
510 209
511 362
512 129
513 397
514 149
515 350
516 33
517 399
518 259
519 368
520 157
521 207
522 117
523 144
524 287
525 69
526 227
527 217
528 117
529 17
530 308
531 57
532 214
533 4
534 290
535 14
536 350
537 237
538 299
539 144
540 317
541 13
542 194
543 177
544 188
545 229
546 0
547 163
548 103
549 257
550 13
551 259
552 179
553 385
554 84
555 299
556 263
557 224
558 108
559 344
560 77
561 0
562 248
563 15
564 33
565 239
566 184
567 211
568 263
569 151
570 192
571 263
572 88
573 276
574 322
575 172
576 2
577 166
578 141
579 207
580 158
581 347
582 217
583 63
584 270
585 341
586 15
587 307
588 136
589 15
590 63
591 263
592 169
593 45
594 237
595 310
596 306
597 133
598 162
599 267
600 355
601 286
602 193
603 259
604 132
605 124
606 247
607 267
608 227
609 292
610 200
611 2
612 158
613 93
614 137
615 324
616 336
617 46
618 293
619 213
620 359
621 289
622 110
623 137
624 136
625 210
626 271
627 283
628 99
629 188
630 0
631 357
632 168
633 249
634 104
635 102
636 105
637 47
638 29
639 104
640 13
641 118
642 120
643 166
644 284
645 0
646 29
647 92
648 100
649 281
650 194
651 0
652 118
653 283
654 79
655 243
656 292
657 344
658 216
659 321
660 156
661 115
662 314
663 332
664 133
665 115
666 388
667 248
668 140
669 355
670 306
671 13
672 88
673 395
674 297
675 46
676 14
677 114
678 73
679 355
680 292
681 327
682 129
683 234
684 360
685 348
686 263
687 188
688 400
689 224
690 56
691 13
692 105
693 20
694 205
695 0
696 29
697 138
698 66
699 124
700 166
701 48
702 0
703 150
704 86
705 155
706 158
707 290
708 84
709 31
710 46
711 380
712 114
713 309
714 151
715 328
716 402
717 33
718 1
719 195
720 172
721 198
722 393
723 363
724 229
725 242
726 347
727 138
728 302
729 191
730 234
731 83
732 57
733 221
734 122
735 279
736 74
737 394
738 248
739 52
740 90
741 158
742 33
743 357
744 346
745 20
746 352
747 84
748 261
749 221
750 273
751 246
752 157
753 62
754 304
755 300
756 56
757 388
758 117
759 29
760 233
761 100
762 148
763 14
764 162
765 67
766 14
767 165
768 205
769 166
770 296
771 98
772 14
773 210
774 56
775 369
776 29
777 84
778 76
779 86
780 141
781 319
782 276
783 41
784 117
785 267
786 383
787 212
788 271
789 93
790 239
791 1
792 353
793 14
794 135
795 363
796 273
797 292
798 133
799 33
800 33
801 341
802 216
803 101
804 357
805 353
806 321
807 364
808 157
809 271
810 399
811 17
812 0
813 387
814 251
815 122
816 97
817 261
818 169
819 94
820 369
821 366
822 7
823 348
824 87
825 75
826 402
827 79
828 263
829 75
830 17
831 57
832 284
833 213
834 194
835 300
836 96
837 102
838 346
839 400
840 7
841 302
842 297
843 141
844 242
845 33
846 244
847 101
848 336
849 188
850 229
851 156
852 378
853 95
854 366
855 17
856 39
857 233
858 104
859 327
860 236
861 185
862 169
863 116
864 256
865 0
866 210
867 274
868 84
869 280
870 353
871 360
872 241
873 67
874 129
875 159
876 297
877 57
878 370
879 395
880 13
881 66
882 62
883 280
884 219
885 214
886 376
887 284
888 373
889 229
890 395
891 349
892 33
893 87
894 375
895 136
896 144
897 251
898 84
899 271
900 258
901 189
902 207
903 363
904 116
905 364
906 192
907 193
908 135
909 33
910 149
911 249
912 84
913 341
914 79
915 194
916 82
917 363
918 0
919 97
920 63
921 324
922 67
923 55
924 13
925 375
926 79
927 161
928 75
929 271
930 274
931 90
932 256
933 217
934 171
935 280
936 370
937 263
938 393
939 250
940 189
941 13
942 109
943 184
944 386
945 33
946 359
947 273
948 193
949 339
950 394
951 27
952 204
953 55
954 116
955 221
956 43
957 42
958 206
959 84
960 308
961 270
962 102
963 146
964 148
965 293
966 203
967 236
968 161
969 400
970 103
971 252
972 182
973 281
974 43
975 116
976 41
977 299
978 203
979 176
980 116
981 370
982 28
983 178
984 129
985 217
986 13
987 138
988 62
989 74
990 41
991 402
992 368
993 13
994 302
995 110
996 115
997 183
998 94
999 252
1000 295
1001 136
1002 237
1003 399
1004 169
1005 40
1006 253
1007 369
1008 168
1009 204
1010 166
1011 221
1012 75
1013 64
1014 0
1015 283
1016 145
1017 104
1018 182
1019 223
1020 329
1021 143
1022 256
1023 243
1024 256
1025 122
1026 182
1027 144
1028 182
1029 16
1030 355
1031 345
1032 148
1033 392
1034 317
1035 231
1036 178
1037 239
1038 171
1039 195
1040 280
1041 101
1042 40
1043 164
1044 66
1045 248
1046 95
1047 390
1048 54
1049 4
1050 238
1051 154
1052 162
1053 124
1054 75
1055 286
1056 115
1057 290
1058 245
1059 29
1060 214
1061 380
1062 375
1063 150
1064 100
1065 75
1066 209
1067 383
1068 195
1069 271
1070 384
1071 15
1072 370
1073 391
1074 154
1075 199
1076 194
1077 123
1078 194
1079 174
1080 162
1081 66
1082 175
1083 275
1084 317
1085 312
1086 238
1087 390
1088 191
1089 246
1090 96
1091 374
1092 192
1093 41
1094 283
1095 245
1096 188
1097 64
1098 174
1099 227
1100 91
1101 388
1102 0
1103 357
1104 192
1105 145
1106 369
1107 101
1108 33
1109 242
1110 360
1111 372
1112 350
1113 136
1114 221
1115 148
1116 72
1117 65
1118 231
1119 62
1120 66
1121 158
1122 118
1123 332
1124 129
1125 77
1126 327
1127 370
1128 226
1129 177
1130 188
1131 344
1132 46
1133 225
1134 341
1135 256
1136 146
1137 369
1138 193
1139 15
1140 252
1141 138
1142 0
1143 118
1144 129
1145 233
1146 0
1147 392
1148 46
1149 188
1150 33
1151 344
1152 63
1153 373
1154 192
1155 173
1156 248
1157 194
1158 68
1159 3
1160 280
1161 76
1162 239
1163 48
1164 383
1165 74
1166 78
1167 390
1168 62
1169 324
1170 369
1171 158
1172 355
1173 90
1174 46
1175 151
1176 280
1177 15
1178 362
1179 313
1180 353
1181 255
1182 248
1183 383
1184 91
1185 286
1186 15
1187 242
1188 267
1189 357
1190 194
1191 136
1192 171
1193 328
1194 263
1195 351
1196 110
1197 306
1198 45
1199 153
1200 261
1201 280
1202 335
1203 296
1204 242
1205 378
1206 55
1207 28
1208 292
1209 332
1210 319
1211 335
1212 217
1213 359
1214 234
1215 378
1216 156
1217 172
1218 262
1219 93
1220 170
1221 66
1222 273
1223 128
1224 298
1225 168
1226 378
1227 373
1228 324
1229 213
1230 74
1231 91
1232 185
1233 133
1234 2
1235 194
1236 33
1237 110
1238 157
1239 306
1240 221
1241 319
1242 144
1243 372
1244 259
1245 365
1246 62
1247 245
1248 365
1249 68
1250 57
1251 62
1252 313
1253 336
1254 354
1255 138
1256 276
1257 262
1258 175
1259 95
1260 323
1261 13
1262 294
1263 57
1264 45
1265 119
1266 296
1267 363
1268 13
1269 142
1270 224
1271 395
1272 289
1273 205
1274 196
1275 380
1276 305
1277 229
1278 286
1279 205
1280 33
1281 13
1282 118
1283 256
1284 318
1285 82
1286 322
1287 290
1288 388
1289 134
1290 2
1291 284
1292 297
1293 80
1294 46
1295 13
1296 178
1297 227
1298 256
1299 13
1300 167
1301 129
1302 167
1303 378
1304 90
1305 63
1306 129
1307 135
1308 272
1309 260
1310 346
1311 0
1312 324
1313 66
1314 271
1315 365
1316 296
1317 213
1318 13
1319 99
1320 261
1321 242
1322 258
1323 174
1324 194
1325 365
1326 118
1327 321
1328 219
1329 172
1330 195
1331 189
1332 267
1333 231
1334 290
1335 368
1336 93
1337 374
1338 13
1339 318
1340 0
1341 233
1342 192
1343 207
1344 306
1345 212
1346 169
1347 199
1348 317
1349 33
1350 68
1351 324
1352 1
1353 384
1354 84
1355 124
1356 155
1357 0
1358 308
1359 110
1360 402
1361 194
1362 57
1363 72
1364 186
1365 131
1366 289
1367 171
1368 261
1369 95
1370 141
1371 124
1372 157
1373 255
1374 233
1375 218
1376 118
1377 144
1378 343
1379 90
1380 144
1381 97
1382 352
1383 67
1384 84
1385 396
1386 156
1387 14
1388 231
1389 395
1390 293
1391 357
1392 201
1393 322
1394 125
1395 213
1396 317
1397 101
1398 401
1399 321
1400 227
1401 355
1402 101
1403 229
1404 87
1405 267
1406 166
1407 155
1408 164
1409 156
1410 148
1411 282
1412 385
1413 383
1414 195
1415 163
1416 248
1417 133
1418 166
1419 121
1420 324
1421 101
1422 396
1423 175
1424 101
1425 348
1426 48
1427 15
1428 116
1429 105
1430 317
1431 321
1432 285
1433 250
1434 105
1435 103
1436 317
1437 99
1438 134
1439 188
1440 231
1441 144
1442 63
1443 289
1444 63
1445 330
1446 226
1447 268
1448 0
1449 158
1450 124
1451 105
1452 276
1453 261
1454 301
1455 144
1456 29
1457 297
1458 330
1459 29
1460 401
1461 194
1462 392
1463 172
1464 346
1465 221
1466 372
1467 84
1468 201
1469 330
1470 277
1471 115
1472 87
1473 306
1474 233
1475 14
1476 29
1477 70
1478 192
1479 369
1480 312
1481 234
1482 202
1483 372
1484 128
1485 393
1486 324
1487 62
1488 131
1489 0
1490 127
1491 292
1492 365
1493 115
1494 267
1495 117
1496 47
1497 294
1498 325
1499 378
1500 332
1501 290
1502 29
1503 357
1504 79
1505 65
1506 133
1507 63
1508 191
1509 79
1510 336
1511 205
1512 281
1513 192
1514 14
1515 306
1516 144
1517 163
1518 139
1519 251
1520 57
1521 299
1522 182
1523 114
1524 33
1525 305
1526 135
1527 335
1528 322
1529 193
1530 175
1531 173
1532 15
1533 80
1534 217
1535 66
1536 105
1537 141
1538 324
1539 63
1540 195
1541 84
1542 366
1543 121
1544 286
1545 99
1546 46
1547 133
1548 105
1549 155
1550 295
1551 213
1552 114
1553 352
1554 137
1555 195
1556 286
1557 192
1558 221
1559 305
1560 123
1561 57
1562 350
1563 191
1564 211
1565 123
1566 27
1567 134
1568 0
1569 300
1570 81
1571 144
1572 1
1573 391
1574 370
1575 67
1576 193
1577 399
1578 46
1579 280
1580 203
1581 167
1582 181
1583 223
1584 359
1585 292
1586 147
1587 239
1588 239
1589 96
1590 255
1591 217
1592 144
1593 14
1594 312
1595 1
1596 26
1597 254
1598 377
1599 279
1600 221
1601 321
1602 222
1603 294
1604 323
1605 346
1606 183
1607 283
1608 372
1609 261
1610 234
1611 109
1612 327
1613 1
1614 20
1615 122
1616 248
1617 376
1618 178
1619 44
1620 20
1621 307
1622 117
1623 279
1624 123
1625 33
1626 236
1627 322
1628 33
1629 319
1630 125
1631 346
1632 108
1633 259
1634 173
1635 330
1636 396
1637 141
1638 359
1639 396
1640 180
1641 369
1642 114
1643 182
1644 84
1645 82
1646 20
1647 214
1648 392
1649 155
1650 101
1651 353
1652 96
1653 59
1654 110
1655 386
1656 286
1657 230
1658 285
1659 125
1660 256
1661 373
1662 177
1663 356
1664 223
1665 101
1666 81
1667 161
1668 289
1669 311
1670 374
1671 44
1672 42
1673 334
1674 102
1675 33
1676 20
1677 0
1678 279
1679 14
1680 163
1681 14
1682 373
1683 327
1684 102
1685 95
1686 33
1687 43
1688 141
1689 310
1690 81
1691 188
1692 189
1693 388
1694 358
1695 87
1696 273
1697 0
1698 249
1699 162
1700 57
1701 304
1702 117
1703 117
1704 330
1705 137
1706 236
1707 237
1708 3
1709 289
1710 0
1711 286
1712 291
1713 335
1714 58
1715 66
1716 349
1717 72
1718 213
1719 116
1720 138
1721 322
1722 122
1723 258
1724 151
1725 90
1726 273
1727 84
1728 237
1729 381
1730 227
1731 286
1732 302
1733 290
1734 141
1735 355
1736 72
1737 14
1738 347
1739 141
1740 14
1741 368
1742 81
1743 347
1744 43
1745 168
1746 390
1747 13
1748 62
1749 203
1750 290
1751 60
1752 369
1753 200
1754 161
1755 234
1756 395
1757 125
1758 94
1759 137
1760 143
1761 257
1762 280
1763 267
1764 245
1765 321
1766 199
1767 290
1768 116
1769 319
1770 42
1771 42
1772 71
1773 179
1774 161
1775 119
1776 129
1777 81
1778 247
1779 280
1780 116
1781 45
1782 69
1783 361
1784 391
1785 117
1786 155
1787 72
1788 251
1789 189
1790 0
1791 383
1792 257
1793 377
1794 389
1795 0
1796 104
1797 121
1798 343
1799 108
1800 174
1801 103
1802 395
1803 60
1804 74
1805 271
1806 95
1807 295
1808 277
1809 256
1810 305
1811 41
1812 296
1813 390
1814 277
1815 116
1816 146
1817 252
1818 27
1819 161
1820 263
1821 73
1822 328
1823 379
1824 363
1825 26
1826 62
1827 173
1828 200
1829 202
1830 280
1831 14
1832 101
1833 88
1834 375
1835 280
1836 351
1837 192
1838 87
1839 121
1840 66
1841 108
1842 66
1843 123
1844 375
1845 231
1846 306
1847 259
1848 377
1849 103
1850 172
1851 349
1852 202
1853 379
1854 66
1855 343
1856 334
1857 79
1858 249
1859 231
1860 46
1861 351
1862 66
1863 110
1864 0
1865 110
1866 337
1867 360
1868 322
1869 328
1870 351
1871 333
1872 194
1873 81
1874 200
1875 162
1876 62
1877 1
1878 319
1879 213
1880 261
1881 26
1882 149
1883 271
1884 330
1885 236
1886 251
1887 236
1888 175
1889 110
1890 193
1891 355
1892 180
1893 54
1894 256
1895 30
1896 312
1897 204
1898 164
1899 262
1900 81
1901 156
1902 305
1903 280
1904 396
1905 166
1906 155
1907 267
1908 235
1909 162
1910 165
1911 221
1912 199
1913 95
1914 340
1915 84
1916 233
1917 132
1918 249
1919 271
1920 204
1921 251
1922 32
1923 233
1924 335
1925 252
1926 182
1927 98
1928 397
1929 363
1930 97
1931 392
1932 393
1933 204
1934 319
1935 302
1936 100
1937 249
1938 192
1939 327
1940 239
1941 314
1942 158
1943 211
1944 333
1945 90
1946 149
1947 289
1948 80
1949 331
1950 393
1951 1
1952 336
1953 57
1954 279
1955 90
1956 17
1957 284
1958 137
1959 199
1960 182
1961 397
1962 103
1963 141
1964 246
1965 305
1966 99
1967 1
1968 370
1969 41
1970 7
1971 204
1972 290
1973 141
1974 137
1975 66
1976 41
1977 286
1978 286
1979 259
1980 373
1981 206
1982 40
1983 95
1984 390
1985 281
1986 281
1987 145
1988 79
1989 259
1990 203
1991 310
1992 284
1993 118
1994 141
1995 346
1996 110
1997 287
1998 286
1999 110
2000 270
2001 363
2002 308
2003 17
2004 340
2005 110
2006 336
2007 217
2008 40
2009 222
2010 79
2011 87
2012 91
2013 229
2014 305
2015 353
2016 7
2017 7
2018 40
2019 33
2020 145
2021 201
2022 17
2023 155
2024 116
2025 46
2026 33
2027 78
2028 274
2029 162
2030 116
2031 193
2032 184
2033 45
2034 338
2035 60
2036 110
2037 141
2038 162
2039 110
2040 137
2041 372
2042 368
2043 250
2044 232
2045 321
2046 54
2047 141
2048 177
2049 54
2050 315
2051 250
2052 201
2053 368
2054 301
2055 216
2056 372
2057 378
2058 290
2059 355
2060 235
2061 110
2062 223
2063 91
2064 87
2065 142
2066 116
2067 301
2068 388
2069 0
2070 17
2071 40
2072 362
2073 100
2074 337
2075 41
2076 297
2077 157
2078 366
2079 334
2080 1
2081 33
2082 356
2083 41
2084 210
2085 346
2086 299
2087 69
2088 397
2089 249
2090 391
2091 74
2092 145
2093 259
2094 109
2095 18
2096 33
2097 90
2098 104
2099 295
2100 283
2101 144
2102 230
2103 42
2104 388
2105 242
2106 300
2107 129
2108 369
2109 289
2110 390
2111 34
2112 173
2113 308
2114 14
2115 128
2116 283
2117 262
2118 167
2119 33
2120 256
2121 296
2122 225
2123 338
2124 66
2125 174
2126 256
2127 380
2128 290
2129 216
2130 73
2131 355
2132 359
2133 14
2134 174
2135 79
2136 1
2137 391
2138 292
2139 149
2140 239
2141 386
2142 203
2143 74
2144 232
2145 33
2146 14
2147 96
2148 395
2149 241
2150 267
2151 176
2152 213
2153 212
2154 341
2155 220
2156 17
2157 362
2158 203
2159 385
2160 373
2161 14
2162 114
2163 161
2164 330
2165 109
2166 103
2167 292
2168 103
2169 87
2170 362
2171 344
2172 192
2173 289
2174 372
2175 324
2176 115
2177 34
2178 144
2179 275
2180 210
2181 103
2182 66
2183 99
2184 311
2185 55
2186 66
2187 317
2188 330
2189 390
2190 294
2191 185
2192 233
2193 96
2194 108
2195 44
2196 390
2197 263
2198 62
2199 270
2200 280
2201 202
2202 305
2203 102
2204 395
2205 157
2206 274
2207 74
2208 258
2209 34
2210 161
2211 69
2212 348
2213 341
2214 69
2215 212
2216 1
2217 30
2218 306
2219 93
2220 365
2221 400
2222 30
2223 340
2224 100
2225 200
2226 102
2227 14
2228 124
2229 162
2230 237
2231 135
2232 242
2233 174
2234 305
2235 99
2236 69
2237 280
2238 218
2239 134
2240 216
2241 355
2242 1
2243 339
2244 93
2245 128
2246 207
2247 392
2248 156
2249 313
2250 14
2251 229
2252 183
2253 93
2254 327
2255 296
2256 346
2257 67
2258 207
2259 302
2260 155
2261 94
2262 360
2263 189
2264 338
2265 148
2266 62
2267 345
2268 321
2269 14
2270 371
2271 338
2272 69
2273 115
2274 192
2275 239
2276 15
2277 355
2278 90
2279 373
2280 108
2281 242
2282 236
2283 101
2284 115
2285 163
2286 80
2287 223
2288 185
2289 349
2290 80
2291 4
2292 125
2293 369
2294 263
2295 298
2296 239
2297 152
2298 267
2299 45
2300 226
2301 16
2302 177
2303 94
2304 215
2305 116
2306 94
2307 212
2308 386
2309 167
2310 151
2311 338
2312 229
2313 280
2314 323
2315 264
2316 347
2317 246
2318 74
2319 188
2320 15
2321 359
2322 116
2323 87
2324 239
2325 156
2326 181
2327 92
2328 322
2329 335
2330 102
2331 145
2332 225
2333 101
2334 48
2335 164
2336 87
2337 182
2338 207
2339 145
2340 311
2341 239
2342 48
2343 297
2344 4
2345 343
2346 179
2347 239
2348 378
2349 264
2350 243
2351 163
2352 344
2353 80
2354 315
2355 365
2356 393
2357 162
2358 31
2359 171
2360 283
2361 322
2362 72
2363 277
2364 56
2365 30
2366 98
2367 189
2368 15
2369 295
2370 227
2371 15
2372 48
2373 128
2374 233
2375 359
2376 336
2377 168
2378 65
2379 297
2380 151
2381 26
2382 101
2383 34
2384 384
2385 341
2386 302
2387 234
2388 338
2389 206
2390 293
2391 200
2392 172
2393 132
2394 192
2395 290
2396 4
2397 72
2398 325
2399 160
2400 137
2401 302
2402 295
2403 100
2404 202
2405 290
2406 101
2407 27
2408 242
2409 214
2410 28
2411 15
2412 271
2413 214
2414 332
2415 62
2416 249
2417 232
2418 371
2419 15
2420 34
2421 226
2422 296
2423 71
2424 225
2425 170
2426 270
2427 79
2428 124
2429 283
2430 118
2431 359
2432 376
2433 48
2434 322
2435 98
2436 374
2437 329
2438 132
2439 382
2440 294
2441 247
2442 302
2443 249
2444 65
2445 174
2446 264
2447 185
2448 171
2449 1
2450 161
2451 118
2452 57
2453 360
2454 133
2455 389
2456 251
2457 66
2458 363
2459 1
2460 2
2461 98
2462 86
2463 375
2464 271
2465 138
2466 248
2467 1
2468 164
2469 352
2470 172
2471 319
2472 400
2473 173
2474 347
2475 2
2476 238
2477 264
2478 76
2479 72
2480 378
2481 170
2482 56
2483 378
2484 364
2485 372
2486 324
2487 48
2488 347
2489 2
2490 15
2491 96
2492 45
2493 161
2494 15
2495 252
2496 100
2497 362
2498 267
2499 176
2500 334
2501 296
2502 79
2503 302
2504 170
2505 340
2506 333
2507 162
2508 129
2509 61
2510 369
2511 349
2512 155
2513 93
2514 280
2515 146
2516 96
2517 15
2518 352
2519 214
2520 390
2521 202
2522 62
2523 93
2524 80
2525 278
2526 93
2527 2
2528 222
2529 15
2530 191
2531 333
2532 327
2533 27
2534 366
2535 14
2536 118
2537 74
2538 34
2539 84
2540 384
2541 250
2542 205
2543 224
2544 342
2545 238
2546 91
2547 362
2548 212
2549 176
2550 34
2551 14
2552 276
2553 256
2554 149
2555 45
2556 45
2557 14
2558 332
2559 217
2560 368
2561 101
2562 3
2563 353
2564 45
2565 300
2566 59
2567 294
2568 155
2569 101
2570 384
2571 151
2572 267
2573 101
2574 296
2575 258
2576 72
2577 135
2578 189
2579 101
2580 67
2581 246
2582 284
2583 193
2584 162
2585 267
2586 210
2587 57
2588 155
2589 2
2590 101
2591 271
2592 124
2593 170
2594 283
2595 172
2596 303
2597 182
2598 342
2599 248
2600 53
2601 212
2602 358
2603 237
2604 374
2605 84
2606 27
2607 216
2608 61
2609 45
2610 188
2611 347
2612 280
2613 292
2614 337
2615 57
2616 325
2617 333
2618 1
2619 84
2620 90
2621 309
2622 382
2623 97
2624 82
2625 402
2626 45
2627 139
2628 47
2629 28
2630 47
2631 94
2632 388
2633 346
2634 333
2635 379
2636 392
2637 1
2638 133
2639 264
2640 74
2641 330
2642 66
2643 369
2644 71
2645 122
2646 1
2647 343
2648 294
2649 34
2650 231
2651 290
2652 293
2653 13
2654 346
2655 223
2656 178
2657 128
2658 187
2659 378
2660 225
2661 357
2662 34
2663 66
2664 235
2665 191
2666 167
2667 360
2668 199
2669 353
2670 210
2671 286
2672 357
2673 380
2674 289
2675 56
2676 133
2677 118
2678 74
2679 378
2680 341
2681 285
2682 191
2683 309
2684 276
2685 155
2686 97
2687 280
2688 151
2689 172
2690 288
2691 102
2692 262
2693 299
2694 57
2695 89
2696 242
2697 211
2698 399
2699 105
2700 385
2701 369
2702 129
2703 79
2704 172
2705 267
2706 375
2707 317
2708 348
2709 16
2710 294
2711 280
2712 330
2713 57
2714 105
2715 1
2716 320
2717 219
2718 155
2719 299
2720 355
2721 212
2722 47
2723 81
2724 286
2725 28
2726 209
2727 402
2728 262
2729 276
2730 118
2731 326
2732 186
2733 264
2734 312
2735 57
2736 260
2737 325
2738 109
2739 332
2740 294
2741 176
2742 246
2743 84
2744 384
2745 229
2746 332
2747 202
2748 291
2749 34
2750 227
2751 1
2752 57
2753 28
2754 211
2755 295
2756 377
2757 81
2758 368
2759 1
2760 264
2761 75
2762 28
2763 193
2764 234
2765 212
2766 239
2767 249
2768 70
2769 95
2770 224
2771 139
2772 197
2773 301
2774 400
2775 283
2776 382
2777 1
2778 234
2779 87
2780 226
2781 209
2782 145
2783 118
2784 335
2785 109
2786 360
2787 118
2788 357
2789 47
2790 221
2791 297
2792 392
2793 223
2794 149
2795 246
2796 76
2797 46
2798 15
2799 105
2800 118
2801 61
2802 144
2803 1
2804 229
2805 377
2806 175
2807 248
2808 128
2809 87
2810 186
2811 47
2812 381
2813 361
2814 105
2815 54
2816 221
2817 372
2818 327
2819 14
2820 382
2821 219
2822 300
2823 277
2824 192
2825 330
2826 171
2827 20
2828 145
2829 154
2830 350
2831 105
2832 388
2833 242
2834 261
2835 53
2836 187
2837 311
2838 75
2839 157
2840 89
2841 62
2842 361
2843 260
2844 65
2845 161
2846 308
2847 222
2848 346
2849 15
2850 369
2851 202
2852 118
2853 298
2854 237
2855 34
2856 54
2857 212
2858 142
2859 39
2860 232
2861 34
2862 206
2863 63
2864 310
2865 283
2866 352
2867 233
2868 170
2869 359
2870 250
2871 87
2872 399
2873 63
2874 165
2875 360
2876 246
2877 374
2878 236
2879 365
2880 244
2881 196
2882 28
2883 261
2884 105
2885 314
2886 15
2887 56
2888 15
2889 161
2890 28
2891 28
2892 248
2893 374
2894 253
2895 238
2896 277
2897 130
2898 238
2899 15
2900 157
2901 227
2902 387
2903 261
2904 283
2905 158
2906 245
2907 184
2908 256
2909 28
2910 155
2911 16
2912 107
2913 163
2914 63
2915 390
2916 386
2917 346
2918 122
2919 213
2920 394
2921 324
2922 28
2923 132
2924 301
2925 312
2926 360
2927 182
2928 368
2929 330
2930 301
2931 198
2932 155
2933 328
2934 168
2935 96
2936 105
2937 46
2938 321
2939 377
2940 142
2941 171
2942 93
2943 376
2944 95
2945 53
2946 92
2947 217
2948 216
2949 255
2950 280
2951 95
2952 207
2953 393
2954 192
2955 98
2956 251
2957 300
2958 396
2959 237
2960 16
2961 330
2962 84
2963 63
2964 185
2965 277
2966 44
2967 15
2968 235
2969 85
2970 95
2971 2
2972 248
2973 191
2974 62
2975 370
2976 256
2977 216
2978 228
2979 373
2980 393
2981 313
2982 1
2983 314
2984 15
2985 70
2986 175
2987 79
2988 141
2989 229
2990 221
2991 247
2992 324
2993 308
2994 163
2995 105
2996 301
2997 386
2998 373
2999 67
3000 1
3001 128
3002 338
3003 361
3004 28
3005 335
3006 215
3007 145
3008 105
3009 299
3010 259
3011 337
3012 166
3013 1
3014 388
3015 349
3016 72
3017 133
3018 333
3019 270
3020 26
3021 400
3022 234
3023 91
3024 150
3025 280
3026 200
3027 163
3028 235
3029 298
3030 361
3031 98
3032 213
3033 62
3034 169
3035 175
3036 333
3037 395
3038 84
3039 390
3040 249
3041 315
3042 215
3043 316
3044 164
3045 289
3046 397
3047 122
3048 141
3049 319
3050 123
3051 128
3052 129
3053 390
3054 132
3055 82
3056 129
3057 166
3058 203
3059 271
3060 16
3061 402
3062 251
3063 2
3064 219
3065 198
3066 57
3067 279
3068 2
3069 203
3070 60
3071 204
3072 99
3073 171
3074 224
3075 322
3076 139
3077 109
3078 151
3079 192
3080 151
3081 356
3082 156
3083 48
3084 212
3085 62
3086 158
3087 124
3088 277
3089 287
3090 162
3091 54
3092 205
3093 56
3094 188
3095 273
3096 72
3097 271
3098 56
3099 288
3100 2
3101 85
3102 359
3103 69
3104 81
3105 296
3106 332
3107 380
3108 236
3109 80
3110 54
3111 267
3112 296
3113 118
3114 68
3115 381
3116 290
3117 123
3118 192
3119 332
3120 286
3121 26
3122 200
3123 189
3124 306
3125 374
3126 132
3127 166
3128 211
3129 261
3130 44
3131 377
3132 46
3133 26
3134 281
3135 216
3136 290
3137 245
3138 118
3139 2
3140 192
3141 368
3142 294
3143 191
3144 371
3145 236
3146 369
3147 261
3148 69
3149 212
3150 80
3151 324
3152 238
3153 276
3154 254
3155 321
3156 2
3157 173
3158 26
3159 26
3160 68
3161 296
3162 153
3163 289
3164 267
3165 102
3166 248
3167 168
3168 213
3169 327
3170 308
3171 267
3172 260
3173 335
3174 73
3175 392
3176 182
3177 303
3178 338
3179 162
3180 283
3181 339
3182 60
3183 144
3184 359
3185 386
3186 306
3187 311
3188 304
3189 236
3190 359
3191 337
3192 271
3193 89
3194 42
3195 100
3196 2
3197 251
3198 145
3199 321
3200 256
3201 188
3202 385
3203 332
3204 399
3205 74
3206 28
3207 314
3208 391
3209 81
3210 164
3211 151
3212 42
3213 3
3214 2
3215 98
3216 377
3217 393
3218 182
3219 149
3220 61
3221 48
3222 211
3223 231
3224 93
3225 346
3226 369
3227 156
3228 48
3229 168
3230 328
3231 102
3232 207
3233 363
3234 319
3235 118
3236 14
3237 394
3238 300
3239 164
3240 147
3241 295
3242 362
3243 253
3244 350
3245 153
3246 377
3247 288
3248 116
3249 121
3250 188
3251 344
3252 2
3253 60
3254 366
3255 400
3256 290
3257 361
3258 56
3259 115
3260 211
3261 320
3262 102
3263 391
3264 222
3265 85
3266 59
3267 54
3268 132
3269 195
3270 29
3271 233
3272 205
3273 197
3274 379
3275 393
3276 150
3277 134
3278 200
3279 182
3280 286
3281 13
3282 39
3283 343
3284 205
3285 15
3286 45
3287 376
3288 200
3289 336
3290 167
3291 154
3292 267
3293 253
3294 195
3295 115
3296 29
3297 327
3298 306
3299 93
3300 375
3301 387
3302 284
3303 377
3304 330
3305 350
3306 81
3307 365
3308 102
3309 42
3310 319
3311 370
3312 317
3313 275
3314 173
3315 252
3316 236
3317 343
3318 2
3319 318
3320 363
3321 27
3322 393
3323 270
3324 325
3325 162
3326 65
3327 2
3328 157
3329 142
3330 283
3331 341
3332 213
3333 181
3334 225
3335 155
3336 181
3337 188
3338 259
3339 298
3340 85
3341 233
3342 311
3343 109
3344 102
3345 99
3346 132
3347 197
3348 219
3349 94
3350 339
3351 199
3352 53
3353 84
3354 2
3355 258
3356 27
3357 43
3358 350
3359 315
3360 145
3361 236
3362 254
3363 61
3364 73
3365 233
3366 173
3367 355
3368 173
3369 199
3370 380
3371 2
3372 92
3373 295
3374 273
3375 193
3376 326
3377 66
3378 182
3379 331
3380 161
3381 375
3382 372
3383 39
3384 135
3385 199
3386 145
3387 284
3388 133
3389 84
3390 108
3391 1
3392 346
3393 158
3394 102
3395 280
3396 267
3397 289
3398 66
3399 78
3400 191
3401 166
3402 204
3403 67
3404 221
3405 43
3406 258
3407 354
3408 73
3409 161
3410 401
3411 273
3412 185
3413 84
3414 271
3415 3
3416 79
3417 59
3418 338
3419 152
3420 304
3421 100
3422 325
3423 389
3424 213
3425 15
3426 129
3427 366
3428 343
3429 357
3430 168
3431 136
3432 264
3433 185
3434 192
3435 348
3436 367
3437 128
3438 204
3439 301
3440 158
3441 87
3442 102
3443 308
3444 341
3445 348
3446 306
3447 158
3448 183
3449 102
3450 15
3451 257
3452 27
3453 135
3454 34
3455 324
3456 305
3457 183
3458 43
3459 148
3460 239
3461 172
3462 343
3463 74
3464 244
3465 3
3466 78
3467 43
3468 210
3469 82
3470 401
3471 99
3472 43
3473 251
3474 41
3475 224
3476 127
3477 381
3478 397
3479 109
3480 41
3481 152
3482 82
3483 2
3484 34
3485 164
3486 149
3487 402
3488 350
3489 183
3490 65
3491 79
3492 359
3493 206
3494 130
3495 235
3496 92
3497 388
3498 223
3499 132
3500 45
3501 62
3502 275
3503 130
3504 2
3505 204
3506 378
3507 99
3508 222
3509 387
3510 185
3511 177
3512 2
3513 343
3514 319
3515 359
3516 319
3517 115
3518 157
3519 183
3520 292
3521 374
3522 315
3523 197
3524 161
3525 313
3526 15
3527 92
3528 80
3529 275
3530 300
3531 28
3532 76
3533 118
3534 188
3535 163
3536 224
3537 375
3538 376
3539 115
3540 85
3541 272
3542 68
3543 402
3544 181
3545 392
3546 346
3547 215
3548 324
3549 16
3550 141
3551 231
3552 253
3553 267
3554 388
3555 72
3556 222
3557 322
3558 163
3559 216
3560 239
3561 188
3562 168
3563 128
3564 349
3565 231
3566 346
3567 115
3568 390
3569 339
3570 114
3571 130
3572 223
3573 114
3574 289
3575 239
3576 102
3577 341
3578 91
3579 134
3580 2
3581 246
3582 148
3583 219
3584 34
3585 242
3586 168
3587 335
3588 308
3589 200
3590 2
3591 95
3592 72
3593 153
3594 219
3595 268
3596 266
3597 133
3598 192
3599 98
3600 2
3601 59
3602 258
3603 60
3604 271
3605 58
3606 30
3607 243
3608 132
3609 200
3610 2
3611 148
3612 311
3613 3
3614 341
3615 243
3616 82
3617 181
3618 62
3619 141
3620 210
3621 165
3622 317
3623 161
3624 382
3625 218
3626 249
3627 319
3628 302
3629 355
3630 339
3631 389
3632 258
3633 299
3634 289
3635 296
3636 98
3637 168
3638 65
3639 135
3640 234
3641 30
3642 42
3643 356
3644 251
3645 147
3646 3
3647 13
3648 210
3649 56
3650 204
3651 305
3652 56
3653 187
3654 295
3655 114
3656 101
3657 158
3658 238
3659 166
3660 295
3661 134
3662 161
3663 378
3664 30
3665 128
3666 16
3667 293
3668 260
3669 149
3670 181
3671 261
3672 109
3673 357
3674 243
3675 224
3676 379
3677 216
3678 257
3679 157
3680 273
3681 192
3682 245
3683 160
3684 34
3685 30
3686 3
3687 41
3688 392
3689 30
3690 39
3691 223
3692 16
3693 155
3694 110
3695 379
3696 324
3697 373
3698 135
3699 199
3700 298
3701 60
3702 393
3703 71
3704 209
3705 101
3706 237
3707 317
3708 256
3709 306
3710 349
3711 89
3712 376
3713 334
3714 234
3715 274
3716 125
3717 325
3718 395
3719 357
3720 97
3721 48
3722 109
3723 34
3724 254
3725 40
3726 54
3727 86
3728 399
3729 68
3730 2
3731 245
3732 243
3733 162
3734 43
3735 3
3736 129
3737 304
3738 219
3739 311
3740 132
3741 116
3742 34
3743 326
3744 139
3745 247
3746 3
3747 223
3748 260
3749 376
3750 141
3751 387
3752 261
3753 384
3754 68
3755 154
3756 103
3757 214
3758 275
3759 302
3760 89
3761 308
3762 399
3763 294
3764 104
3765 65
3766 98
3767 204
3768 280
3769 351
3770 80
3771 276
3772 273
3773 224
3774 16
3775 86
3776 255
3777 191
3778 340
3779 108
3780 181
3781 283
3782 16
3783 16
3784 238
3785 45
3786 103
3787 355
3788 191
3789 40
3790 73
3791 262
3792 166
3793 30
3794 165
3795 296
3796 242
3797 155
3798 306
3799 161
3800 60
3801 3
3802 203
3803 368
3804 392
3805 31
3806 326
3807 292
3808 260
3809 67
3810 359
3811 200
3812 333
3813 270
3814 57
3815 87
3816 327
3817 79
3818 52
3819 212
3820 100
3821 329
3822 79
3823 205
3824 310
3825 96
3826 173
3827 246
3828 181
3829 384
3830 326
3831 152
3832 237
3833 399
3834 216
3835 251
3836 286
3837 129
3838 380
3839 197
3840 197
3841 137
3842 3
3843 365
3844 97
3845 210
3846 3
3847 186
3848 381
3849 122
3850 144
3851 175
3852 385
3853 249
3854 322
3855 270
3856 154
3857 56
3858 312
3859 353
3860 94
3861 280
3862 127
3863 232
3864 238
3865 255
3866 365
3867 278
3868 337
3869 370
3870 231
3871 347
3872 7
3873 142
3874 214
3875 125
3876 281
3877 85
3878 390
3879 189
3880 290
3881 45
3882 196
3883 355
3884 268
3885 274
3886 20
3887 365
3888 110
3889 333
3890 340
3891 300
3892 34
3893 260
3894 365
3895 181
3896 373
3897 20
3898 40
3899 345
3900 308
3901 141
3902 277
3903 82
3904 390
3905 270
3906 360
3907 78
3908 378
3909 379
3910 360
3911 270
3912 239
3913 339
3914 352
3915 281
3916 136
3917 30
3918 30
3919 161
3920 249
3921 94
3922 40
3923 274
3924 175
3925 134
3926 52
3927 304
3928 71
3929 182
3930 286
3931 149
3932 81
3933 185
3934 257
3935 142
3936 198
3937 327
3938 294
3939 129
3940 236
3941 110
3942 151
3943 374
3944 233
3945 182
3946 95
3947 34
3948 142
3949 155
3950 346
3951 317
3952 207
3953 203
3954 281
3955 339
3956 294
3957 137
3958 40
3959 336
3960 40
3961 78
3962 296
3963 266
3964 34
3965 147
3966 154
3967 305
3968 325
3969 356
3970 138
3971 258
3972 347
3973 180
3974 189
3975 160
3976 363
3977 374
3978 146
3979 20
3980 362
3981 256
3982 65
3983 262
3984 390
3985 121
3986 123
3987 276
3988 74
3989 151
3990 218
3991 258
3992 317
3993 34
3994 142
3995 219
3996 124
3997 180
3998 332
3999 168
4000 286
4001 250
4002 335
4003 262
4004 336
4005 160
4006 337
4007 319
4008 180
4009 185
4010 201
4011 7
4012 128
4013 225
4014 337
4015 321
4016 34
4017 193
4018 235
4019 61
4020 61
4021 214
4022 350
4023 34
4024 201
4025 189
4026 125
4027 378
4028 100
4029 7
4030 85
4031 371
4032 400
4033 203
4034 20
4035 259
4036 243
4037 242
4038 239
4039 272
4040 34
4041 80
4042 378
4043 175
4044 365
4045 73
4046 298
4047 97
4048 125
4049 280
4050 302
4051 298
4052 83
4053 168
4054 164
4055 242
4056 198
4057 309
4058 300
4059 56
4060 80
4061 279
4062 274
4063 397
4064 168
4065 7
4066 317
4067 201
4068 306
4069 138
4070 103
4071 256
4072 298
4073 354
4074 238
4075 309
4076 168
4077 187
4078 255
4079 161
4080 289
4081 156
4082 132
4083 225
4084 168
4085 8
4086 245
4087 311
4088 264
4089 301
4090 263
4091 34
4092 35
4093 386
4094 198
4095 239
4096 79
4097 283
4098 3
4099 295
4100 194
4101 203
4102 274
4103 90
4104 165
4105 291
4106 160
4107 257
4108 137
4109 48
4110 292
4111 336
4112 89
4113 263
4114 273
4115 95
4116 168
4117 3
4118 151
4119 20
4120 182
4121 182
4122 135
4123 125
4124 217
4125 240
4126 216
4127 4
4128 188
4129 233
4130 65
4131 45
4132 182
4133 345
4134 191
4135 280
4136 110
4137 267
4138 393
4139 397
4140 368
4141 219
4142 20
4143 297
4144 74
4145 138
4146 396
4147 231
4148 219
4149 402
4150 386
4151 239
4152 135
4153 34
4154 164
4155 20
4156 218
4157 141
4158 227
4159 248
4160 370
4161 234
4162 134
4163 75
4164 396
4165 394
4166 128
4167 65
4168 94
4169 192
4170 225
4171 191
4172 60
4173 393
4174 141
4175 40
4176 110
4177 309
4178 296
4179 324
4180 242
4181 345
4182 191
4183 339
4184 252
4185 78
4186 41
4187 135
4188 184
4189 3
4190 317
4191 125
4192 293
4193 256
4194 54
4195 16
4196 189
4197 354
4198 289
4199 304
4200 210
4201 273
4202 78
4203 338
4204 16
4205 83
4206 353
4207 270
4208 125
4209 154
4210 264
4211 1
4212 129
4213 181
4214 352
4215 99
4216 110
4217 110
4218 201
4219 223
4220 136
4221 267
4222 366
4223 402
4224 3
4225 99
4226 330
4227 3
4228 61
4229 340
4230 219
4231 206
4232 16
4233 204
4234 188
4235 57
4236 366
4237 331
4238 332
4239 207
4240 132
4241 187
4242 114
4243 240
4244 281
4245 84
4246 304
4247 193
4248 34
4249 321
4250 100
4251 180
4252 276
4253 138
4254 231
4255 104
4256 325
4257 3
4258 258
4259 109
4260 306
4261 174
4262 181
4263 191
4264 4
4265 266
4266 205
4267 98
4268 163
4269 378
4270 267
4271 67
4272 217
4273 154
4274 114
4275 199
4276 43
4277 16
4278 159
4279 185
4280 93
4281 41
4282 99
4283 95
4284 195
4285 299
4286 88
4287 78
4288 157
4289 238
4290 110
4291 346
4292 200
4293 186
4294 380
4295 402
4296 214
4297 79
4298 345
4299 128
4300 221
4301 41
4302 155
4303 174
4304 311
4305 110
4306 110
4307 67
4308 286
4309 189
4310 166
4311 139
4312 34
4313 78
4314 305
4315 240
4316 368
4317 61
4318 88
4319 261
4320 144
4321 251
4322 144
4323 336
4324 344
4325 78
4326 191
4327 125
4328 206
4329 16
4330 372
4331 78
4332 125
4333 311
4334 4
4335 99
4336 372
4337 284
4338 136
4339 158
4340 214
4341 4
4342 42
4343 363
4344 207
4345 193
4346 258
4347 52
4348 200
4349 351
4350 56
4351 245
4352 395
4353 389
4354 108
4355 121
4356 170
4357 98
4358 34
4359 341
4360 376
4361 14
4362 216
4363 339
4364 34
4365 84
4366 52
4367 54
4368 338
4369 231
4370 42
4371 128
4372 270
4373 51
4374 217
4375 124
4376 264
4377 218
4378 45
4379 48
4380 94
4381 114
4382 364
4383 229
4384 234
4385 47
4386 134
4387 110
4388 396
4389 218
4390 170
4391 115
4392 202
4393 174
4394 204
4395 227
4396 234
4397 333
4398 276
4399 127
4400 264
4401 343
4402 78
4403 187
4404 143
4405 128
4406 34
4407 127
4408 86
4409 229
4410 83
4411 139
4412 343
4413 333
4414 160
4415 175
4416 384
4417 353
4418 170
4419 343
4420 62
4421 239
4422 104
4423 335
4424 34
4425 75
4426 56
4427 181
4428 56
4429 34
4430 247
4431 170
4432 4
4433 333
4434 176
4435 48
4436 246
4437 382
4438 214
4439 242
4440 154
4441 163
4442 15
4443 89
4444 61
4445 151
4446 386
4447 276
4448 28
4449 145
4450 252
4451 54
4452 300
4453 34
4454 241
4455 48
4456 140
4457 4
4458 343
4459 79
4460 289
4461 114
4462 75
4463 237
4464 132
4465 108
4466 129
4467 338
4468 357
4469 301
4470 3
4471 363
4472 74
4473 227
4474 313
4475 15
4476 245
4477 255
4478 194
4479 304
4480 177
4481 94
4482 270
4483 264
4484 363
4485 370
4486 332
4487 48
4488 295
4489 365
4490 332
4491 326
4492 357
4493 103
4494 399
4495 335
4496 243
4497 219
4498 374
4499 260
4500 173
4501 394
4502 227
4503 103
4504 177
4505 53
4506 299
4507 80
4508 48
4509 264
4510 395
4511 108
4512 378
4513 115
4514 146
4515 136
4516 89
4517 62
4518 74
4519 176
4520 142
4521 163
4522 177
4523 117
4524 187
4525 264
4526 393
4527 302
4528 42
4529 88
4530 253
4531 171
4532 207
4533 279
4534 104
4535 75
4536 301
4537 306
4538 364
4539 207
4540 384
4541 200
4542 305
4543 65
4544 246
4545 385
4546 34
4547 16
4548 3
4549 245
4550 16
4551 346
4552 3
4553 135
4554 83
4555 338
4556 194
4557 376
4558 319
4559 271
4560 273
4561 143
4562 353
4563 333
4564 304
4565 82
4566 84
4567 283
4568 194
4569 327
4570 35
4571 134
4572 155
4573 233
4574 297
4575 389
4576 348
4577 315
4578 154
4579 76
4580 251
4581 251
4582 214
4583 302
4584 3
4585 226
4586 317
4587 296
4588 216
4589 214
4590 290
4591 369
4592 97
4593 108
4594 264
4595 166
4596 288
4597 3
4598 68
4599 16
4600 117
4601 292
4602 301
4603 288
4604 103
4605 135
4606 273
4607 204
4608 322
4609 17
4610 56
4611 3
4612 264
4613 91
4614 35
4615 234
4616 364
4617 17
4618 325
4619 103
4620 284
4621 338
4622 377
4623 245
4624 48
4625 213
4626 394
4627 291
4628 378
4629 363
4630 185
4631 187
4632 27
4633 308
4634 216
4635 273
4636 275
4637 290
4638 3
4639 104
4640 138
4641 17
4642 176
4643 185
4644 315
4645 17
4646 388
4647 88
4648 35
4649 0
4650 221
4651 117
4652 88
4653 3
4654 277
4655 170
4656 104
4657 271
4658 267
4659 61
4660 227
4661 291
4662 202
4663 91
4664 249
4665 266
4666 3
4667 356
4668 97
4669 397
4670 222
4671 355
4672 170
4673 273
4674 229
4675 263
4676 35
4677 242
4678 402
4679 396
4680 61
4681 111
4682 168
4683 35
4684 288
4685 209
4686 82
4687 148
4688 123
4689 400
4690 160
4691 186
4692 216
4693 222
4694 216
4695 252
4696 360
4697 212
4698 143
4699 100
4700 180
4701 17
4702 220
4703 364
4704 256
4705 97
4706 4
4707 78
4708 17
4709 324
4710 324
4711 199
4712 86
4713 171
4714 200
4715 322
4716 124
4717 170
4718 35
4719 154
4720 227
4721 324
4722 328
4723 194
4724 375
4725 49
4726 226
4727 385
4728 141
4729 380
4730 216
4731 104
4732 4
4733 218
4734 347
4735 17
4736 295
4737 4
4738 294
4739 194
4740 289
4741 27
4742 361
4743 369
4744 84
4745 308
4746 189
4747 296
4748 74
4749 360
4750 358
4751 109
4752 176
4753 49
4754 393
4755 35
4756 4
4757 351
4758 322
4759 167
4760 291
4761 186
4762 49
4763 229
4764 125
4765 4
4766 263
4767 316
4768 283
4769 253
4770 55
4771 133
4772 264
4773 270
4774 228
4775 104
4776 26
4777 144
4778 247
4779 330
4780 202
4781 224
4782 17
4783 207
4784 372
4785 16
4786 148
4787 176
4788 3
4789 160
4790 232
4791 142
4792 27
4793 377
4794 376
4795 223
4796 86
4797 185
4798 100
4799 304
4800 250
4801 361
4802 394
4803 97
4804 220
4805 301
4806 102
4807 295
4808 232
4809 86
4810 26
4811 171
4812 43
4813 330
4814 114
4815 289
4816 39
4817 356
4818 368
4819 277
4820 255
4821 250
4822 111
4823 26
4824 232
4825 170
4826 103
4827 193
4828 49
4829 181
4830 347
4831 289
4832 248
4833 301
4834 74
4835 400
4836 16
4837 222
4838 332
4839 16
4840 270
4841 57
4842 182
4843 294
4844 111
4845 297
4846 266
4847 334
4848 48
4849 80
4850 277
4851 185
4852 46
4853 121
4854 15
4855 187
4856 93
4857 102
4858 372
4859 102
4860 293
4861 4
4862 45
4863 4
4864 341
4865 355
4866 216
4867 180
4868 117
4869 174
4870 380
4871 149
4872 372
4873 84
4874 256
4875 366
4876 205
4877 262
4878 232
4879 193
4880 61
4881 381
4882 77
4883 256
4884 61
4885 86
4886 117
4887 143
4888 45
4889 73
4890 45
4891 45
4892 311
4893 274
4894 242
4895 399
4896 303
4897 343
4898 117
4899 61
4900 264
4901 238
4902 350
4903 315
4904 264
4905 335
4906 35
4907 162
4908 61
4909 142
4910 216
4911 91
4912 326
4913 102
4914 270
4915 202
4916 87
4917 150
4918 258
4919 371
4920 4
4921 138
4922 4
4923 297
4924 260
4925 156
4926 232
4927 372
4928 371
4929 333
4930 88
4931 89
4932 270
4933 154
4934 368
4935 181
4936 344
4937 45
4938 320
4939 246
4940 149
4941 243
4942 185
4943 35
4944 270
4945 389
4946 35
4947 56
4948 26
4949 102
4950 321
4951 226
4952 108
4953 110
4954 368
4955 277
4956 234
4957 16
4958 368
4959 16
4960 216
4961 264
4962 193
4963 284
4964 45
4965 216
4966 91
4967 279
4968 16
4969 17
4970 17
4971 292
4972 246
4973 26
4974 291
4975 280
4976 256
4977 17
4978 156
4979 202
4980 192
4981 103
4982 147
4983 49
4984 361
4985 258
4986 56
4987 289
4988 363
4989 360
4990 231
4991 35
4992 396
4993 369
4994 6
4995 198
4996 186
4997 170
4998 290
4999 294
