10000 7
10001 33
10002 33
10003 33
10004 236
10005 189
10006 186
10007 236
10008 189
10009 76
10010 53
10011 53
10012 13
10013 108
10014 232
10015 232
10016 206
10017 150
10018 193
10019 20
10020 41
10021 25
10022 80
10023 80
10024 238
10025 222
10026 233
10027 231
10028 174
10029 123
10030 74
10031 233
10032 189
10033 189
10034 217
10035 102
10036 244
10037 102
10038 191
10039 30
10040 30
10041 68
10042 68
10043 68
10044 156
10045 149
10046 23
10047 33
10048 33
10049 33
10050 202
10051 245
10052 222
10053 202
10054 136
10055 7
10056 202
10057 126
10058 126
10059 80
10060 7
10061 136
10062 126
10063 243
10064 126
10065 80
10066 11
10067 36
10068 71
10069 71
10070 8
10071 8
10072 134
10073 134
10074 24
10075 115
10076 115
10077 115
10078 8
10079 53
10080 111
10081 63
10082 63
10083 8
10084 63
10085 205
10086 59
10087 172
10088 172
10089 100
10090 74
10091 29
10092 100
10093 180
10094 23
10095 98
10096 92
10097 95
10098 95
10099 120
10100 120
10101 120
10102 87
10103 121
10104 225
10105 87
10106 151
10107 227
10108 151
10109 37
10110 95
10111 37
10112 37
10113 147
10114 147
10115 130
10116 11
10117 47
10118 11
10119 191
10120 152
10121 75
10122 75
10123 170
10124 182
10125 170
10126 9
10127 147
10128 111
10129 56
10130 245
10131 245
10132 215
10133 245
10134 150
10135 74
10136 74
10137 74
10138 74
10139 74
10140 74
10141 74
10142 91
10143 91
10144 91
10145 51
10146 157
10147 51
10148 5
10149 5
10150 9
10151 150
10152 112
10153 10
10154 106
10155 106
10156 107
10157 181
10158 128
10159 181
10160 154
10161 192
10162 4
10163 11
10164 192
10165 53
10166 51
10167 27
10168 27
10169 201
10170 43
10171 38
10172 38
10173 14
10174 226
10175 183
10176 158
10177 193
10178 137
10179 137
10180 137
10181 66
10182 66
10183 64
10184 66
10185 81
10186 121
10187 81
10188 121
10189 81
10190 146
10191 152
10192 175
10193 176
10194 176
10195 19
10196 25
10197 21
10198 176
10199 176
10200 104
10201 75
10202 104
10203 109
10204 117
10205 106
10206 117
10207 109
10208 109
10209 161
10210 161
10211 200
10212 215
10213 161
10214 61
10215 61
10216 61
10217 61
10218 3
10219 61
10220 41
10221 245
10222 22
10223 28
10224 28
10225 28
10226 8
10227 8
10228 28
10229 53
10230 35
10231 9
10232 203
10233 20
10234 228
10235 39
10236 51
10237 14
10238 177
10239 177
10240 107
10241 6
10242 182
10243 247
10244 107
10245 128
10246 107
10247 210
10248 129
10249 48
10250 156
10251 156
10252 145
10253 156
10254 156
10255 79
10256 61
10257 131
10258 131
10259 131
10260 48
10261 48
10262 58
10263 246
10264 48
10265 85
10266 197
10267 126
10268 204
10269 143
10270 143
10271 143
10272 143
10273 144
10274 50
10275 13
10276 101
10277 101
10278 89
10279 53
10280 89
10281 155
10282 155
10283 236
10284 194
10285 96
10286 247
10287 247
10288 247
10289 111
10290 66
10291 12
10292 111
10293 111
10294 23
10295 216
10296 216
10297 222
10298 222
10299 222
10300 222
10301 53
10302 53
10303 43
10304 66
10305 66
10306 68
10307 68
10308 68
10309 68
10310 43
10311 6
10312 217
10313 226
10314 226
10315 226
10316 226
10317 226
10318 226
10319 226
10320 219
10321 219
10322 196
10323 196
10324 196
10325 196
10326 197
10327 196
10328 172
10329 203
10330 203
10331 97
10332 206
10333 102
10334 31
10335 210
10336 236
10337 210
10338 210
10339 210
10340 10
10341 69
10342 95
10343 69
10344 245
10345 121
10346 241
10347 241
10348 11
10349 169
10350 169
10351 169
10352 201
10353 201
10354 142
10355 25
10356 12
10357 25
10358 12
10359 36
10360 69
10361 164
10362 54
10363 70
10364 70
10365 1
10366 143
10367 218
10368 84
10369 143
10370 84
10371 131
10372 131
10373 131
10374 67
10375 67
10376 67
10377 24
10378 68
10379 67
10380 195
10381 127
10382 210
10383 31
10384 78
10385 10
10386 93
10387 93
10388 168
10389 242
10390 119
10391 242
10392 114
10393 100
10394 35
10395 100
10396 157
10397 243
10398 157
10399 178
10400 243
10401 125
10402 157
10403 173
10404 153
10405 173
10406 106
10407 58
10408 119
10409 78
10410 133
10411 133
10412 133
10413 40
10414 40
10415 80
10416 61
10417 33
10418 73
10419 73
10420 123
10421 183
10422 102
10423 68
10424 68
10425 68
10426 68
10427 68
10428 68
10429 68
10430 123
10431 68
10432 34
10433 109
10434 227
10435 227
10436 166
10437 90
10438 171
10439 171
10440 161
10441 161
10442 161
10443 161
10444 24
10445 24
10446 170
10447 22
10448 170
10449 22
10450 10
10451 214
10452 8
10453 16
10454 210
10455 133
10456 200
10457 133
10458 239
10459 239
10460 135
10461 135
10462 127
10463 135
10464 135
10465 135
10466 135
10467 103
10468 7
10469 11
10470 162
10471 244
10472 96
10473 111
10474 96
10475 75
10476 1
10477 119
10478 73
10479 73
10480 19
10481 175
10482 222
10483 173
10484 217
10485 175
10486 153
10487 153
10488 5
10489 3
10490 144
10491 144
10492 43
10493 35
10494 43
10495 14
10496 35
10497 167
10498 167
10499 167
10500 230
10501 67
10502 67
10503 60
10504 60
10505 7
10506 60
10507 60
10508 147
10509 147
10510 147
10511 147
10512 205
10513 205
10514 205
10515 85
10516 85
10517 85
10518 227
10519 1
10520 227
10521 99
10522 137
10523 4
10524 137
10525 4
10526 163
10527 163
10528 161
10529 162
10530 163
10531 163
10532 163
10533 134
10534 91
10535 91
10536 56
10537 56
10538 56
10539 186
10540 59
10541 145
10542 216
10543 121
10544 146
10545 209
10546 209
10547 209
10548 208
10549 208
10550 80
10551 208
10552 208
10553 208
10554 209
10555 209
10556 86
10557 86
10558 51
10559 213
10560 11
10561 212
10562 31
10563 0
10564 189
10565 216
10566 214
10567 76
10568 218
10569 5
10570 189
10571 189
10572 75
10573 75
10574 216
10575 216
10576 206
10577 17
10578 17
10579 17
10580 126
10581 237
10582 237
10583 57
10584 237
10585 170
10586 81
10587 81
10588 36
10589 36
10590 36
10591 88
10592 168
10593 131
10594 103
10595 103
10596 120
10597 11
10598 120
10599 7
10600 120
10601 149
10602 120
10603 7
10604 11
10605 192
10606 22
10607 76
10608 210
10609 22
10610 192
10611 23
10612 240
10613 76
10614 192
10615 192
10616 192
10617 213
10618 213
10619 213
10620 156
10621 213
10622 161
10623 161
10624 161
10625 157
10626 149
10627 234
10628 161
10629 1
10630 136
10631 224
10632 17
10633 133
10634 240
10635 82
10636 10
10637 211
10638 146
10639 24
10640 196
10641 240
10642 240
10643 111
10644 111
10645 15
10646 15
10647 24
10648 24
10649 24
10650 52
10651 24
10652 24
10653 24
10654 24
10655 158
10656 158
10657 6
10658 4
10659 140
10660 186
10661 243
10662 243
10663 243
10664 243
10665 240
10666 150
10667 90
10668 1
10669 150
10670 168
10671 163
10672 144
10673 171
10674 122
10675 0
10676 122
10677 149
10678 5
10679 186
10680 76
10681 184
10682 124
10683 124
10684 151
10685 55
10686 39
10687 89
10688 12
10689 39
10690 89
10691 12
10692 228
10693 228
10694 55
10695 108
10696 55
10697 75
10698 222
10699 75
10700 75
10701 243
10702 106
10703 167
10704 7
10705 167
10706 45
10707 68
10708 68
10709 68
10710 68
10711 155
10712 21
10713 155
10714 32
10715 32
10716 32
10717 129
10718 129
10719 129
10720 129
10721 11
10722 207
10723 163
10724 11
10725 220
10726 220
10727 220
10728 148
10729 148
10730 75
10731 94
10732 15
10733 184
10734 180
10735 53
10736 199
10737 225
10738 115
10739 114
10740 51
10741 51
10742 114
10743 40
10744 243
10745 40
10746 82
10747 15
10748 176
10749 82
10750 82
10751 82
10752 82
10753 15
10754 87
10755 87
10756 87
10757 195
10758 121
10759 87
10760 87
10761 147
10762 147
10763 147
10764 241
10765 237
10766 95
10767 31
10768 95
10769 95
10770 95
10771 95
10772 31
10773 148
10774 148
10775 14
10776 14
10777 184
10778 184
10779 214
10780 214
10781 7
10782 205
10783 205
10784 205
10785 19
10786 19
10787 219
10788 219
10789 219
10790 199
10791 176
10792 244
10793 241
10794 23
10795 23
10796 154
10797 14
10798 243
10799 243
10800 243
10801 137
10802 83
10803 159
10804 163
10805 132
10806 86
10807 147
10808 13
10809 126
10810 33
10811 126
10812 23
10813 21
10814 126
10815 126
10816 126
10817 126
10818 77
10819 77
10820 77
10821 77
10822 77
10823 77
10824 77
10825 230
10826 231
10827 4
10828 230
10829 44
10830 44
10831 44
10832 168
10833 167
10834 168
10835 188
10836 7
10837 13
10838 21
10839 21
10840 99
10841 184
10842 184
10843 50
10844 50
10845 50
10846 232
10847 232
10848 232
10849 236
10850 201
10851 21
10852 201
10853 201
10854 201
10855 20
10856 112
10857 240
10858 77
10859 77
10860 55
10861 111
10862 55
10863 55
10864 45
10865 113
10866 113
10867 113
10868 186
10869 186
10870 140
10871 170
10872 178
10873 138
10874 164
10875 138
10876 58
10877 58
10878 232
10879 146
10880 77
10881 231
10882 203
10883 11
10884 1
10885 191
10886 191
10887 92
10888 246
10889 245
10890 12
10891 135
10892 166
10893 62
10894 116
10895 93
10896 93
10897 13
10898 73
10899 61
10900 171
10901 171
10902 171
10903 97
10904 97
10905 97
10906 97
10907 43
10908 43
10909 13
10910 193
10911 61
10912 61
10913 205
10914 142
10915 0
10916 166
10917 85
10918 85
10919 34
10920 34
10921 34
10922 44
10923 117
10924 99
10925 117
10926 50
10927 50
10928 180
10929 4
10930 180
10931 180
10932 180
10933 180
10934 4
10935 214
10936 244
10937 244
10938 123
10939 123
10940 123
10941 88
10942 88
10943 88
10944 88
10945 88
10946 38
10947 38
10948 38
10949 38
10950 212
10951 212
10952 212
10953 212
10954 76
10955 137
10956 228
10957 36
10958 163
10959 184
10960 163
10961 159
10962 159
10963 10
10964 108
10965 23
10966 108
10967 123
10968 134
10969 134
10970 140
10971 145
10972 211
10973 136
10974 145
10975 16
10976 104
10977 104
10978 120
10979 120
10980 120
10981 47
10982 235
10983 201
10984 235
10985 9
10986 236
10987 148
10988 236
10989 156
10990 79
10991 25
10992 51
10993 58
10994 58
10995 58
10996 3
10997 172
10998 172
10999 91
11000 90
11001 91
11002 231
11003 165
11004 231
11005 96
11006 96
11007 96
11008 171
11009 171
11010 171
11011 180
11012 180
11013 101
11014 101
11015 89
11016 89
11017 89
11018 81
11019 133
11020 57
11021 57
11022 211
11023 52
11024 161
11025 243
11026 243
11027 243
11028 174
11029 202
11030 205
11031 205
11032 245
11033 201
11034 101
11035 223
11036 101
11037 101
11038 223
11039 227
11040 227
11041 230
11042 88
11043 152
11044 83
11045 83
11046 167
11047 52
11048 74
11049 167
11050 167
11051 186
11052 208
11053 186
11054 81
11055 181
11056 8
11057 196
11058 196
11059 121
11060 196
11061 196
11062 183
11063 19
11064 183
11065 183
11066 189
11067 65
11068 169
11069 65
11070 65
11071 143
11072 38
11073 143
11074 95
11075 108
11076 108
11077 101
11078 13
11079 0
11080 184
11081 184
11082 141
11083 130
11084 7
11085 128
11086 138
11087 106
11088 195
11089 85
11090 138
11091 210
11092 224
11093 170
11094 170
11095 28
11096 28
11097 72
11098 29
11099 28
11100 137
11101 137
11102 137
11103 4
11104 175
11105 142
11106 141
11107 220
11108 220
11109 220
11110 220
11111 161
11112 193
11113 8
11114 132
11115 12
11116 132
11117 132
11118 166
11119 128
11120 128
11121 183
11122 170
11123 183
11124 13
11125 162
11126 17
11127 162
11128 57
11129 69
11130 162
11131 107
11132 20
11133 91
11134 176
11135 55
11136 55
11137 164
11138 237
11139 132
11140 108
11141 164
11142 68
11143 68
11144 59
11145 10
11146 10
11147 184
11148 184
11149 43
11150 14
11151 49
11152 49
11153 14
11154 62
11155 62
11156 41
11157 159
11158 59
11159 221
11160 159
11161 228
11162 228
11163 217
11164 228
11165 6
11166 228
11167 121
11168 20
11169 121
11170 20
11171 110
11172 110
11173 0
11174 11
11175 110
11176 182
11177 160
11178 160
11179 6
11180 157
11181 163
11182 160
11183 142
11184 142
11185 177
11186 177
11187 6
11188 6
11189 132
11190 132
11191 132
11192 5
11193 140
11194 89
11195 89
11196 89
11197 89
11198 89
11199 89
11200 52
11201 11
11202 118
11203 118
11204 127
11205 8
11206 8
11207 186
11208 55
11209 55
11210 55
11211 55
11212 55
11213 144
11214 95
11215 157
11216 25
11217 144
11218 222
11219 13
11220 25
11221 144
11222 48
11223 48
11224 220
11225 48
11226 145
11227 73
11228 15
11229 184
11230 184
11231 184
11232 71
11233 71
11234 218
11235 218
11236 218
11237 123
11238 106
11239 20
11240 146
11241 27
11242 202
11243 202
11244 241
11245 6
11246 121
11247 19
11248 19
11249 59
11250 59
11251 119
11252 210
11253 210
11254 210
11255 210
11256 210
11257 124
11258 97
11259 226
11260 14
11261 205
11262 205
11263 205
11264 205
11265 205
11266 119
11267 31
11268 120
11269 31
11270 158
11271 120
11272 120
11273 121
11274 120
11275 7
11276 120
11277 55
11278 55
11279 55
11280 55
11281 75
11282 150
11283 168
11284 75
11285 66
11286 66
11287 64
11288 64
11289 66
11290 141
11291 141
11292 141
11293 141
11294 198
11295 154
11296 154
11297 154
11298 178
11299 172
11300 172
11301 172
11302 33
11303 246
11304 246
11305 15
11306 182
11307 246
11308 15
11309 28
11310 146
11311 28
11312 99
11313 181
11314 200
11315 19
11316 19
11317 96
11318 96
11319 177
11320 11
11321 177
11322 239
11323 155
11324 35
11325 35
11326 35
11327 35
11328 35
11329 35
11330 170
11331 27
11332 18
11333 185
11334 226
11335 185
11336 177
11337 236
11338 236
11339 236
11340 43
11341 166
11342 166
11343 82
11344 76
11345 74
11346 207
11347 229
11348 229
11349 117
11350 117
11351 117
11352 15
11353 117
11354 134
11355 134
11356 121
11357 111
11358 8
11359 154
11360 205
11361 206
11362 206
11363 206
11364 205
11365 193
11366 46
11367 168
11368 168
11369 94
11370 176
11371 94
11372 146
11373 214
11374 214
11375 214
11376 214
11377 49
11378 214
11379 214
11380 214
11381 207
11382 218
11383 207
11384 114
11385 114
11386 114
11387 114
11388 114
11389 149
11390 149
11391 149
11392 149
11393 149
11394 241
11395 40
11396 213
11397 105
11398 213
11399 168
11400 198
11401 131
11402 131
11403 4
11404 122
11405 15
11406 122
11407 15
11408 39
11409 39
11410 39
11411 48
11412 48
11413 48
11414 48
11415 48
11416 141
11417 99
11418 29
11419 13
11420 5
11421 39
11422 156
11423 48
11424 109
11425 109
11426 28
11427 224
11428 166
11429 7
11430 166
11431 166
11432 71
11433 73
11434 71
11435 71
11436 71
11437 71
11438 71
11439 219
11440 219
11441 219
11442 219
11443 115
11444 182
11445 219
11446 219
11447 219
11448 58
11449 58
11450 58
11451 232
11452 220
11453 82
11454 82
11455 128
11456 128
11457 7
11458 128
11459 128
11460 193
11461 193
11462 193
11463 183
11464 187
11465 183
11466 137
11467 154
11468 173
11469 173
11470 228
11471 162
11472 223
11473 162
11474 105
11475 104
11476 105
11477 104
11478 105
11479 145
11480 16
11481 16
11482 16
11483 214
11484 214
11485 214
11486 239
11487 161
11488 138
11489 61
11490 138
11491 138
11492 154
11493 16
11494 8
11495 243
11496 76
11497 132
11498 162
11499 72
11500 72
11501 72
11502 72
11503 168
11504 168
11505 168
11506 168
11507 168
11508 168
11509 150
11510 102
11511 54
11512 102
11513 203
11514 119
11515 214
11516 214
11517 185
11518 214
11519 214
11520 241
11521 246
11522 13
11523 146
11524 134
11525 146
11526 14
11527 212
11528 146
11529 4
11530 48
11531 48
11532 55
11533 87
11534 96
11535 86
11536 87
11537 32
11538 61
11539 32
11540 104
11541 104
11542 19
11543 55
11544 80
11545 80
11546 141
11547 141
11548 141
11549 76
11550 76
11551 91
11552 91
11553 99
11554 99
11555 111
11556 178
11557 193
11558 139
11559 103
11560 234
11561 65
11562 66
11563 21
11564 39
11565 55
11566 132
11567 128
11568 145
11569 128
11570 222
11571 29
11572 29
11573 10
11574 61
11575 17
11576 136
11577 136
11578 14
11579 195
11580 184
11581 195
11582 195
11583 68
11584 217
11585 217
11586 77
11587 54
11588 128
11589 54
11590 115
11591 199
11592 54
11593 103
11594 247
11595 193
11596 152
11597 152
11598 152
11599 213
11600 213
11601 43
11602 21
11603 43
11604 79
11605 79
11606 210
11607 210
11608 210
11609 210
11610 210
11611 210
11612 49
11613 49
11614 145
11615 55
11616 145
11617 161
11618 192
11619 145
11620 145
11621 104
11622 5
11623 104
11624 155
11625 104
11626 23
11627 20
11628 20
11629 16
11630 20
11631 59
11632 205
11633 115
11634 205
11635 198
11636 198
11637 167
11638 174
11639 174
11640 174
11641 169
11642 169
11643 112
11644 23
11645 23
11646 112
11647 121
11648 121
11649 19
11650 213
11651 213
11652 13
11653 26
11654 13
11655 63
11656 63
11657 63
11658 63
11659 63
11660 63
11661 63
11662 235
11663 235
11664 209
11665 122
11666 122
11667 122
11668 207
11669 108
11670 198
11671 147
11672 147
11673 173
11674 115
11675 78
11676 40
11677 147
11678 147
11679 210
11680 150
11681 150
11682 5
11683 77
11684 76
11685 76
11686 76
11687 195
11688 1
11689 198
11690 198
11691 177
11692 84
11693 84
11694 87
11695 61
11696 61
11697 60
11698 19
11699 94
11700 97
11701 76
11702 71
11703 76
11704 136
11705 141
11706 73
11707 12
11708 12
11709 13
11710 19
11711 27
11712 162
11713 162
11714 162
11715 170
11716 142
11717 21
11718 142
11719 43
11720 79
11721 43
11722 136
11723 79
11724 11
11725 42
11726 223
11727 223
11728 223
11729 49
11730 223
11731 16
11732 223
11733 246
11734 229
11735 229
11736 141
11737 141
11738 141
11739 141
11740 95
11741 7
11742 141
11743 206
11744 206
11745 54
11746 14
11747 100
11748 21
11749 21
11750 232
11751 232
11752 209
11753 179
11754 143
11755 179
11756 241
11757 241
11758 241
11759 203
11760 121
11761 44
11762 203
11763 223
11764 223
11765 186
11766 11
11767 11
11768 172
11769 175
11770 38
11771 67
11772 32
11773 32
11774 32
11775 32
11776 215
11777 205
11778 142
11779 241
11780 241
11781 183
11782 241
11783 117
11784 168
11785 168
11786 49
11787 49
11788 13
11789 215
11790 215
11791 14
11792 141
11793 141
11794 215
11795 228
11796 38
11797 38
11798 233
11799 233
11800 99
11801 99
11802 126
11803 94
11804 159
11805 159
11806 1
11807 111
11808 111
11809 116
11810 116
11811 116
11812 116
11813 64
11814 64
11815 65
11816 216
11817 180
11818 180
11819 42
11820 161
11821 42
11822 165
11823 166
11824 165
11825 108
11826 108
11827 194
11828 25
11829 108
11830 108
11831 29
11832 84
11833 147
11834 147
11835 147
11836 147
11837 147
11838 80
11839 79
11840 79
11841 124
11842 124
11843 108
11844 108
11845 139
11846 133
11847 3
11848 137
11849 137
11850 137
11851 144
11852 152
11853 22
11854 210
11855 0
11856 50
11857 176
11858 176
11859 103
11860 148
11861 40
11862 40
11863 125
11864 80
11865 13
11866 13
11867 192
11868 17
11869 246
11870 172
11871 33
11872 69
11873 69
11874 167
11875 220
11876 220
11877 167
11878 128
11879 220
11880 220
11881 200
11882 200
11883 138
11884 144
11885 200
11886 50
11887 50
11888 50
11889 213
11890 238
11891 213
11892 146
11893 187
11894 45
11895 121
11896 179
11897 14
11898 174
11899 179
11900 179
11901 150
11902 26
11903 138
11904 47
11905 26
11906 33
11907 33
11908 33
11909 36
11910 36
11911 36
11912 86
11913 145
11914 234
11915 133
11916 184
11917 179
11918 186
11919 5
11920 184
11921 144
11922 244
11923 245
11924 245
11925 9
11926 158
11927 158
11928 233
11929 85
11930 85
11931 85
11932 45
11933 177
11934 173
11935 177
11936 177
11937 177
11938 177
11939 163
11940 163
11941 67
11942 163
11943 163
11944 218
11945 218
11946 78
11947 146
11948 180
11949 126
11950 126
11951 118
11952 118
11953 118
11954 222
11955 118
11956 118
11957 121
11958 218
11959 223
11960 138
11961 117
11962 194
11963 194
11964 32
11965 32
11966 32
11967 195
11968 57
11969 194
11970 190
11971 12
11972 37
11973 85
11974 227
11975 227
11976 229
11977 246
11978 227
11979 233
11980 233
11981 233
11982 233
11983 233
11984 57
11985 150
11986 57
11987 243
11988 243
11989 108
11990 211
11991 1
11992 155
11993 152
11994 172
11995 29
11996 194
11997 204
11998 204
11999 98
12000 98
12001 45
12002 57
12003 98
12004 98
12005 148
12006 147
12007 134
12008 146
12009 102
12010 23
12011 106
12012 106
12013 23
12014 101
12015 114
12016 99
12017 99
12018 152
12019 169
12020 122
12021 37
12022 182
12023 182
12024 182
12025 24
12026 0
12027 17
12028 0
12029 0
12030 24
12031 24
12032 141
12033 141
12034 141
12035 148
12036 141
12037 141
12038 141
12039 213
12040 170
12041 203
12042 223
12043 223
12044 82
12045 186
12046 169
12047 186
12048 186
12049 31
12050 69
12051 207
12052 209
12053 181
12054 37
12055 242
12056 242
12057 126
12058 102
12059 145
12060 201
12061 54
12062 54
12063 7
12064 208
12065 74
12066 208
12067 219
12068 219
12069 219
12070 40
12071 40
12072 187
12073 241
12074 241
12075 218
12076 110
12077 142
12078 110
12079 45
12080 173
12081 173
12082 173
12083 21
12084 59
12085 59
12086 45
12087 59
12088 59
12089 167
12090 167
12091 58
12092 58
12093 1
12094 181
12095 181
12096 61
12097 181
12098 181
12099 188
12100 110
12101 110
12102 44
12103 12
12104 44
12105 158
12106 160
12107 160
12108 97
12109 128
12110 56
12111 3
12112 97
12113 128
12114 111
12115 236
12116 155
12117 236
12118 236
12119 125
12120 105
12121 17
12122 30
12123 13
12124 200
12125 200
12126 10
12127 25
12128 40
12129 115
12130 23
12131 90
12132 146
12133 90
12134 90
12135 224
12136 239
12137 89
12138 122
12139 89
12140 89
12141 69
12142 194
12143 60
12144 194
12145 194
12146 194
12147 195
12148 62
12149 59
12150 62
12151 77
12152 82
12153 77
12154 77
12155 45
12156 32
12157 86
12158 227
12159 238
12160 238
12161 153
12162 43
12163 228
12164 140
12165 118
12166 118
12167 117
12168 97
12169 117
12170 13
12171 121
12172 121
12173 80
12174 92
12175 62
12176 62
12177 62
12178 184
12179 221
12180 221
12181 221
12182 221
12183 210
12184 210
12185 128
12186 153
12187 62
12188 151
12189 20
12190 240
12191 20
12192 98
12193 13
12194 75
12195 89
12196 166
12197 166
12198 201
12199 201
12200 130
12201 145
12202 130
12203 130
12204 158
12205 162
12206 76
12207 1
12208 20
12209 76
12210 202
12211 202
12212 202
12213 202
12214 95
12215 157
12216 51
12217 70
12218 159
12219 159
12220 7
12221 159
12222 17
12223 9
12224 17
12225 17
12226 119
12227 115
12228 17
12229 132
12230 132
12231 210
12232 66
12233 66
12234 66
12235 64
12236 63
12237 66
12238 235
12239 187
12240 235
12241 31
12242 181
12243 138
12244 7
12245 127
12246 127
12247 127
12248 191
12249 31
12250 8
12251 191
12252 14
12253 190
12254 193
12255 128
12256 160
12257 112
12258 196
12259 196
12260 196
12261 196
12262 133
12263 124
12264 167
12265 154
12266 153
12267 154
12268 230
12269 154
12270 136
12271 5
12272 152
12273 187
12274 187
12275 98
12276 101
12277 40
12278 66
12279 64
12280 1
12281 92
12282 57
12283 216
12284 216
12285 189
12286 234
12287 198
12288 176
12289 20
12290 20
12291 20
12292 114
12293 114
12294 114
12295 75
12296 110
12297 127
12298 210
12299 236
12300 9
12301 202
12302 146
12303 235
12304 154
12305 235
12306 235
12307 117
12308 235
12309 66
12310 171
12311 47
12312 9
12313 47
12314 204
12315 26
12316 4
12317 11
12318 26
12319 201
12320 201
12321 201
12322 158
12323 201
12324 208
12325 208
12326 208
12327 208
12328 208
12329 208
12330 81
12331 232
12332 196
12333 217
12334 191
12335 191
12336 191
12337 191
12338 170
12339 163
12340 140
12341 140
12342 140
12343 137
12344 137
12345 214
12346 20
12347 226
12348 214
12349 214
12350 115
12351 214
12352 229
12353 226
12354 214
12355 184
12356 184
12357 7
12358 231
12359 231
12360 131
12361 138
12362 159
12363 147
12364 5
12365 130
12366 239
12367 239
12368 239
12369 135
12370 79
12371 85
12372 79
12373 203
12374 203
12375 149
12376 128
12377 94
12378 150
12379 9
12380 149
12381 28
12382 5
12383 50
12384 50
12385 50
12386 50
12387 50
12388 107
12389 80
12390 80
12391 80
12392 80
12393 161
12394 210
12395 130
12396 161
12397 49
12398 33
12399 5
12400 119
12401 138
12402 189
12403 210
12404 4
12405 210
12406 31
12407 121
12408 119
12409 158
12410 154
12411 128
12412 218
12413 214
12414 214
12415 66
12416 66
12417 204
12418 238
12419 238
12420 182
12421 195
12422 195
12423 9
12424 139
12425 140
12426 139
12427 140
12428 147
12429 198
12430 148
12431 147
12432 50
12433 59
12434 50
12435 143
12436 4
12437 143
12438 81
12439 81
12440 57
12441 57
12442 46
12443 193
12444 201
12445 193
12446 104
12447 132
12448 97
12449 173
12450 187
12451 117
12452 117
12453 195
12454 136
12455 195
12456 29
12457 25
12458 25
12459 78
12460 78
12461 150
12462 150
12463 10
12464 150
12465 166
12466 243
12467 23
12468 22
12469 22
12470 67
12471 67
12472 67
12473 67
12474 67
12475 46
12476 47
12477 170
12478 170
12479 183
12480 183
12481 183
12482 183
12483 183
12484 183
12485 206
12486 206
12487 225
12488 176
12489 225
12490 8
12491 186
12492 18
12493 89
12494 229
12495 89
12496 89
12497 29
12498 6
12499 40
12500 40
12501 75
12502 40
12503 219
12504 219
12505 219
12506 53
12507 229
12508 53
12509 104
12510 104
12511 104
12512 244
12513 26
12514 26
12515 81
12516 191
12517 191
12518 191
12519 166
12520 50
12521 194
12522 70
12523 53
12524 50
12525 176
12526 176
12527 16
12528 135
12529 135
12530 240
12531 240
12532 240
12533 152
12534 152
12535 244
12536 244
12537 244
12538 182
12539 182
12540 17
12541 107
12542 169
12543 167
12544 120
12545 120
12546 120
12547 56
12548 113
12549 113
12550 113
12551 113
12552 61
12553 181
12554 181
12555 181
12556 181
12557 105
12558 105
12559 44
12560 44
12561 52
12562 11
12563 52
12564 9
12565 187
12566 105
12567 194
12568 194
12569 19
12570 63
12571 184
12572 50
12573 100
12574 100
12575 53
12576 100
12577 100
12578 75
12579 18
12580 18
12581 21
12582 21
12583 131
12584 131
12585 111
12586 180
12587 100
12588 100
12589 100
12590 100
12591 100
12592 214
12593 40
12594 11
12595 234
12596 82
12597 3
12598 111
12599 1
12600 82
12601 23
12602 31
12603 31
12604 31
12605 137
12606 106
12607 165
12608 137
12609 143
12610 143
12611 143
12612 143
12613 143
12614 184
12615 122
12616 234
12617 94
12618 122
12619 234
12620 94
12621 122
12622 54
12623 54
12624 45
12625 22
12626 25
12627 61
12628 74
12629 185
12630 185
12631 185
12632 77
12633 78
12634 132
12635 143
12636 234
12637 234
12638 207
12639 234
12640 234
12641 234
12642 56
12643 29
12644 56
12645 152
12646 61
12647 56
12648 56
12649 210
12650 190
12651 19
12652 195
12653 210
12654 36
12655 36
12656 159
12657 159
12658 159
12659 159
12660 44
12661 44
12662 35
12663 35
12664 35
12665 35
12666 35
12667 38
12668 38
12669 220
12670 220
12671 220
12672 36
12673 3
12674 18
12675 29
12676 108
12677 36
12678 150
12679 212
12680 212
12681 41
12682 56
12683 212
12684 23
12685 212
12686 212
12687 212
12688 212
12689 141
12690 188
12691 138
12692 162
12693 161
12694 200
12695 238
12696 81
12697 81
12698 81
12699 119
12700 119
12701 230
12702 122
12703 107
12704 109
12705 39
12706 39
12707 105
12708 131
12709 39
12710 126
12711 5
12712 232
12713 140
12714 140
12715 140
12716 74
12717 204
12718 74
12719 74
12720 177
12721 177
12722 122
12723 111
12724 78
12725 44
12726 1
12727 183
12728 183
12729 64
12730 64
12731 63
12732 63
12733 64
12734 11
12735 67
12736 67
12737 67
12738 210
12739 67
12740 16
12741 159
12742 62
12743 62
12744 33
12745 33
12746 33
12747 33
12748 156
12749 178
12750 117
12751 1
12752 84
12753 103
12754 103
12755 79
12756 153
12757 164
12758 204
12759 153
12760 153
12761 19
12762 19
12763 19
12764 10
12765 163
12766 146
12767 146
12768 146
12769 18
12770 213
12771 120
12772 213
12773 5
12774 93
12775 165
12776 121
12777 93
12778 136
12779 136
12780 136
12781 105
12782 127
12783 127
12784 127
12785 127
12786 226
12787 226
12788 226
12789 51
12790 19
12791 64
12792 47
12793 47
12794 205
12795 199
12796 86
12797 86
12798 28
12799 28
12800 223
12801 15
12802 223
12803 223
12804 143
12805 179
12806 143
12807 143
12808 143
12809 125
12810 40
12811 126
12812 172
12813 8
12814 212
12815 212
12816 26
12817 26
12818 149
12819 149
12820 149
12821 149
12822 15
12823 121
12824 205
12825 154
12826 154
12827 154
12828 218
12829 225
12830 225
12831 183
12832 19
12833 19
12834 19
12835 19
12836 237
12837 247
12838 237
12839 237
12840 55
12841 55
12842 55
12843 22
12844 138
12845 138
12846 9
12847 45
12848 30
12849 45
12850 11
12851 45
12852 233
12853 233
12854 233
12855 233
12856 233
12857 110
12858 110
12859 110
12860 227
12861 227
12862 227
12863 240
12864 99
12865 99
12866 99
12867 99
12868 101
12869 192
12870 102
12871 192
12872 237
12873 232
12874 232
12875 152
12876 203
12877 7
12878 151
12879 181
12880 97
12881 59
12882 28
12883 205
12884 59
12885 94
12886 94
12887 72
12888 94
12889 94
12890 98
12891 87
12892 227
12893 227
12894 227
12895 202
12896 202
12897 177
12898 223
12899 25
12900 25
12901 91
12902 91
12903 80
12904 178
12905 178
12906 171
12907 171
12908 182
12909 171
12910 82
12911 82
12912 82
12913 12
12914 211
12915 108
12916 147
12917 12
12918 60
12919 60
12920 60
12921 61
12922 60
12923 60
12924 45
12925 45
12926 160
12927 207
12928 207
12929 179
12930 179
12931 15
12932 179
12933 15
12934 115
12935 95
12936 26
12937 198
12938 26
12939 6
12940 26
12941 183
12942 25
12943 183
12944 183
12945 54
12946 21
12947 21
12948 43
12949 230
12950 229
12951 57
12952 93
12953 93
12954 221
12955 221
12956 164
12957 164
12958 109
12959 129
12960 66
12961 187
12962 187
12963 187
12964 232
12965 229
12966 102
12967 102
12968 76
12969 103
12970 245
12971 245
12972 245
12973 182
12974 182
12975 116
12976 116
12977 116
12978 116
12979 65
12980 66
12981 135
12982 65
12983 65
12984 47
12985 47
12986 47
12987 47
12988 151
12989 151
12990 102
12991 183
12992 177
12993 177
12994 5
12995 129
12996 129
12997 69
12998 69
12999 69
13000 61
13001 159
13002 159
13003 50
13004 73
13005 73
13006 37
13007 43
13008 116
13009 128
13010 116
13011 17
13012 220
13013 116
13014 92
13015 0
13016 88
13017 88
13018 188
13019 92
13020 92
13021 16
13022 17
13023 51
13024 16
13025 8
13026 16
13027 16
13028 16
13029 17
13030 224
13031 224
13032 224
13033 40
13034 231
13035 40
13036 231
13037 224
13038 137
13039 137
13040 161
13041 161
13042 15
13043 236
13044 15
13045 15
13046 29
13047 241
13048 121
13049 121
13050 27
13051 247
13052 247
13053 84
13054 84
13055 84
13056 150
13057 84
13058 84
13059 31
13060 200
13061 31
13062 31
13063 9
13064 200
13065 106
13066 196
13067 204
13068 106
13069 17
13070 208
13071 208
13072 1
13073 208
13074 127
13075 142
13076 11
13077 140
13078 182
13079 182
13080 182
13081 182
13082 182
13083 187
13084 187
13085 76
13086 39
13087 76
13088 21
13089 21
13090 147
13091 147
13092 147
13093 130
13094 22
13095 106
13096 5
13097 106
13098 106
13099 75
13100 75
13101 51
13102 149
13103 48
13104 137
13105 9
13106 51
13107 199
13108 33
13109 79
13110 86
13111 86
13112 15
13113 90
13114 101
13115 85
13116 74
13117 111
13118 133
13119 224
13120 72
13121 139
13122 139
13123 185
13124 23
13125 126
13126 185
13127 19
13128 19
13129 19
13130 176
13131 177
13132 191
13133 22
13134 22
13135 28
13136 28
13137 28
13138 232
13139 211
13140 232
13141 232
13142 232
13143 154
13144 146
13145 146
13146 146
13147 1
13148 139
13149 94
13150 139
13151 215
13152 68
13153 49
13154 126
13155 56
13156 49
13157 49
13158 112
13159 112
13160 112
13161 111
13162 121
13163 123
13164 121
13165 39
13166 133
13167 39
13168 140
13169 113
13170 140
13171 160
13172 217
13173 144
13174 217
13175 64
13176 64
13177 64
13178 232
13179 236
13180 232
13181 232
13182 232
13183 9
13184 209
13185 175
13186 175
13187 123
13188 159
13189 159
13190 159
13191 159
13192 247
13193 8
13194 93
13195 141
13196 237
13197 141
13198 178
13199 47
13200 47
13201 171
13202 171
13203 171
13204 213
13205 19
13206 171
13207 171
13208 244
13209 171
13210 171
13211 162
13212 162
13213 162
13214 86
13215 86
13216 86
13217 86
13218 100
13219 30
13220 237
13221 234
13222 237
13223 237
13224 237
13225 157
13226 114
13227 86
13228 9
13229 9
13230 227
13231 240
13232 227
13233 236
13234 236
13235 17
13236 17
13237 34
13238 34
13239 11
13240 47
13241 11
13242 241
13243 211
13244 141
13245 144
13246 210
13247 233
13248 233
13249 104
13250 233
13251 130
13252 158
13253 158
13254 83
13255 83
13256 83
13257 162
13258 162
13259 162
13260 169
13261 224
13262 224
13263 224
13264 125
13265 125
13266 95
13267 217
13268 95
13269 169
13270 55
13271 55
13272 159
13273 54
13274 6
13275 104
13276 242
13277 242
13278 37
13279 12
13280 54
13281 167
13282 54
13283 71
13284 167
13285 26
13286 26
13287 26
13288 26
13289 26
13290 26
13291 26
13292 26
13293 163
13294 163
13295 31
13296 193
13297 197
13298 197
13299 44
13300 44
13301 44
13302 244
13303 244
13304 9
13305 1
13306 117
13307 117
13308 82
13309 97
13310 97
13311 31
13312 31
13313 30
13314 61
13315 30
13316 107
13317 19
13318 183
13319 194
13320 194
13321 194
13322 205
13323 109
13324 205
13325 220
13326 220
13327 220
13328 108
13329 123
13330 23
13331 31
13332 108
13333 109
13334 109
13335 109
13336 109
13337 109
13338 192
13339 7
13340 142
13341 192
13342 193
13343 13
13344 13
13345 51
13346 51
13347 11
13348 51
13349 14
13350 101
13351 100
13352 101
13353 101
13354 101
13355 39
13356 72
13357 136
13358 135
13359 132
13360 9
13361 142
13362 237
13363 237
13364 237
13365 95
13366 95
13367 47
13368 137
13369 60
13370 94
13371 94
13372 108
13373 94
13374 146
13375 146
13376 190
13377 190
13378 190
13379 190
13380 190
13381 79
13382 79
13383 74
13384 74
13385 132
13386 132
13387 132
13388 60
13389 185
13390 139
13391 55
13392 51
13393 11
13394 17
13395 11
13396 17
13397 51
13398 235
13399 93
13400 6
13401 37
13402 37
13403 37
13404 34
13405 215
13406 215
13407 60
13408 60
13409 221
13410 93
13411 60
13412 60
13413 73
13414 73
13415 178
13416 26
13417 12
13418 137
13419 137
13420 137
13421 130
13422 140
13423 137
13424 178
13425 178
13426 121
13427 211
13428 211
13429 211
13430 154
13431 75
13432 75
13433 28
13434 5
13435 27
13436 156
13437 83
13438 184
13439 22
13440 82
13441 82
13442 226
13443 90
13444 108
13445 90
13446 81
13447 72
13448 81
13449 200
13450 200
13451 7
13452 200
13453 200
13454 200
13455 200
13456 200
13457 237
13458 237
13459 239
13460 44
13461 44
13462 45
13463 45
13464 90
13465 90
13466 103
13467 12
13468 103
13469 12
13470 221
13471 221
13472 219
13473 221
13474 236
13475 236
13476 209
13477 230
13478 230
13479 192
13480 50
13481 84
13482 50
13483 43
13484 50
13485 84
13486 34
13487 172
13488 34
13489 34
13490 27
13491 19
13492 130
13493 30
13494 69
13495 207
13496 207
13497 207
13498 38
13499 38
13500 38
13501 20
13502 1
13503 142
13504 195
13505 5
13506 142
13507 240
13508 7
13509 158
13510 158
13511 186
13512 158
13513 58
13514 58
13515 233
13516 13
13517 13
13518 203
13519 194
13520 203
13521 203
13522 6
13523 24
13524 1
13525 24
13526 71
13527 71
13528 30
13529 12
13530 12
13531 184
13532 184
13533 8
13534 19
13535 19
13536 29
13537 27
13538 71
13539 71
13540 71
13541 71
13542 49
13543 49
13544 67
13545 96
13546 96
13547 96
13548 96
13549 96
13550 127
13551 9
13552 66
13553 105
13554 66
13555 105
13556 147
13557 112
13558 112
13559 192
13560 1
13561 7
13562 192
13563 192
13564 51
13565 49
13566 6
13567 183
13568 183
13569 183
13570 183
13571 183
13572 183
13573 106
13574 124
13575 106
13576 106
13577 124
13578 53
13579 8
13580 147
13581 88
13582 243
13583 88
13584 203
13585 154
13586 116
13587 134
13588 202
13589 116
13590 116
13591 6
13592 189
13593 13
13594 189
13595 72
13596 43
13597 43
13598 245
13599 23
13600 144
13601 78
13602 144
13603 30
13604 30
13605 190
13606 163
13607 176
13608 37
13609 69
13610 147
13611 159
13612 159
13613 159
13614 159
13615 41
13616 40
13617 16
13618 16
13619 187
13620 16
13621 143
13622 145
13623 143
13624 128
13625 128
13626 143
13627 228
13628 145
13629 74
13630 207
13631 196
13632 166
13633 207
13634 45
13635 136
13636 135
13637 150
13638 135
13639 46
13640 46
13641 7
13642 53
13643 131
13644 107
13645 131
13646 131
13647 210
13648 154
13649 147
13650 210
13651 156
13652 168
13653 139
13654 139
13655 139
13656 139
13657 109
13658 92
13659 92
13660 72
13661 72
13662 228
13663 237
13664 9
13665 115
13666 244
13667 29
13668 25
13669 210
13670 210
13671 170
13672 170
13673 170
13674 88
13675 189
13676 5
13677 94
13678 94
13679 94
13680 94
13681 59
13682 59
13683 59
13684 107
13685 107
13686 202
13687 199
13688 48
13689 244
13690 48
13691 48
13692 13
13693 158
13694 158
13695 236
13696 75
13697 75
13698 30
13699 232
13700 199
13701 199
13702 206
13703 199
13704 199
13705 184
13706 184
13707 107
13708 107
13709 217
13710 103
13711 150
13712 85
13713 1
13714 166
13715 81
13716 81
13717 70
13718 210
13719 234
13720 40
13721 40
13722 40
13723 40
13724 95
13725 102
13726 71
13727 92
13728 95
13729 159
13730 159
13731 162
13732 162
13733 117
13734 78
13735 39
13736 152
13737 177
13738 177
13739 177
13740 56
13741 129
13742 56
13743 56
13744 129
13745 103
13746 103
13747 103
13748 174
13749 174
13750 95
13751 180
13752 180
13753 55
13754 55
13755 118
13756 139
13757 113
13758 139
13759 120
13760 120
13761 117
13762 168
13763 13
13764 13
13765 136
13766 117
13767 136
13768 8
13769 117
13770 63
13771 63
13772 63
13773 63
13774 17
13775 207
13776 31
13777 31
13778 186
13779 130
13780 183
13781 76
13782 146
13783 134
13784 78
13785 18
13786 91
13787 91
13788 91
13789 204
13790 134
13791 94
13792 94
13793 94
13794 94
13795 94
13796 45
13797 45
13798 184
13799 193
13800 76
13801 200
13802 193
13803 23
13804 8
13805 193
13806 193
13807 94
13808 94
13809 169
13810 231
13811 231
13812 139
13813 139
13814 6
13815 213
13816 213
13817 213
13818 176
13819 42
13820 25
13821 176
13822 58
13823 58
13824 58
13825 57
13826 57
13827 80
13828 71
13829 134
13830 81
13831 134
13832 107
13833 107
13834 95
13835 95
13836 184
13837 215
13838 184
13839 18
13840 18
13841 20
13842 20
13843 20
13844 188
13845 239
13846 149
13847 43
13848 185
13849 34
13850 34
13851 77
13852 77
13853 77
13854 95
13855 119
13856 95
13857 95
13858 95
13859 20
13860 22
13861 119
13862 26
13863 112
13864 124
13865 174
13866 246
13867 14
13868 14
13869 97
13870 199
13871 97
13872 97
13873 168
13874 118
13875 118
13876 45
13877 123
13878 118
13879 215
13880 215
13881 215
13882 170
13883 16
13884 16
13885 178
13886 106
13887 107
13888 158
13889 158
13890 158
13891 19
13892 121
13893 19
13894 210
13895 210
13896 210
13897 210
13898 210
13899 109
13900 9
13901 21
13902 99
13903 86
13904 3
13905 224
13906 224
13907 224
13908 224
13909 124
13910 41
13911 160
13912 160
13913 57
13914 116
13915 125
13916 116
13917 119
13918 40
13919 140
13920 31
13921 215
13922 215
13923 7
13924 215
13925 118
13926 118
13927 176
13928 176
13929 145
13930 145
13931 203
13932 144
13933 205
13934 74
13935 205
13936 205
13937 205
13938 205
13939 74
13940 205
13941 191
13942 13
13943 134
13944 134
13945 134
13946 134
13947 152
13948 166
13949 26
13950 48
13951 50
13952 72
13953 50
13954 131
13955 131
13956 234
13957 147
13958 182
13959 147
13960 221
13961 221
13962 236
13963 82
13964 54
13965 54
13966 199
13967 199
13968 199
13969 158
13970 199
13971 158
13972 199
13973 156
13974 156
13975 156
13976 193
13977 7
13978 151
13979 78
13980 40
13981 40
13982 239
13983 83
13984 0
13985 35
13986 35
13987 35
13988 35
13989 35
13990 35
13991 35
13992 213
13993 213
13994 203
13995 203
13996 203
13997 203
13998 154
13999 180
14000 44
14001 154
14002 182
14003 16
14004 41
14005 41
14006 28
14007 28
14008 91
14009 70
14010 70
14011 36
14012 36
14013 36
14014 214
14015 214
14016 188
14017 188
14018 188
14019 47
14020 47
14021 31
14022 84
14023 31
14024 29
14025 29
14026 150
14027 150
14028 5
14029 150
14030 140
14031 233
14032 233
14033 117
14034 214
14035 117
14036 232
14037 65
14038 83
14039 83
14040 67
14041 67
14042 67
14043 45
14044 35
14045 35
14046 57
14047 57
14048 11
14049 111
14050 64
14051 64
14052 64
14053 127
14054 213
14055 217
14056 23
14057 23
14058 241
14059 241
14060 15
14061 31
14062 112
14063 68
14064 245
14065 245
14066 245
14067 245
14068 74
14069 40
14070 74
14071 95
14072 95
14073 67
14074 227
14075 23
14076 111
14077 227
14078 10
14079 227
14080 196
14081 196
14082 217
14083 20
14084 196
14085 102
14086 21
14087 102
14088 102
14089 197
14090 44
14091 229
14092 18
14093 18
14094 38
14095 38
14096 38
14097 38
14098 9
14099 100
14100 100
14101 100
14102 69
14103 189
14104 217
14105 217
14106 217
14107 120
14108 120
14109 120
14110 120
14111 120
14112 120
14113 111
14114 80
14115 111
14116 235
14117 235
14118 80
14119 161
14120 117
14121 117
14122 91
14123 62
14124 91
14125 91
14126 210
14127 238
14128 175
14129 210
14130 217
14131 100
14132 203
14133 209
14134 166
14135 4
14136 4
14137 206
14138 236
14139 155
14140 195
14141 155
14142 195
14143 155
14144 239
14145 49
14146 23
14147 106
14148 23
14149 23
14150 58
14151 23
14152 23
14153 163
14154 153
14155 163
14156 8
14157 55
14158 55
14159 46
14160 46
14161 44
14162 44
14163 105
14164 44
14165 66
14166 220
14167 195
14168 84
14169 195
14170 195
14171 157
14172 242
14173 15
14174 242
14175 105
14176 105
14177 161
14178 161
14179 161
14180 122
14181 122
14182 149
14183 203
14184 149
14185 23
14186 149
14187 68
14188 68
14189 68
14190 107
14191 43
14192 29
14193 29
14194 165
14195 198
14196 198
14197 236
14198 160
14199 160
14200 76
14201 69
14202 103
14203 124
14204 237
14205 124
14206 195
14207 124
14208 124
14209 36
14210 36
14211 167
14212 49
14213 49
14214 34
14215 34
14216 34
14217 34
14218 116
14219 199
14220 116
14221 199
14222 90
14223 4
14224 193
14225 193
14226 193
14227 127
14228 127
14229 127
14230 19
14231 19
14232 19
14233 64
14234 64
14235 146
14236 145
14237 217
14238 103
14239 217
14240 238
14241 152
14242 203
14243 203
14244 203
14245 54
14246 54
14247 223
14248 99
14249 223
14250 119
14251 197
14252 247
14253 238
14254 113
14255 113
14256 76
14257 181
14258 105
14259 181
14260 189
14261 14
14262 235
14263 211
14264 140
14265 19
14266 113
14267 10
14268 107
14269 230
14270 221
14271 230
14272 230
14273 148
14274 194
14275 189
14276 188
14277 39
14278 109
14279 94
14280 94
14281 94
14282 94
14283 71
14284 237
14285 140
14286 156
14287 152
14288 145
14289 194
14290 194
14291 140
14292 102
14293 58
14294 102
14295 102
14296 102
14297 117
14298 58
14299 56
14300 56
14301 56
14302 56
14303 173
14304 173
14305 198
14306 198
14307 187
14308 187
14309 116
14310 30
14311 116
14312 116
14313 218
14314 229
14315 222
14316 136
14317 162
14318 162
14319 107
14320 58
14321 107
14322 138
14323 117
14324 244
14325 7
14326 244
14327 199
14328 78
14329 93
14330 200
14331 200
14332 200
14333 200
14334 102
14335 112
14336 197
14337 91
14338 91
14339 91
14340 183
14341 183
14342 183
14343 26
14344 61
14345 61
14346 61
14347 61
14348 41
14349 238
14350 241
14351 241
14352 141
14353 120
14354 205
14355 205
14356 16
14357 16
14358 49
14359 204
14360 204
14361 204
14362 204
14363 204
14364 204
14365 75
14366 75
14367 75
14368 25
14369 95
14370 109
14371 68
14372 68
14373 137
14374 137
14375 221
14376 226
14377 221
14378 221
14379 116
14380 31
14381 134
14382 54
14383 54
14384 54
14385 82
14386 82
14387 82
14388 82
14389 82
14390 174
14391 164
14392 226
14393 226
14394 226
14395 210
14396 226
14397 224
14398 224
14399 224
14400 93
14401 66
14402 66
14403 66
14404 66
14405 45
14406 15
14407 15
14408 81
14409 78
14410 74
14411 213
14412 133
14413 213
14414 4
14415 160
14416 18
14417 19
14418 160
14419 160
14420 215
14421 83
14422 127
14423 83
14424 83
14425 51
14426 51
14427 50
14428 191
14429 5
14430 165
14431 191
14432 89
14433 89
14434 74
14435 74
14436 74
14437 91
14438 92
14439 91
14440 43
14441 232
14442 7
14443 161
14444 161
14445 141
14446 146
14447 157
14448 141
14449 141
14450 39
14451 31
14452 96
14453 121
14454 203
14455 96
14456 96
14457 203
14458 121
14459 175
14460 175
14461 175
14462 103
14463 103
14464 115
14465 113
14466 17
14467 113
14468 183
14469 211
14470 211
14471 39
14472 165
14473 165
14474 165
14475 165
14476 175
14477 118
14478 118
14479 222
14480 222
14481 224
14482 224
14483 224
14484 224
14485 87
14486 6
14487 87
14488 179
14489 179
14490 179
14491 179
14492 131
14493 179
14494 212
14495 212
14496 212
14497 88
14498 13
14499 13
14500 239
14501 239
14502 239
14503 111
14504 29
14505 29
14506 203
14507 203
14508 163
14509 73
14510 16
14511 50
14512 50
14513 112
14514 44
14515 206
14516 37
14517 37
14518 80
14519 168
14520 168
14521 168
14522 69
14523 69
14524 247
14525 60
14526 69
14527 226
14528 226
14529 42
14530 42
14531 0
14532 124
14533 75
14534 75
14535 144
14536 9
14537 142
14538 126
14539 126
14540 195
14541 126
14542 210
14543 210
14544 210
14545 202
14546 202
14547 24
14548 27
14549 57
14550 194
14551 228
14552 214
14553 130
14554 130
14555 214
14556 227
14557 227
14558 70
14559 103
14560 4
14561 100
14562 175
14563 70
14564 70
14565 59
14566 61
14567 225
14568 140
14569 138
14570 39
14571 39
14572 29
14573 29
14574 95
14575 183
14576 168
14577 95
14578 95
14579 203
14580 203
14581 238
14582 141
14583 76
14584 76
14585 76
14586 107
14587 83
14588 83
14589 83
14590 83
14591 83
14592 112
14593 35
14594 35
14595 113
14596 57
14597 113
14598 156
14599 156
14600 139
14601 139
14602 79
14603 79
14604 79
14605 230
14606 68
14607 68
14608 68
14609 95
14610 38
14611 38
14612 38
14613 42
14614 42
14615 200
14616 9
14617 200
14618 25
14619 200
14620 200
14621 45
14622 206
14623 45
14624 181
14625 78
14626 181
14627 147
14628 159
14629 159
14630 159
14631 171
14632 143
14633 217
14634 133
14635 133
14636 133
14637 33
14638 33
14639 242
14640 197
14641 146
14642 197
14643 69
14644 37
14645 37
14646 78
14647 78
14648 118
14649 15
14650 6
14651 88
14652 243
14653 243
14654 172
14655 243
14656 55
14657 55
14658 55
14659 55
14660 55
14661 24
14662 26
14663 24
14664 81
14665 25
14666 56
14667 56
14668 56
14669 94
14670 94
14671 94
14672 80
14673 80
14674 174
14675 174
14676 27
14677 14
14678 1
14679 246
14680 27
14681 68
14682 68
14683 68
14684 27
14685 6
14686 163
14687 163
14688 62
14689 62
14690 23
14691 13
14692 159
14693 66
14694 159
14695 159
14696 38
14697 12
14698 216
14699 216
14700 216
14701 216
14702 25
14703 93
14704 93
14705 35
14706 208
14707 103
14708 208
14709 26
14710 27
14711 208
14712 103
14713 130
14714 7
14715 129
14716 141
14717 236
14718 8
14719 142
14720 141
14721 141
14722 225
14723 225
14724 225
14725 72
14726 72
14727 72
14728 74
14729 0
14730 89
14731 143
14732 160
14733 143
14734 160
14735 103
14736 4
14737 240
14738 240
14739 80
14740 25
14741 80
14742 25
14743 62
14744 62
14745 62
14746 47
14747 47
14748 47
14749 178
14750 225
14751 203
14752 203
14753 11
14754 217
14755 217
14756 217
14757 218
14758 218
14759 61
14760 228
14761 15
14762 170
14763 61
14764 166
14765 12
14766 12
14767 235
14768 61
14769 70
14770 62
14771 70
14772 170
14773 240
14774 19
14775 124
14776 123
14777 123
14778 123
14779 123
14780 123
14781 16
14782 92
14783 247
14784 247
14785 154
14786 154
14787 195
14788 195
14789 151
14790 138
14791 122
14792 122
14793 122
14794 224
14795 82
14796 70
14797 143
14798 143
14799 63
14800 63
14801 83
14802 187
14803 117
14804 187
14805 211
14806 117
14807 240
14808 216
14809 216
14810 133
14811 133
14812 107
14813 14
14814 41
14815 133
14816 107
14817 82
14818 82
14819 170
14820 170
14821 89
14822 21
14823 89
14824 89
14825 89
14826 90
14827 157
14828 10
14829 75
14830 75
14831 75
14832 49
14833 101
14834 193
14835 56
14836 160
14837 160
14838 201
14839 160
14840 14
14841 8
14842 136
14843 100
14844 100
14845 97
14846 100
14847 100
14848 147
14849 147
14850 246
14851 197
14852 125
14853 231
14854 79
14855 85
14856 172
14857 11
14858 214
14859 167
14860 214
14861 214
14862 150
14863 120
14864 120
14865 120
14866 120
14867 120
14868 169
14869 169
14870 201
14871 28
14872 28
14873 167
14874 11
14875 25
14876 15
14877 167
14878 53
14879 167
14880 167
14881 205
14882 235
14883 205
14884 235
14885 166
14886 145
14887 166
14888 143
14889 23
14890 39
14891 143
14892 156
14893 1
14894 168
14895 20
14896 143
14897 215
14898 215
14899 215
14900 220
14901 41
14902 41
14903 145
14904 145
14905 154
14906 43
14907 154
14908 232
14909 7
14910 232
14911 232
14912 232
14913 232
14914 232
14915 234
14916 82
14917 234
14918 56
14919 56
14920 34
14921 56
14922 158
14923 158
14924 223
14925 223
14926 182
14927 17
14928 182
14929 182
14930 111
14931 61
14932 199
14933 199
14934 199
14935 174
14936 87
14937 148
14938 138
14939 110
14940 24
14941 24
14942 24
14943 18
14944 18
14945 185
14946 96
14947 220
14948 231
14949 231
14950 231
14951 231
14952 78
14953 78
14954 78
14955 75
14956 145
14957 145
14958 209
14959 101
14960 14
14961 15
14962 60
14963 60
14964 233
14965 233
14966 233
14967 67
14968 67
14969 67
14970 43
14971 19
14972 32
14973 32
14974 32
14975 32
14976 32
14977 199
14978 199
14979 199
14980 192
14981 23
14982 234
14983 181
14984 96
14985 96
14986 76
14987 1
14988 96
14989 76
14990 44
14991 44
14992 190
14993 190
14994 211
14995 211
14996 211
14997 9
14998 211
14999 162
15000 162
15001 93
15002 113
15003 113
15004 33
15005 33
15006 33
15007 33
15008 167
15009 167
15010 166
15011 183
15012 166
15013 151
15014 37
15015 37
15016 114
15017 167
15018 167
15019 140
15020 138
15021 209
15022 209
15023 209
15024 114
15025 114
15026 178
15027 140
15028 114
15029 88
15030 142
15031 232
15032 9
15033 44
15034 15
15035 15
15036 142
15037 136
15038 141
15039 190
15040 234
15041 88
15042 244
15043 244
15044 244
15045 116
15046 244
15047 43
15048 238
15049 238
15050 140
15051 81
15052 209
15053 167
15054 53
15055 31
15056 13
15057 154
15058 53
15059 120
15060 120
15061 70
15062 101
15063 70
15064 70
15065 29
15066 26
15067 244
15068 81
15069 81
15070 138
15071 81
15072 135
15073 135
15074 135
15075 6
15076 46
15077 46
15078 78
15079 137
15080 232
15081 127
15082 146
15083 118
15084 118
15085 217
15086 118
15087 211
15088 142
15089 142
15090 57
15091 103
15092 103
15093 57
15094 110
15095 112
15096 85
15097 23
15098 4
15099 90
15100 23
15101 183
15102 239
15103 183
15104 178
15105 178
15106 191
15107 203
15108 212
15109 137
15110 98
15111 198
15112 115
15113 60
15114 60
15115 199
15116 90
15117 53
15118 90
15119 59
15120 59
15121 59
15122 59
15123 59
15124 230
15125 230
15126 230
15127 230
15128 16
15129 20
15130 20
15131 87
15132 19
15133 10
15134 85
15135 31
15136 1
15137 137
15138 137
15139 137
15140 137
15141 109
15142 109
15143 118
15144 162
15145 1
15146 162
15147 162
15148 58
15149 94
15150 247
15151 247
15152 81
15153 81
15154 81
15155 193
15156 81
15157 81
15158 44
15159 80
15160 80
15161 114
15162 114
15163 41
15164 114
15165 114
15166 59
15167 59
15168 59
15169 129
15170 129
15171 129
15172 42
15173 156
15174 170
15175 166
15176 170
15177 159
15178 159
15179 159
15180 159
15181 159
15182 159
15183 107
15184 107
15185 99
15186 84
15187 84
15188 17
15189 17
15190 180
15191 220
15192 169
15193 236
15194 156
15195 241
15196 241
15197 171
15198 171
15199 103
15200 172
15201 172
15202 18
15203 128
15204 128
15205 128
15206 22
15207 186
15208 120
15209 120
15210 120
15211 81
15212 81
15213 159
15214 81
15215 81
15216 161
15217 205
15218 161
15219 161
15220 161
15221 55
15222 55
15223 55
15224 52
15225 33
15226 33
15227 33
15228 208
15229 208
15230 208
15231 219
15232 219
15233 219
15234 232
15235 232
15236 232
15237 29
15238 150
15239 27
15240 27
15241 99
15242 99
15243 51
15244 12
15245 12
15246 70
15247 70
15248 46
15249 46
15250 46
15251 243
15252 243
15253 243
15254 243
15255 160
15256 160
15257 79
15258 79
15259 170
15260 170
15261 66
15262 246
15263 7
15264 143
15265 68
15266 154
15267 179
15268 228
15269 221
15270 221
15271 221
15272 1
15273 72
15274 130
15275 76
15276 76
15277 184
15278 232
15279 232
15280 188
15281 188
15282 188
15283 188
15284 188
15285 244
15286 236
15287 210
15288 131
15289 199
15290 199
15291 18
15292 199
15293 202
15294 197
15295 202
15296 202
15297 144
15298 142
15299 142
15300 142
15301 213
15302 213
15303 213
15304 213
15305 45
15306 68
15307 68
15308 126
15309 126
15310 241
15311 190
15312 98
15313 98
15314 98
15315 23
15316 98
15317 98
15318 98
15319 48
15320 48
15321 166
15322 11
15323 186
15324 124
15325 168
15326 10
15327 71
15328 71
15329 71
15330 71
15331 71
15332 184
15333 195
15334 184
15335 146
15336 184
15337 181
15338 181
15339 195
15340 13
15341 79
15342 202
15343 202
15344 140
15345 4
15346 149
15347 10
15348 142
15349 196
15350 196
15351 196
15352 196
15353 29
15354 212
15355 196
15356 136
15357 238
15358 206
15359 172
15360 230
15361 105
15362 105
15363 142
15364 106
15365 143
15366 170
15367 143
15368 170
15369 215
15370 215
15371 215
15372 72
15373 72
15374 68
15375 86
15376 68
15377 123
15378 171
15379 123
15380 246
15381 88
15382 88
15383 88
15384 212
15385 217
15386 212
15387 212
15388 212
15389 207
15390 243
15391 236
15392 180
15393 180
15394 180
15395 180
15396 180
15397 130
15398 130
15399 130
15400 130
15401 65
15402 65
15403 65
15404 26
15405 109
15406 242
15407 80
15408 86
15409 242
15410 82
15411 221
15412 221
15413 221
15414 78
15415 78
15416 78
15417 74
15418 78
15419 51
15420 14
15421 51
15422 51
15423 72
15424 72
15425 106
15426 197
15427 197
15428 87
15429 87
15430 87
15431 87
15432 30
15433 90
15434 90
15435 208
15436 208
15437 48
15438 59
15439 148
15440 144
15441 142
15442 144
15443 63
15444 63
15445 63
15446 77
15447 77
15448 90
15449 134
15450 110
15451 110
15452 110
15453 150
15454 150
15455 80
15456 65
15457 65
15458 105
15459 14
15460 35
15461 113
15462 217
15463 229
15464 228
15465 228
15466 105
15467 237
15468 10
15469 105
15470 105
15471 200
15472 132
15473 65
15474 65
15475 121
15476 121
15477 121
15478 121
15479 121
15480 44
15481 44
15482 17
15483 17
15484 26
15485 55
15486 26
15487 187
15488 171
15489 171
15490 171
15491 171
15492 84
15493 234
15494 201
15495 201
15496 11
15497 47
15498 47
15499 47
15500 240
15501 203
15502 148
15503 238
15504 238
15505 105
15506 105
15507 105
15508 105
15509 96
15510 96
15511 212
15512 216
15513 216
15514 216
15515 167
15516 232
15517 167
15518 173
15519 58
15520 70
15521 207
15522 205
15523 56
15524 230
15525 154
15526 104
15527 128
15528 154
15529 154
15530 147
15531 107
15532 243
15533 243
15534 9
15535 243
15536 119
15537 129
15538 22
15539 119
15540 88
15541 15
15542 170
15543 215
15544 187
15545 187
15546 222
15547 181
15548 246
15549 222
15550 25
15551 25
15552 132
15553 132
15554 159
15555 159
15556 58
15557 68
15558 138
15559 7
15560 138
15561 176
15562 97
15563 15
15564 24
15565 162
15566 24
15567 128
15568 54
15569 131
15570 99
15571 84
15572 84
15573 86
15574 84
15575 165
15576 165
15577 165
15578 165
15579 141
15580 141
15581 141
15582 141
15583 203
15584 114
15585 120
15586 120
15587 29
15588 62
15589 62
15590 207
15591 60
15592 60
15593 55
15594 55
15595 5
15596 217
15597 109
15598 109
15599 109
15600 164
15601 192
15602 214
15603 214
15604 214
15605 24
15606 24
15607 131
15608 131
15609 1
15610 11
15611 182
15612 24
15613 132
15614 170
15615 92
15616 164
15617 235
15618 110
15619 14
15620 238
15621 110
15622 204
15623 204
15624 204
15625 237
15626 204
15627 44
15628 44
15629 12
15630 43
15631 235
15632 235
15633 144
15634 89
15635 240
15636 19
15637 19
15638 118
15639 118
15640 118
15641 118
15642 50
15643 148
15644 148
15645 134
15646 148
15647 148
15648 199
15649 59
15650 74
15651 74
15652 238
15653 241
15654 238
15655 151
15656 151
15657 151
15658 190
15659 101
15660 246
15661 204
15662 134
15663 204
15664 125
15665 209
15666 125
15667 125
15668 199
15669 175
15670 246
15671 215
15672 194
15673 246
15674 16
15675 207
15676 207
15677 179
15678 179
15679 179
15680 150
15681 126
15682 50
15683 50
15684 51
15685 57
15686 50
15687 61
15688 67
15689 61
15690 209
15691 20
15692 175
15693 175
15694 21
15695 17
15696 175
15697 50
15698 186
15699 175
15700 29
15701 123
15702 29
15703 197
15704 18
15705 172
15706 90
15707 236
15708 90
15709 49
15710 49
15711 49
15712 207
15713 133
15714 23
15715 23
15716 81
15717 182
15718 146
15719 68
15720 68
15721 68
15722 117
15723 225
15724 117
15725 75
15726 49
15727 75
15728 75
15729 185
15730 107
15731 185
15732 185
15733 199
15734 228
15735 228
15736 207
15737 126
15738 126
15739 126
15740 126
15741 165
15742 165
15743 167
15744 166
15745 220
15746 165
15747 120
15748 173
15749 138
15750 158
15751 158
15752 158
15753 86
15754 170
15755 58
15756 170
15757 111
15758 53
15759 111
15760 9
15761 106
15762 106
15763 106
15764 106
15765 106
15766 41
15767 41
15768 41
15769 161
15770 187
15771 119
15772 234
15773 241
15774 241
15775 241
15776 73
15777 241
15778 69
15779 69
15780 175
15781 175
15782 175
15783 75
15784 80
15785 187
15786 136
15787 153
15788 153
15789 153
15790 153
15791 166
15792 159
15793 159
15794 73
15795 159
15796 159
15797 159
15798 59
15799 59
15800 59
15801 155
15802 155
15803 155
15804 225
15805 225
15806 225
15807 242
15808 175
15809 12
15810 136
15811 10
15812 130
15813 106
15814 136
15815 99
15816 199
15817 16
15818 10
15819 16
15820 5
15821 82
15822 82
15823 82
15824 209
15825 209
15826 209
15827 90
15828 142
15829 44
15830 201
15831 201
15832 138
15833 76
15834 76
15835 211
15836 30
15837 30
15838 13
15839 30
15840 30
15841 30
15842 197
15843 15
15844 197
15845 227
15846 227
15847 193
15848 193
15849 119
15850 36
15851 143
15852 176
15853 227
15854 227
15855 229
15856 227
15857 227
15858 150
15859 174
15860 90
15861 225
15862 220
15863 157
15864 157
15865 157
15866 158
15867 158
15868 206
15869 206
15870 206
15871 185
15872 187
15873 136
15874 24
15875 51
15876 166
15877 24
15878 142
15879 89
15880 51
15881 200
15882 195
15883 200
15884 138
15885 176
15886 69
15887 69
15888 137
15889 69
15890 69
15891 119
15892 123
15893 119
15894 121
15895 119
15896 123
15897 86
15898 176
15899 86
15900 43
15901 86
15902 148
15903 202
15904 202
15905 9
15906 30
15907 144
15908 144
15909 83
15910 183
15911 83
15912 197
15913 203
15914 201
15915 8
15916 8
15917 171
15918 171
15919 14
15920 171
15921 136
15922 234
15923 234
15924 30
15925 30
15926 147
15927 147
15928 147
15929 147
15930 147
15931 193
15932 72
15933 115
15934 238
15935 238
15936 121
15937 121
15938 150
15939 20
15940 139
15941 125
15942 42
15943 139
15944 139
15945 111
15946 48
15947 48
15948 48
15949 48
15950 48
15951 48
15952 194
15953 194
15954 88
15955 232
15956 232
15957 127
15958 232
15959 176
15960 104
15961 104
15962 119
15963 119
15964 119
15965 175
15966 175
15967 175
15968 175
15969 95
15970 95
15971 79
15972 38
15973 38
15974 27
15975 22
15976 22
15977 183
15978 19
15979 199
15980 158
15981 158
15982 158
15983 157
15984 96
15985 96
15986 115
15987 7
15988 88
15989 115
15990 115
15991 88
15992 130
15993 130
15994 190
15995 190
15996 6
15997 227
15998 227
15999 57
16000 57
16001 57
16002 57
16003 57
16004 108
16005 130
16006 57
16007 57
16008 210
16009 13
16010 210
16011 210
16012 101
16013 241
16014 5
16015 123
16016 146
16017 147
16018 147
16019 170
16020 170
16021 168
16022 218
16023 218
16024 149
16025 149
16026 149
16027 193
16028 113
16029 193
16030 193
16031 43
16032 115
16033 115
16034 65
16035 64
16036 65
16037 65
16038 86
16039 86
16040 86
16041 159
16042 159
16043 73
16044 73
16045 73
16046 234
16047 234
16048 234
16049 234
16050 234
16051 128
16052 128
16053 143
16054 15
16055 15
16056 63
16057 63
16058 63
16059 63
16060 78
16061 129
16062 18
16063 186
16064 18
16065 186
16066 37
16067 14
16068 37
16069 14
16070 92
16071 69
16072 92
16073 92
16074 104
16075 180
16076 104
16077 104
16078 51
16079 40
16080 182
16081 58
16082 182
16083 230
16084 165
16085 230
16086 230
16087 26
16088 10
16089 10
16090 138
16091 142
16092 45
16093 45
16094 79
16095 79
16096 79
16097 172
16098 33
16099 172
16100 172
16101 206
16102 59
16103 1
16104 115
16105 115
16106 115
16107 115
16108 218
16109 55
16110 41
16111 174
16112 209
16113 105
16114 105
16115 156
16116 169
16117 156
16118 74
16119 71
16120 108
16121 236
16122 236
16123 108
16124 124
16125 124
16126 51
16127 16
16128 16
16129 208
16130 16
16131 19
16132 16
16133 161
16134 122
16135 229
16136 57
16137 57
16138 9
16139 57
16140 57
16141 77
16142 77
16143 77
16144 107
16145 74
16146 62
16147 62
16148 58
16149 84
16150 86
16151 58
16152 201
16153 47
16154 47
16155 59
16156 197
16157 99
16158 192
16159 13
16160 192
16161 195
16162 237
16163 193
16164 192
16165 192
16166 138
16167 138
16168 106
16169 147
16170 138
16171 219
16172 219
16173 101
16174 96
16175 1
16176 23
16177 121
16178 101
16179 127
16180 127
16181 127
16182 127
16183 125
16184 127
16185 13
16186 13
16187 161
16188 56
16189 164
16190 121
16191 80
16192 13
16193 13
16194 219
16195 240
16196 38
16197 38
16198 33
16199 64
16200 64
16201 64
16202 136
16203 104
16204 142
16205 104
16206 244
16207 244
16208 244
16209 28
16210 127
16211 131
16212 127
16213 127
16214 75
16215 128
16216 207
16217 27
16218 25
16219 180
16220 177
16221 10
16222 43
16223 78
16224 46
16225 166
16226 159
16227 166
16228 206
16229 116
16230 116
16231 116
16232 116
16233 109
16234 241
16235 247
16236 26
16237 26
16238 93
16239 233
16240 233
16241 103
16242 180
16243 180
16244 103
16245 236
16246 224
16247 159
16248 222
16249 3
16250 244
16251 244
16252 244
16253 244
16254 152
16255 244
16256 148
16257 148
16258 198
16259 30
16260 30
16261 30
16262 145
16263 145
16264 162
16265 162
16266 238
16267 148
16268 198
16269 198
16270 198
16271 198
16272 34
16273 34
16274 34
16275 35
16276 34
16277 34
16278 202
16279 215
16280 202
16281 96
16282 106
16283 74
16284 245
16285 141
16286 141
16287 14
16288 141
16289 79
16290 79
16291 158
16292 158
16293 220
16294 220
16295 62
16296 62
16297 165
16298 75
16299 47
16300 75
16301 192
16302 192
16303 132
16304 132
16305 108
16306 229
16307 220
16308 220
16309 33
16310 33
16311 93
16312 30
16313 30
16314 93
16315 25
16316 39
16317 36
16318 64
16319 64
16320 64
16321 64
16322 158
16323 138
16324 138
16325 108
16326 5
16327 108
16328 108
16329 197
16330 197
16331 197
16332 101
16333 159
16334 145
16335 228
16336 228
16337 164
16338 234
16339 156
16340 156
16341 156
16342 177
16343 177
16344 137
16345 51
16346 51
16347 51
16348 5
16349 163
16350 160
16351 18
16352 11
16353 18
16354 218
16355 218
16356 227
16357 40
16358 66
16359 116
16360 98
16361 231
16362 231
16363 7
16364 220
16365 220
16366 220
16367 43
16368 43
16369 43
16370 6
16371 31
16372 206
16373 30
16374 31
16375 84
16376 16
16377 62
16378 59
16379 62
16380 225
16381 4
16382 225
16383 225
16384 164
16385 147
16386 225
16387 15
16388 15
16389 225
16390 43
16391 233
16392 8
16393 233
16394 233
16395 8
16396 57
16397 96
16398 103
16399 11
16400 175
16401 45
16402 66
16403 68
16404 143
16405 140
16406 140
16407 140
16408 148
16409 112
16410 112
16411 112
16412 112
16413 76
16414 70
16415 20
16416 191
16417 191
16418 191
16419 191
16420 46
16421 54
16422 46
16423 6
16424 168
16425 233
16426 168
16427 168
16428 21
16429 208
16430 135
16431 208
16432 208
16433 208
16434 110
16435 101
16436 101
16437 21
16438 110
16439 41
16440 110
16441 110
16442 110
16443 65
16444 65
16445 64
16446 65
16447 65
16448 164
16449 181
16450 171
16451 171
16452 205
16453 205
16454 207
16455 207
16456 50
16457 50
16458 50
16459 50
16460 10
16461 76
16462 50
16463 136
16464 109
16465 138
16466 28
16467 28
16468 28
16469 208
16470 213
16471 203
16472 203
16473 203
16474 222
16475 188
16476 188
16477 188
16478 188
16479 188
16480 188
16481 46
16482 55
16483 46
16484 235
16485 235
16486 235
16487 164
16488 126
16489 172
16490 75
16491 22
16492 43
16493 106
16494 106
16495 197
16496 106
16497 45
16498 25
16499 25
16500 25
16501 1
16502 25
16503 26
16504 177
16505 177
16506 177
16507 177
16508 177
16509 72
16510 72
16511 72
16512 24
16513 24
16514 24
16515 80
16516 246
16517 188
16518 185
16519 130
16520 239
16521 239
16522 239
16523 194
16524 194
16525 194
16526 194
16527 234
16528 194
16529 54
16530 54
16531 54
16532 186
16533 123
16534 186
16535 64
16536 64
16537 64
16538 64
16539 176
16540 172
16541 95
16542 176
16543 176
16544 149
16545 180
16546 149
16547 173
16548 149
16549 232
16550 88
16551 33
16552 207
16553 229
16554 10
16555 204
16556 229
16557 204
16558 84
16559 84
16560 19
16561 128
16562 232
16563 128
16564 128
16565 128
16566 172
16567 172
16568 26
16569 26
16570 132
16571 132
16572 61
16573 37
16574 32
16575 32
16576 231
16577 231
16578 231
16579 229
16580 231
16581 231
16582 103
16583 102
16584 97
16585 97
16586 102
16587 102
16588 76
16589 60
16590 60
16591 43
16592 60
16593 60
16594 26
16595 74
16596 144
16597 148
16598 148
16599 148
16600 107
16601 107
16602 9
16603 18
16604 59
16605 62
16606 245
16607 22
16608 52
16609 52
16610 52
16611 20
16612 231
16613 20
16614 131
16615 183
16616 168
16617 213
16618 227
16619 227
16620 13
16621 227
16622 46
16623 46
16624 43
16625 145
16626 145
16627 145
16628 145
16629 130
16630 130
16631 130
16632 89
16633 89
16634 89
16635 15
16636 89
16637 39
16638 30
16639 30
16640 147
16641 167
16642 60
16643 30
16644 151
16645 8
16646 88
16647 88
16648 126
16649 226
16650 92
16651 158
16652 226
16653 226
16654 226
16655 226
16656 92
16657 116
16658 116
16659 29
16660 31
16661 85
16662 85
16663 85
16664 9
16665 85
16666 78
16667 78
16668 68
16669 68
16670 7
16671 68
16672 149
16673 209
16674 212
16675 212
16676 160
16677 160
16678 213
16679 213
16680 72
16681 74
16682 73
16683 86
16684 86
16685 34
16686 35
16687 34
16688 46
16689 46
16690 46
16691 46
16692 20
16693 46
16694 174
16695 200
16696 10
16697 174
16698 174
16699 28
16700 28
16701 28
16702 234
16703 145
16704 234
16705 162
16706 162
16707 162
16708 238
16709 186
16710 186
16711 83
16712 9
16713 239
16714 239
16715 189
16716 195
16717 189
16718 67
16719 67
16720 67
16721 67
16722 67
16723 89
16724 89
16725 61
16726 88
16727 88
16728 88
16729 26
16730 18
16731 230
16732 226
16733 230
16734 230
16735 168
16736 29
16737 134
16738 134
16739 7
16740 134
16741 153
16742 134
16743 179
16744 179
16745 179
16746 94
16747 208
16748 142
16749 142
16750 54
16751 90
16752 54
16753 54
16754 54
16755 44
16756 44
16757 44
16758 44
16759 201
16760 201
16761 211
16762 211
16763 238
16764 223
16765 203
16766 176
16767 203
16768 183
16769 183
16770 5
16771 136
16772 3
16773 8
16774 89
16775 89
16776 64
16777 224
16778 19
16779 75
16780 75
16781 116
16782 116
16783 193
16784 101
16785 19
16786 124
16787 1
16788 142
16789 22
16790 181
16791 181
16792 40
16793 40
16794 109
16795 183
16796 183
16797 185
16798 44
16799 185
16800 185
16801 185
16802 185
16803 108
16804 108
16805 158
16806 53
16807 158
16808 164
16809 164
16810 164
16811 76
16812 11
16813 140
16814 140
16815 144
16816 140
16817 167
16818 140
16819 246
16820 245
16821 46
16822 32
16823 32
16824 51
16825 51
16826 17
16827 17
16828 17
16829 27
16830 202
16831 27
16832 167
16833 167
16834 4
16835 4
16836 4
16837 122
16838 114
16839 114
16840 61
16841 73
16842 73
16843 126
16844 176
16845 128
16846 235
16847 235
16848 235
16849 244
16850 235
16851 136
16852 33
16853 147
16854 147
16855 212
16856 212
16857 144
16858 222
16859 222
16860 222
16861 222
16862 109
16863 109
16864 57
16865 227
16866 227
16867 227
16868 112
16869 112
16870 151
16871 131
16872 169
16873 225
16874 162
16875 162
16876 89
16877 33
16878 214
16879 214
16880 214
16881 214
16882 126
16883 101
16884 128
16885 60
16886 60
16887 60
16888 141
16889 141
16890 180
16891 141
16892 76
16893 141
16894 175
16895 175
16896 77
16897 80
16898 5
16899 152
16900 226
16901 226
16902 156
16903 156
16904 156
16905 156
16906 227
16907 231
16908 227
16909 206
16910 206
16911 206
16912 86
16913 59
16914 86
16915 86
16916 86
16917 59
16918 86
16919 86
16920 86
16921 83
16922 83
16923 206
16924 206
16925 58
16926 58
16927 165
16928 68
16929 165
16930 165
16931 165
16932 165
16933 165
16934 27
16935 27
16936 49
16937 27
16938 27
16939 37
16940 236
16941 228
16942 227
16943 21
16944 113
16945 71
16946 99
16947 99
16948 99
16949 216
16950 216
16951 176
16952 216
16953 216
16954 216
16955 31
16956 31
16957 103
16958 153
16959 57
16960 57
16961 13
16962 57
16963 202
16964 16
16965 16
16966 16
16967 107
16968 107
16969 157
16970 174
16971 61
16972 157
16973 157
16974 123
16975 8
16976 221
16977 226
16978 103
16979 14
16980 189
16981 209
16982 113
16983 113
16984 113
16985 113
16986 113
16987 11
16988 194
16989 201
16990 194
16991 194
16992 162
16993 162
16994 17
16995 162
16996 116
16997 116
16998 116
16999 58
17000 186
17001 99
17002 99
17003 38
17004 38
17005 38
17006 116
17007 116
17008 116
17009 99
17010 99
17011 99
17012 124
17013 93
17014 81
17015 64
17016 64
17017 63
17018 205
17019 205
17020 187
17021 78
17022 78
17023 78
17024 78
17025 182
17026 85
17027 85
17028 54
17029 48
17030 88
17031 61
17032 95
17033 14
17034 207
17035 22
17036 22
17037 22
17038 37
17039 37
17040 149
17041 148
17042 25
17043 149
17044 149
17045 148
17046 129
17047 129
17048 129
17049 82
17050 236
17051 236
17052 81
17053 57
17054 108
17055 57
17056 57
17057 25
17058 24
17059 14
17060 74
17061 74
17062 74
17063 74
17064 74
17065 74
17066 74
17067 50
17068 50
17069 109
17070 109
17071 109
17072 115
17073 109
17074 241
17075 241
17076 22
17077 236
17078 159
17079 166
17080 159
17081 102
17082 102
17083 102
17084 227
17085 195
17086 113
17087 113
17088 231
17089 231
17090 73
17091 180
17092 180
17093 173
17094 180
17095 14
17096 131
17097 14
17098 189
17099 189
17100 189
17101 115
17102 0
17103 115
17104 13
17105 69
17106 69
17107 59
17108 69
17109 60
17110 60
17111 225
17112 225
17113 225
17114 225
17115 148
17116 148
17117 104
17118 9
17119 211
17120 211
17121 228
17122 238
17123 228
17124 146
17125 238
17126 158
17127 44
17128 54
17129 54
17130 209
17131 146
17132 170
17133 170
17134 170
17135 158
17136 158
17137 192
17138 146
17139 208
17140 208
17141 74
17142 208
17143 163
17144 153
17145 27
17146 218
17147 163
17148 163
17149 145
17150 65
17151 184
17152 73
17153 97
17154 33
17155 227
17156 227
17157 227
17158 47
17159 239
17160 238
17161 111
17162 111
17163 70
17164 64
17165 64
17166 64
17167 70
17168 30
17169 120
17170 120
17171 117
17172 156
17173 59
17174 181
17175 181
17176 246
17177 246
17178 207
17179 7
17180 34
17181 34
17182 34
17183 34
17184 34
17185 34
17186 101
17187 20
17188 18
17189 101
17190 20
17191 184
17192 197
17193 18
17194 181
17195 18
17196 18
17197 161
17198 18
17199 96
17200 104
17201 124
17202 122
17203 99
17204 103
17205 237
17206 16
17207 237
17208 237
17209 24
17210 25
17211 101
17212 13
17213 69
17214 69
17215 80
17216 136
17217 136
17218 214
17219 214
17220 52
17221 72
17222 43
17223 43
17224 161
17225 161
17226 20
17227 209
17228 15
17229 15
17230 15
17231 108
17232 71
17233 71
17234 151
17235 151
17236 75
17237 75
17238 160
17239 47
17240 108
17241 108
17242 108
17243 108
17244 108
17245 182
17246 28
17247 125
17248 125
17249 125
17250 155
17251 155
17252 156
17253 83
17254 48
17255 174
17256 0
17257 174
17258 26
17259 26
17260 26
17261 26
17262 157
17263 157
17264 157
17265 21
17266 21
17267 178
17268 21
17269 202
17270 202
17271 239
17272 239
17273 113
17274 95
17275 46
17276 182
17277 166
17278 27
17279 166
17280 166
17281 159
17282 71
17283 71
17284 71
17285 155
17286 155
17287 76
17288 76
17289 43
17290 76
17291 35
17292 130
17293 115
17294 174
17295 52
17296 52
17297 52
17298 52
17299 52
17300 52
17301 119
17302 179
17303 179
17304 179
17305 149
17306 200
17307 38
17308 38
17309 58
17310 58
17311 246
17312 215
17313 215
17314 239
17315 109
17316 108
17317 239
17318 14
17319 236
17320 236
17321 89
17322 89
17323 119
17324 119
17325 119
17326 122
17327 122
17328 122
17329 139
17330 139
17331 25
17332 219
17333 197
17334 164
17335 107
17336 197
17337 14
17338 141
17339 211
17340 147
17341 136
17342 137
17343 75
17344 75
17345 166
17346 75
17347 75
17348 212
17349 212
17350 212
17351 212
17352 156
17353 43
17354 43
17355 153
17356 92
17357 40
17358 169
17359 108
17360 108
17361 43
17362 43
17363 146
17364 146
17365 83
17366 83
17367 218
17368 218
17369 57
17370 86
17371 80
17372 28
17373 28
17374 28
17375 77
17376 117
17377 77
17378 108
17379 77
17380 65
17381 65
17382 65
17383 37
17384 37
17385 37
17386 37
17387 37
17388 78
17389 37
17390 32
17391 78
17392 195
17393 78
17394 186
17395 105
17396 216
17397 27
17398 227
17399 227
17400 227
17401 122
17402 122
17403 122
17404 122
17405 122
17406 237
17407 237
17408 13
17409 13
17410 237
17411 85
17412 85
17413 85
17414 86
17415 106
17416 106
17417 157
17418 157
17419 65
17420 65
17421 77
17422 24
17423 32
17424 32
17425 32
17426 113
17427 113
17428 49
17429 81
17430 38
17431 76
17432 38
17433 113
17434 38
17435 192
17436 62
17437 62
17438 62
17439 27
17440 87
17441 87
17442 84
17443 130
17444 127
17445 37
17446 245
17447 245
17448 245
17449 245
17450 141
17451 89
17452 89
17453 89
17454 89
17455 45
17456 83
17457 83
17458 83
17459 83
17460 84
17461 82
17462 82
17463 97
17464 55
17465 137
17466 137
17467 137
17468 137
17469 6
17470 110
17471 72
17472 110
17473 40
17474 21
17475 109
17476 15
17477 45
17478 16
17479 103
17480 103
17481 102
17482 182
17483 182
17484 182
17485 182
17486 210
17487 210
17488 200
17489 153
17490 153
17491 167
17492 153
17493 213
17494 149
17495 20
17496 170
17497 134
17498 132
17499 148
17500 100
17501 100
17502 100
17503 100
17504 82
17505 174
17506 136
17507 174
17508 166
17509 166
17510 61
17511 61
17512 246
17513 215
17514 202
17515 228
17516 202
17517 78
17518 78
17519 78
17520 177
17521 177
17522 177
17523 83
17524 83
17525 35
17526 35
17527 35
17528 35
17529 149
17530 149
17531 188
17532 188
17533 188
17534 88
17535 132
17536 214
17537 124
17538 127
17539 127
17540 36
17541 36
17542 163
17543 223
17544 223
17545 223
17546 24
17547 68
17548 74
17549 246
17550 246
17551 246
17552 238
17553 239
17554 215
17555 93
17556 12
17557 240
17558 240
17559 240
17560 43
17561 19
17562 233
17563 191
17564 11
17565 191
17566 91
17567 177
17568 115
17569 100
17570 165
17571 165
17572 165
17573 144
17574 57
17575 144
17576 103
17577 103
17578 236
17579 183
17580 131
17581 131
17582 131
17583 0
17584 132
17585 177
17586 216
17587 103
17588 49
17589 49
17590 49
17591 49
17592 113
17593 113
17594 138
17595 40
17596 142
17597 48
17598 40
17599 230
17600 219
17601 230
17602 101
17603 101
17604 27
17605 27
17606 14
17607 27
17608 93
17609 223
17610 123
17611 101
17612 235
17613 235
17614 235
17615 92
17616 134
17617 92
17618 103
17619 103
17620 72
17621 207
17622 155
17623 184
17624 0
17625 183
17626 232
17627 232
17628 223
17629 223
17630 45
17631 135
17632 135
17633 135
17634 57
17635 5
17636 127
17637 57
17638 5
17639 16
17640 219
17641 219
17642 219
17643 45
17644 211
17645 204
17646 199
17647 209
17648 61
17649 151
17650 215
17651 209
17652 211
17653 211
17654 211
17655 211
17656 127
17657 127
17658 204
17659 195
17660 55
17661 127
17662 192
17663 192
17664 192
17665 93
17666 47
17667 97
17668 97
17669 97
17670 132
17671 132
17672 180
17673 180
17674 180
17675 15
17676 15
17677 15
17678 109
17679 109
17680 190
17681 190
17682 62
17683 228
17684 228
17685 228
17686 178
17687 121
17688 65
17689 121
17690 129
17691 126
17692 145
17693 106
17694 211
17695 106
17696 64
17697 64
17698 64
17699 64
17700 11
17701 11
17702 75
17703 199
17704 199
17705 243
17706 196
17707 243
17708 138
17709 230
17710 222
17711 222
17712 18
17713 161
17714 188
17715 161
17716 18
17717 172
17718 161
17719 161
17720 57
17721 64
17722 64
17723 64
17724 64
17725 156
17726 199
17727 199
17728 199
17729 158
17730 61
17731 23
17732 202
17733 96
17734 96
17735 181
17736 226
17737 157
17738 157
17739 157
17740 93
17741 174
17742 101
17743 158
17744 156
17745 167
17746 221
17747 221
17748 221
17749 221
17750 221
17751 221
17752 221
17753 128
17754 128
17755 207
17756 207
17757 154
17758 193
17759 127
17760 41
17761 54
17762 205
17763 41
17764 41
17765 95
17766 126
17767 36
17768 36
17769 36
17770 36
17771 68
17772 224
17773 224
17774 226
17775 134
17776 134
17777 134
17778 169
17779 164
17780 45
17781 45
17782 45
17783 52
17784 226
17785 52
17786 52
17787 203
17788 41
17789 203
17790 213
17791 186
17792 40
17793 40
17794 141
17795 247
17796 21
17797 247
17798 233
17799 188
17800 23
17801 245
17802 188
17803 195
17804 195
17805 195
17806 13
17807 89
17808 89
17809 86
17810 86
17811 89
17812 45
17813 149
17814 149
17815 149
17816 8
17817 83
17818 83
17819 83
17820 33
17821 33
17822 80
17823 80
17824 74
17825 80
17826 62
17827 217
17828 217
17829 116
17830 116
17831 128
17832 128
17833 29
17834 242
17835 128
17836 128
17837 185
17838 185
17839 185
17840 187
17841 185
17842 238
17843 244
17844 238
17845 238
17846 31
17847 11
17848 107
17849 107
17850 98
17851 98
17852 103
17853 242
17854 9
17855 162
17856 189
17857 162
17858 184
17859 184
17860 184
17861 77
17862 40
17863 20
17864 20
17865 197
17866 197
17867 180
17868 194
17869 194
17870 244
17871 194
17872 194
17873 194
17874 56
17875 56
17876 38
17877 38
17878 41
17879 153
17880 153
17881 95
17882 41
17883 38
17884 69
17885 41
17886 109
17887 17
17888 109
17889 90
17890 231
17891 231
17892 231
17893 198
17894 198
17895 40
17896 30
17897 118
17898 20
17899 21
17900 20
17901 21
17902 167
17903 129
17904 129
17905 191
17906 191
17907 191
17908 191
17909 49
17910 196
17911 196
17912 199
17913 196
17914 215
17915 139
17916 215
17917 215
17918 112
17919 92
17920 232
17921 128
17922 154
17923 154
17924 120
17925 104
17926 104
17927 14
17928 14
17929 98
17930 98
17931 90
17932 90
17933 90
17934 90
17935 205
17936 39
17937 39
17938 116
17939 128
17940 19
17941 29
17942 225
17943 225
17944 60
17945 60
17946 60
17947 60
17948 143
17949 137
17950 174
17951 143
17952 143
17953 49
17954 49
17955 49
17956 49
17957 30
17958 49
17959 49
17960 49
17961 56
17962 56
17963 56
17964 45
17965 147
17966 31
17967 232
17968 228
17969 6
17970 106
17971 106
17972 184
17973 184
17974 154
17975 121
17976 121
17977 36
17978 36
17979 36
17980 36
17981 30
17982 30
17983 30
17984 30
17985 104
17986 104
17987 240
17988 49
17989 104
17990 104
17991 27
17992 68
17993 27
17994 126
17995 126
17996 184
17997 241
17998 184
17999 241
18000 55
18001 10
18002 246
18003 55
18004 130
18005 130
18006 138
18007 130
18008 127
18009 91
18010 91
18011 47
18012 157
18013 75
18014 203
18015 51
18016 75
18017 207
18018 107
18019 207
18020 150
18021 187
18022 187
18023 187
18024 24
18025 112
18026 104
18027 104
18028 204
18029 204
18030 210
18031 216
18032 210
18033 204
18034 53
18035 225
18036 90
18037 90
18038 90
18039 90
18040 170
18041 191
18042 72
18043 191
18044 116
18045 101
18046 116
18047 244
18048 50
18049 244
18050 244
18051 203
18052 203
18053 161
18054 115
18055 5
18056 115
18057 115
18058 115
18059 105
18060 85
18061 123
18062 190
18063 85
18064 57
18065 61
18066 38
18067 33
18068 38
18069 175
18070 33
18071 7
18072 238
18073 245
18074 238
18075 238
18076 66
18077 66
18078 235
18079 236
18080 235
18081 213
18082 23
18083 152
18084 138
18085 17
18086 138
18087 138
18088 32
18089 32
18090 32
18091 89
18092 156
18093 6
18094 150
18095 5
18096 186
18097 186
18098 21
18099 198
18100 198
18101 174
18102 174
18103 48
18104 36
18105 179
18106 174
18107 18
18108 18
18109 192
18110 103
18111 53
18112 193
18113 223
18114 173
18115 223
18116 24
18117 24
18118 148
18119 186
18120 99
18121 236
18122 236
18123 236
18124 236
18125 155
18126 152
18127 138
18128 138
18129 146
18130 83
18131 83
18132 46
18133 223
18134 223
18135 223
18136 79
18137 79
18138 79
18139 79
18140 79
18141 235
18142 61
18143 235
18144 234
18145 189
18146 189
18147 189
18148 17
18149 189
18150 54
18151 203
18152 54
18153 54
18154 212
18155 186
18156 212
18157 140
18158 140
18159 140
18160 240
18161 171
18162 6
18163 236
18164 90
18165 38
18166 9
18167 90
18168 67
18169 67
18170 67
18171 189
18172 189
18173 189
18174 158
18175 182
18176 158
18177 207
18178 207
18179 138
18180 207
18181 59
18182 192
18183 192
18184 25
18185 9
18186 51
18187 51
18188 29
18189 29
18190 182
18191 145
18192 182
18193 185
18194 185
18195 185
18196 181
18197 181
18198 147
18199 147
18200 147
18201 56
18202 92
18203 21
18204 204
18205 204
18206 204
18207 134
18208 216
18209 216
18210 146
18211 213
18212 216
18213 5
18214 143
18215 182
18216 14
18217 217
18218 217
18219 23
18220 229
18221 232
18222 158
18223 95
18224 95
18225 95
18226 221
18227 214
18228 214
18229 70
18230 70
18231 154
18232 228
18233 209
18234 196
18235 196
18236 195
18237 177
18238 177
18239 177
18240 21
18241 21
18242 21
18243 175
18244 244
18245 175
18246 89
18247 175
18248 123
18249 123
18250 165
18251 9
18252 49
18253 194
18254 55
18255 11
18256 6
18257 49
18258 194
18259 179
18260 94
18261 179
18262 225
18263 225
18264 222
18265 82
18266 69
18267 82
18268 55
18269 55
18270 231
18271 231
18272 231
18273 231
18274 215
18275 205
18276 17
18277 232
18278 89
18279 89
18280 183
18281 183
18282 191
18283 184
18284 184
18285 43
18286 16
18287 0
18288 102
18289 102
18290 79
18291 79
18292 107
18293 107
18294 21
18295 21
18296 115
18297 85
18298 85
18299 242
18300 242
18301 242
18302 242
18303 133
18304 242
18305 142
18306 142
18307 129
18308 24
18309 111
18310 24
18311 24
18312 202
18313 192
18314 192
18315 193
18316 131
18317 131
18318 131
18319 131
18320 186
18321 186
18322 51
18323 1
18324 51
18325 197
18326 221
18327 197
18328 197
18329 59
18330 59
18331 59
18332 112
18333 53
18334 53
18335 130
18336 154
18337 66
18338 168
18339 88
18340 184
18341 184
18342 201
18343 201
18344 176
18345 176
18346 176
18347 176
18348 180
18349 73
18350 73
18351 240
18352 136
18353 169
18354 241
18355 240
18356 207
18357 40
18358 58
18359 58
18360 58
18361 52
18362 52
18363 220
18364 220
18365 220
18366 144
18367 146
18368 217
18369 247
18370 107
18371 199
18372 55
18373 55
18374 136
18375 11
18376 136
18377 51
18378 51
18379 24
18380 51
18381 72
18382 167
18383 167
18384 158
18385 29
18386 137
18387 139
18388 141
18389 139
18390 139
18391 146
18392 40
18393 163
18394 80
18395 240
18396 163
18397 163
18398 138
18399 35
18400 35
18401 138
18402 121
18403 76
18404 76
18405 236
18406 236
18407 187
18408 173
18409 173
18410 178
18411 163
18412 145
18413 92
18414 92
18415 92
18416 53
18417 14
18418 211
18419 211
18420 238
18421 238
18422 177
18423 177
18424 177
18425 177
18426 177
18427 56
18428 190
18429 56
18430 56
18431 27
18432 56
18433 161
18434 161
18435 161
18436 26
18437 161
18438 161
18439 88
18440 88
18441 99
18442 26
18443 26
18444 26
18445 105
18446 241
18447 57
18448 65
18449 65
18450 68
18451 68
18452 228
18453 228
18454 237
18455 55
18456 169
18457 169
18458 169
18459 218
18460 169
18461 169
18462 148
18463 208
18464 154
18465 154
18466 154
18467 154
18468 154
18469 154
18470 103
18471 56
18472 56
18473 56
18474 56
18475 56
18476 31
18477 31
18478 31
18479 231
18480 231
18481 151
18482 191
18483 176
18484 191
18485 191
18486 189
18487 126
18488 110
18489 110
18490 110
18491 110
18492 70
18493 70
18494 29
18495 23
18496 243
18497 60
18498 162
18499 162
18500 49
18501 181
18502 181
18503 181
18504 24
18505 24
18506 99
18507 99
18508 117
18509 99
18510 114
18511 114
18512 114
18513 114
18514 209
18515 225
18516 236
18517 225
18518 209
18519 206
18520 21
18521 195
18522 13
18523 81
18524 19
18525 157
18526 175
18527 175
18528 80
18529 80
18530 13
18531 170
18532 164
18533 41
18534 128
18535 204
18536 204
18537 139
18538 232
18539 103
18540 41
18541 41
18542 68
18543 68
18544 65
18545 201
18546 212
18547 212
18548 212
18549 212
18550 198
18551 207
18552 232
18553 39
18554 12
18555 12
18556 12
18557 181
18558 181
18559 181
18560 217
18561 113
18562 77
18563 77
18564 77
18565 167
18566 117
18567 167
18568 167
18569 202
18570 202
18571 189
18572 189
18573 149
18574 148
18575 161
18576 170
18577 193
18578 193
18579 187
18580 187
18581 187
18582 102
18583 158
18584 158
18585 158
18586 158
18587 83
18588 83
18589 209
18590 209
18591 209
18592 210
18593 209
18594 209
18595 26
18596 146
18597 220
18598 220
18599 220
18600 220
18601 220
18602 138
18603 170
18604 187
18605 27
18606 170
18607 232
18608 186
18609 55
18610 245
18611 55
18612 144
18613 55
18614 102
18615 129
18616 0
18617 243
18618 28
18619 28
18620 171
18621 171
18622 133
18623 170
18624 61
18625 0
18626 31
18627 185
18628 185
18629 66
18630 185
18631 185
18632 48
18633 48
18634 48
18635 86
18636 90
18637 72
18638 213
18639 142
18640 196
18641 150
18642 150
18643 150
18644 7
18645 155
18646 121
18647 158
18648 158
18649 95
18650 28
18651 154
18652 242
18653 1
18654 109
18655 109
18656 109
18657 109
18658 207
18659 207
18660 207
18661 207
18662 121
18663 206
18664 196
18665 141
18666 141
18667 75
18668 75
18669 174
18670 174
18671 204
18672 241
18673 199
18674 199
18675 199
18676 198
18677 198
18678 22
18679 184
18680 126
18681 38
18682 173
18683 121
18684 121
18685 121
18686 175
18687 6
18688 38
18689 38
18690 38
18691 107
18692 143
18693 143
18694 143
18695 68
18696 68
18697 126
18698 176
18699 126
18700 126
18701 126
18702 126
18703 172
18704 172
18705 172
18706 172
18707 139
18708 83
18709 139
18710 114
18711 114
18712 161
18713 161
18714 161
18715 156
18716 138
18717 156
18718 55
18719 55
18720 191
18721 210
18722 236
18723 236
18724 14
18725 14
18726 89
18727 50
18728 50
18729 144
18730 144
18731 157
18732 129
18733 95
18734 95
18735 47
18736 59
18737 59
18738 27
18739 135
18740 135
18741 135
18742 186
18743 186
18744 186
18745 245
18746 41
18747 40
18748 221
18749 220
18750 110
18751 236
18752 25
18753 50
18754 52
18755 50
18756 208
18757 208
18758 208
18759 45
18760 207
18761 207
18762 97
18763 97
18764 194
18765 194
18766 194
18767 174
18768 136
18769 154
18770 208
18771 208
18772 177
18773 129
18774 5
18775 129
18776 50
18777 199
18778 119
18779 40
18780 40
18781 235
18782 109
18783 109
18784 109
18785 76
18786 92
18787 92
18788 247
18789 247
18790 247
18791 139
18792 139
18793 139
18794 34
18795 34
18796 34
18797 32
18798 32
18799 100
18800 100
18801 237
18802 176
18803 239
18804 239
18805 239
18806 101
18807 197
18808 192
18809 51
18810 209
18811 51
18812 49
18813 228
18814 247
18815 247
18816 247
18817 180
18818 180
18819 180
18820 124
18821 124
18822 205
18823 205
18824 205
18825 36
18826 83
18827 36
18828 202
18829 202
18830 31
18831 134
18832 134
18833 134
18834 142
18835 142
18836 142
18837 142
18838 142
18839 115
18840 115
18841 103
18842 115
18843 16
18844 16
18845 16
18846 16
18847 85
18848 85
18849 85
18850 85
18851 85
18852 85
18853 85
18854 22
18855 22
18856 133
18857 225
18858 225
18859 23
18860 150
18861 150
18862 64
18863 64
18864 64
18865 236
18866 236
18867 207
18868 109
18869 97
18870 119
18871 56
18872 180
18873 56
18874 141
18875 235
18876 235
18877 111
18878 111
18879 111
18880 111
18881 225
18882 225
18883 124
18884 124
18885 66
18886 168
18887 168
18888 168
18889 168
18890 24
18891 41
18892 158
18893 105
18894 199
18895 105
18896 105
18897 160
18898 105
18899 180
18900 180
18901 22
18902 124
18903 124
18904 147
18905 147
18906 136
18907 136
18908 60
18909 62
18910 62
18911 62
18912 164
18913 166
18914 166
18915 108
18916 101
18917 83
18918 108
18919 108
18920 108
18921 30
18922 45
18923 29
18924 29
18925 102
18926 103
18927 102
18928 102
18929 102
18930 102
18931 62
18932 62
18933 75
18934 75
18935 183
18936 209
18937 204
18938 45
18939 26
18940 78
18941 78
18942 169
18943 169
18944 142
18945 32
18946 32
18947 32
18948 32
18949 229
18950 229
18951 123
18952 186
18953 186
18954 31
18955 38
18956 38
18957 215
18958 41
18959 12
18960 45
18961 4
18962 45
18963 181
18964 184
18965 181
18966 164
18967 165
18968 165
18969 165
18970 129
18971 129
18972 129
18973 129
18974 129
18975 129
18976 129
18977 182
18978 100
18979 100
18980 143
18981 165
18982 178
18983 232
18984 115
18985 186
18986 186
18987 8
18988 62
18989 62
18990 45
18991 201
18992 201
18993 201
18994 247
18995 134
18996 134
18997 162
18998 31
18999 82
19000 82
19001 82
19002 237
19003 43
19004 43
19005 76
19006 76
19007 122
19008 122
19009 65
19010 244
19011 96
19012 119
19013 47
19014 51
19015 51
19016 51
19017 206
19018 72
19019 206
19020 208
19021 206
19022 206
19023 64
19024 140
19025 214
19026 164
19027 140
19028 140
19029 144
19030 225
19031 228
19032 236
19033 212
19034 71
19035 212
19036 212
19037 91
19038 126
19039 91
19040 91
19041 126
19042 151
19043 151
19044 33
19045 33
19046 33
19047 155
19048 155
19049 184
19050 155
19051 184
19052 159
19053 159
19054 159
19055 159
19056 242
19057 242
19058 195
19059 242
19060 242
19061 242
19062 31
19063 104
19064 104
19065 104
19066 33
19067 33
19068 131
19069 131
19070 131
19071 131
19072 131
19073 183
19074 165
19075 28
19076 28
19077 43
19078 11
19079 11
19080 58
19081 156
19082 107
19083 217
19084 138
19085 138
19086 138
19087 219
19088 219
19089 219
19090 99
19091 105
19092 99
19093 128
19094 239
19095 17
19096 45
19097 141
19098 45
19099 143
19100 50
19101 50
19102 50
19103 50
19104 42
19105 42
19106 148
19107 148
19108 162
19109 179
19110 179
19111 179
19112 105
19113 77
19114 186
19115 63
19116 63
19117 63
19118 63
19119 63
19120 63
19121 98
19122 98
19123 241
19124 223
19125 147
19126 117
19127 11
19128 219
19129 219
19130 219
19131 183
19132 183
19133 183
19134 167
19135 172
19136 87
19137 4
19138 173
19139 173
19140 173
19141 173
19142 173
19143 173
19144 15
19145 15
19146 121
19147 121
19148 48
19149 247
19150 207
19151 207
19152 114
19153 245
19154 235
19155 235
19156 150
19157 235
19158 235
19159 235
19160 204
19161 204
19162 204
19163 204
19164 204
19165 244
19166 244
19167 244
19168 244
19169 36
19170 36
19171 36
19172 183
19173 183
19174 65
19175 65
19176 64
19177 65
19178 91
19179 91
19180 95
19181 95
19182 184
19183 184
19184 112
19185 112
19186 201
19187 201
19188 201
19189 123
19190 123
19191 72
19192 72
19193 72
19194 72
19195 72
19196 187
19197 187
19198 230
19199 239
19200 239
19201 239
19202 76
19203 76
19204 76
19205 40
19206 40
19207 40
19208 40
19209 143
19210 101
19211 143
19212 217
19213 240
19214 187
19215 5
19216 98
19217 98
19218 98
19219 114
19220 9
19221 114
19222 114
19223 9
19224 30
19225 169
19226 169
19227 169
19228 169
19229 113
19230 74
19231 74
19232 74
19233 134
19234 134
19235 156
19236 156
19237 156
19238 96
19239 98
19240 247
19241 93
19242 93
19243 209
19244 26
19245 8
19246 197
19247 200
19248 197
19249 65
19250 34
19251 35
19252 34
19253 34
19254 34
19255 34
19256 241
19257 104
19258 241
19259 104
19260 197
19261 35
19262 35
19263 35
19264 105
19265 229
19266 40
19267 211
19268 153
19269 69
19270 69
19271 200
19272 200
19273 94
19274 189
19275 213
19276 151
19277 139
19278 213
19279 93
19280 213
19281 7
19282 213
19283 213
19284 37
19285 37
19286 37
19287 187
19288 148
19289 187
19290 187
19291 187
19292 187
19293 183
19294 183
19295 183
19296 183
19297 183
19298 183
19299 183
19300 227
19301 227
19302 227
19303 203
19304 101
19305 194
19306 194
19307 194
19308 194
19309 157
19310 86
19311 191
19312 121
19313 131
19314 185
19315 131
19316 6
19317 21
19318 21
19319 46
19320 30
19321 17
19322 211
19323 211
19324 211
19325 187
19326 187
19327 21
19328 133
19329 115
19330 138
19331 138
19332 3
19333 134
19334 134
19335 126
19336 210
19337 210
19338 211
19339 55
19340 30
19341 211
19342 218
19343 18
19344 18
19345 18
19346 160
19347 90
19348 90
19349 24
19350 103
19351 103
19352 103
19353 108
19354 191
19355 191
19356 246
19357 97
19358 107
19359 141
19360 144
19361 141
19362 165
19363 135
19364 229
19365 94
19366 229
19367 234
19368 28
19369 228
19370 94
19371 174
19372 28
19373 21
19374 229
19375 213
19376 213
19377 152
19378 81
19379 81
19380 28
19381 153
19382 153
19383 48
19384 123
19385 157
19386 157
19387 67
19388 67
19389 67
19390 168
19391 109
19392 109
19393 182
19394 178
19395 178
19396 240
19397 219
19398 240
19399 240
19400 30
19401 224
19402 224
19403 224
19404 221
19405 221
19406 221
19407 42
19408 1
19409 26
19410 26
19411 124
19412 39
19413 226
19414 241
19415 68
19416 68
19417 68
19418 26
19419 181
19420 122
19421 122
19422 48
19423 25
19424 199
19425 199
19426 185
19427 203
19428 156
19429 156
19430 215
19431 57
19432 215
19433 57
19434 87
19435 224
19436 87
19437 87
19438 87
19439 241
19440 19
19441 195
19442 72
19443 195
19444 195
19445 195
19446 195
19447 61
19448 86
19449 84
19450 86
19451 121
19452 121
19453 142
19454 142
19455 110
19456 142
19457 130
19458 130
19459 148
19460 130
19461 95
19462 112
19463 112
19464 167
19465 146
19466 167
19467 236
19468 236
19469 209
19470 236
19471 18
19472 103
19473 93
19474 193
19475 193
19476 193
19477 49
19478 49
19479 49
19480 66
19481 66
19482 68
19483 68
19484 68
19485 160
19486 160
19487 160
19488 141
19489 101
19490 141
19491 150
19492 28
19493 60
19494 28
19495 28
19496 212
19497 28
19498 28
19499 125
19500 150
19501 150
19502 191
19503 150
19504 150
19505 150
19506 44
19507 70
19508 70
19509 70
19510 70
19511 120
19512 120
19513 109
19514 156
19515 152
19516 137
19517 113
19518 4
19519 227
19520 227
19521 106
19522 227
19523 227
19524 82
19525 152
19526 236
19527 120
19528 120
19529 120
19530 106
19531 106
19532 106
19533 106
19534 146
19535 195
19536 195
19537 13
19538 99
19539 1
19540 125
19541 125
19542 125
19543 154
19544 126
19545 126
19546 126
19547 233
19548 29
19549 234
19550 29
19551 65
19552 65
19553 65
19554 82
19555 245
19556 144
19557 147
19558 147
19559 147
19560 147
19561 113
19562 113
19563 113
19564 91
19565 91
19566 91
19567 91
19568 208
19569 208
19570 208
19571 208
19572 217
19573 208
19574 93
19575 93
19576 30
19577 30
19578 111
19579 111
19580 221
19581 221
19582 221
19583 144
19584 139
19585 125
19586 174
19587 139
19588 150
19589 139
19590 139
19591 167
19592 167
19593 224
19594 29
19595 212
19596 212
19597 214
19598 212
19599 212
19600 212
19601 60
19602 68
19603 68
19604 68
19605 146
19606 148
19607 87
19608 93
19609 132
19610 185
19611 185
19612 133
19613 133
19614 37
19615 46
19616 37
19617 7
19618 139
19619 127
19620 219
19621 36
19622 144
19623 144
19624 144
19625 182
19626 139
19627 51
19628 51
19629 52
19630 61
19631 61
19632 63
19633 63
19634 63
19635 198
19636 198
19637 137
19638 198
19639 193
19640 193
19641 229
19642 148
19643 229
19644 118
19645 118
19646 218
19647 142
19648 174
19649 246
19650 53
19651 151
19652 40
19653 193
19654 219
19655 219
19656 219
19657 219
19658 219
19659 98
19660 98
19661 98
19662 154
19663 154
19664 16
19665 41
19666 41
19667 41
19668 117
19669 117
19670 0
19671 27
19672 14
19673 181
19674 181
19675 134
19676 181
19677 181
19678 15
19679 120
19680 120
19681 23
19682 23
19683 130
19684 97
19685 134
19686 130
19687 130
19688 229
19689 209
19690 149
19691 204
19692 204
19693 204
19694 154
19695 154
19696 177
19697 149
19698 186
19699 59
19700 59
19701 41
19702 217
19703 217
19704 185
19705 185
19706 11
19707 185
19708 28
19709 17
19710 18
19711 22
19712 236
19713 111
19714 240
19715 240
19716 240
19717 240
19718 240
19719 67
19720 67
19721 67
19722 67
19723 67
19724 67
19725 90
19726 99
19727 99
19728 99
19729 82
19730 190
19731 124
19732 149
19733 149
19734 20
19735 158
19736 52
19737 52
19738 52
19739 52
19740 52
19741 234
19742 172
19743 17
19744 107
19745 107
19746 69
19747 69
19748 66
19749 154
19750 42
19751 21
19752 21
19753 21
19754 208
19755 86
19756 12
19757 23
19758 242
19759 242
19760 242
19761 242
19762 114
19763 114
19764 66
19765 66
19766 173
19767 173
19768 173
19769 173
19770 67
19771 67
19772 67
19773 67
19774 67
19775 120
19776 120
19777 120
19778 135
19779 135
19780 135
19781 64
19782 114
19783 115
19784 114
19785 180
19786 180
19787 118
19788 118
19789 118
19790 109
19791 186
19792 186
19793 109
19794 109
19795 109
19796 97
19797 128
19798 128
19799 128
19800 129
19801 26
19802 129
19803 113
19804 113
19805 48
19806 48
19807 48
19808 72
19809 165
19810 98
19811 165
19812 177
19813 245
19814 177
19815 194
19816 194
19817 203
19818 128
19819 142
19820 128
19821 136
19822 114
19823 114
19824 244
19825 133
19826 133
19827 46
19828 46
19829 46
19830 46
19831 237
19832 237
19833 237
19834 62
19835 107
19836 145
19837 145
19838 145
19839 222
19840 222
19841 211
19842 222
19843 222
19844 162
19845 12
19846 73
19847 73
19848 73
19849 74
19850 154
19851 25
19852 154
19853 229
19854 199
19855 229
19856 40
19857 40
19858 40
19859 110
19860 110
19861 110
19862 194
19863 194
19864 119
19865 119
19866 119
19867 119
19868 84
19869 12
19870 84
19871 84
19872 84
19873 84
19874 83
19875 110
19876 110
19877 153
19878 53
19879 191
19880 194
19881 194
19882 194
19883 194
19884 217
19885 168
19886 125
19887 147
19888 141
19889 200
19890 200
19891 158
19892 157
19893 47
19894 158
19895 157
19896 88
19897 167
19898 167
19899 167
19900 167
19901 126
19902 126
19903 233
19904 233
19905 193
19906 100
19907 100
19908 100
19909 158
19910 158
19911 158
19912 225
19913 113
19914 76
19915 240
19916 240
19917 65
19918 65
19919 65
19920 65
19921 57
19922 75
19923 179
19924 59
19925 59
19926 39
19927 196
19928 196
19929 234
19930 154
19931 20
19932 140
19933 175
19934 175
19935 175
19936 113
19937 113
19938 25
19939 85
19940 85
19941 88
19942 154
19943 11
19944 233
19945 233
19946 146
19947 148
19948 218
19949 148
19950 207
19951 207
19952 181
19953 181
19954 181
19955 246
19956 246
19957 191
19958 36
19959 36
19960 36
19961 36
19962 193
19963 189
19964 141
19965 53
19966 62
19967 62
19968 148
19969 148
19970 148
19971 163
19972 167
19973 167
19974 167
19975 157
19976 157
19977 157
19978 157
19979 197
19980 11
19981 197
19982 197
19983 197
19984 102
19985 169
19986 103
19987 102
19988 102
19989 91
19990 232
19991 231
19992 130
19993 223
19994 235
19995 235
19996 168
19997 203
19998 229
19999 229
