20000 229
20001 230
20002 205
20003 205
20004 19
20005 234
20006 223
20007 234
20008 234
20009 191
20010 158
20011 158
20012 158
20013 183
20014 183
20015 140
20016 52
20017 5
20018 175
20019 175
20020 175
20021 175
20022 175
20023 216
20024 216
20025 216
20026 30
20027 216
20028 30
20029 188
20030 188
20031 189
20032 188
20033 188
20034 223
20035 223
20036 168
20037 89
20038 33
20039 33
20040 33
20041 124
20042 88
20043 88
20044 68
20045 68
20046 68
20047 113
20048 174
20049 235
20050 80
20051 80
20052 80
20053 140
20054 145
20055 90
20056 140
20057 136
20058 189
20059 160
20060 160
20061 151
20062 151
20063 97
20064 49
20065 111
20066 227
20067 227
20068 227
20069 227
20070 122
20071 177
20072 122
20073 122
20074 5
20075 74
20076 74
20077 159
20078 124
20079 187
20080 187
20081 204
20082 204
20083 24
20084 24
20085 169
20086 24
20087 61
20088 61
20089 168
20090 168
20091 132
20092 245
20093 245
20094 151
20095 7
20096 151
20097 133
20098 133
20099 133
20100 111
20101 90
20102 244
20103 90
20104 188
20105 83
20106 83
20107 220
20108 179
20109 179
20110 144
20111 139
20112 34
20113 34
20114 34
20115 34
20116 34
20117 34
20118 61
20119 176
20120 116
20121 116
20122 116
20123 110
20124 10
20125 110
20126 59
20127 224
20128 224
20129 240
20130 17
20131 17
20132 204
20133 204
20134 204
20135 224
20136 101
20137 101
20138 200
20139 200
20140 107
20141 54
20142 50
20143 50
20144 50
20145 235
20146 45
20147 166
20148 166
20149 61
20150 237
20151 237
20152 47
20153 47
20154 53
20155 22
20156 22
20157 22
20158 69
20159 25
20160 204
20161 204
20162 86
20163 32
20164 32
20165 91
20166 91
20167 99
20168 99
20169 99
20170 51
20171 62
20172 62
20173 44
20174 44
20175 40
20176 40
20177 105
20178 23
20179 203
20180 203
20181 39
20182 39
20183 39
20184 39
20185 39
20186 181
20187 167
20188 167
20189 203
20190 210
20191 210
20192 210
20193 210
20194 117
20195 22
20196 12
20197 22
20198 22
20199 205
20200 130
20201 75
20202 246
20203 34
20204 34
20205 34
20206 180
20207 200
20208 41
20209 41
20210 25
20211 193
20212 123
20213 220
20214 220
20215 220
20216 220
20217 220
20218 220
20219 29
20220 19
20221 19
20222 19
20223 18
20224 18
20225 18
20226 219
20227 222
20228 137
20229 137
20230 217
20231 217
20232 213
20233 24
20234 77
20235 77
20236 77
20237 232
20238 247
20239 97
20240 153
20241 216
20242 127
20243 127
20244 203
20245 231
20246 29
20247 129
20248 128
20249 128
20250 174
20251 174
20252 238
20253 238
20254 26
20255 26
20256 139
20257 229
20258 139
20259 139
20260 174
20261 174
20262 174
20263 193
20264 193
20265 148
20266 193
20267 129
20268 129
20269 129
20270 171
20271 171
20272 171
20273 1
20274 228
20275 212
20276 147
20277 230
20278 230
20279 245
20280 72
20281 101
20282 183
20283 183
20284 45
20285 5
20286 191
20287 191
20288 191
20289 191
20290 61
20291 61
20292 197
20293 152
20294 152
20295 185
20296 185
20297 185
20298 185
20299 95
20300 95
20301 95
20302 165
20303 95
20304 219
20305 124
20306 124
20307 121
20308 93
20309 174
20310 138
20311 138
20312 44
20313 205
20314 205
20315 75
20316 129
20317 75
20318 18
20319 18
20320 18
20321 19
20322 29
20323 60
20324 23
20325 60
20326 49
20327 63
20328 64
20329 63
20330 63
20331 187
20332 143
20333 220
20334 222
20335 220
20336 220
20337 23
20338 23
20339 203
20340 203
20341 203
20342 203
20343 162
20344 203
20345 173
20346 39
20347 54
20348 54
20349 54
20350 119
20351 178
20352 178
20353 88
20354 178
20355 178
20356 65
20357 65
20358 65
20359 63
20360 63
20361 59
20362 57
20363 59
20364 107
20365 46
20366 46
20367 174
20368 21
20369 69
20370 69
20371 69
20372 173
20373 173
20374 195
20375 123
20376 123
20377 123
20378 59
20379 151
20380 174
20381 67
20382 68
20383 152
20384 173
20385 152
20386 152
20387 207
20388 28
20389 28
20390 28
20391 53
20392 219
20393 145
20394 145
20395 104
20396 104
20397 105
20398 105
20399 58
20400 58
20401 72
20402 58
20403 55
20404 55
20405 55
20406 55
20407 189
20408 189
20409 185
20410 185
20411 185
20412 185
20413 144
20414 176
20415 176
20416 153
20417 37
20418 37
20419 126
20420 32
20421 39
20422 32
20423 13
20424 32
20425 90
20426 20
20427 117
20428 90
20429 80
20430 77
20431 77
20432 77
20433 228
20434 95
20435 144
20436 114
20437 20
20438 192
20439 192
20440 140
20441 217
20442 168
20443 33
20444 33
20445 63
20446 63
20447 63
20448 63
20449 63
20450 63
20451 63
20452 26
20453 189
20454 189
20455 189
20456 107
20457 112
20458 112
20459 91
20460 91
20461 39
20462 217
20463 217
20464 219
20465 104
20466 229
20467 104
20468 104
20469 190
20470 127
20471 48
20472 127
20473 127
20474 127
20475 233
20476 233
20477 233
20478 153
20479 153
20480 39
20481 153
20482 226
20483 226
20484 230
20485 142
20486 142
20487 142
20488 39
20489 196
20490 196
20491 196
20492 47
20493 201
20494 187
20495 201
20496 187
20497 165
20498 167
20499 208
20500 165
20501 188
20502 124
20503 181
20504 73
20505 73
20506 73
20507 73
20508 73
20509 219
20510 219
20511 219
20512 219
20513 92
20514 107
20515 92
20516 92
20517 92
20518 164
20519 164
20520 164
20521 129
20522 129
20523 129
20524 129
20525 164
20526 42
20527 51
20528 51
20529 141
20530 141
20531 166
20532 129
20533 30
20534 30
20535 228
20536 101
20537 194
20538 202
20539 194
20540 43
20541 80
20542 142
20543 115
20544 209
20545 169
20546 177
20547 169
20548 111
20549 123
20550 83
20551 5
20552 62
20553 10
20554 81
20555 133
20556 211
20557 211
20558 211
20559 159
20560 159
20561 159
20562 21
20563 115
20564 58
20565 8
20566 85
20567 147
20568 147
20569 26
20570 159
20571 159
20572 202
20573 19
20574 202
20575 217
20576 94
20577 71
20578 71
20579 71
20580 142
20581 244
20582 115
20583 164
20584 164
20585 47
20586 47
20587 47
20588 218
20589 218
20590 124
20591 124
20592 124
20593 74
20594 192
20595 192
20596 121
20597 192
20598 192
20599 192
20600 109
20601 109
20602 39
20603 39
20604 1
20605 42
20606 182
20607 131
20608 155
20609 131
20610 131
20611 131
20612 166
20613 64
20614 73
20615 73
20616 236
20617 246
20618 116
20619 236
20620 191
20621 59
20622 59
20623 225
20624 225
20625 225
20626 228
20627 244
20628 228
20629 172
20630 91
20631 134
20632 91
20633 42
20634 35
20635 51
20636 94
20637 118
20638 94
20639 94
20640 94
20641 112
20642 94
20643 49
20644 189
20645 118
20646 123
20647 118
20648 118
20649 198
20650 118
20651 123
20652 240
20653 240
20654 194
20655 39
20656 39
20657 23
20658 26
20659 39
20660 78
20661 148
20662 148
20663 148
20664 148
20665 191
20666 191
20667 191
20668 191
20669 209
20670 209
20671 36
20672 36
20673 5
20674 39
20675 39
20676 206
20677 20
20678 20
20679 186
20680 241
20681 241
20682 36
20683 36
20684 58
20685 5
20686 58
20687 47
20688 135
20689 86
20690 86
20691 28
20692 28
20693 132
20694 51
20695 51
20696 51
20697 101
20698 101
20699 101
20700 69
20701 69
20702 124
20703 121
20704 124
20705 182
20706 180
20707 142
20708 18
20709 142
20710 18
20711 189
20712 189
20713 178
20714 178
20715 158
20716 57
20717 57
20718 37
20719 37
20720 185
20721 186
20722 185
20723 185
20724 185
20725 42
20726 42
20727 42
20728 231
20729 231
20730 231
20731 144
20732 144
20733 144
20734 133
20735 133
20736 133
20737 123
20738 208
20739 43
20740 43
20741 123
20742 123
20743 35
20744 244
20745 244
20746 130
20747 188
20748 130
20749 103
20750 103
20751 14
20752 212
20753 212
20754 212
20755 212
20756 9
20757 212
20758 51
20759 51
20760 157
20761 161
20762 157
20763 237
20764 237
20765 237
20766 67
20767 23
20768 183
20769 178
20770 178
20771 178
20772 178
20773 178
20774 168
20775 168
20776 168
20777 234
20778 80
20779 68
20780 68
20781 198
20782 203
20783 189
20784 88
20785 88
20786 58
20787 58
20788 58
20789 130
20790 129
20791 129
20792 129
20793 168
20794 11
20795 79
20796 79
20797 145
20798 145
20799 4
20800 40
20801 151
20802 180
20803 146
20804 151
20805 151
20806 97
20807 97
20808 143
20809 143
20810 186
20811 143
20812 14
20813 205
20814 205
20815 205
20816 205
20817 205
20818 154
20819 154
20820 184
20821 85
20822 85
20823 178
20824 6
20825 164
20826 178
20827 15
20828 40
20829 40
20830 75
20831 27
20832 215
20833 98
20834 217
20835 27
20836 27
20837 126
20838 167
20839 130
20840 29
20841 119
20842 29
20843 21
20844 20
20845 166
20846 106
20847 106
20848 31
20849 182
20850 140
20851 32
20852 32
20853 32
20854 82
20855 82
20856 96
20857 18
20858 96
20859 96
20860 152
20861 152
20862 152
20863 192
20864 192
20865 199
20866 192
20867 192
20868 92
20869 192
20870 192
20871 216
20872 192
20873 192
20874 213
20875 86
20876 184
20877 62
20878 227
20879 227
20880 214
20881 214
20882 29
20883 48
20884 48
20885 223
20886 223
20887 15
20888 211
20889 227
20890 227
20891 227
20892 87
20893 87
20894 87
20895 38
20896 38
20897 121
20898 208
20899 208
20900 208
20901 208
20902 208
20903 208
20904 99
20905 99
20906 99
20907 180
20908 99
20909 144
20910 140
20911 144
20912 178
20913 178
20914 178
20915 31
20916 201
20917 201
20918 201
20919 208
20920 13
20921 209
20922 102
20923 47
20924 15
20925 15
20926 15
20927 237
20928 237
20929 237
20930 200
20931 81
20932 148
20933 95
20934 27
20935 188
20936 188
20937 60
20938 60
20939 172
20940 51
20941 13
20942 74
20943 66
20944 66
20945 66
20946 63
20947 66
20948 238
20949 238
20950 238
20951 240
20952 26
20953 239
20954 139
20955 39
20956 105
20957 148
20958 161
20959 139
20960 196
20961 84
20962 84
20963 84
20964 84
20965 84
20966 42
20967 77
20968 129
20969 129
20970 234
20971 146
20972 142
20973 17
20974 17
20975 166
20976 153
20977 153
20978 86
20979 86
20980 86
20981 80
20982 148
20983 148
20984 148
20985 148
20986 137
20987 137
20988 137
20989 34
20990 57
20991 227
20992 227
20993 227
20994 230
20995 230
20996 66
20997 66
20998 104
20999 104
21000 152
21001 152
21002 220
21003 145
21004 83
21005 83
21006 216
21007 47
21008 12
21009 12
21010 12
21011 58
21012 58
21013 85
21014 85
21015 85
21016 85
21017 48
21018 48
21019 48
21020 217
21021 234
21022 95
21023 110
21024 90
21025 81
21026 81
21027 246
21028 246
21029 214
21030 200
21031 214
21032 200
21033 236
21034 236
21035 152
21036 229
21037 203
21038 229
21039 229
21040 229
21041 203
21042 80
21043 80
21044 5
21045 200
21046 177
21047 177
21048 177
21049 177
21050 77
21051 77
21052 77
21053 133
21054 133
21055 133
21056 106
21057 201
21058 240
21059 192
21060 164
21061 164
21062 77
21063 139
21064 205
21065 205
21066 23
21067 99
21068 73
21069 73
21070 185
21071 185
21072 185
21073 208
21074 208
21075 208
21076 177
21077 177
21078 177
21079 177
21080 200
21081 86
21082 148
21083 116
21084 116
21085 45
21086 108
21087 127
21088 127
21089 191
21090 207
21091 205
21092 205
21093 82
21094 108
21095 108
21096 144
21097 155
21098 5
21099 155
21100 155
21101 75
21102 17
21103 155
21104 140
21105 163
21106 204
21107 204
21108 132
21109 132
21110 221
21111 221
21112 134
21113 134
21114 157
21115 157
21116 157
21117 71
21118 74
21119 74
21120 26
21121 186
21122 175
21123 78
21124 77
21125 78
21126 78
21127 241
21128 242
21129 172
21130 172
21131 172
21132 183
21133 172
21134 172
21135 194
21136 144
21137 194
21138 194
21139 47
21140 47
21141 53
21142 53
21143 53
21144 53
21145 126
21146 10
21147 58
21148 244
21149 112
21150 61
21151 61
21152 88
21153 86
21154 79
21155 222
21156 222
21157 136
21158 22
21159 22
21160 22
21161 214
21162 138
21163 244
21164 247
21165 54
21166 71
21167 71
21168 76
21169 76
21170 72
21171 47
21172 226
21173 168
21174 117
21175 117
21176 117
21177 117
21178 145
21179 145
21180 145
21181 57
21182 57
21183 57
21184 72
21185 72
21186 72
21187 132
21188 121
21189 132
21190 17
21191 132
21192 132
21193 114
21194 114
21195 114
21196 21
21197 179
21198 182
21199 230
21200 94
21201 94
21202 94
21203 10
21204 117
21205 153
21206 150
21207 59
21208 23
21209 18
21210 23
21211 230
21212 230
21213 230
21214 230
21215 180
21216 180
21217 174
21218 7
21219 54
21220 18
21221 97
21222 209
21223 209
21224 143
21225 106
21226 148
21227 60
21228 60
21229 49
21230 42
21231 7
21232 42
21233 156
21234 156
21235 231
21236 232
21237 231
21238 201
21239 201
21240 201
21241 87
21242 87
21243 87
21244 87
21245 87
21246 66
21247 84
21248 18
21249 183
21250 183
21251 152
21252 152
21253 152
21254 98
21255 98
21256 115
21257 23
21258 57
21259 113
21260 174
21261 174
21262 95
21263 143
21264 34
21265 34
21266 33
21267 60
21268 129
21269 129
21270 129
21271 129
21272 69
21273 150
21274 129
21275 118
21276 150
21277 132
21278 113
21279 113
21280 70
21281 70
21282 115
21283 115
21284 115
21285 43
21286 210
21287 210
21288 210
21289 210
21290 158
21291 149
21292 199
21293 189
21294 199
21295 41
21296 41
21297 162
21298 162
21299 162
21300 153
21301 148
21302 97
21303 97
21304 232
21305 28
21306 94
21307 28
21308 27
21309 28
21310 28
21311 71
21312 74
21313 74
21314 71
21315 70
21316 70
21317 25
21318 14
21319 239
21320 239
21321 86
21322 86
21323 86
21324 86
21325 44
21326 44
21327 244
21328 247
21329 244
21330 62
21331 192
21332 192
21333 192
21334 84
21335 84
21336 84
21337 198
21338 6
21339 228
21340 228
21341 228
21342 214
21343 214
21344 214
21345 108
21346 11
21347 156
21348 156
21349 156
21350 154
21351 190
21352 190
21353 57
21354 57
21355 61
21356 61
21357 171
21358 171
21359 172
21360 243
21361 23
21362 103
21363 243
21364 243
21365 23
21366 123
21367 51
21368 138
21369 101
21370 101
21371 74
21372 233
21373 88
21374 55
21375 145
21376 145
21377 110
21378 27
21379 110
21380 27
21381 25
21382 30
21383 30
21384 6
21385 6
21386 120
21387 9
21388 16
21389 151
21390 151
21391 151
21392 207
21393 207
21394 214
21395 214
21396 122
21397 121
21398 122
21399 125
21400 125
21401 125
21402 125
21403 125
21404 125
21405 125
21406 7
21407 199
21408 174
21409 174
21410 174
21411 53
21412 144
21413 9
21414 37
21415 37
21416 37
21417 124
21418 25
21419 160
21420 111
21421 111
21422 175
21423 175
21424 175
21425 44
21426 44
21427 89
21428 186
21429 186
21430 85
21431 166
21432 166
21433 166
21434 140
21435 143
21436 113
21437 85
21438 85
21439 85
21440 204
21441 204
21442 204
21443 180
21444 147
21445 77
21446 77
21447 40
21448 15
21449 15
21450 164
21451 120
21452 21
21453 210
21454 210
21455 210
21456 210
21457 109
21458 109
21459 28
21460 28
21461 28
21462 28
21463 28
21464 93
21465 93
21466 33
21467 33
21468 33
21469 33
21470 108
21471 108
21472 108
21473 19
21474 171
21475 171
21476 171
21477 7
21478 91
21479 91
21480 61
21481 61
21482 233
21483 233
21484 92
21485 219
21486 219
21487 219
21488 69
21489 112
21490 69
21491 69
21492 68
21493 69
21494 49
21495 33
21496 33
21497 33
21498 162
21499 162
21500 139
21501 139
21502 120
21503 120
21504 145
21505 145
21506 145
21507 145
21508 105
21509 192
21510 94
21511 105
21512 47
21513 47
21514 152
21515 130
21516 117
21517 121
21518 121
21519 121
21520 29
21521 189
21522 241
21523 219
21524 219
21525 52
21526 175
21527 52
21528 13
21529 13
21530 190
21531 190
21532 106
21533 106
21534 103
21535 103
21536 123
21537 123
21538 13
21539 47
21540 69
21541 77
21542 69
21543 130
21544 90
21545 73
21546 73
21547 73
21548 79
21549 79
21550 61
21551 87
21552 87
21553 87
21554 35
21555 182
21556 182
21557 26
21558 26
21559 26
21560 138
21561 118
21562 118
21563 6
21564 36
21565 118
21566 137
21567 137
21568 19
21569 16
21570 83
21571 83
21572 140
21573 45
21574 45
21575 39
21576 140
21577 31
21578 146
21579 233
21580 172
21581 172
21582 46
21583 46
21584 46
21585 46
21586 46
21587 184
21588 80
21589 33
21590 174
21591 49
21592 122
21593 208
21594 213
21595 176
21596 77
21597 77
21598 224
21599 96
21600 96
21601 107
21602 121
21603 113
21604 113
21605 41
21606 28
21607 107
21608 28
21609 111
21610 68
21611 30
21612 119
21613 178
21614 178
21615 151
21616 82
21617 151
21618 108
21619 113
21620 144
21621 144
21622 202
21623 9
21624 202
21625 245
21626 135
21627 135
21628 38
21629 38
21630 23
21631 45
21632 18
21633 45
21634 246
21635 246
21636 246
21637 20
21638 20
21639 33
21640 90
21641 90
21642 90
21643 73
21644 73
21645 73
21646 181
21647 181
21648 181
21649 13
21650 89
21651 89
21652 50
21653 153
21654 189
21655 188
21656 242
21657 242
21658 242
21659 242
21660 148
21661 148
21662 76
21663 26
21664 26
21665 158
21666 85
21667 85
21668 85
21669 85
21670 166
21671 149
21672 114
21673 150
21674 149
21675 149
21676 64
21677 64
21678 162
21679 162
21680 204
21681 204
21682 204
21683 185
21684 185
21685 212
21686 212
21687 158
21688 158
21689 209
21690 1
21691 209
21692 124
21693 185
21694 185
21695 153
21696 155
21697 25
21698 7
21699 65
21700 65
21701 65
21702 65
21703 67
21704 66
21705 179
21706 179
21707 187
21708 152
21709 152
21710 152
21711 152
21712 16
21713 16
21714 16
21715 83
21716 14
21717 32
21718 32
21719 32
21720 32
21721 100
21722 100
21723 158
21724 171
21725 171
21726 123
21727 171
21728 1
21729 115
21730 171
21731 219
21732 219
21733 219
21734 20
21735 216
21736 216
21737 86
21738 157
21739 157
21740 235
21741 235
21742 136
21743 92
21744 204
21745 246
21746 204
21747 204
21748 204
21749 41
21750 85
21751 85
21752 61
21753 28
21754 66
21755 66
21756 66
21757 66
21758 66
21759 66
21760 174
21761 174
21762 220
21763 220
21764 220
21765 220
21766 245
21767 16
21768 66
21769 169
21770 169
21771 169
21772 169
21773 132
21774 132
21775 234
21776 153
21777 128
21778 233
21779 233
21780 166
21781 166
21782 11
21783 166
21784 202
21785 202
21786 42
21787 205
21788 205
21789 109
21790 109
21791 109
21792 109
21793 109
21794 104
21795 104
21796 77
21797 52
21798 52
21799 14
21800 198
21801 82
21802 198
21803 198
21804 188
21805 188
21806 126
21807 86
21808 86
21809 86
21810 155
21811 234
21812 155
21813 155
21814 141
21815 141
21816 142
21817 141
21818 141
21819 18
21820 187
21821 115
21822 164
21823 138
21824 138
21825 35
21826 35
21827 35
21828 226
21829 226
21830 247
21831 247
21832 247
21833 247
21834 45
21835 168
21836 45
21837 168
21838 168
21839 164
21840 168
21841 214
21842 80
21843 214
21844 212
21845 238
21846 45
21847 177
21848 177
21849 184
21850 185
21851 171
21852 171
21853 237
21854 138
21855 213
21856 144
21857 152
21858 126
21859 92
21860 92
21861 92
21862 196
21863 196
21864 194
21865 194
21866 194
21867 160
21868 16
21869 16
21870 29
21871 29
21872 122
21873 122
21874 144
21875 144
21876 203
21877 61
21878 61
21879 53
21880 121
21881 144
21882 51
21883 234
21884 21
21885 12
21886 21
21887 12
21888 153
21889 239
21890 207
21891 207
21892 130
21893 130
21894 126
21895 128
21896 37
21897 37
21898 33
21899 80
21900 61
21901 61
21902 61
21903 61
21904 61
21905 125
21906 125
21907 7
21908 9
21909 172
21910 174
21911 19
21912 172
21913 163
21914 163
21915 19
21916 92
21917 92
21918 84
21919 29
21920 29
21921 29
21922 29
21923 176
21924 144
21925 137
21926 144
21927 102
21928 102
21929 102
21930 102
21931 174
21932 174
21933 77
21934 174
21935 39
21936 39
21937 39
21938 211
21939 211
21940 241
21941 123
21942 123
21943 238
21944 238
21945 238
21946 238
21947 58
21948 85
21949 52
21950 52
21951 52
21952 52
21953 134
21954 134
21955 101
21956 164
21957 214
21958 217
21959 214
21960 236
21961 236
21962 236
21963 166
21964 76
21965 33
21966 33
21967 183
21968 168
21969 157
21970 157
21971 157
21972 232
21973 215
21974 243
21975 220
21976 220
21977 220
21978 188
21979 188
21980 223
21981 223
21982 223
21983 202
21984 202
21985 239
21986 239
21987 239
21988 107
21989 189
21990 213
21991 76
21992 76
21993 117
21994 102
21995 111
21996 162
21997 162
21998 162
21999 71
22000 71
22001 35
22002 35
22003 35
22004 35
22005 103
22006 103
22007 49
22008 64
22009 88
22010 88
22011 66
22012 66
22013 188
22014 188
22015 188
22016 160
22017 160
22018 160
22019 160
22020 160
22021 127
22022 13
22023 81
22024 127
22025 88
22026 127
22027 130
22028 130
22029 162
22030 51
22031 51
22032 98
22033 98
22034 204
22035 204
22036 129
22037 129
22038 73
22039 73
22040 73
22041 73
22042 73
22043 73
22044 53
22045 226
22046 53
22047 115
22048 130
22049 127
22050 130
22051 130
22052 130
22053 59
22054 48
22055 185
22056 158
22057 201
22058 80
22059 86
22060 41
22061 124
22062 181
22063 125
22064 143
22065 221
22066 221
22067 221
22068 126
22069 97
22070 97
22071 97
22072 127
22073 127
22074 127
22075 57
22076 57
22077 52
22078 52
22079 110
22080 138
22081 88
22082 162
22083 162
22084 162
22085 162
22086 133
22087 133
22088 78
22089 11
22090 68
22091 121
22092 121
22093 23
22094 121
22095 55
22096 121
22097 204
22098 204
22099 156
22100 156
22101 80
22102 80
22103 17
22104 169
22105 17
22106 152
22107 42
22108 218
22109 218
22110 76
22111 76
22112 200
22113 200
22114 200
22115 200
22116 200
22117 45
22118 50
22119 25
22120 230
22121 18
22122 195
22123 138
22124 138
22125 25
22126 148
22127 167
22128 167
22129 236
22130 181
22131 181
22132 215
22133 215
22134 135
22135 135
22136 135
22137 135
22138 64
22139 64
22140 64
22141 106
22142 106
22143 40
22144 40
22145 213
22146 213
22147 213
22148 213
22149 213
22150 24
22151 24
22152 225
22153 225
22154 225
22155 225
22156 70
22157 69
22158 70
22159 70
22160 12
22161 12
22162 217
22163 18
22164 182
22165 96
22166 181
22167 181
22168 7
22169 155
22170 44
22171 143
22172 149
22173 143
22174 103
22175 103
22176 247
22177 158
22178 171
22179 147
22180 147
22181 33
22182 201
22183 201
22184 201
22185 100
22186 100
22187 99
22188 207
22189 48
22190 8
22191 48
22192 207
22193 230
22194 230
22195 232
22196 232
22197 62
22198 22
22199 136
22200 144
22201 128
22202 104
22203 128
22204 25
22205 154
22206 162
22207 215
22208 175
22209 211
22210 201
22211 201
22212 201
22213 201
22214 215
22215 215
22216 14
22217 20
22218 165
22219 20
22220 112
22221 12
22222 155
22223 114
22224 114
22225 112
22226 112
22227 112
22228 57
22229 20
22230 83
22231 83
22232 100
22233 100
22234 173
22235 173
22236 173
22237 32
22238 61
22239 61
22240 40
22241 79
22242 19
22243 124
22244 124
22245 73
22246 72
22247 74
22248 100
22249 239
22250 239
22251 51
22252 20
22253 43
22254 43
22255 33
22256 33
22257 33
22258 33
22259 21
22260 49
22261 39
22262 33
22263 183
22264 184
22265 183
22266 214
22267 214
22268 240
22269 69
22270 210
22271 210
22272 124
22273 82
22274 198
22275 80
22276 64
22277 190
22278 190
22279 103
22280 59
22281 103
22282 13
22283 6
22284 42
22285 42
22286 77
22287 77
22288 77
22289 116
22290 116
22291 212
22292 212
22293 196
22294 200
22295 95
22296 86
22297 86
22298 178
22299 152
22300 188
22301 188
22302 188
22303 180
22304 180
22305 180
22306 180
22307 120
22308 200
22309 120
22310 16
22311 77
22312 77
22313 41
22314 193
22315 41
22316 166
22317 166
22318 166
22319 94
22320 9
22321 94
22322 94
22323 43
22324 94
22325 28
22326 226
22327 17
22328 226
22329 156
22330 188
22331 188
22332 95
22333 14
22334 174
22335 161
22336 161
22337 161
22338 47
22339 170
22340 223
22341 186
22342 227
22343 227
22344 225
22345 44
22346 225
22347 44
22348 225
22349 84
22350 141
22351 141
22352 141
22353 240
22354 141
22355 119
22356 119
22357 211
22358 98
22359 98
22360 98
22361 98
22362 31
22363 245
22364 22
22365 22
22366 28
22367 202
22368 202
22369 38
22370 31
22371 49
22372 132
22373 49
22374 220
22375 220
22376 199
22377 198
22378 10
22379 199
22380 109
22381 97
22382 140
22383 43
22384 140
22385 240
22386 140
22387 202
22388 59
22389 107
22390 221
22391 222
22392 42
22393 107
22394 94
22395 52
22396 101
22397 191
22398 191
22399 191
22400 218
22401 191
22402 109
22403 109
22404 134
22405 45
22406 33
22407 246
22408 26
22409 26
22410 26
22411 26
22412 26
22413 100
22414 100
22415 100
22416 100
22417 141
22418 141
22419 21
22420 74
22421 74
22422 225
22423 225
22424 225
22425 225
22426 232
22427 152
22428 152
22429 152
22430 152
22431 158
22432 40
22433 40
22434 107
22435 40
22436 40
22437 222
22438 222
22439 240
22440 238
22441 58
22442 58
22443 58
22444 30
22445 83
22446 83
22447 13
22448 90
22449 90
22450 122
22451 122
22452 49
22453 49
22454 49
22455 94
22456 99
22457 94
22458 94
22459 94
22460 99
22461 69
22462 69
22463 69
22464 236
22465 49
22466 49
22467 62
22468 222
22469 222
22470 222
22471 218
22472 53
22473 137
22474 137
22475 137
22476 137
22477 137
22478 178
22479 178
22480 179
22481 82
22482 178
22483 178
22484 117
22485 29
22486 117
22487 108
22488 108
22489 106
22490 130
22491 186
22492 95
22493 137
22494 180
22495 153
22496 30
22497 30
22498 75
22499 75
22500 123
22501 81
22502 195
22503 195
22504 195
22505 74
22506 39
22507 74
22508 39
22509 27
22510 27
22511 58
22512 58
22513 240
22514 240
22515 240
22516 107
22517 36
22518 105
22519 231
22520 141
22521 240
22522 240
22523 240
22524 185
22525 130
22526 113
22527 113
22528 113
22529 33
22530 33
22531 12
22532 12
22533 127
22534 127
22535 127
22536 127
22537 92
22538 62
22539 62
22540 62
22541 62
22542 62
22543 186
22544 186
22545 159
22546 93
22547 114
22548 114
22549 131
22550 131
22551 137
22552 218
22553 137
22554 138
22555 218
22556 112
22557 86
22558 112
22559 47
22560 115
22561 115
22562 168
22563 168
22564 168
22565 168
22566 148
22567 148
22568 121
22569 60
22570 60
22571 228
22572 104
22573 228
22574 160
22575 160
22576 160
22577 160
22578 160
22579 234
22580 108
22581 126
22582 126
22583 126
22584 167
22585 167
22586 167
22587 167
22588 133
22589 133
22590 110
22591 211
22592 211
22593 126
22594 110
22595 203
22596 23
22597 23
22598 164
22599 164
22600 164
22601 164
22602 89
22603 89
22604 192
22605 192
22606 192
22607 192
22608 192
22609 247
22610 247
22611 247
22612 155
22613 155
22614 239
22615 239
22616 239
22617 207
22618 207
22619 192
22620 46
22621 46
22622 46
22623 222
22624 222
22625 70
22626 70
22627 214
22628 214
22629 57
22630 182
22631 182
22632 88
22633 88
22634 88
22635 88
22636 69
22637 76
22638 162
22639 218
22640 218
22641 224
22642 81
22643 81
22644 81
22645 19
22646 196
22647 192
22648 120
22649 120
22650 120
22651 100
22652 100
22653 97
22654 97
22655 76
22656 76
22657 9
22658 125
22659 125
22660 66
22661 66
22662 247
22663 247
22664 247
22665 215
22666 140
22667 215
22668 128
22669 128
22670 128
22671 71
22672 71
22673 71
22674 71
22675 93
22676 42
22677 33
22678 33
22679 177
22680 10
22681 10
22682 173
22683 80
22684 222
22685 222
22686 222
22687 222
22688 137
22689 52
22690 52
22691 77
22692 77
22693 58
22694 58
22695 103
22696 58
22697 209
22698 209
22699 196
22700 196
22701 91
22702 59
22703 59
22704 59
22705 155
22706 155
22707 155
22708 129
22709 129
22710 156
22711 148
22712 156
22713 148
22714 61
22715 225
22716 225
22717 225
22718 64
22719 64
22720 70
22721 240
22722 240
22723 216
22724 136
22725 163
22726 55
22727 80
22728 160
22729 56
22730 222
22731 222
22732 115
22733 115
22734 225
22735 228
22736 42
22737 9
22738 42
22739 42
22740 122
22741 153
22742 153
22743 153
22744 85
22745 85
22746 85
22747 175
22748 173
22749 175
22750 52
22751 52
22752 143
22753 143
22754 25
22755 20
22756 77
22757 95
22758 36
22759 237
22760 51
22761 101
22762 51
22763 122
22764 211
22765 211
22766 55
22767 57
22768 55
22769 55
22770 55
22771 93
22772 93
22773 229
22774 229
22775 229
22776 230
22777 98
22778 210
22779 210
22780 61
22781 61
22782 61
22783 51
22784 132
22785 132
22786 132
22787 63
22788 63
22789 43
22790 175
22791 201
22792 201
22793 164
22794 164
22795 164
22796 164
22797 164
22798 164
22799 74
22800 99
22801 99
22802 128
22803 146
22804 140
22805 181
22806 221
22807 221
22808 221
22809 103
22810 175
22811 81
22812 113
22813 113
22814 67
22815 67
22816 127
22817 140
22818 148
22819 120
22820 13
22821 100
22822 100
22823 124
22824 47
22825 235
22826 241
22827 35
22828 39
22829 6
22830 213
22831 33
22832 33
22833 122
22834 122
22835 122
22836 190
22837 173
22838 173
22839 173
22840 173
22841 226
22842 50
22843 50
22844 50
22845 132
22846 68
22847 68
22848 178
22849 178
22850 80
22851 117
22852 117
22853 125
22854 53
22855 53
22856 53
22857 79
22858 232
22859 232
22860 232
22861 217
22862 217
22863 90
22864 242
22865 242
22866 138
22867 98
22868 158
22869 26
22870 6
22871 161
22872 161
22873 161
22874 50
22875 220
22876 220
22877 233
22878 233
22879 233
22880 233
22881 120
22882 169
22883 169
22884 5
22885 5
22886 122
22887 54
22888 101
22889 101
22890 101
22891 49
22892 49
22893 136
22894 136
22895 210
22896 234
22897 11
22898 51
22899 111
22900 26
22901 111
22902 47
22903 7
22904 123
22905 234
22906 234
22907 234
22908 208
22909 208
22910 208
22911 240
22912 29
22913 70
22914 196
22915 196
22916 82
22917 196
22918 208
22919 213
22920 143
22921 208
22922 208
22923 92
22924 92
22925 82
22926 143
22927 143
22928 124
22929 124
22930 181
22931 181
22932 149
22933 22
22934 156
22935 37
22936 47
22937 51
22938 99
22939 99
22940 99
22941 99
22942 99
22943 42
22944 42
22945 21
22946 75
22947 78
22948 75
22949 75
22950 173
22951 173
22952 173
22953 60
22954 73
22955 73
22956 73
22957 39
22958 39
22959 79
22960 79
22961 147
22962 147
22963 193
22964 119
22965 231
22966 147
22967 231
22968 231
22969 212
22970 22
22971 22
22972 216
22973 216
22974 1
22975 188
22976 188
22977 145
22978 188
22979 193
22980 206
22981 242
22982 232
22983 195
22984 163
22985 232
22986 48
22987 48
22988 48
22989 11
22990 39
22991 141
22992 141
22993 141
22994 214
22995 16
22996 63
22997 63
22998 172
22999 172
23000 172
23001 172
23002 228
23003 14
23004 228
23005 186
23006 137
23007 103
23008 197
23009 197
23010 32
23011 231
23012 43
23013 43
23014 43
23015 163
23016 163
23017 114
23018 30
23019 114
23020 114
23021 30
23022 190
23023 190
23024 191
23025 67
23026 67
23027 67
23028 126
23029 223
23030 126
23031 126
23032 67
23033 67
23034 67
23035 113
23036 113
23037 113
23038 70
23039 70
23040 29
23041 164
23042 164
23043 190
23044 62
23045 62
23046 62
23047 41
23048 83
23049 224
23050 97
23051 237
23052 173
23053 48
23054 173
23055 152
23056 231
23057 73
23058 73
23059 227
23060 65
23061 65
23062 65
23063 29
23064 29
23065 29
23066 218
23067 210
23068 27
23069 158
23070 158
23071 158
23072 130
23073 158
23074 133
23075 72
23076 72
23077 72
23078 72
23079 40
23080 87
23081 102
23082 54
23083 121
23084 25
23085 102
23086 54
23087 158
23088 17
23089 209
23090 55
23091 22
23092 22
23093 234
23094 22
23095 104
23096 172
23097 135
23098 56
23099 172
23100 198
23101 189
23102 132
23103 61
23104 53
23105 61
23106 161
23107 168
23108 168
23109 168
23110 168
23111 69
23112 55
23113 69
23114 50
23115 50
23116 50
23117 84
23118 84
23119 111
23120 99
23121 111
23122 111
23123 84
23124 84
23125 108
23126 108
23127 116
23128 116
23129 6
23130 172
23131 172
23132 179
23133 179
23134 179
23135 143
23136 93
23137 232
23138 232
23139 66
23140 188
23141 188
23142 188
23143 88
23144 88
23145 169
23146 169
23147 169
23148 169
23149 169
23150 218
23151 218
23152 52
23153 201
23154 201
23155 240
23156 240
23157 86
23158 86
23159 99
23160 34
23161 34
23162 34
23163 147
23164 147
23165 20
23166 130
23167 130
23168 140
23169 140
23170 140
23171 140
23172 44
23173 53
23174 53
23175 229
23176 188
23177 188
23178 188
23179 19
23180 51
23181 83
23182 83
23183 43
23184 43
23185 43
23186 234
23187 234
23188 131
23189 188
23190 188
23191 188
23192 61
23193 78
23194 78
23195 78
23196 78
23197 247
23198 128
23199 92
23200 32
23201 32
23202 32
23203 171
23204 171
23205 90
23206 84
23207 90
23208 14
23209 107
23210 122
23211 113
23212 85
23213 103
23214 85
23215 70
23216 102
23217 102
23218 102
23219 242
23220 242
23221 217
23222 224
23223 57
23224 57
23225 83
23226 13
23227 92
23228 92
23229 72
23230 72
23231 7
23232 30
23233 30
23234 203
23235 203
23236 203
23237 17
23238 205
23239 144
23240 77
23241 77
23242 163
23243 163
23244 194
23245 194
23246 76
23247 76
23248 141
23249 151
23250 141
23251 83
23252 40
23253 173
23254 173
23255 1
23256 190
23257 201
23258 201
23259 201
23260 165
23261 165
23262 165
23263 165
23264 213
23265 102
23266 152
23267 152
23268 152
23269 17
23270 63
23271 63
23272 63
23273 63
23274 63
23275 63
23276 73
23277 73
23278 240
23279 39
23280 228
23281 100
23282 100
23283 180
23284 180
23285 74
23286 29
23287 74
23288 119
23289 18
23290 122
23291 119
23292 119
23293 119
23294 42
23295 13
23296 42
23297 196
23298 27
23299 196
23300 158
23301 158
23302 18
23303 18
23304 194
23305 221
23306 221
23307 139
23308 139
23309 139
23310 229
23311 229
23312 229
23313 139
23314 199
23315 199
23316 199
23317 199
23318 81
23319 114
23320 114
23321 114
23322 54
23323 207
23324 207
23325 207
23326 162
23327 37
23328 97
23329 97
23330 150
23331 44
23332 111
23333 111
23334 201
23335 144
23336 201
23337 201
23338 201
23339 63
23340 63
23341 64
23342 63
23343 211
23344 211
23345 243
23346 243
23347 203
23348 48
23349 131
23350 196
23351 35
23352 35
23353 35
23354 35
23355 230
23356 230
23357 206
23358 206
23359 39
23360 150
23361 150
23362 150
23363 193
23364 35
23365 150
23366 150
23367 150
23368 122
23369 150
23370 184
23371 193
23372 181
23373 119
23374 51
23375 139
23376 45
23377 84
23378 84
23379 238
23380 95
23381 95
23382 95
23383 54
23384 54
23385 209
23386 209
23387 185
23388 209
23389 18
23390 98
23391 98
23392 123
23393 117
23394 161
23395 117
23396 106
23397 169
23398 220
23399 209
23400 209
23401 214
23402 214
23403 13
23404 13
23405 10
23406 34
23407 34
23408 34
23409 155
23410 155
23411 140
23412 185
23413 24
23414 122
23415 163
23416 122
23417 180
23418 25
23419 25
23420 235
23421 239
23422 62
23423 137
23424 51
23425 137
23426 38
23427 38
23428 38
23429 217
23430 217
23431 89
23432 131
23433 131
23434 131
23435 41
23436 82
23437 41
23438 27
23439 137
23440 137
23441 178
23442 56
23443 115
23444 115
23445 130
23446 82
23447 82
23448 77
23449 77
23450 69
23451 69
23452 142
23453 142
23454 24
23455 90
23456 1
23457 79
23458 79
23459 79
23460 185
23461 148
23462 224
23463 155
23464 81
23465 208
23466 8
23467 208
23468 208
23469 208
23470 165
23471 224
23472 5
23473 162
23474 174
23475 36
23476 36
23477 84
23478 82
23479 111
23480 182
23481 36
23482 215
23483 195
23484 195
23485 170
23486 202
23487 21
23488 202
23489 163
23490 150
23491 202
23492 159
23493 159
23494 159
23495 1
23496 36
23497 134
23498 134
23499 195
23500 45
23501 105
23502 79
23503 79
23504 102
23505 102
23506 102
23507 102
23508 47
23509 166
23510 166
23511 10
23512 137
23513 137
23514 137
23515 108
23516 198
23517 108
23518 178
23519 108
23520 247
23521 247
23522 212
23523 212
23524 140
23525 214
23526 214
23527 31
23528 203
23529 232
23530 142
23531 232
23532 232
23533 73
23534 233
23535 232
23536 73
23537 73
23538 73
23539 72
23540 72
23541 72
23542 176
23543 176
23544 62
23545 109
23546 109
23547 109
23548 109
23549 90
23550 90
23551 33
23552 33
23553 123
23554 123
23555 59
23556 229
23557 59
23558 217
23559 217
23560 128
23561 128
23562 17
23563 204
23564 49
23565 49
23566 85
23567 85
23568 76
23569 136
23570 136
23571 130
23572 130
23573 130
23574 151
23575 156
23576 103
23577 10
23578 150
23579 152
23580 150
23581 219
23582 214
23583 219
23584 77
23585 77
23586 31
23587 164
23588 149
23589 89
23590 149
23591 193
23592 73
23593 193
23594 41
23595 136
23596 136
23597 239
23598 239
23599 121
23600 121
23601 39
23602 39
23603 39
23604 99
23605 209
23606 209
23607 241
23608 247
23609 226
23610 117
23611 54
23612 54
23613 54
23614 54
23615 27
23616 112
23617 112
23618 21
23619 114
23620 114
23621 231
23622 142
23623 231
23624 231
23625 231
23626 231
23627 247
23628 247
23629 247
23630 129
23631 21
23632 14
23633 50
23634 206
23635 71
23636 206
23637 206
23638 82
23639 76
23640 76
23641 76
23642 233
23643 233
23644 233
23645 233
23646 246
23647 246
23648 39
23649 39
23650 39
23651 39
23652 228
23653 34
23654 30
23655 233
23656 233
23657 208
23658 208
23659 226
23660 226
23661 221
23662 221
23663 40
23664 40
23665 233
23666 233
23667 22
23668 22
23669 163
23670 163
23671 211
23672 211
23673 40
23674 40
23675 40
23676 40
23677 121
23678 121
23679 71
23680 71
23681 71
23682 155
23683 188
23684 188
23685 188
23686 48
23687 193
23688 82
23689 193
23690 193
23691 48
23692 135
23693 81
23694 135
23695 1
23696 207
23697 207
23698 207
23699 127
23700 141
23701 185
23702 102
23703 46
23704 45
23705 40
23706 246
23707 246
23708 132
23709 1
23710 162
23711 125
23712 133
23713 52
23714 52
23715 52
23716 21
23717 217
23718 217
23719 56
23720 56
23721 56
23722 155
23723 155
23724 45
23725 45
23726 215
23727 24
23728 89
23729 89
23730 112
23731 112
23732 179
23733 179
23734 179
23735 179
23736 224
23737 224
23738 200
23739 200
23740 223
23741 132
23742 103
23743 128
23744 53
23745 53
23746 103
23747 234
23748 37
23749 55
23750 13
23751 37
23752 60
23753 60
23754 127
23755 127
23756 127
23757 127
23758 207
23759 207
23760 148
23761 148
23762 148
23763 113
23764 152
23765 103
23766 103
23767 174
23768 184
23769 26
23770 184
23771 41
23772 142
23773 142
23774 132
23775 231
23776 231
23777 231
23778 108
23779 108
23780 108
23781 108
23782 147
23783 103
23784 103
23785 190
23786 132
23787 190
23788 228
23789 112
23790 125
23791 100
23792 100
23793 228
23794 152
23795 152
23796 226
23797 164
23798 226
23799 225
23800 111
23801 111
23802 101
23803 111
23804 210
23805 203
23806 56
23807 56
23808 56
23809 56
23810 56
23811 56
23812 56
23813 56
23814 56
23815 102
23816 102
23817 103
23818 157
23819 157
23820 141
23821 5
23822 142
23823 239
23824 240
23825 239
23826 239
23827 239
23828 134
23829 237
23830 237
23831 236
23832 100
23833 101
23834 100
23835 40
23836 100
23837 232
23838 232
23839 1
23840 133
23841 144
23842 133
23843 115
23844 193
23845 182
23846 182
23847 182
23848 182
23849 152
23850 152
23851 185
23852 47
23853 47
23854 118
23855 118
23856 118
23857 118
23858 118
23859 24
23860 56
23861 147
23862 147
23863 63
23864 63
23865 64
23866 63
23867 63
23868 213
23869 186
23870 213
23871 213
23872 117
23873 117
23874 117
23875 80
23876 160
23877 128
23878 160
23879 128
23880 160
23881 112
23882 112
23883 112
23884 112
23885 112
23886 200
23887 72
23888 53
23889 229
23890 229
23891 229
23892 229
23893 145
23894 145
23895 72
23896 72
23897 72
23898 71
23899 124
23900 44
23901 44
23902 44
23903 198
23904 104
23905 104
23906 47
23907 104
23908 104
23909 104
23910 198
23911 198
23912 198
23913 166
23914 151
23915 219
23916 229
23917 229
23918 229
23919 104
23920 131
23921 131
23922 128
23923 131
23924 187
23925 201
23926 59
23927 176
23928 176
23929 136
23930 176
23931 134
23932 134
23933 134
23934 241
23935 222
23936 42
23937 42
23938 42
23939 15
23940 230
23941 42
23942 134
23943 230
23944 234
23945 234
23946 71
23947 58
23948 58
23949 58
23950 58
23951 58
23952 59
23953 58
23954 92
23955 149
23956 36
23957 36
23958 23
23959 117
23960 236
23961 236
23962 207
23963 207
23964 79
23965 79
23966 88
23967 79
23968 15
23969 215
23970 215
23971 215
23972 236
23973 236
23974 236
23975 237
23976 236
23977 33
23978 223
23979 199
23980 88
23981 15
23982 27
23983 163
23984 163
23985 80
23986 174
23987 128
23988 128
23989 206
23990 206
23991 216
23992 216
23993 216
23994 117
23995 228
23996 117
23997 59
23998 59
23999 59
24000 59
24001 149
24002 9
24003 149
24004 149
24005 62
24006 175
24007 175
24008 33
24009 33
24010 216
24011 128
24012 216
24013 186
24014 11
24015 186
24016 186
24017 211
24018 27
24019 27
24020 19
24021 54
24022 54
24023 69
24024 69
24025 214
24026 214
24027 160
24028 205
24029 186
24030 32
24031 32
24032 32
24033 32
24034 207
24035 192
24036 211
24037 211
24038 192
24039 214
24040 214
24041 226
24042 142
24043 134
24044 247
24045 243
24046 106
24047 232
24048 20
24049 232
24050 26
24051 26
24052 26
24053 181
24054 15
24055 181
24056 5
24057 130
24058 238
24059 238
24060 173
24061 105
24062 65
24063 66
24064 96
24065 96
24066 197
24067 197
24068 45
24069 232
24070 133
24071 192
24072 192
24073 147
24074 53
24075 180
24076 180
24077 180
24078 31
24079 47
24080 97
24081 77
24082 77
24083 73
24084 73
24085 179
24086 179
24087 179
24088 179
24089 156
24090 156
24091 11
24092 231
24093 231
24094 222
24095 222
24096 70
24097 71
24098 13
24099 71
24100 71
24101 71
24102 158
24103 158
24104 31
24105 50
24106 128
24107 115
24108 115
24109 170
24110 115
24111 170
24112 170
24113 170
24114 150
24115 150
24116 150
24117 80
24118 73
24119 83
24120 83
24121 33
24122 53
24123 117
24124 101
24125 149
24126 96
24127 152
24128 81
24129 71
24130 71
24131 71
24132 71
24133 201
24134 201
24135 200
24136 201
24137 201
24138 201
24139 193
24140 195
24141 195
24142 94
24143 94
24144 75
24145 71
24146 71
24147 107
24148 188
24149 188
24150 151
24151 16
24152 70
24153 58
24154 58
24155 114
24156 58
24157 68
24158 93
24159 93
24160 116
24161 116
24162 116
24163 11
24164 116
24165 116
24166 116
24167 143
24168 143
24169 175
24170 195
24171 195
24172 165
24173 150
24174 150
24175 98
24176 98
24177 98
24178 99
24179 98
24180 88
24181 88
24182 136
24183 210
24184 210
24185 210
24186 210
24187 244
24188 244
24189 133
24190 16
24191 16
24192 52
24193 52
24194 197
24195 197
24196 81
24197 134
24198 140
24199 225
24200 225
24201 169
24202 227
24203 234
24204 209
24205 210
24206 234
24207 203
24208 26
24209 154
24210 154
24211 148
24212 173
24213 173
24214 173
24215 173
24216 173
24217 209
24218 173
24219 20
24220 20
24221 20
24222 94
24223 20
24224 213
24225 119
24226 201
24227 25
24228 174
24229 246
24230 136
24231 136
24232 32
24233 182
24234 143
24235 182
24236 42
24237 150
24238 74
24239 16
24240 16
24241 16
24242 143
24243 143
24244 143
24245 93
24246 129
24247 129
24248 129
24249 129
24250 168
24251 168
24252 87
24253 89
24254 100
24255 100
24256 84
24257 48
24258 48
24259 232
24260 220
24261 139
24262 118
24263 118
24264 99
24265 33
24266 33
24267 33
24268 62
24269 62
24270 111
24271 102
24272 102
24273 164
24274 164
24275 164
24276 84
24277 84
24278 84
24279 84
24280 84
24281 225
24282 67
24283 83
24284 74
24285 83
24286 83
24287 103
24288 9
24289 71
24290 71
24291 71
24292 71
24293 71
24294 127
24295 127
24296 127
24297 170
24298 39
24299 190
24300 196
24301 190
24302 16
24303 241
24304 121
24305 214
24306 76
24307 214
24308 214
24309 214
24310 45
24311 118
24312 72
24313 72
24314 72
24315 78
24316 72
24317 69
24318 116
24319 69
24320 98
24321 98
24322 227
24323 227
24324 227
24325 227
24326 45
24327 45
24328 17
24329 184
24330 184
24331 184
24332 212
24333 212
24334 107
24335 177
24336 177
24337 177
24338 189
24339 76
24340 140
24341 28
24342 47
24343 47
24344 47
24345 139
24346 221
24347 134
24348 134
24349 186
24350 186
24351 122
24352 122
24353 51
24354 71
24355 71
24356 222
24357 222
24358 93
24359 179
24360 179
24361 179
24362 26
24363 205
24364 218
24365 42
24366 161
24367 67
24368 227
24369 161
24370 16
24371 41
24372 236
24373 236
24374 107
24375 107
24376 205
24377 205
24378 205
24379 205
24380 205
24381 242
24382 241
24383 58
24384 200
24385 98
24386 98
24387 98
24388 132
24389 132
24390 132
24391 132
24392 94
24393 121
24394 99
24395 121
24396 188
24397 15
24398 144
24399 144
24400 151
24401 151
24402 151
24403 242
24404 242
24405 213
24406 168
24407 31
24408 11
24409 31
24410 31
24411 181
24412 181
24413 217
24414 100
24415 100
24416 125
24417 125
24418 238
24419 238
24420 50
24421 50
24422 92
24423 92
24424 206
24425 206
24426 206
24427 174
24428 154
24429 64
24430 64
24431 64
24432 88
24433 161
24434 161
24435 114
24436 114
24437 114
24438 93
24439 160
24440 160
24441 166
24442 166
24443 166
24444 24
24445 147
24446 128
24447 147
24448 147
24449 156
24450 147
24451 22
24452 43
24453 43
24454 43
24455 69
24456 69
24457 200
24458 200
24459 200
24460 205
24461 36
24462 36
24463 174
24464 174
24465 110
24466 105
24467 195
24468 101
24469 174
24470 176
24471 76
24472 76
24473 238
24474 215
24475 215
24476 202
24477 113
24478 148
24479 130
24480 130
24481 130
24482 165
24483 165
24484 165
24485 117
24486 117
24487 178
24488 28
24489 28
24490 220
24491 181
24492 181
24493 176
24494 214
24495 13
24496 210
24497 210
24498 210
24499 197
24500 27
24501 118
24502 24
24503 24
24504 25
24505 173
24506 173
24507 173
24508 241
24509 201
24510 47
24511 49
24512 49
24513 80
24514 43
24515 43
24516 107
24517 43
24518 100
24519 100
24520 149
24521 149
24522 81
24523 81
24524 108
24525 123
24526 132
24527 132
24528 106
24529 106
24530 223
24531 47
24532 47
24533 69
24534 103
24535 17
24536 65
24537 65
24538 65
24539 49
24540 53
24541 151
24542 151
24543 44
24544 13
24545 114
24546 44
24547 36
24548 36
24549 36
24550 121
24551 121
24552 56
24553 191
24554 124
24555 172
24556 61
24557 186
24558 187
24559 168
24560 226
24561 226
24562 226
24563 197
24564 197
24565 239
24566 239
24567 151
24568 151
24569 29
24570 29
24571 165
24572 165
24573 228
24574 214
24575 37
24576 214
24577 192
24578 157
24579 157
24580 183
24581 145
24582 162
24583 162
24584 232
24585 232
24586 13
24587 208
24588 208
24589 46
24590 59
24591 225
24592 46
24593 46
24594 46
24595 46
24596 205
24597 93
24598 93
24599 179
24600 179
24601 179
24602 179
24603 179
24604 23
24605 136
24606 113
24607 114
24608 183
24609 183
24610 230
24611 214
24612 244
24613 182
24614 182
24615 182
24616 66
24617 66
24618 66
24619 66
24620 66
24621 152
24622 152
24623 152
24624 214
24625 214
24626 181
24627 172
24628 195
24629 195
24630 195
24631 195
24632 41
24633 41
24634 48
24635 41
24636 230
24637 139
24638 139
24639 139
24640 127
24641 109
24642 49
24643 49
24644 164
24645 164
24646 64
24647 83
24648 85
24649 23
24650 234
24651 234
24652 205
24653 205
24654 125
24655 232
24656 232
24657 114
24658 114
24659 114
24660 173
24661 173
24662 67
24663 240
24664 53
24665 230
24666 190
24667 198
24668 198
24669 185
24670 185
24671 157
24672 157
24673 157
24674 138
24675 78
24676 49
24677 49
24678 49
24679 49
24680 119
24681 18
24682 25
24683 40
24684 161
24685 7
24686 216
24687 216
24688 88
24689 134
24690 113
24691 113
24692 73
24693 73
24694 73
24695 144
24696 212
24697 212
24698 212
24699 27
24700 27
24701 180
24702 180
24703 43
24704 123
24705 123
24706 157
24707 157
24708 222
24709 157
24710 157
24711 157
24712 172
24713 124
24714 111
24715 111
24716 165
24717 237
24718 237
24719 237
24720 237
24721 81
24722 81
24723 81
24724 81
24725 10
24726 81
24727 132
24728 132
24729 241
24730 241
24731 241
24732 195
24733 195
24734 55
24735 200
24736 51
24737 200
24738 200
24739 222
24740 222
24741 175
24742 121
24743 110
24744 110
24745 117
24746 15
24747 15
24748 15
24749 15
24750 15
24751 17
24752 185
24753 236
24754 25
24755 237
24756 153
24757 43
24758 186
24759 186
24760 154
24761 214
24762 72
24763 57
24764 62
24765 62
24766 124
24767 6
24768 59
24769 59
24770 95
24771 95
24772 95
24773 14
24774 29
24775 14
24776 14
24777 97
24778 97
24779 145
24780 145
24781 5
24782 229
24783 105
24784 10
24785 105
24786 105
24787 116
24788 121
24789 76
24790 177
24791 118
24792 177
24793 23
24794 29
24795 23
24796 178
24797 178
24798 133
24799 42
24800 42
24801 42
24802 45
24803 134
24804 45
24805 179
24806 88
24807 88
24808 46
24809 112
24810 104
24811 104
24812 104
24813 104
24814 104
24815 3
24816 200
24817 200
24818 86
24819 86
24820 219
24821 219
24822 219
24823 219
24824 219
24825 141
24826 141
24827 141
24828 39
24829 172
24830 20
24831 166
24832 114
24833 114
24834 114
24835 114
24836 114
24837 30
24838 133
24839 133
24840 32
24841 25
24842 201
24843 201
24844 201
24845 174
24846 174
24847 166
24848 166
24849 166
24850 166
24851 216
24852 80
24853 216
24854 216
24855 162
24856 162
24857 162
24858 117
24859 117
24860 200
24861 155
24862 155
24863 236
24864 30
24865 159
24866 159
24867 116
24868 37
24869 71
24870 71
24871 192
24872 109
24873 71
24874 71
24875 40
24876 92
24877 155
24878 4
24879 227
24880 180
24881 16
24882 16
24883 16
24884 181
24885 181
24886 140
24887 140
24888 140
24889 12
24890 140
24891 214
24892 186
24893 102
24894 102
24895 102
24896 97
24897 97
24898 90
24899 64
24900 95
24901 95
24902 95
24903 165
24904 47
24905 218
24906 47
24907 135
24908 135
24909 202
24910 202
24911 174
24912 174
24913 240
24914 119
24915 39
24916 17
24917 127
24918 127
24919 36
24920 36
24921 36
24922 71
24923 71
24924 233
24925 218
24926 99
24927 233
24928 26
24929 14
24930 34
24931 26
24932 35
24933 35
24934 161
24935 162
24936 47
24937 118
24938 118
24939 118
24940 210
24941 147
24942 1
24943 147
24944 147
24945 23
24946 168
24947 218
24948 218
24949 44
24950 44
24951 201
24952 201
24953 81
24954 201
24955 113
24956 18
24957 113
24958 98
24959 202
24960 202
24961 81
24962 81
24963 81
24964 81
24965 121
24966 121
24967 28
24968 28
24969 1
24970 137
24971 137
24972 41
24973 26
24974 70
24975 122
24976 122
24977 85
24978 156
24979 156
24980 156
24981 181
24982 181
24983 168
24984 199
24985 137
24986 137
24987 107
24988 106
24989 107
24990 46
24991 149
24992 169
24993 178
24994 102
24995 102
24996 153
24997 153
24998 153
24999 51
25000 150
25001 72
25002 150
25003 203
25004 203
25005 191
25006 14
25007 62
25008 200
25009 183
25010 183
25011 18
25012 18
25013 18
25014 18
25015 91
25016 91
25017 51
25018 51
25019 51
25020 223
25021 226
25022 62
25023 62
25024 62
25025 152
25026 237
25027 236
25028 51
25029 51
25030 146
25031 104
25032 196
25033 196
25034 196
25035 58
25036 58
25037 58
25038 63
25039 63
25040 63
25041 202
25042 202
25043 14
25044 14
25045 14
25046 73
25047 73
25048 203
25049 203
25050 173
25051 159
25052 173
25053 132
25054 132
25055 47
25056 78
25057 78
25058 78
25059 78
25060 78
25061 78
25062 242
25063 81
25064 128
25065 128
25066 74
25067 74
25068 74
25069 74
25070 71
25071 205
25072 205
25073 176
25074 205
25075 90
25076 151
25077 90
25078 90
25079 90
25080 234
25081 104
25082 40
25083 104
25084 104
25085 104
25086 120
25087 120
25088 120
25089 76
25090 45
25091 121
25092 121
25093 53
25094 197
25095 125
25096 197
25097 25
25098 200
25099 200
25100 235
25101 235
25102 235
25103 171
25104 154
25105 168
25106 134
25107 171
25108 171
25109 171
25110 65
25111 65
25112 173
25113 23
25114 173
25115 150
25116 26
25117 120
25118 74
25119 27
25120 101
25121 101
25122 101
25123 61
25124 61
25125 62
25126 62
25127 92
25128 220
25129 92
25130 232
25131 225
25132 191
25133 191
25134 191
25135 189
25136 224
25137 140
25138 140
25139 36
25140 128
25141 128
25142 211
25143 211
25144 211
25145 120
25146 157
25147 157
25148 154
25149 29
25150 11
25151 29
25152 60
25153 221
25154 221
25155 203
25156 203
25157 191
25158 191
25159 93
25160 79
25161 79
25162 79
25163 139
25164 84
25165 79
25166 217
25167 217
25168 217
25169 196
25170 196
25171 137
25172 137
25173 137
25174 96
25175 97
25176 96
25177 67
25178 67
25179 67
25180 157
25181 157
25182 106
25183 25
25184 124
25185 55
25186 124
25187 191
25188 52
25189 52
25190 113
25191 113
25192 45
25193 199
25194 199
25195 205
25196 205
25197 198
25198 38
25199 211
25200 115
25201 175
25202 115
25203 160
25204 159
25205 147
25206 128
25207 147
25208 147
25209 147
25210 42
25211 42
25212 43
25213 117
25214 52
25215 52
25216 78
25217 114
25218 83
25219 38
25220 38
25221 177
25222 202
25223 246
25224 202
25225 202
25226 57
25227 57
25228 57
25229 158
25230 163
25231 89
25232 192
25233 192
25234 192
25235 192
25236 192
25237 116
25238 116
25239 244
25240 240
25241 240
25242 148
25243 154
25244 178
25245 155
25246 12
25247 56
25248 12
25249 90
25250 90
25251 87
25252 90
25253 90
25254 90
25255 206
25256 9
25257 160
25258 159
25259 160
25260 7
25261 156
25262 139
25263 139
25264 139
25265 243
25266 243
25267 243
25268 244
25269 112
25270 112
25271 121
25272 220
25273 239
25274 239
25275 239
25276 239
25277 63
25278 63
25279 63
25280 115
25281 82
25282 82
25283 143
25284 203
25285 119
25286 113
25287 35
25288 35
25289 35
25290 79
25291 80
25292 164
25293 90
25294 90
25295 234
25296 27
25297 120
25298 120
25299 70
25300 70
25301 70
25302 231
25303 211
25304 85
25305 85
25306 85
25307 112
25308 112
25309 19
25310 112
25311 112
25312 35
25313 191
25314 191
25315 191
25316 238
25317 238
25318 228
25319 198
25320 198
25321 232
25322 198
25323 198
25324 46
25325 46
25326 246
25327 138
25328 62
25329 62
25330 62
25331 234
25332 145
25333 32
25334 33
25335 32
25336 32
25337 32
25338 208
25339 33
25340 167
25341 167
25342 167
25343 221
25344 116
25345 96
25346 123
25347 122
25348 122
25349 122
25350 122
25351 232
25352 232
25353 221
25354 221
25355 221
25356 221
25357 221
25358 228
25359 228
25360 228
25361 36
25362 36
25363 37
25364 242
25365 242
25366 242
25367 83
25368 83
25369 83
25370 83
25371 136
25372 146
25373 97
25374 106
25375 106
25376 143
25377 228
25378 224
25379 69
25380 170
25381 9
25382 202
25383 202
25384 202
25385 199
25386 161
25387 161
25388 164
25389 195
25390 23
25391 195
25392 29
25393 230
25394 230
25395 37
25396 117
25397 49
25398 115
25399 115
25400 45
25401 52
25402 52
25403 47
25404 47
25405 22
25406 232
25407 145
25408 86
25409 35
25410 33
25411 208
25412 104
25413 104
25414 104
25415 230
25416 132
25417 130
25418 23
25419 130
25420 36
25421 36
25422 211
25423 214
25424 217
25425 217
25426 197
25427 170
25428 170
25429 169
25430 169
25431 148
25432 102
25433 15
25434 36
25435 36
25436 56
25437 216
25438 216
25439 216
25440 80
25441 198
25442 198
25443 209
25444 209
25445 109
25446 27
25447 27
25448 64
25449 72
25450 169
25451 169
25452 194
25453 194
25454 194
25455 140
25456 29
25457 189
25458 209
25459 209
25460 33
25461 33
25462 32
25463 47
25464 39
25465 39
25466 231
25467 231
25468 231
25469 231
25470 231
25471 242
25472 242
25473 242
25474 242
25475 7
25476 0
25477 154
25478 13
25479 91
25480 222
25481 222
25482 222
25483 204
25484 204
25485 204
25486 204
25487 224
25488 139
25489 139
25490 86
25491 72
25492 157
25493 127
25494 236
25495 236
25496 24
25497 24
25498 53
25499 53
25500 32
25501 32
25502 32
25503 52
25504 52
25505 55
25506 55
25507 55
25508 74
25509 74
25510 74
25511 48
25512 174
25513 174
25514 53
25515 53
25516 59
25517 59
25518 59
25519 146
25520 31
25521 8
25522 31
25523 8
25524 31
25525 112
25526 40
25527 30
25528 239
25529 239
25530 239
25531 239
25532 110
25533 110
25534 107
25535 107
25536 215
25537 215
25538 244
25539 244
25540 66
25541 66
25542 163
25543 196
25544 196
25545 196
25546 196
25547 146
25548 241
25549 151
25550 59
25551 244
25552 244
25553 242
25554 81
25555 112
25556 55
25557 180
25558 180
25559 180
25560 180
25561 220
25562 220
25563 181
25564 220
25565 220
25566 54
25567 54
25568 54
25569 54
25570 54
25571 54
25572 54
25573 54
25574 217
25575 217
25576 114
25577 186
25578 186
25579 138
25580 107
25581 125
25582 203
25583 221
25584 221
25585 221
25586 21
25587 66
25588 66
25589 239
25590 25
25591 39
25592 10
25593 10
25594 241
25595 201
25596 241
25597 66
25598 66
25599 45
25600 45
25601 45
25602 148
25603 59
25604 59
25605 95
25606 95
25607 24
25608 95
25609 234
25610 148
25611 148
25612 148
25613 116
25614 163
25615 163
25616 163
25617 163
25618 94
25619 207
25620 185
25621 185
25622 47
25623 53
25624 53
25625 191
25626 191
25627 190
25628 190
25629 183
25630 183
25631 183
25632 124
25633 124
25634 175
25635 175
25636 221
25637 175
25638 198
25639 152
25640 42
25641 42
25642 42
25643 42
25644 164
25645 164
25646 94
25647 94
25648 100
25649 223
25650 195
25651 223
25652 223
25653 110
25654 110
25655 110
25656 110
25657 110
25658 35
25659 109
25660 237
25661 123
25662 237
25663 79
25664 79
25665 87
25666 214
25667 218
25668 71
25669 71
25670 71
25671 71
25672 98
25673 98
25674 98
25675 61
25676 109
25677 125
25678 124
25679 110
25680 124
25681 124
25682 124
25683 166
25684 63
25685 63
25686 63
25687 63
25688 63
25689 60
25690 60
25691 166
25692 158
25693 161
25694 13
25695 153
25696 153
25697 152
25698 124
25699 118
25700 195
25701 174
25702 174
25703 99
25704 99
25705 165
25706 165
25707 55
25708 55
25709 55
25710 55
25711 55
25712 159
25713 159
25714 159
25715 159
25716 159
25717 143
25718 143
25719 143
25720 164
25721 164
25722 164
25723 164
25724 220
25725 220
25726 220
25727 220
25728 204
25729 16
25730 35
25731 35
25732 61
25733 61
25734 116
25735 116
25736 116
25737 180
25738 184
25739 186
25740 46
25741 175
25742 46
25743 126
25744 126
25745 126
25746 126
25747 138
25748 171
25749 53
25750 64
25751 64
25752 64
25753 64
25754 31
25755 114
25756 103
25757 46
25758 47
25759 47
25760 41
25761 115
25762 49
25763 237
25764 183
25765 237
25766 237
25767 87
25768 9
25769 87
25770 87
25771 87
25772 200
25773 145
25774 145
25775 80
25776 84
25777 80
25778 80
25779 182
25780 182
25781 182
25782 182
25783 218
25784 217
25785 179
25786 61
25787 179
25788 19
25789 109
25790 109
25791 109
25792 154
25793 7
25794 154
25795 207
25796 34
25797 34
25798 34
25799 34
25800 34
25801 34
25802 168
25803 168
25804 230
25805 220
25806 209
25807 220
25808 134
25809 134
25810 131
25811 9
25812 207
25813 222
25814 200
25815 200
25816 39
25817 237
25818 237
25819 211
25820 92
25821 84
25822 132
25823 132
25824 125
25825 122
25826 122
25827 122
25828 122
25829 122
25830 143
25831 143
25832 142
25833 143
25834 138
25835 138
25836 192
25837 138
25838 79
25839 79
25840 79
25841 243
25842 234
25843 121
25844 121
25845 212
25846 212
25847 243
25848 119
25849 43
25850 245
25851 245
25852 245
25853 188
25854 151
25855 167
25856 108
25857 108
25858 51
25859 115
25860 20
25861 20
25862 20
25863 236
25864 243
25865 236
25866 236
25867 64
25868 121
25869 94
25870 94
25871 22
25872 94
25873 94
25874 222
25875 160
25876 160
25877 160
25878 51
25879 209
25880 128
25881 128
25882 60
25883 60
25884 86
25885 160
25886 43
25887 43
25888 176
25889 213
25890 53
25891 53
25892 174
25893 174
25894 99
25895 118
25896 118
25897 118
25898 198
25899 198
25900 5
25901 198
25902 194
25903 119
25904 221
25905 221
25906 125
25907 125
25908 125
25909 164
25910 164
25911 164
25912 220
25913 171
25914 171
25915 159
25916 171
25917 169
25918 169
25919 169
25920 169
25921 183
25922 169
25923 16
25924 93
25925 110
25926 33
25927 33
25928 68
25929 68
25930 42
25931 42
25932 42
25933 105
25934 105
25935 105
25936 150
25937 150
25938 210
25939 70
25940 37
25941 93
25942 93
25943 118
25944 0
25945 51
25946 51
25947 110
25948 18
25949 18
25950 28
25951 28
25952 169
25953 169
25954 240
25955 169
25956 15
25957 169
25958 40
25959 40
25960 153
25961 153
25962 239
25963 153
25964 234
25965 234
25966 188
25967 202
25968 202
25969 38
25970 38
25971 38
25972 197
25973 36
25974 182
25975 36
25976 100
25977 54
25978 49
25979 131
25980 131
25981 127
25982 125
25983 200
25984 208
25985 208
25986 122
25987 122
25988 122
25989 122
25990 122
25991 23
25992 23
25993 62
25994 62
25995 71
25996 81
25997 71
25998 146
25999 146
26000 146
26001 146
26002 39
26003 197
26004 39
26005 233
26006 194
26007 233
26008 234
26009 233
26010 184
26011 147
26012 74
26013 163
26014 18
26015 79
26016 79
26017 79
26018 40
26019 40
26020 135
26021 135
26022 135
26023 135
26024 8
26025 77
26026 98
26027 33
26028 155
26029 155
26030 96
26031 169
26032 169
26033 169
26034 123
26035 74
26036 74
26037 221
26038 31
26039 31
26040 100
26041 100
26042 180
26043 101
26044 100
26045 247
26046 247
26047 247
26048 165
26049 64
26050 165
26051 165
26052 165
26053 165
26054 105
26055 194
26056 236
26057 236
26058 45
26059 128
26060 128
26061 96
26062 110
26063 110
26064 187
26065 43
26066 155
26067 155
26068 155
26069 199
26070 236
26071 32
26072 32
26073 211
26074 211
26075 211
26076 28
26077 16
26078 214
26079 214
26080 139
26081 55
26082 55
26083 240
26084 240
26085 57
26086 59
26087 57
26088 118
26089 109
26090 118
26091 28
26092 16
26093 118
26094 143
26095 12
26096 143
26097 100
26098 100
26099 100
26100 100
26101 100
26102 160
26103 219
26104 219
26105 219
26106 197
26107 197
26108 133
26109 133
26110 133
26111 133
26112 133
26113 179
26114 179
26115 179
26116 54
26117 51
26118 54
26119 52
26120 52
26121 52
26122 93
26123 112
26124 112
26125 18
26126 86
26127 86
26128 170
26129 86
26130 168
26131 168
26132 17
26133 229
26134 229
26135 224
26136 233
26137 202
26138 202
26139 202
26140 64
26141 201
26142 201
26143 141
26144 247
26145 247
26146 216
26147 13
26148 242
26149 45
26150 242
26151 198
26152 198
26153 64
26154 210
26155 210
26156 214
26157 214
26158 214
26159 214
26160 214
26161 17
26162 113
26163 220
26164 233
26165 233
26166 47
26167 179
26168 193
26169 209
26170 24
26171 24
26172 24
26173 62
26174 62
26175 62
26176 62
26177 141
26178 141
26179 88
26180 88
26181 39
26182 221
26183 221
26184 221
26185 221
26186 221
26187 221
26188 221
26189 25
26190 91
26191 91
26192 9
26193 22
26194 74
26195 73
26196 74
26197 74
26198 184
26199 186
26200 172
26201 182
26202 202
26203 242
26204 202
26205 202
26206 202
26207 172
26208 59
26209 126
26210 126
26211 128
26212 195
26213 49
26214 10
26215 46
26216 49
26217 49
26218 79
26219 79
26220 67
26221 67
26222 132
26223 132
26224 132
26225 181
26226 181
26227 141
26228 247
26229 247
26230 131
26231 131
26232 240
26233 240
26234 116
26235 116
26236 146
26237 61
26238 61
26239 207
26240 207
26241 207
26242 57
26243 57
26244 57
26245 202
26246 202
26247 150
26248 150
26249 150
26250 150
26251 209
26252 208
26253 209
26254 41
26255 169
26256 169
26257 169
26258 59
26259 93
26260 92
26261 96
26262 96
26263 247
26264 30
26265 13
26266 242
26267 242
26268 180
26269 214
26270 45
26271 45
26272 117
26273 200
26274 193
26275 175
26276 61
26277 121
26278 121
26279 165
26280 165
26281 165
26282 126
26283 117
26284 185
26285 107
26286 107
26287 37
26288 194
26289 115
26290 220
26291 220
26292 220
26293 220
26294 82
26295 82
26296 82
26297 82
26298 63
26299 232
26300 125
26301 125
26302 130
26303 45
26304 88
26305 88
26306 88
26307 192
26308 192
26309 192
26310 190
26311 92
26312 92
26313 117
26314 208
26315 208
26316 46
26317 119
26318 119
26319 151
26320 151
26321 220
26322 220
26323 112
26324 112
26325 206
26326 160
26327 206
26328 206
26329 206
26330 206
26331 206
26332 206
26333 167
26334 206
26335 160
26336 234
26337 229
26338 229
26339 32
26340 32
26341 32
26342 224
26343 189
26344 224
26345 195
26346 132
26347 199
26348 199
26349 12
26350 12
26351 206
26352 81
26353 81
26354 81
26355 81
26356 27
26357 18
26358 199
26359 199
26360 222
26361 222
26362 222
26363 194
26364 152
26365 143
26366 143
26367 85
26368 26
26369 114
26370 179
26371 179
26372 179
26373 179
26374 155
26375 155
26376 155
26377 155
26378 131
26379 131
26380 131
26381 229
26382 204
26383 229
26384 229
26385 115
26386 115
26387 137
26388 115
26389 60
26390 33
26391 33
26392 33
26393 165
26394 137
26395 46
26396 46
26397 44
26398 230
26399 230
26400 8
26401 78
26402 30
26403 103
26404 241
26405 37
26406 37
26407 158
26408 242
26409 242
26410 242
26411 124
26412 139
26413 139
26414 41
26415 244
26416 41
26417 147
26418 147
26419 245
26420 98
26421 204
26422 228
26423 228
26424 71
26425 71
26426 71
26427 231
26428 83
26429 232
26430 85
26431 231
26432 190
26433 80
26434 212
26435 170
26436 220
26437 220
26438 220
26439 220
26440 223
26441 223
26442 223
26443 224
26444 81
26445 81
26446 27
26447 86
26448 86
26449 178
26450 96
26451 96
26452 96
26453 24
26454 24
26455 85
26456 27
26457 17
26458 17
26459 17
26460 17
26461 17
26462 163
26463 163
26464 163
26465 163
26466 198
26467 198
26468 198
26469 17
26470 211
26471 211
26472 154
26473 108
26474 43
26475 107
26476 108
26477 217
26478 32
26479 60
26480 60
26481 60
26482 101
26483 124
26484 76
26485 220
26486 31
26487 31
26488 157
26489 157
26490 157
26491 7
26492 228
26493 228
26494 110
26495 175
26496 175
26497 5
26498 217
26499 217
26500 47
26501 69
26502 69
26503 69
26504 69
26505 69
26506 154
26507 154
26508 40
26509 179
26510 16
26511 177
26512 16
26513 56
26514 194
26515 72
26516 219
26517 219
26518 89
26519 89
26520 89
26521 190
26522 190
26523 190
26524 242
26525 242
26526 195
26527 195
26528 195
26529 195
26530 147
26531 157
26532 166
26533 78
26534 168
26535 44
26536 243
26537 243
26538 149
26539 156
26540 228
26541 107
26542 150
26543 160
26544 215
26545 160
26546 143
26547 143
26548 165
26549 210
26550 210
26551 210
26552 210
26553 61
26554 135
26555 135
26556 72
26557 72
26558 50
26559 119
26560 207
26561 124
26562 124
26563 124
26564 124
26565 33
26566 17
26567 231
26568 228
26569 125
26570 148
26571 148
26572 151
26573 182
26574 175
26575 174
26576 175
26577 94
26578 94
26579 154
26580 135
26581 202
26582 202
26583 114
26584 114
26585 45
26586 213
26587 213
26588 30
26589 139
26590 139
26591 139
26592 139
26593 38
26594 7
26595 74
26596 74
26597 120
26598 204
26599 120
26600 120
26601 204
26602 166
26603 166
26604 111
26605 111
26606 111
26607 111
26608 111
26609 243
26610 64
26611 64
26612 64
26613 247
26614 218
26615 77
26616 77
26617 77
26618 44
26619 44
26620 195
26621 247
26622 39
26623 39
26624 13
26625 39
26626 185
26627 12
26628 107
26629 107
26630 107
26631 14
26632 185
26633 217
26634 97
26635 97
26636 230
26637 230
26638 51
26639 135
26640 123
26641 123
26642 84
26643 84
26644 84
26645 53
26646 84
26647 36
26648 36
26649 75
26650 123
26651 75
26652 64
26653 64
26654 238
26655 238
26656 238
26657 24
26658 238
26659 105
26660 179
26661 179
26662 79
26663 79
26664 165
26665 210
26666 210
26667 210
26668 210
26669 210
26670 156
26671 242
26672 51
26673 242
26674 242
26675 242
26676 247
26677 221
26678 91
26679 128
26680 228
26681 157
26682 157
26683 237
26684 237
26685 237
26686 237
26687 237
26688 138
26689 164
26690 164
26691 71
26692 71
26693 160
26694 85
26695 12
26696 85
26697 85
26698 85
26699 75
26700 75
26701 75
26702 41
26703 41
26704 224
26705 224
26706 135
26707 135
26708 177
26709 162
26710 162
26711 162
26712 119
26713 119
26714 119
26715 126
26716 136
26717 237
26718 53
26719 85
26720 235
26721 235
26722 235
26723 71
26724 71
26725 91
26726 91
26727 45
26728 45
26729 113
26730 36
26731 36
26732 36
26733 135
26734 135
26735 56
26736 56
26737 56
26738 197
26739 194
26740 194
26741 194
26742 238
26743 35
26744 238
26745 136
26746 7
26747 111
26748 111
26749 61
26750 61
26751 91
26752 91
26753 231
26754 231
26755 176
26756 162
26757 176
26758 132
26759 60
26760 60
26761 184
26762 184
26763 59
26764 59
26765 59
26766 59
26767 51
26768 237
26769 237
26770 237
26771 91
26772 91
26773 49
26774 91
26775 168
26776 140
26777 168
26778 128
26779 124
26780 203
26781 202
26782 203
26783 135
26784 135
26785 56
26786 69
26787 131
26788 131
26789 131
26790 131
26791 131
26792 57
26793 124
26794 99
26795 57
26796 57
26797 136
26798 136
26799 82
26800 78
26801 78
26802 78
26803 21
26804 224
26805 79
26806 169
26807 45
26808 169
26809 61
26810 37
26811 122
26812 122
26813 179
26814 237
26815 123
26816 123
26817 123
26818 131
26819 37
26820 37
26821 42
26822 42
26823 41
26824 242
26825 154
26826 242
26827 43
26828 47
26829 47
26830 85
26831 85
26832 103
26833 103
26834 103
26835 62
26836 107
26837 107
26838 186
26839 179
26840 234
26841 179
26842 19
26843 19
26844 19
26845 19
26846 46
26847 46
26848 46
26849 133
26850 138
26851 87
26852 87
26853 87
26854 87
26855 213
26856 229
26857 229
26858 228
26859 159
26860 35
26861 42
26862 42
26863 42
26864 26
26865 137
26866 137
26867 184
26868 84
26869 45
26870 138
26871 138
26872 108
26873 108
26874 87
26875 108
26876 221
26877 75
26878 75
26879 75
26880 132
26881 132
26882 132
26883 132
26884 39
26885 39
26886 56
26887 56
26888 56
26889 56
26890 160
26891 54
26892 131
26893 131
26894 44
26895 44
26896 44
26897 27
26898 27
26899 27
26900 27
26901 29
26902 101
26903 101
26904 182
26905 235
26906 235
26907 168
26908 175
26909 170
26910 175
26911 89
26912 89
26913 220
26914 102
26915 102
26916 172
26917 172
26918 53
26919 9
26920 47
26921 53
26922 206
26923 206
26924 206
26925 206
26926 19
26927 69
26928 19
26929 182
26930 182
26931 188
26932 188
26933 214
26934 188
26935 84
26936 84
26937 247
26938 247
26939 86
26940 86
26941 143
26942 47
26943 47
26944 220
26945 220
26946 211
26947 211
26948 236
26949 66
26950 66
26951 57
26952 57
26953 57
26954 151
26955 151
26956 149
26957 36
26958 36
26959 245
26960 245
26961 243
26962 245
26963 49
26964 49
26965 49
26966 205
26967 205
26968 130
26969 74
26970 244
26971 244
26972 139
26973 139
26974 86
26975 86
26976 176
26977 176
26978 176
26979 176
26980 176
26981 97
26982 97
26983 115
26984 21
26985 21
26986 215
26987 14
26988 215
26989 96
26990 46
26991 97
26992 240
26993 240
26994 240
26995 201
26996 74
26997 102
26998 119
26999 119
27000 121
27001 121
27002 240
27003 240
27004 153
27005 170
27006 170
27007 150
27008 18
27009 18
27010 19
27011 48
27012 48
27013 58
27014 58
27015 154
27016 154
27017 154
27018 154
27019 152
27020 148
27021 241
27022 158
27023 158
27024 211
27025 211
27026 96
27027 169
27028 205
27029 169
27030 37
27031 42
27032 157
27033 157
27034 74
27035 137
27036 220
27037 133
27038 133
27039 189
27040 198
27041 198
27042 198
27043 198
27044 127
27045 127
27046 127
27047 19
27048 19
27049 19
27050 140
27051 110
27052 110
27053 84
27054 84
27055 47
27056 144
27057 144
27058 88
27059 88
27060 88
27061 201
27062 201
27063 201
27064 92
27065 92
27066 148
27067 213
27068 213
27069 83
27070 83
27071 83
27072 121
27073 105
27074 121
27075 121
27076 121
27077 121
27078 105
27079 99
27080 99
27081 90
27082 99
27083 118
27084 73
27085 99
27086 99
27087 207
27088 246
27089 228
27090 192
27091 228
27092 224
27093 224
27094 224
27095 168
27096 27
27097 188
27098 120
27099 120
27100 120
27101 149
27102 149
27103 149
27104 188
27105 92
27106 200
27107 176
27108 42
27109 42
27110 12
27111 106
27112 31
27113 106
27114 45
27115 103
27116 103
27117 103
27118 143
27119 19
27120 19
27121 72
27122 206
27123 68
27124 180
27125 180
27126 52
27127 52
27128 246
27129 246
27130 130
27131 116
27132 138
27133 45
27134 201
27135 201
27136 201
27137 97
27138 201
27139 202
27140 231
27141 231
27142 231
27143 91
27144 232
27145 81
27146 81
27147 34
27148 34
27149 139
27150 53
27151 182
27152 182
27153 182
27154 182
27155 134
27156 134
27157 224
27158 224
27159 83
27160 200
27161 200
27162 43
27163 43
27164 181
27165 181
27166 119
27167 47
27168 87
27169 95
27170 120
27171 120
27172 92
27173 72
27174 33
27175 14
27176 166
27177 125
27178 125
27179 232
27180 38
27181 38
27182 147
27183 147
27184 147
27185 147
27186 147
27187 136
27188 136
27189 196
27190 42
27191 42
27192 119
27193 110
27194 110
27195 110
27196 110
27197 110
27198 110
27199 110
27200 193
27201 151
27202 210
27203 210
27204 182
27205 182
27206 182
27207 169
27208 234
27209 240
27210 137
27211 137
27212 137
27213 137
27214 137
27215 137
27216 199
27217 148
27218 155
27219 155
27220 24
27221 155
27222 78
27223 78
27224 234
27225 78
27226 234
27227 78
27228 64
27229 153
27230 215
27231 215
27232 195
27233 12
27234 12
27235 180
27236 119
27237 66
27238 113
27239 119
27240 119
27241 71
27242 184
27243 184
27244 184
27245 184
27246 7
27247 125
27248 125
27249 125
27250 127
27251 125
27252 149
27253 194
27254 194
27255 237
27256 44
27257 44
27258 90
27259 238
27260 133
27261 130
27262 69
27263 41
27264 181
27265 181
27266 90
27267 247
27268 229
27269 247
27270 223
27271 223
27272 223
27273 245
27274 222
27275 120
27276 120
27277 120
27278 126
27279 126
27280 23
27281 245
27282 245
27283 86
27284 180
27285 57
27286 33
27287 33
27288 100
27289 100
27290 100
27291 209
27292 209
27293 9
27294 9
27295 192
27296 187
27297 75
27298 210
27299 120
27300 120
27301 120
27302 120
27303 79
27304 213
27305 123
27306 113
27307 113
27308 113
27309 124
27310 12
27311 166
27312 166
27313 117
27314 35
27315 35
27316 166
27317 166
27318 169
27319 169
27320 169
27321 169
27322 20
27323 20
27324 20
27325 20
27326 213
27327 213
27328 213
27329 159
27330 159
27331 220
27332 32
27333 32
27334 166
27335 166
27336 166
27337 183
27338 183
27339 183
27340 99
27341 99
27342 99
27343 196
27344 196
27345 119
27346 119
27347 126
27348 126
27349 128
27350 198
27351 198
27352 198
27353 185
27354 185
27355 185
27356 219
27357 219
27358 219
27359 219
27360 92
27361 163
27362 163
27363 51
27364 51
27365 51
27366 51
27367 59
27368 26
27369 59
27370 26
27371 210
27372 210
27373 210
27374 75
27375 75
27376 75
27377 201
27378 17
27379 134
27380 128
27381 134
27382 134
27383 174
27384 174
27385 174
27386 172
27387 148
27388 216
27389 216
27390 216
27391 76
27392 149
27393 21
27394 125
27395 125
27396 79
27397 197
27398 85
27399 85
27400 60
27401 21
27402 130
27403 168
27404 168
27405 132
27406 132
27407 134
27408 222
27409 202
27410 202
27411 202
27412 238
27413 45
27414 18
27415 238
27416 193
27417 193
27418 191
27419 88
27420 88
27421 18
27422 88
27423 94
27424 94
27425 94
27426 174
27427 109
27428 109
27429 11
27430 138
27431 138
27432 149
27433 167
27434 141
27435 102
27436 136
27437 102
27438 32
27439 32
27440 32
27441 32
27442 246
27443 188
27444 188
27445 51
27446 206
27447 147
27448 227
27449 18
27450 18
27451 206
27452 58
27453 39
27454 36
27455 10
27456 10
27457 169
27458 213
27459 169
27460 169
27461 225
27462 225
27463 225
27464 210
27465 14
27466 242
27467 242
27468 206
27469 206
27470 128
27471 128
27472 128
27473 128
27474 77
27475 77
27476 215
27477 181
27478 181
27479 121
27480 76
27481 89
27482 195
27483 193
27484 16
27485 84
27486 138
27487 192
27488 121
27489 192
27490 192
27491 213
27492 192
27493 192
27494 193
27495 64
27496 151
27497 166
27498 166
27499 243
27500 243
27501 243
27502 12
27503 12
27504 12
27505 118
27506 118
27507 118
27508 156
27509 151
27510 179
27511 156
27512 155
27513 155
27514 155
27515 177
27516 177
27517 177
27518 128
27519 128
27520 128
27521 41
27522 82
27523 186
27524 184
27525 186
27526 167
27527 234
27528 234
27529 234
27530 240
27531 178
27532 178
27533 178
27534 172
27535 29
27536 29
27537 29
27538 157
27539 157
27540 79
27541 79
27542 212
27543 212
27544 212
27545 212
27546 134
27547 134
27548 190
27549 190
27550 193
27551 188
27552 104
27553 104
27554 7
27555 104
27556 104
27557 17
27558 139
27559 139
27560 139
27561 139
27562 245
27563 65
27564 65
27565 65
27566 166
27567 209
27568 228
27569 72
27570 72
27571 72
27572 72
27573 52
27574 52
27575 43
27576 206
27577 206
27578 206
27579 213
27580 201
27581 20
27582 238
27583 238
27584 147
27585 147
27586 155
27587 105
27588 105
27589 105
27590 105
27591 105
27592 234
27593 101
27594 190
27595 190
27596 190
27597 190
27598 190
27599 111
27600 111
27601 111
27602 111
27603 82
27604 82
27605 82
27606 197
27607 245
27608 245
27609 245
27610 68
27611 68
27612 83
27613 83
27614 83
27615 119
27616 21
27617 119
27618 140
27619 164
27620 140
27621 59
27622 31
27623 131
27624 158
27625 184
27626 200
27627 200
27628 85
27629 85
27630 153
27631 153
27632 204
27633 204
27634 142
27635 142
27636 148
27637 222
27638 222
27639 222
27640 41
27641 139
27642 158
27643 158
27644 42
27645 42
27646 42
27647 217
27648 217
27649 158
27650 21
27651 230
27652 230
27653 230
27654 109
27655 72
27656 72
27657 72
27658 237
27659 25
27660 47
27661 47
27662 116
27663 68
27664 175
27665 175
27666 106
27667 106
27668 164
27669 164
27670 244
27671 156
27672 244
27673 156
27674 8
27675 126
27676 107
27677 107
27678 27
27679 165
27680 165
27681 55
27682 31
27683 76
27684 45
27685 200
27686 200
27687 200
27688 200
27689 24
27690 175
27691 175
27692 246
27693 186
27694 139
27695 79
27696 106
27697 106
27698 106
27699 106
27700 106
27701 171
27702 171
27703 171
27704 171
27705 240
27706 240
27707 240
27708 48
27709 48
27710 48
27711 48
27712 167
27713 240
27714 39
27715 39
27716 233
27717 233
27718 243
27719 75
27720 243
27721 38
27722 65
27723 65
27724 65
27725 102
27726 102
27727 217
27728 81
27729 217
27730 217
27731 217
27732 35
27733 75
27734 75
27735 75
27736 75
27737 75
27738 46
27739 43
27740 21
27741 209
27742 7
27743 7
27744 211
27745 211
27746 211
27747 211
27748 144
27749 228
27750 176
27751 228
27752 228
27753 228
27754 227
27755 82
27756 77
27757 77
27758 190
27759 106
27760 129
27761 129
27762 120
27763 120
27764 130
27765 130
27766 50
27767 50
27768 223
27769 223
27770 94
27771 94
27772 94
27773 94
27774 94
27775 44
27776 94
27777 178
27778 177
27779 178
27780 178
27781 238
27782 129
27783 129
27784 178
27785 129
27786 122
27787 136
27788 117
27789 117
27790 234
27791 223
27792 223
27793 223
27794 197
27795 197
27796 135
27797 155
27798 187
27799 245
27800 127
27801 127
27802 168
27803 155
27804 211
27805 233
27806 233
27807 233
27808 61
27809 61
27810 89
27811 89
27812 227
27813 182
27814 182
27815 182
27816 102
27817 222
27818 222
27819 222
27820 222
27821 168
27822 191
27823 191
27824 191
27825 130
27826 41
27827 41
27828 41
27829 191
27830 191
27831 191
27832 135
27833 135
27834 135
27835 135
27836 173
27837 173
27838 173
27839 125
27840 125
27841 125
27842 217
27843 217
27844 217
27845 54
27846 54
27847 54
27848 160
27849 160
27850 77
27851 77
27852 46
27853 87
27854 87
27855 87
27856 87
27857 117
27858 117
27859 121
27860 121
27861 229
27862 43
27863 158
27864 66
27865 66
27866 100
27867 100
27868 100
27869 184
27870 187
27871 140
27872 140
27873 245
27874 245
27875 51
27876 51
27877 132
27878 181
27879 181
27880 181
27881 142
27882 142
27883 142
27884 203
27885 197
27886 90
27887 176
27888 176
27889 103
27890 103
27891 22
27892 22
27893 20
27894 178
27895 178
27896 232
27897 19
27898 201
27899 201
27900 201
27901 201
27902 201
27903 150
27904 150
27905 171
27906 68
27907 173
27908 173
27909 137
27910 137
27911 137
27912 153
27913 153
27914 219
27915 222
27916 219
27917 93
27918 123
27919 93
27920 211
27921 211
27922 211
27923 131
27924 211
27925 93
27926 214
27927 17
27928 214
27929 90
27930 86
27931 194
27932 190
27933 95
27934 95
27935 220
27936 220
27937 220
27938 32
27939 87
27940 192
27941 192
27942 180
27943 246
27944 246
27945 197
27946 197
27947 197
27948 197
27949 37
27950 151
27951 216
27952 47
27953 47
27954 98
27955 98
27956 98
27957 179
27958 179
27959 105
27960 105
27961 185
27962 185
27963 29
27964 45
27965 45
27966 45
27967 174
27968 174
27969 174
27970 114
27971 114
27972 231
27973 221
27974 221
27975 221
27976 221
27977 221
27978 105
27979 197
27980 105
27981 74
27982 95
27983 129
27984 228
27985 230
27986 228
27987 219
27988 219
27989 37
27990 37
27991 37
27992 18
27993 18
27994 24
27995 47
27996 24
27997 24
27998 203
27999 129
28000 153
28001 129
28002 124
28003 20
28004 20
28005 26
28006 26
28007 160
28008 160
28009 160
28010 58
28011 125
28012 169
28013 125
28014 36
28015 125
28016 125
28017 108
28018 108
28019 53
28020 171
28021 171
28022 85
28023 171
28024 163
28025 163
28026 195
28027 195
28028 195
28029 93
28030 93
28031 127
28032 127
28033 94
28034 111
28035 111
28036 111
28037 234
28038 113
28039 241
28040 241
28041 73
28042 73
28043 219
28044 219
28045 154
28046 115
28047 123
28048 31
28049 87
28050 81
28051 220
28052 188
28053 188
28054 188
28055 188
28056 140
28057 162
28058 162
28059 162
28060 111
28061 111
28062 225
28063 225
28064 62
28065 62
28066 235
28067 43
28068 112
28069 112
28070 112
28071 124
28072 124
28073 176
28074 12
28075 12
28076 228
28077 228
28078 231
28079 129
28080 172
28081 172
28082 172
28083 172
28084 105
28085 105
28086 158
28087 158
28088 34
28089 34
28090 34
28091 200
28092 200
28093 24
28094 12
28095 24
28096 24
28097 24
28098 55
28099 178
28100 178
28101 178
28102 178
28103 62
28104 25
28105 84
28106 132
28107 89
28108 89
28109 89
28110 89
28111 46
28112 199
28113 129
28114 145
28115 145
28116 143
28117 57
28118 57
28119 172
28120 172
28121 159
28122 175
28123 175
28124 175
28125 197
28126 197
28127 197
28128 225
28129 153
28130 13
28131 153
28132 153
28133 216
28134 216
28135 159
28136 159
28137 159
28138 159
28139 159
28140 101
28141 187
28142 144
28143 144
28144 54
28145 68
28146 68
28147 42
28148 23
28149 119
28150 17
28151 119
28152 119
28153 146
28154 146
28155 195
28156 195
28157 196
28158 197
28159 181
28160 185
28161 17
28162 17
28163 174
28164 174
28165 174
28166 132
28167 146
28168 132
28169 114
28170 150
28171 150
28172 150
28173 79
28174 79
28175 154
28176 130
28177 163
28178 163
28179 163
28180 163
28181 185
28182 180
28183 194
28184 194
28185 194
28186 173
28187 46
28188 46
28189 86
28190 127
28191 127
28192 175
28193 175
28194 122
28195 122
28196 174
28197 118
28198 117
28199 117
28200 117
28201 115
28202 14
28203 53
28204 175
28205 53
28206 112
28207 175
28208 175
28209 175
28210 22
28211 22
28212 22
28213 216
28214 216
28215 54
28216 110
28217 110
28218 231
28219 231
28220 231
28221 127
28222 158
28223 127
28224 127
28225 152
28226 195
28227 195
28228 191
28229 195
28230 227
28231 11
28232 155
28233 210
28234 210
28235 158
28236 56
28237 56
28238 56
28239 15
28240 211
28241 100
28242 100
28243 100
28244 207
28245 218
28246 218
28247 57
28248 56
28249 57
28250 57
28251 87
28252 87
28253 235
28254 235
28255 243
28256 243
28257 243
28258 227
28259 227
28260 227
28261 87
28262 150
28263 129
28264 129
28265 129
28266 25
28267 244
28268 174
28269 174
28270 144
28271 165
28272 165
28273 165
28274 165
28275 165
28276 165
28277 68
28278 68
28279 68
28280 199
28281 111
28282 86
28283 121
28284 81
28285 72
28286 72
28287 228
28288 69
28289 187
28290 180
28291 167
28292 167
28293 167
28294 167
28295 167
28296 87
28297 87
28298 87
28299 87
28300 74
28301 41
28302 206
28303 206
28304 206
28305 206
28306 206
28307 214
28308 85
28309 85
28310 85
28311 85
28312 69
28313 113
28314 38
28315 38
28316 38
28317 38
28318 38
28319 53
28320 90
28321 203
28322 28
28323 205
28324 173
28325 130
28326 181
28327 181
28328 181
28329 181
28330 169
28331 169
28332 169
28333 96
28334 96
28335 28
28336 96
28337 36
28338 197
28339 197
28340 196
28341 197
28342 17
28343 159
28344 159
28345 113
28346 63
28347 63
28348 63
28349 63
28350 78
28351 78
28352 78
28353 78
28354 74
28355 74
28356 74
28357 227
28358 227
28359 173
28360 173
28361 173
28362 124
28363 21
28364 21
28365 165
28366 45
28367 22
28368 22
28369 169
28370 146
28371 169
28372 169
28373 169
28374 48
28375 48
28376 160
28377 191
28378 42
28379 134
28380 134
28381 134
28382 134
28383 68
28384 18
28385 18
28386 169
28387 169
28388 169
28389 169
28390 169
28391 169
28392 148
28393 60
28394 60
28395 155
28396 155
28397 155
28398 45
28399 105
28400 105
28401 219
28402 83
28403 234
28404 245
28405 93
28406 233
28407 75
28408 79
28409 220
28410 220
28411 91
28412 91
28413 91
28414 38
28415 38
28416 38
28417 38
28418 157
28419 108
28420 108
28421 224
28422 40
28423 40
28424 245
28425 245
28426 24
28427 245
28428 233
28429 119
28430 194
28431 194
28432 242
28433 190
28434 190
28435 9
28436 183
28437 43
28438 43
28439 86
28440 86
28441 86
28442 160
28443 160
28444 58
28445 58
28446 58
28447 245
28448 245
28449 124
28450 45
28451 45
28452 147
28453 147
28454 121
28455 121
28456 174
28457 174
28458 174
28459 174
28460 170
28461 170
28462 4
28463 221
28464 60
28465 60
28466 60
28467 242
28468 152
28469 242
28470 146
28471 4
28472 242
28473 105
28474 132
28475 128
28476 215
28477 125
28478 125
28479 125
28480 76
28481 76
28482 199
28483 199
28484 199
28485 221
28486 221
28487 193
28488 193
28489 193
28490 197
28491 204
28492 142
28493 204
28494 230
28495 204
28496 91
28497 91
28498 91
28499 165
28500 165
28501 53
28502 165
28503 47
28504 29
28505 178
28506 178
28507 193
28508 193
28509 186
28510 186
28511 92
28512 92
28513 210
28514 210
28515 199
28516 199
28517 199
28518 228
28519 199
28520 60
28521 69
28522 188
28523 188
28524 188
28525 160
28526 160
28527 151
28528 151
28529 14
28530 14
28531 49
28532 49
28533 104
28534 104
28535 104
28536 103
28537 104
28538 157
28539 38
28540 163
28541 163
28542 34
28543 163
28544 163
28545 216
28546 216
28547 97
28548 61
28549 61
28550 61
28551 168
28552 168
28553 32
28554 32
28555 132
28556 133
28557 156
28558 156
28559 214
28560 101
28561 101
28562 126
28563 155
28564 155
28565 37
28566 38
28567 37
28568 26
28569 26
28570 26
28571 78
28572 78
28573 87
28574 87
28575 30
28576 152
28577 152
28578 236
28579 42
28580 42
28581 42
28582 68
28583 78
28584 165
28585 165
28586 165
28587 97
28588 38
28589 38
28590 38
28591 247
28592 247
28593 150
28594 150
28595 150
28596 224
28597 224
28598 58
28599 58
28600 58
28601 22
28602 47
28603 148
28604 80
28605 27
28606 27
28607 193
28608 193
28609 207
28610 76
28611 159
28612 159
28613 47
28614 28
28615 28
28616 28
28617 28
28618 41
28619 41
28620 41
28621 206
28622 206
28623 206
28624 17
28625 242
28626 17
28627 21
28628 242
28629 242
28630 17
28631 17
28632 17
28633 69
28634 219
28635 219
28636 51
28637 29
28638 51
28639 51
28640 89
28641 89
28642 72
28643 72
28644 48
28645 70
28646 114
28647 31
28648 30
28649 47
28650 47
28651 214
28652 202
28653 202
28654 243
28655 243
28656 243
28657 243
28658 243
28659 182
28660 182
28661 187
28662 120
28663 59
28664 141
28665 195
28666 141
28667 150
28668 150
28669 242
28670 208
28671 62
28672 208
28673 103
28674 103
28675 96
28676 96
28677 211
28678 49
28679 125
28680 125
28681 125
28682 125
28683 93
28684 70
28685 235
28686 235
28687 235
28688 235
28689 94
28690 94
28691 94
28692 230
28693 219
28694 219
28695 198
28696 198
28697 201
28698 198
28699 126
28700 140
28701 168
28702 168
28703 84
28704 84
28705 84
28706 136
28707 23
28708 23
28709 187
28710 187
28711 232
28712 5
28713 211
28714 211
28715 45
28716 25
28717 147
28718 32
28719 32
28720 175
28721 134
28722 134
28723 217
28724 217
28725 217
28726 111
28727 134
28728 217
28729 217
28730 171
28731 172
28732 88
28733 88
28734 88
28735 88
28736 128
28737 128
28738 55
28739 129
28740 196
28741 196
28742 190
28743 38
28744 38
28745 38
28746 231
28747 231
28748 231
28749 76
28750 76
28751 146
28752 69
28753 91
28754 128
28755 60
28756 60
28757 60
28758 189
28759 149
28760 158
28761 158
28762 136
28763 27
28764 30
28765 27
28766 29
28767 63
28768 63
28769 200
28770 200
28771 240
28772 113
28773 124
28774 124
28775 136
28776 237
28777 136
28778 165
28779 209
28780 145
28781 145
28782 58
28783 152
28784 223
28785 223
28786 222
28787 222
28788 222
28789 202
28790 112
28791 116
28792 116
28793 116
28794 116
28795 222
28796 222
28797 222
28798 102
28799 102
28800 246
28801 72
28802 72
28803 72
28804 72
28805 39
28806 19
28807 33
28808 203
28809 31
28810 217
28811 12
28812 192
28813 192
28814 230
28815 146
28816 146
28817 101
28818 175
28819 174
28820 174
28821 174
28822 132
28823 132
28824 132
28825 132
28826 197
28827 197
28828 197
28829 44
28830 67
28831 214
28832 214
28833 195
28834 15
28835 15
28836 43
28837 65
28838 232
28839 60
28840 141
28841 141
28842 141
28843 130
28844 130
28845 27
28846 234
28847 234
28848 17
28849 154
28850 81
28851 200
28852 137
28853 137
28854 137
28855 137
28856 184
28857 184
28858 19
28859 19
28860 19
28861 19
28862 19
28863 107
28864 19
28865 16
28866 109
28867 109
28868 121
28869 174
28870 240
28871 236
28872 236
28873 61
28874 61
28875 61
28876 61
28877 102
28878 102
28879 113
28880 111
28881 111
28882 111
28883 88
28884 151
28885 126
28886 175
28887 20
28888 20
28889 20
28890 92
28891 186
28892 92
28893 167
28894 167
28895 167
28896 167
28897 167
28898 122
28899 154
28900 239
28901 239
28902 73
28903 73
28904 81
28905 81
28906 128
28907 128
28908 81
28909 142
28910 218
28911 192
28912 192
28913 93
28914 206
28915 206
28916 122
28917 122
28918 122
28919 122
28920 174
28921 174
28922 239
28923 239
28924 239
28925 185
28926 185
28927 118
28928 118
28929 118
28930 118
28931 215
28932 227
28933 227
28934 129
28935 130
28936 130
28937 64
28938 64
28939 106
28940 106
28941 106
28942 106
28943 207
28944 207
28945 13
28946 240
28947 207
28948 54
28949 54
28950 54
28951 47
28952 47
28953 54
28954 164
28955 162
28956 162
28957 68
28958 68
28959 68
28960 33
28961 33
28962 237
28963 237
28964 237
28965 75
28966 75
28967 7
28968 191
28969 195
28970 191
28971 191
28972 73
28973 73
28974 57
28975 12
28976 57
28977 12
28978 160
28979 160
28980 135
28981 135
28982 135
28983 135
28984 135
28985 83
28986 84
28987 83
28988 126
28989 126
28990 103
28991 80
28992 80
28993 91
28994 74
28995 74
28996 74
28997 65
28998 65
28999 36
29000 20
29001 27
29002 20
29003 6
29004 20
29005 20
29006 20
29007 80
29008 14
29009 207
29010 107
29011 207
29012 101
29013 99
29014 231
29015 231
29016 75
29017 42
29018 101
29019 101
29020 101
29021 24
29022 24
29023 90
29024 80
29025 90
29026 90
29027 238
29028 238
29029 232
29030 10
29031 10
29032 119
29033 119
29034 112
29035 112
29036 112
29037 171
29038 55
29039 53
29040 53
29041 62
29042 175
29043 175
29044 175
29045 175
29046 179
29047 179
29048 189
29049 179
29050 184
29051 51
29052 61
29053 53
29054 232
29055 232
29056 243
29057 243
29058 243
29059 78
29060 78
29061 130
29062 130
29063 130
29064 46
29065 46
29066 24
29067 46
29068 91
29069 204
29070 199
29071 199
29072 203
29073 199
29074 33
29075 4
29076 96
29077 175
29078 175
29079 175
29080 13
29081 88
29082 88
29083 185
29084 14
29085 154
29086 154
29087 154
29088 47
29089 186
29090 176
29091 4
29092 201
29093 132
29094 215
29095 116
29096 215
29097 128
29098 128
29099 155
29100 95
29101 24
29102 24
29103 24
29104 106
29105 214
29106 241
29107 100
29108 76
29109 245
29110 89
29111 89
29112 89
29113 22
29114 22
29115 171
29116 171
29117 91
29118 91
29119 92
29120 91
29121 91
29122 91
29123 57
29124 224
29125 6
29126 51
29127 51
29128 236
29129 236
29130 126
29131 236
29132 12
29133 235
29134 235
29135 236
29136 200
29137 72
29138 52
29139 53
29140 52
29141 53
29142 95
29143 95
29144 95
29145 95
29146 46
29147 46
29148 46
29149 239
29150 239
29151 65
29152 92
29153 162
29154 161
29155 176
29156 162
29157 221
29158 31
29159 245
29160 245
29161 194
29162 194
29163 194
29164 140
29165 244
29166 20
29167 244
29168 5
29169 126
29170 126
29171 75
29172 75
29173 75
29174 59
29175 59
29176 29
29177 29
29178 29
29179 144
29180 150
29181 150
29182 150
29183 185
29184 185
29185 185
29186 30
29187 6
29188 65
29189 65
29190 65
29191 213
29192 227
29193 227
29194 227
29195 79
29196 79
29197 155
29198 155
29199 109
29200 29
29201 109
29202 109
29203 238
29204 238
29205 238
29206 238
29207 238
29208 229
29209 238
29210 136
29211 25
29212 228
29213 228
29214 112
29215 112
29216 112
29217 58
29218 85
29219 85
29220 34
29221 34
29222 34
29223 34
29224 218
29225 218
29226 192
29227 192
29228 189
29229 192
29230 192
29231 199
29232 218
29233 177
29234 177
29235 177
29236 243
29237 243
29238 24
29239 24
29240 225
29241 225
29242 226
29243 225
29244 24
29245 185
29246 185
29247 185
29248 185
29249 198
29250 198
29251 64
29252 204
29253 181
29254 118
29255 230
29256 34
29257 34
29258 34
29259 34
29260 100
29261 100
29262 56
29263 65
29264 56
29265 56
29266 56
29267 23
29268 186
29269 26
29270 26
29271 145
29272 145
29273 145
29274 30
29275 124
29276 124
29277 124
29278 98
29279 221
29280 90
29281 216
29282 216
29283 41
29284 193
29285 164
29286 58
29287 47
29288 44
29289 151
29290 144
29291 144
29292 144
29293 144
29294 171
29295 171
29296 173
29297 173
29298 173
29299 178
29300 16
29301 19
29302 25
29303 87
29304 87
29305 87
29306 87
29307 87
29308 142
29309 142
29310 150
29311 164
29312 89
29313 89
29314 89
29315 113
29316 170
29317 188
29318 188
29319 100
29320 100
29321 100
29322 32
29323 32
29324 32
29325 89
29326 170
29327 170
29328 216
29329 136
29330 166
29331 54
29332 51
29333 170
29334 15
29335 15
29336 4
29337 42
29338 42
29339 90
29340 115
29341 90
29342 160
29343 160
29344 165
29345 165
29346 165
29347 87
29348 243
29349 243
29350 216
29351 216
29352 209
29353 216
29354 216
29355 144
29356 144
29357 144
29358 144
29359 230
29360 230
29361 117
29362 117
29363 163
29364 125
29365 163
29366 53
29367 62
29368 63
29369 63
29370 63
29371 63
29372 63
29373 74
29374 74
29375 74
29376 74
29377 82
29378 82
29379 181
29380 181
29381 181
29382 181
29383 26
29384 26
29385 26
29386 43
29387 76
29388 76
29389 172
29390 109
29391 195
29392 195
29393 41
29394 32
29395 48
29396 48
29397 48
29398 132
29399 132
29400 97
29401 97
29402 165
29403 118
29404 159
29405 38
29406 38
29407 44
29408 44
29409 187
29410 97
29411 97
29412 97
29413 189
29414 59
29415 29
29416 191
29417 191
29418 223
29419 223
29420 22
29421 16
29422 166
29423 161
29424 175
29425 175
29426 208
29427 208
29428 208
29429 197
29430 197
29431 117
29432 165
29433 117
29434 117
29435 141
29436 141
29437 141
29438 141
29439 141
29440 79
29441 8
29442 79
29443 38
29444 38
29445 120
29446 120
29447 120
29448 30
29449 125
29450 125
29451 125
29452 139
29453 51
29454 51
29455 51
29456 75
29457 75
29458 62
29459 150
29460 108
29461 108
29462 108
29463 115
29464 115
29465 115
29466 115
29467 115
29468 57
29469 23
29470 231
29471 231
29472 231
29473 27
29474 27
29475 27
29476 137
29477 138
29478 137
29479 137
29480 137
29481 163
29482 163
29483 163
29484 163
29485 19
29486 227
29487 227
29488 23
29489 11
29490 112
29491 23
29492 58
29493 58
29494 98
29495 98
29496 98
29497 222
29498 222
29499 222
29500 222
29501 78
29502 170
29503 166
29504 93
29505 63
29506 63
29507 63
29508 216
29509 63
29510 63
29511 43
29512 43
29513 11
29514 194
29515 194
29516 15
29517 15
29518 211
29519 38
29520 38
29521 38
29522 38
29523 38
29524 182
29525 182
29526 205
29527 41
29528 41
29529 170
29530 125
29531 125
29532 16
29533 16
29534 16
29535 23
29536 172
29537 244
29538 60
29539 60
29540 60
29541 60
29542 60
29543 60
29544 53
29545 12
29546 47
29547 47
29548 223
29549 223
29550 229
29551 229
29552 96
29553 96
29554 74
29555 74
29556 236
29557 208
29558 233
29559 180
29560 94
29561 94
29562 36
29563 5
29564 94
29565 98
29566 123
29567 98
29568 98
29569 32
29570 138
29571 77
29572 77
29573 145
29574 145
29575 145
29576 203
29577 146
29578 18
29579 159
29580 159
29581 159
29582 169
29583 188
29584 230
29585 182
29586 188
29587 188
29588 75
29589 75
29590 82
29591 80
29592 57
29593 57
29594 87
29595 87
29596 109
29597 87
29598 87
29599 67
29600 67
29601 67
29602 68
29603 13
29604 136
29605 136
29606 136
29607 60
29608 93
29609 170
29610 99
29611 170
29612 55
29613 55
29614 55
29615 55
29616 93
29617 34
29618 111
29619 117
29620 223
29621 109
29622 109
29623 120
29624 120
29625 120
29626 58
29627 58
29628 66
29629 156
29630 16
29631 16
29632 228
29633 16
29634 182
29635 242
29636 85
29637 53
29638 53
29639 53
29640 153
29641 153
29642 153
29643 103
29644 25
29645 25
29646 20
29647 25
29648 189
29649 20
29650 20
29651 141
29652 141
29653 219
29654 230
29655 230
29656 220
29657 220
29658 47
29659 72
29660 72
29661 72
29662 72
29663 72
29664 26
29665 26
29666 26
29667 95
29668 95
29669 79
29670 213
29671 246
29672 35
29673 35
29674 35
29675 35
29676 37
29677 153
29678 153
29679 115
29680 17
29681 238
29682 204
29683 204
29684 157
29685 157
29686 166
29687 166
29688 133
29689 166
29690 205
29691 13
29692 60
29693 60
29694 159
29695 159
29696 207
29697 207
29698 207
29699 54
29700 54
29701 54
29702 54
29703 54
29704 240
29705 19
29706 164
29707 11
29708 160
29709 115
29710 110
29711 123
29712 123
29713 186
29714 192
29715 174
29716 192
29717 75
29718 77
29719 228
29720 228
29721 43
29722 14
29723 104
29724 104
29725 104
29726 54
29727 54
29728 213
29729 233
29730 233
29731 233
29732 203
29733 203
29734 166
29735 166
29736 204
29737 136
29738 29
29739 6
29740 92
29741 239
29742 239
29743 239
29744 244
29745 244
29746 19
29747 210
29748 210
29749 65
29750 65
29751 65
29752 65
29753 65
29754 65
29755 63
29756 200
29757 200
29758 115
29759 200
29760 35
29761 94
29762 224
29763 80
29764 95
29765 95
29766 95
29767 205
29768 113
29769 192
29770 163
29771 163
29772 46
29773 46
29774 46
29775 46
29776 34
29777 34
29778 34
29779 104
29780 104
29781 94
29782 94
29783 97
29784 97
29785 203
29786 203
29787 232
29788 215
29789 215
29790 237
29791 239
29792 237
29793 237
29794 237
29795 91
29796 91
29797 91
29798 201
29799 201
29800 24
29801 24
29802 152
29803 36
29804 36
29805 36
29806 36
29807 36
29808 158
29809 104
29810 104
29811 187
29812 103
29813 189
29814 189
29815 30
29816 105
29817 98
29818 98
29819 140
29820 88
29821 88
29822 177
29823 93
29824 106
29825 138
29826 57
29827 57
29828 68
29829 146
29830 76
29831 12
29832 70
29833 76
29834 70
29835 84
29836 84
29837 36
29838 9
29839 103
29840 173
29841 88
29842 208
29843 131
29844 190
29845 190
29846 190
29847 190
29848 190
29849 180
29850 199
29851 43
29852 47
29853 137
29854 20
29855 20
29856 20
29857 20
29858 160
29859 160
29860 160
29861 160
29862 158
29863 7
29864 212
29865 212
29866 212
29867 212
29868 212
29869 193
29870 174
29871 174
29872 154
29873 195
29874 37
29875 168
29876 31
29877 31
29878 31
29879 225
29880 225
29881 57
29882 57
29883 57
29884 57
29885 92
29886 92
29887 92
29888 92
29889 44
29890 44
29891 44
29892 87
29893 181
29894 181
29895 29
29896 20
29897 20
29898 34
29899 34
29900 34
29901 207
29902 207
29903 207
29904 207
29905 207
29906 142
29907 142
29908 114
29909 106
29910 27
29911 27
29912 59
29913 59
29914 59
29915 125
29916 36
29917 36
29918 116
29919 178
29920 178
29921 178
29922 178
29923 178
29924 123
29925 235
29926 235
29927 41
29928 229
29929 185
29930 67
29931 67
29932 132
29933 132
29934 36
29935 36
29936 36
29937 65
29938 36
29939 105
29940 156
29941 135
29942 135
29943 153
29944 153
29945 163
29946 21
29947 207
29948 16
29949 182
29950 182
29951 158
29952 99
29953 86
29954 198
29955 172
29956 26
29957 26
29958 40
29959 60
29960 60
29961 232
29962 147
29963 166
29964 141
29965 92
29966 25
29967 25
29968 51
29969 51
29970 148
29971 148
29972 222
29973 62
29974 216
29975 216
29976 216
29977 44
29978 36
29979 79
29980 79
29981 153
29982 68
29983 156
29984 21
29985 21
29986 94
29987 94
29988 67
29989 67
29990 67
29991 67
29992 67
29993 67
29994 61
29995 218
29996 218
29997 218
29998 81
29999 81
