10000 1
10001 15
10002 15
10003 15
10004 69
10005 70
10006 69
10007 69
10008 70
10009 15
10010 19
10011 19
10012 10
10013 56
10014 73
10015 3
10016 58
10017 67
10018 59
10019 36
10020 11
10021 79
10022 76
10023 85
10024 89
10025 47
10026 94
10027 18
10028 58
10029 18
10030 77
10031 94
10032 88
10033 88
10034 0
10035 89
10036 12
10037 89
10038 64
10039 76
10040 90
10041 80
10042 80
10043 80
10044 46
10045 96
10046 40
10047 9
10048 14
10049 14
10050 60
10051 71
10052 60
10053 60
10054 91
10055 30
10056 60
10057 79
10058 87
10059 76
10060 2
10061 87
10062 87
10063 92
10064 87
10065 2
10066 10
10067 82
10068 44
10069 44
10070 6
10071 6
10072 86
10073 86
10074 12
10075 85
10076 85
10077 85
10078 2
10079 12
10080 2
10081 25
10082 25
10083 1
10084 25
10085 83
10086 51
10087 64
10088 64
10089 12
10090 12
10091 5
10092 12
10093 15
10094 93
10095 60
10096 24
10097 58
10098 58
10099 21
10100 21
10101 21
10102 22
10103 16
10104 22
10105 22
10106 74
10107 70
10108 74
10109 72
10110 42
10111 72
10112 72
10113 60
10114 34
10115 60
10116 2
10117 49
10118 0
10119 54
10120 92
10121 7
10122 7
10123 90
10124 90
10125 90
10126 51
10127 24
10128 71
10129 72
10130 67
10131 68
10132 8
10133 67
10134 90
10135 82
10136 82
10137 82
10138 82
10139 82
10140 82
10141 82
10142 22
10143 22
10144 22
10145 95
10146 70
10147 95
10148 5
10149 5
10150 6
10151 67
10152 48
10153 4
10154 72
10155 72
10156 72
10157 60
10158 8
10159 60
10160 72
10161 15
10162 1
10163 4
10164 15
10165 79
10166 0
10167 24
10168 24
10169 22
10170 15
10171 79
10172 79
10173 58
10174 94
10175 89
10176 82
10177 36
10178 97
10179 97
10180 77
10181 26
10182 26
10183 25
10184 26
10185 68
10186 15
10187 68
10188 72
10189 68
10190 57
10191 12
10192 52
10193 52
10194 61
10195 11
10196 52
10197 11
10198 61
10199 52
10200 84
10201 17
10202 84
10203 71
10204 55
10205 63
10206 55
10207 61
10208 70
10209 85
10210 59
10211 67
10212 85
10213 85
10214 23
10215 23
10216 23
10217 23
10218 1
10219 23
10220 65
10221 58
10222 54
10223 59
10224 59
10225 59
10226 8
10227 8
10228 59
10229 61
10230 36
10231 4
10232 19
10233 28
10234 61
10235 70
10236 93
10237 4
10238 92
10239 92
10240 52
10241 3
10242 19
10243 1
10244 46
10245 50
10246 46
10247 38
10248 70
10249 91
10250 12
10251 12
10252 1
10253 43
10254 12
10255 83
10256 83
10257 62
10258 56
10259 62
10260 53
10261 53
10262 51
10263 26
10264 53
10265 97
10266 97
10267 44
10268 69
10269 61
10270 61
10271 61
10272 61
10273 61
10274 16
10275 1
10276 15
10277 8
10278 49
10279 30
10280 49
10281 57
10282 57
10283 59
10284 86
10285 39
10286 41
10287 41
10288 41
10289 65
10290 65
10291 65
10292 65
10293 65
10294 4
10295 17
10296 17
10297 29
10298 29
10299 29
10300 29
10301 46
10302 46
10303 50
10304 27
10305 27
10306 28
10307 28
10308 28
10309 28
10310 96
10311 6
10312 23
10313 32
10314 32
10315 32
10316 32
10317 32
10318 32
10319 32
10320 74
10321 74
10322 82
10323 82
10324 82
10325 82
10326 82
10327 82
10328 83
10329 83
10330 52
10331 83
10332 15
10333 89
10334 94
10335 66
10336 9
10337 66
10338 66
10339 66
10340 1
10341 93
10342 72
10343 93
10344 71
10345 93
10346 38
10347 38
10348 2
10349 35
10350 35
10351 35
10352 43
10353 43
10354 58
10355 43
10356 43
10357 43
10358 43
10359 14
10360 83
10361 73
10362 35
10363 52
10364 52
10365 25
10366 78
10367 78
10368 1
10369 78
10370 1
10371 94
10372 94
10373 94
10374 28
10375 28
10376 26
10377 27
10378 27
10379 28
10380 46
10381 58
10382 66
10383 66
10384 78
10385 5
10386 73
10387 73
10388 34
10389 66
10390 66
10391 66
10392 20
10393 15
10394 15
10395 15
10396 98
10397 88
10398 98
10399 94
10400 88
10401 98
10402 98
10403 48
10404 67
10405 48
10406 72
10407 27
10408 31
10409 21
10410 93
10411 93
10412 93
10413 5
10414 5
10415 14
10416 22
10417 14
10418 52
10419 52
10420 28
10421 28
10422 21
10423 27
10424 27
10425 27
10426 27
10427 27
10428 27
10429 27
10430 87
10431 27
10432 14
10433 8
10434 69
10435 69
10436 10
10437 21
10438 4
10439 4
10440 97
10441 87
10442 97
10443 97
10444 74
10445 74
10446 58
10447 11
10448 39
10449 11
10450 1
10451 75
10452 2
10453 21
10454 33
10455 41
10456 19
10457 41
10458 97
10459 97
10460 41
10461 41
10462 41
10463 41
10464 41
10465 41
10466 41
10467 62
10468 1
10469 71
10470 55
10471 44
10472 42
10473 42
10474 42
10475 5
10476 5
10477 5
10478 89
10479 89
10480 67
10481 41
10482 41
10483 21
10484 43
10485 41
10486 11
10487 11
10488 9
10489 0
10490 92
10491 92
10492 15
10493 14
10494 7
10495 15
10496 14
10497 58
10498 58
10499 58
10500 21
10501 80
10502 27
10503 55
10504 55
10505 54
10506 55
10507 55
10508 12
10509 12
10510 12
10511 12
10512 35
10513 35
10514 35
10515 19
10516 19
10517 0
10518 60
10519 75
10520 60
10521 60
10522 19
10523 0
10524 19
10525 0
10526 89
10527 89
10528 89
10529 32
10530 6
10531 6
10532 6
10533 76
10534 32
10535 32
10536 9
10537 9
10538 9
10539 65
10540 65
10541 52
10542 33
10543 91
10544 79
10545 94
10546 93
10547 94
10548 76
10549 76
10550 76
10551 76
10552 76
10553 76
10554 79
10555 58
10556 22
10557 23
10558 16
10559 40
10560 5
10561 39
10562 45
10563 0
10564 74
10565 81
10566 94
10567 20
10568 20
10569 8
10570 64
10571 64
10572 45
10573 45
10574 17
10575 17
10576 17
10577 54
10578 54
10579 54
10580 54
10581 63
10582 63
10583 59
10584 63
10585 12
10586 85
10587 17
10588 35
10589 35
10590 35
10591 35
10592 46
10593 46
10594 41
10595 41
10596 51
10597 6
10598 51
10599 5
10600 54
10601 41
10602 54
10603 5
10604 6
10605 68
10606 49
10607 65
10608 38
10609 49
10610 68
10611 63
10612 70
10613 65
10614 68
10615 68
10616 68
10617 40
10618 85
10619 67
10620 52
10621 40
10622 88
10623 88
10624 88
10625 88
10626 97
10627 92
10628 88
10629 32
10630 93
10631 75
10632 90
10633 96
10634 21
10635 79
10636 6
10637 35
10638 18
10639 61
10640 72
10641 74
10642 10
10643 63
10644 63
10645 62
10646 62
10647 36
10648 36
10649 36
10650 36
10651 36
10652 36
10653 36
10654 36
10655 67
10656 67
10657 1
10658 0
10659 73
10660 65
10661 48
10662 48
10663 48
10664 29
10665 21
10666 67
10667 6
10668 71
10669 63
10670 41
10671 9
10672 78
10673 41
10674 42
10675 3
10676 42
10677 96
10678 20
10679 19
10680 35
10681 63
10682 45
10683 53
10684 58
10685 45
10686 14
10687 23
10688 23
10689 14
10690 23
10691 23
10692 98
10693 98
10694 54
10695 50
10696 54
10697 7
10698 46
10699 48
10700 7
10701 55
10702 53
10703 62
10704 3
10705 62
10706 96
10707 27
10708 27
10709 27
10710 27
10711 1
10712 1
10713 1
10714 17
10715 17
10716 17
10717 87
10718 87
10719 87
10720 87
10721 4
10722 16
10723 35
10724 4
10725 81
10726 81
10727 81
10728 52
10729 52
10730 61
10731 57
10732 8
10733 56
10734 58
10735 58
10736 50
10737 7
10738 22
10739 35
10740 65
10741 65
10742 35
10743 63
10744 90
10745 63
10746 76
10747 0
10748 8
10749 33
10750 76
10751 76
10752 76
10753 0
10754 22
10755 22
10756 22
10757 91
10758 39
10759 22
10760 22
10761 34
10762 34
10763 34
10764 71
10765 75
10766 56
10767 56
10768 58
10769 56
10770 56
10771 56
10772 56
10773 58
10774 58
10775 39
10776 39
10777 75
10778 75
10779 86
10780 86
10781 9
10782 46
10783 46
10784 46
10785 8
10786 8
10787 80
10788 80
10789 80
10790 39
10791 91
10792 51
10793 87
10794 69
10795 69
10796 83
10797 4
10798 55
10799 56
10800 55
10801 37
10802 23
10803 91
10804 91
10805 77
10806 81
10807 9
10808 50
10809 33
10810 14
10811 33
10812 35
10813 12
10814 33
10815 33
10816 33
10817 33
10818 78
10819 78
10820 78
10821 78
10822 78
10823 78
10824 78
10825 18
10826 18
10827 0
10828 18
10829 96
10830 96
10831 96
10832 31
10833 31
10834 31
10835 85
10836 1
10837 1
10838 32
10839 32
10840 79
10841 82
10842 58
10843 72
10844 72
10845 72
10846 39
10847 39
10848 39
10849 39
10850 68
10851 8
10852 68
10853 68
10854 68
10855 67
10856 67
10857 0
10858 52
10859 52
10860 44
10861 11
10862 44
10863 44
10864 83
10865 56
10866 56
10867 56
10868 36
10869 92
10870 78
10871 36
10872 88
10873 72
10874 35
10875 72
10876 85
10877 85
10878 81
10879 12
10880 32
10881 11
10882 18
10883 5
10884 83
10885 44
10886 44
10887 82
10888 55
10889 61
10890 60
10891 41
10892 20
10893 97
10894 93
10895 15
10896 55
10897 4
10898 18
10899 18
10900 76
10901 76
10902 76
10903 54
10904 54
10905 54
10906 54
10907 1
10908 50
10909 1
10910 46
10911 83
10912 83
10913 28
10914 11
10915 0
10916 97
10917 27
10918 27
10919 13
10920 13
10921 13
10922 75
10923 17
10924 52
10925 17
10926 95
10927 95
10928 34
10929 0
10930 34
10931 34
10932 34
10933 38
10934 34
10935 17
10936 10
10937 10
10938 64
10939 12
10940 12
10941 32
10942 32
10943 32
10944 32
10945 32
10946 13
10947 13
10948 13
10949 13
10950 82
10951 82
10952 82
10953 82
10954 89
10955 37
10956 61
10957 37
10958 46
10959 78
10960 46
10961 69
10962 69
10963 0
10964 60
10965 52
10966 60
10967 52
10968 23
10969 23
10970 40
10971 11
10972 38
10973 31
10974 42
10975 7
10976 9
10977 9
10978 47
10979 47
10980 47
10981 83
10982 45
10983 45
10984 45
10985 9
10986 87
10987 10
10988 87
10989 28
10990 5
10991 10
10992 65
10993 68
10994 23
10995 68
10996 0
10997 18
10998 4
10999 62
11000 62
11001 62
11002 40
11003 16
11004 40
11005 60
11006 60
11007 60
11008 84
11009 84
11010 84
11011 83
11012 83
11013 33
11014 33
11015 84
11016 84
11017 84
11018 78
11019 16
11020 34
11021 34
11022 84
11023 84
11024 6
11025 18
11026 18
11027 18
11028 17
11029 71
11030 50
11031 50
11032 67
11033 66
11034 93
11035 12
11036 15
11037 93
11038 12
11039 52
11040 52
11041 65
11042 36
11043 8
11044 75
11045 75
11046 92
11047 92
11048 78
11049 92
11050 91
11051 59
11052 59
11053 59
11054 59
11055 51
11056 4
11057 21
11058 21
11059 51
11060 21
11061 21
11062 7
11063 68
11064 7
11065 7
11066 70
11067 26
11068 66
11069 26
11070 26
11071 90
11072 17
11073 90
11074 7
11075 8
11076 8
11077 31
11078 3
11079 1
11080 18
11081 18
11082 36
11083 75
11084 18
11085 40
11086 67
11087 24
11088 67
11089 85
11090 79
11091 74
11092 41
11093 66
11094 66
11095 19
11096 19
11097 82
11098 60
11099 19
11100 72
11101 72
11102 72
11103 1
11104 69
11105 66
11106 34
11107 87
11108 87
11109 87
11110 87
11111 93
11112 34
11113 6
11114 84
11115 84
11116 24
11117 42
11118 95
11119 72
11120 72
11121 69
11122 5
11123 69
11124 1
11125 42
11126 79
11127 42
11128 31
11129 19
11130 42
11131 26
11132 97
11133 78
11134 90
11135 84
11136 63
11137 54
11138 56
11139 8
11140 89
11141 61
11142 49
11143 49
11144 95
11145 42
11146 42
11147 38
11148 42
11149 16
11150 86
11151 75
11152 75
11153 9
11154 97
11155 75
11156 97
11157 75
11158 60
11159 34
11160 75
11161 65
11162 65
11163 43
11164 65
11165 37
11166 65
11167 29
11168 2
11169 29
11170 2
11171 58
11172 58
11173 1
11174 6
11175 58
11176 24
11177 35
11178 35
11179 52
11180 48
11181 95
11182 35
11183 42
11184 42
11185 16
11186 16
11187 87
11188 87
11189 43
11190 43
11191 95
11192 3
11193 9
11194 75
11195 75
11196 75
11197 75
11198 75
11199 75
11200 84
11201 5
11202 57
11203 57
11204 51
11205 4
11206 4
11207 62
11208 65
11209 24
11210 65
11211 38
11212 38
11213 11
11214 72
11215 20
11216 5
11217 11
11218 11
11219 11
11220 5
11221 11
11222 16
11223 16
11224 21
11225 16
11226 79
11227 68
11228 10
11229 82
11230 82
11231 82
11232 83
11233 83
11234 51
11235 51
11236 51
11237 34
11238 42
11239 58
11240 42
11241 59
11242 17
11243 17
11244 38
11245 6
11246 64
11247 73
11248 73
11249 36
11250 36
11251 89
11252 39
11253 39
11254 39
11255 65
11256 39
11257 63
11258 1
11259 57
11260 6
11261 16
11262 16
11263 16
11264 16
11265 16
11266 46
11267 17
11268 17
11269 17
11270 31
11271 57
11272 57
11273 57
11274 57
11275 2
11276 57
11277 93
11278 93
11279 93
11280 93
11281 84
11282 61
11283 69
11284 84
11285 25
11286 25
11287 25
11288 25
11289 25
11290 10
11291 70
11292 10
11293 10
11294 40
11295 43
11296 43
11297 43
11298 24
11299 16
11300 16
11301 16
11302 14
11303 44
11304 44
11305 4
11306 46
11307 44
11308 4
11309 98
11310 98
11311 98
11312 97
11313 35
11314 20
11315 27
11316 27
11317 16
11318 16
11319 88
11320 60
11321 88
11322 89
11323 89
11324 14
11325 14
11326 14
11327 14
11328 14
11329 14
11330 53
11331 58
11332 61
11333 88
11334 0
11335 88
11336 83
11337 61
11338 61
11339 61
11340 20
11341 72
11342 72
11343 34
11344 76
11345 76
11346 84
11347 86
11348 86
11349 51
11350 51
11351 51
11352 1
11353 51
11354 90
11355 10
11356 61
11357 60
11358 0
11359 96
11360 16
11361 21
11362 21
11363 21
11364 16
11365 4
11366 7
11367 20
11368 34
11369 97
11370 47
11371 97
11372 0
11373 20
11374 20
11375 20
11376 20
11377 11
11378 20
11379 69
11380 20
11381 55
11382 55
11383 55
11384 29
11385 29
11386 29
11387 29
11388 29
11389 70
11390 70
11391 70
11392 70
11393 96
11394 96
11395 63
11396 21
11397 63
11398 21
11399 84
11400 93
11401 70
11402 70
11403 1
11404 31
11405 49
11406 31
11407 49
11408 53
11409 53
11410 53
11411 52
11412 52
11413 52
11414 52
11415 52
11416 92
11417 52
11418 94
11419 1
11420 1
11421 53
11422 74
11423 52
11424 35
11425 35
11426 89
11427 17
11428 95
11429 3
11430 95
11431 95
11432 77
11433 77
11434 77
11435 77
11436 35
11437 78
11438 77
11439 47
11440 47
11441 47
11442 47
11443 18
11444 47
11445 47
11446 47
11447 47
11448 38
11449 38
11450 38
11451 47
11452 47
11453 46
11454 76
11455 51
11456 53
11457 1
11458 51
11459 51
11460 44
11461 44
11462 44
11463 86
11464 86
11465 86
11466 52
11467 68
11468 91
11469 91
11470 32
11471 97
11472 54
11473 97
11474 64
11475 64
11476 64
11477 64
11478 64
11479 93
11480 66
11481 66
11482 66
11483 20
11484 20
11485 20
11486 38
11487 41
11488 88
11489 23
11490 88
11491 88
11492 54
11493 35
11494 66
11495 29
11496 51
11497 9
11498 55
11499 78
11500 78
11501 78
11502 78
11503 32
11504 32
11505 32
11506 32
11507 32
11508 32
11509 86
11510 73
11511 42
11512 73
11513 23
11514 43
11515 93
11516 93
11517 89
11518 93
11519 93
11520 96
11521 97
11522 97
11523 79
11524 79
11525 85
11526 0
11527 83
11528 80
11529 0
11530 97
11531 97
11532 74
11533 65
11534 93
11535 33
11536 66
11537 14
11538 14
11539 14
11540 10
11541 10
11542 10
11543 84
11544 76
11545 76
11546 96
11547 96
11548 96
11549 90
11550 90
11551 78
11552 78
11553 28
11554 28
11555 4
11556 7
11557 20
11558 7
11559 68
11560 8
11561 25
11562 26
11563 32
11564 21
11565 11
11566 96
11567 96
11568 66
11569 76
11570 37
11571 69
11572 91
11573 4
11574 5
11575 80
11576 29
11577 17
11578 84
11579 78
11580 75
11581 78
11582 78
11583 27
11584 38
11585 38
11586 28
11587 35
11588 97
11589 35
11590 53
11591 44
11592 53
11593 19
11594 44
11595 56
11596 21
11597 21
11598 21
11599 38
11600 38
11601 16
11602 11
11603 16
11604 32
11605 32
11606 38
11607 38
11608 38
11609 38
11610 38
11611 38
11612 55
11613 55
11614 31
11615 10
11616 31
11617 38
11618 31
11619 31
11620 31
11621 16
11622 8
11623 16
11624 17
11625 16
11626 29
11627 39
11628 39
11629 90
11630 39
11631 95
11632 64
11633 9
11634 64
11635 51
11636 51
11637 38
11638 34
11639 34
11640 34
11641 40
11642 40
11643 67
11644 68
11645 68
11646 67
11647 63
11648 63
11649 47
11650 44
11651 44
11652 78
11653 36
11654 4
11655 25
11656 25
11657 25
11658 25
11659 25
11660 25
11661 25
11662 69
11663 69
11664 61
11665 37
11666 37
11667 37
11668 36
11669 35
11670 39
11671 30
11672 30
11673 48
11674 58
11675 74
11676 57
11677 30
11678 40
11679 38
11680 87
11681 87
11682 71
11683 84
11684 42
11685 42
11686 42
11687 16
11688 3
11689 20
11690 20
11691 55
11692 33
11693 33
11694 5
11695 48
11696 48
11697 63
11698 63
11699 18
11700 18
11701 46
11702 77
11703 46
11704 32
11705 32
11706 14
11707 5
11708 5
11709 11
11710 38
11711 86
11712 17
11713 17
11714 17
11715 90
11716 74
11717 66
11718 9
11719 77
11720 9
11721 77
11722 40
11723 9
11724 1
11725 83
11726 71
11727 71
11728 71
11729 59
11730 71
11731 56
11732 71
11733 79
11734 46
11735 46
11736 11
11737 11
11738 11
11739 11
11740 51
11741 6
11742 11
11743 15
11744 15
11745 90
11746 9
11747 60
11748 10
11749 11
11750 74
11751 74
11752 12
11753 74
11754 74
11755 74
11756 87
11757 87
11758 87
11759 31
11760 17
11761 18
11762 31
11763 50
11764 50
11765 10
11766 6
11767 6
11768 69
11769 69
11770 62
11771 86
11772 38
11773 38
11774 38
11775 38
11776 33
11777 12
11778 2
11779 48
11780 30
11781 94
11782 30
11783 57
11784 44
11785 44
11786 30
11787 30
11788 24
11789 33
11790 33
11791 5
11792 7
11793 7
11794 33
11795 18
11796 13
11797 13
11798 21
11799 21
11800 31
11801 31
11802 24
11803 57
11804 39
11805 39
11806 83
11807 95
11808 95
11809 82
11810 82
11811 82
11812 82
11813 25
11814 25
11815 25
11816 76
11817 79
11818 0
11819 50
11820 30
11821 50
11822 69
11823 98
11824 69
11825 37
11826 37
11827 16
11828 5
11829 37
11830 37
11831 43
11832 8
11833 24
11834 24
11835 24
11836 24
11837 24
11838 76
11839 5
11840 5
11841 92
11842 92
11843 87
11844 87
11845 91
11846 64
11847 0
11848 40
11849 40
11850 40
11851 4
11852 86
11853 9
11854 55
11855 2
11856 55
11857 43
11858 43
11859 53
11860 2
11861 6
11862 6
11863 37
11864 85
11865 1
11866 1
11867 43
11868 54
11869 21
11870 88
11871 14
11872 15
11873 15
11874 95
11875 47
11876 95
11877 93
11878 96
11879 5
11880 47
11881 39
11882 39
11883 10
11884 8
11885 39
11886 65
11887 65
11888 65
11889 19
11890 84
11891 10
11892 80
11893 94
11894 49
11895 23
11896 66
11897 94
11898 66
11899 66
11900 66
11901 7
11902 91
11903 88
11904 90
11905 91
11906 14
11907 14
11908 14
11909 43
11910 43
11911 43
11912 86
11913 43
11914 22
11915 75
11916 84
11917 0
11918 12
11919 4
11920 84
11921 8
11922 20
11923 45
11924 69
11925 4
11926 54
11927 54
11928 30
11929 14
11930 14
11931 14
11932 59
11933 82
11934 82
11935 86
11936 82
11937 82
11938 82
11939 83
11940 83
11941 15
11942 83
11943 83
11944 74
11945 74
11946 57
11947 90
11948 72
11949 33
11950 33
11951 47
11952 47
11953 47
11954 72
11955 46
11956 46
11957 47
11958 46
11959 46
11960 6
11961 7
11962 79
11963 79
11964 14
11965 14
11966 14
11967 86
11968 6
11969 23
11970 70
11971 2
11972 33
11973 31
11974 65
11975 65
11976 69
11977 97
11978 65
11979 30
11980 30
11981 30
11982 29
11983 30
11984 7
11985 7
11986 17
11987 37
11988 37
11989 38
11990 59
11991 27
11992 15
11993 10
11994 87
11995 84
11996 22
11997 44
11998 44
11999 55
12000 55
12001 2
12002 55
12003 55
12004 55
12005 79
12006 74
12007 2
12008 0
12009 51
12010 61
12011 9
12012 9
12013 61
12014 30
12015 68
12016 61
12017 40
12018 37
12019 58
12020 45
12021 14
12022 75
12023 75
12024 75
12025 79
12026 1
12027 28
12028 1
12029 1
12030 79
12031 79
12032 7
12033 7
12034 7
12035 10
12036 7
12037 7
12038 7
12039 16
12040 38
12041 19
12042 12
12043 12
12044 66
12045 51
12046 66
12047 51
12048 74
12049 16
12050 36
12051 36
12052 36
12053 92
12054 18
12055 16
12056 16
12057 79
12058 88
12059 12
12060 16
12061 95
12062 95
12063 63
12064 36
12065 94
12066 34
12067 93
12068 93
12069 93
12070 46
12071 46
12072 67
12073 40
12074 40
12075 52
12076 57
12077 58
12078 57
12079 59
12080 68
12081 68
12082 68
12083 10
12084 32
12085 32
12086 32
12087 32
12088 32
12089 59
12090 59
12091 29
12092 29
12093 29
12094 97
12095 97
12096 57
12097 97
12098 97
12099 27
12100 16
12101 16
12102 2
12103 1
12104 16
12105 24
12106 60
12107 60
12108 54
12109 12
12110 93
12111 1
12112 33
12113 12
12114 33
12115 46
12116 46
12117 46
12118 46
12119 5
12120 24
12121 90
12122 9
12123 14
12124 78
12125 78
12126 2
12127 38
12128 63
12129 85
12130 10
12131 85
12132 93
12133 85
12134 85
12135 73
12136 2
12137 29
12138 75
12139 29
12140 29
12141 30
12142 82
12143 23
12144 82
12145 82
12146 82
12147 82
12148 23
12149 23
12150 82
12151 14
12152 14
12153 14
12154 14
12155 27
12156 47
12157 23
12158 37
12159 37
12160 37
12161 50
12162 2
12163 7
12164 74
12165 87
12166 87
12167 42
12168 42
12169 42
12170 2
12171 20
12172 20
12173 23
12174 23
12175 48
12176 77
12177 48
12178 51
12179 41
12180 41
12181 41
12182 41
12183 23
12184 23
12185 42
12186 67
12187 4
12188 58
12189 10
12190 30
12191 10
12192 60
12193 1
12194 61
12195 4
12196 31
12197 31
12198 52
12199 52
12200 42
12201 42
12202 42
12203 58
12204 95
12205 95
12206 97
12207 3
12208 6
12209 97
12210 43
12211 42
12212 43
12213 43
12214 42
12215 10
12216 55
12217 29
12218 75
12219 75
12220 80
12221 75
12222 34
12223 22
12224 34
12225 73
12226 26
12227 36
12228 34
12229 65
12230 95
12231 89
12232 25
12233 25
12234 25
12235 25
12236 25
12237 25
12238 11
12239 11
12240 11
12241 36
12242 43
12243 28
12244 36
12245 41
12246 41
12247 41
12248 55
12249 19
12250 6
12251 55
12252 4
12253 19
12254 4
12255 76
12256 50
12257 47
12258 67
12259 67
12260 67
12261 67
12262 96
12263 71
12264 71
12265 94
12266 97
12267 94
12268 94
12269 94
12270 2
12271 2
12272 57
12273 98
12274 92
12275 58
12276 87
12277 8
12278 25
12279 25
12280 94
12281 30
12282 8
12283 88
12284 88
12285 88
12286 91
12287 3
12288 52
12289 36
12290 36
12291 36
12292 7
12293 8
12294 8
12295 77
12296 63
12297 41
12298 30
12299 29
12300 6
12301 37
12302 23
12303 69
12304 69
12305 69
12306 65
12307 16
12308 69
12309 65
12310 69
12311 17
12312 4
12313 13
12314 12
12315 17
12316 2
12317 2
12318 17
12319 80
12320 80
12321 80
12322 4
12323 80
12324 76
12325 76
12326 76
12327 76
12328 76
12329 76
12330 63
12331 40
12332 73
12333 76
12334 91
12335 91
12336 91
12337 91
12338 91
12339 91
12340 63
12341 63
12342 63
12343 59
12344 59
12345 8
12346 29
12347 6
12348 22
12349 8
12350 58
12351 38
12352 41
12353 6
12354 8
12355 60
12356 11
12357 5
12358 94
12359 94
12360 42
12361 71
12362 88
12363 91
12364 1
12365 1
12366 70
12367 70
12368 70
12369 12
12370 81
12371 33
12372 81
12373 85
12374 85
12375 89
12376 94
12377 20
12378 53
12379 6
12380 89
12381 68
12382 2
12383 55
12384 55
12385 95
12386 55
12387 95
12388 36
12389 76
12390 76
12391 76
12392 76
12393 22
12394 52
12395 1
12396 22
12397 11
12398 71
12399 86
12400 71
12401 84
12402 91
12403 71
12404 0
12405 71
12406 72
12407 23
12408 32
12409 32
12410 70
12411 68
12412 74
12413 10
12414 93
12415 26
12416 26
12417 52
12418 81
12419 81
12420 11
12421 44
12422 44
12423 4
12424 44
12425 44
12426 44
12427 44
12428 98
12429 98
12430 62
12431 98
12432 55
12433 97
12434 55
12435 68
12436 0
12437 68
12438 83
12439 83
12440 15
12441 15
12442 13
12443 19
12444 19
12445 19
12446 52
12447 52
12448 95
12449 11
12450 11
12451 7
12452 7
12453 21
12454 53
12455 21
12456 35
12457 35
12458 35
12459 65
12460 65
12461 30
12462 30
12463 2
12464 30
12465 67
12466 4
12467 80
12468 37
12469 37
12470 65
12471 65
12472 65
12473 65
12474 65
12475 88
12476 8
12477 79
12478 41
12479 95
12480 95
12481 95
12482 58
12483 95
12484 95
12485 87
12486 87
12487 54
12488 5
12489 54
12490 5
12491 52
12492 12
12493 81
12494 81
12495 81
12496 81
12497 9
12498 2
12499 78
12500 78
12501 5
12502 78
12503 47
12504 47
12505 47
12506 56
12507 56
12508 56
12509 62
12510 62
12511 62
12512 61
12513 91
12514 91
12515 91
12516 56
12517 56
12518 56
12519 67
12520 55
12521 54
12522 28
12523 54
12524 55
12525 78
12526 78
12527 12
12528 16
12529 16
12530 71
12531 97
12532 56
12533 4
12534 4
12535 53
12536 53
12537 53
12538 80
12539 80
12540 46
12541 46
12542 35
12543 10
12544 47
12545 47
12546 47
12547 48
12548 43
12549 43
12550 43
12551 43
12552 98
12553 54
12554 66
12555 54
12556 54
12557 60
12558 60
12559 9
12560 9
12561 92
12562 46
12563 92
12564 5
12565 56
12566 38
12567 39
12568 39
12569 53
12570 38
12571 83
12572 83
12573 60
12574 60
12575 60
12576 60
12577 60
12578 57
12579 87
12580 87
12581 15
12582 22
12583 33
12584 33
12585 94
12586 86
12587 33
12588 33
12589 33
12590 33
12591 33
12592 75
12593 61
12594 5
12595 48
12596 46
12597 0
12598 63
12599 4
12600 46
12601 4
12602 60
12603 60
12604 60
12605 23
12606 63
12607 32
12608 98
12609 21
12610 21
12611 21
12612 21
12613 21
12614 9
12615 59
12616 59
12617 28
12618 11
12619 59
12620 28
12621 33
12622 31
12623 31
12624 31
12625 34
12626 4
12627 23
12628 77
12629 71
12630 71
12631 71
12632 32
12633 32
12634 58
12635 72
12636 72
12637 72
12638 44
12639 86
12640 72
12641 72
12642 31
12643 27
12644 31
12645 27
12646 31
12647 31
12648 31
12649 71
12650 71
12651 53
12652 53
12653 71
12654 83
12655 83
12656 75
12657 75
12658 75
12659 75
12660 18
12661 18
12662 13
12663 13
12664 13
12665 13
12666 13
12667 13
12668 13
12669 49
12670 49
12671 49
12672 50
12673 3
12674 50
12675 21
12676 58
12677 50
12678 94
12679 42
12680 42
12681 75
12682 9
12683 42
12684 7
12685 42
12686 42
12687 42
12688 42
12689 7
12690 9
12691 28
12692 97
12693 97
12694 70
12695 16
12696 19
12697 19
12698 19
12699 22
12700 22
12701 94
12702 59
12703 38
12704 2
12705 14
12706 14
12707 80
12708 14
12709 14
12710 24
12711 1
12712 65
12713 69
12714 69
12715 54
12716 71
12717 61
12718 71
12719 71
12720 83
12721 83
12722 84
12723 57
12724 84
12725 17
12726 2
12727 38
12728 38
12729 25
12730 25
12731 25
12732 25
12733 25
12734 10
12735 65
12736 65
12737 65
12738 91
12739 65
12740 7
12741 39
12742 57
12743 57
12744 14
12745 14
12746 14
12747 14
12748 46
12749 63
12750 11
12751 0
12752 79
12753 38
12754 38
12755 76
12756 67
12757 67
12758 69
12759 67
12760 67
12761 63
12762 63
12763 63
12764 1
12765 73
12766 85
12767 85
12768 87
12769 94
12770 40
12771 75
12772 40
12773 0
12774 71
12775 69
12776 71
12777 71
12778 34
12779 34
12780 1
12781 21
12782 71
12783 71
12784 71
12785 71
12786 60
12787 60
12788 60
12789 11
12790 25
12791 25
12792 9
12793 9
12794 45
12795 43
12796 23
12797 23
12798 21
12799 21
12800 63
12801 8
12802 63
12803 63
12804 90
12805 90
12806 90
12807 90
12808 90
12809 33
12810 78
12811 33
12812 45
12813 5
12814 56
12815 56
12816 17
12817 17
12818 59
12819 51
12820 59
12821 8
12822 2
12823 19
12824 1
12825 92
12826 92
12827 92
12828 92
12829 62
12830 62
12831 70
12832 21
12833 21
12834 21
12835 21
12836 56
12837 73
12838 56
12839 56
12840 16
12841 40
12842 16
12843 95
12844 66
12845 66
12846 57
12847 27
12848 45
12849 27
12850 6
12851 27
12852 33
12853 29
12854 33
12855 33
12856 33
12857 89
12858 94
12859 89
12860 33
12861 33
12862 33
12863 79
12864 57
12865 57
12866 57
12867 57
12868 15
12869 28
12870 14
12871 28
12872 56
12873 38
12874 38
12875 97
12876 97
12877 1
12878 38
12879 35
12880 55
12881 65
12882 4
12883 59
12884 65
12885 87
12886 11
12887 83
12888 87
12889 11
12890 83
12891 81
12892 48
12893 48
12894 48
12895 38
12896 38
12897 71
12898 46
12899 89
12900 89
12901 78
12902 78
12903 12
12904 93
12905 93
12906 69
12907 69
12908 69
12909 69
12910 28
12911 28
12912 28
12913 5
12914 29
12915 50
12916 9
12917 54
12918 34
12919 34
12920 34
12921 34
12922 34
12923 34
12924 22
12925 22
12926 19
12927 68
12928 68
12929 62
12930 62
12931 0
12932 62
12933 0
12934 44
12935 1
12936 58
12937 31
12938 58
12939 2
12940 58
12941 70
12942 6
12943 70
12944 70
12945 32
12946 32
12947 32
12948 53
12949 33
12950 37
12951 33
12952 22
12953 22
12954 29
12955 29
12956 45
12957 84
12958 31
12959 34
12960 26
12961 50
12962 50
12963 50
12964 9
12965 86
12966 87
12967 87
12968 27
12969 44
12970 70
12971 70
12972 70
12973 80
12974 80
12975 64
12976 64
12977 64
12978 64
12979 25
12980 25
12981 54
12982 25
12983 25
12984 21
12985 47
12986 21
12987 46
12988 2
12989 2
12990 49
12991 2
12992 46
12993 55
12994 2
12995 28
12996 28
12997 19
12998 19
12999 19
13000 23
13001 70
13002 71
13003 70
13004 82
13005 82
13006 5
13007 4
13008 41
13009 45
13010 41
13011 73
13012 4
13013 41
13014 25
13015 87
13016 30
13017 30
13018 85
13019 75
13020 75
13021 17
13022 7
13023 57
13024 17
13025 5
13026 90
13027 21
13028 22
13029 7
13030 81
13031 81
13032 81
13033 18
13034 20
13035 76
13036 20
13037 81
13038 8
13039 19
13040 93
13041 93
13042 10
13043 12
13044 8
13045 10
13046 63
13047 84
13048 18
13049 94
13050 83
13051 70
13052 70
13053 22
13054 45
13055 22
13056 22
13057 22
13058 45
13059 8
13060 61
13061 8
13062 8
13063 8
13064 61
13065 21
13066 0
13067 92
13068 21
13069 21
13070 95
13071 95
13072 0
13073 95
13074 64
13075 85
13076 64
13077 64
13078 44
13079 44
13080 44
13081 30
13082 74
13083 71
13084 71
13085 72
13086 74
13087 72
13088 15
13089 15
13090 73
13091 81
13092 73
13093 69
13094 71
13095 23
13096 5
13097 23
13098 23
13099 97
13100 86
13101 62
13102 62
13103 37
13104 62
13105 4
13106 36
13107 70
13108 14
13109 84
13110 22
13111 22
13112 0
13113 58
13114 62
13115 27
13116 79
13117 70
13118 16
13119 16
13120 89
13121 69
13122 69
13123 86
13124 85
13125 86
13126 86
13127 78
13128 78
13129 78
13130 59
13131 53
13132 77
13133 83
13134 83
13135 97
13136 97
13137 97
13138 57
13139 57
13140 57
13141 57
13142 57
13143 64
13144 70
13145 70
13146 40
13147 5
13148 80
13149 47
13150 80
13151 80
13152 80
13153 87
13154 24
13155 87
13156 87
13157 64
13158 38
13159 38
13160 67
13161 60
13162 49
13163 49
13164 49
13165 70
13166 38
13167 70
13168 96
13169 82
13170 96
13171 96
13172 43
13173 24
13174 43
13175 25
13176 25
13177 25
13178 74
13179 96
13180 39
13181 74
13182 74
13183 39
13184 77
13185 98
13186 98
13187 8
13188 75
13189 75
13190 75
13191 75
13192 6
13193 95
13194 18
13195 7
13196 45
13197 7
13198 56
13199 47
13200 47
13201 21
13202 21
13203 23
13204 20
13205 21
13206 21
13207 24
13208 10
13209 24
13210 24
13211 70
13212 70
13213 70
13214 33
13215 33
13216 33
13217 33
13218 44
13219 6
13220 58
13221 89
13222 58
13223 58
13224 58
13225 58
13226 68
13227 23
13228 94
13229 94
13230 37
13231 11
13232 37
13233 37
13234 37
13235 17
13236 17
13237 13
13238 13
13239 21
13240 21
13241 21
13242 40
13243 41
13244 39
13245 0
13246 10
13247 54
13248 54
13249 38
13250 72
13251 46
13252 94
13253 94
13254 10
13255 10
13256 10
13257 43
13258 42
13259 43
13260 43
13261 51
13262 51
13263 55
13264 5
13265 5
13266 71
13267 71
13268 71
13269 90
13270 32
13271 32
13272 12
13273 8
13274 4
13275 5
13276 95
13277 95
13278 13
13279 0
13280 50
13281 4
13282 50
13283 83
13284 4
13285 68
13286 68
13287 68
13288 68
13289 68
13290 68
13291 68
13292 68
13293 43
13294 43
13295 16
13296 4
13297 59
13298 59
13299 62
13300 62
13301 62
13302 57
13303 57
13304 0
13305 2
13306 54
13307 54
13308 27
13309 92
13310 92
13311 64
13312 64
13313 97
13314 97
13315 97
13316 36
13317 85
13318 10
13319 28
13320 28
13321 28
13322 89
13323 89
13324 31
13325 30
13326 30
13327 29
13328 20
13329 20
13330 80
13331 32
13332 61
13333 52
13334 52
13335 96
13336 52
13337 52
13338 70
13339 1
13340 71
13341 70
13342 50
13343 8
13344 8
13345 9
13346 23
13347 9
13348 9
13349 9
13350 30
13351 30
13352 30
13353 18
13354 30
13355 15
13356 28
13357 75
13358 43
13359 12
13360 6
13361 36
13362 56
13363 23
13364 56
13365 46
13366 46
13367 39
13368 46
13369 6
13370 28
13371 28
13372 45
13373 28
13374 22
13375 12
13376 41
13377 41
13378 41
13379 41
13380 41
13381 16
13382 16
13383 76
13384 76
13385 75
13386 70
13387 70
13388 86
13389 73
13390 88
13391 51
13392 52
13393 4
13394 51
13395 4
13396 51
13397 36
13398 11
13399 58
13400 2
13401 13
13402 13
13403 13
13404 14
13405 57
13406 57
13407 77
13408 77
13409 29
13410 29
13411 77
13412 64
13413 82
13414 82
13415 48
13416 89
13417 6
13418 24
13419 24
13420 24
13421 76
13422 70
13423 24
13424 51
13425 51
13426 51
13427 35
13428 35
13429 35
13430 85
13431 92
13432 92
13433 40
13434 6
13435 83
13436 10
13437 10
13438 10
13439 14
13440 49
13441 49
13442 35
13443 85
13444 3
13445 85
13446 92
13447 78
13448 75
13449 94
13450 94
13451 0
13452 46
13453 46
13454 46
13455 46
13456 46
13457 59
13458 59
13459 59
13460 91
13461 91
13462 35
13463 35
13464 79
13465 79
13466 85
13467 0
13468 85
13469 0
13470 29
13471 29
13472 29
13473 29
13474 17
13475 17
13476 26
13477 66
13478 66
13479 49
13480 33
13481 79
13482 33
13483 50
13484 33
13485 79
13486 13
13487 45
13488 13
13489 13
13490 64
13491 11
13492 50
13493 9
13494 24
13495 28
13496 28
13497 28
13498 22
13499 22
13500 22
13501 30
13502 2
13503 91
13504 91
13505 10
13506 91
13507 22
13508 2
13509 51
13510 51
13511 57
13512 51
13513 57
13514 57
13515 29
13516 0
13517 0
13518 86
13519 86
13520 86
13521 86
13522 2
13523 17
13524 6
13525 17
13526 28
13527 28
13528 19
13529 23
13530 23
13531 45
13532 38
13533 49
13534 4
13535 35
13536 57
13537 52
13538 77
13539 77
13540 77
13541 77
13542 51
13543 51
13544 27
13545 38
13546 38
13547 38
13548 38
13549 44
13550 64
13551 62
13552 79
13553 79
13554 79
13555 79
13556 34
13557 81
13558 81
13559 39
13560 1
13561 1
13562 39
13563 39
13564 89
13565 11
13566 98
13567 28
13568 28
13569 28
13570 28
13571 28
13572 28
13573 61
13574 61
13575 61
13576 61
13577 61
13578 42
13579 95
13580 75
13581 34
13582 30
13583 34
13584 34
13585 74
13586 33
13587 59
13588 39
13589 33
13590 33
13591 6
13592 23
13593 22
13594 23
13595 36
13596 62
13597 62
13598 82
13599 61
13600 24
13601 55
13602 39
13603 61
13604 61
13605 52
13606 91
13607 52
13608 31
13609 39
13610 40
13611 72
13612 72
13613 72
13614 72
13615 19
13616 83
13617 7
13618 7
13619 88
13620 7
13621 57
13622 4
13623 57
13624 77
13625 86
13626 57
13627 89
13628 58
13629 60
13630 23
13631 51
13632 2
13633 23
13634 22
13635 79
13636 10
13637 79
13638 10
13639 94
13640 94
13641 72
13642 77
13643 90
13644 9
13645 90
13646 90
13647 91
13648 94
13649 8
13650 5
13651 10
13652 10
13653 36
13654 38
13655 36
13656 36
13657 74
13658 83
13659 83
13660 27
13661 27
13662 36
13663 96
13664 5
13665 36
13666 51
13667 2
13668 1
13669 39
13670 39
13671 23
13672 23
13673 23
13674 24
13675 24
13676 4
13677 38
13678 38
13679 38
13680 38
13681 10
13682 10
13683 10
13684 61
13685 62
13686 89
13687 89
13688 64
13689 64
13690 64
13691 64
13692 5
13693 87
13694 87
13695 87
13696 34
13697 34
13698 57
13699 50
13700 89
13701 89
13702 56
13703 88
13704 89
13705 75
13706 75
13707 40
13708 40
13709 49
13710 1
13711 42
13712 16
13713 2
13714 21
13715 76
13716 76
13717 51
13718 89
13719 55
13720 56
13721 56
13722 70
13723 56
13724 51
13725 53
13726 77
13727 43
13728 51
13729 27
13730 27
13731 32
13732 32
13733 84
13734 84
13735 53
13736 2
13737 21
13738 21
13739 21
13740 48
13741 43
13742 48
13743 48
13744 43
13745 43
13746 43
13747 43
13748 74
13749 74
13750 73
13751 30
13752 31
13753 48
13754 48
13755 84
13756 36
13757 71
13758 36
13759 29
13760 29
13761 34
13762 23
13763 93
13764 1
13765 22
13766 20
13767 22
13768 4
13769 20
13770 25
13771 25
13772 25
13773 25
13774 7
13775 7
13776 64
13777 64
13778 91
13779 91
13780 95
13781 17
13782 42
13783 10
13784 61
13785 17
13786 76
13787 76
13788 76
13789 96
13790 2
13791 18
13792 18
13793 18
13794 18
13795 18
13796 72
13797 72
13798 38
13799 19
13800 2
13801 19
13802 19
13803 19
13804 20
13805 19
13806 20
13807 21
13808 21
13809 21
13810 98
13811 98
13812 29
13813 29
13814 1
13815 20
13816 20
13817 96
13818 90
13819 90
13820 4
13821 90
13822 89
13823 89
13824 89
13825 36
13826 36
13827 82
13828 36
13829 76
13830 76
13831 76
13832 10
13833 10
13834 36
13835 36
13836 56
13837 31
13838 56
13839 8
13840 8
13841 88
13842 88
13843 97
13844 47
13845 64
13846 70
13847 20
13848 38
13849 13
13850 13
13851 52
13852 52
13853 52
13854 88
13855 2
13856 88
13857 88
13858 88
13859 66
13860 6
13861 2
13862 17
13863 38
13864 38
13865 64
13866 57
13867 71
13868 71
13869 61
13870 51
13871 61
13872 61
13873 41
13874 84
13875 84
13876 11
13877 68
13878 84
13879 54
13880 54
13881 54
13882 12
13883 5
13884 5
13885 58
13886 48
13887 41
13888 97
13889 97
13890 93
13891 37
13892 45
13893 37
13894 88
13895 88
13896 88
13897 39
13898 88
13899 39
13900 39
13901 15
13902 37
13903 22
13904 3
13905 32
13906 48
13907 81
13908 32
13909 47
13910 7
13911 84
13912 84
13913 49
13914 71
13915 59
13916 57
13917 71
13918 51
13919 80
13920 94
13921 93
13922 93
13923 1
13924 93
13925 59
13926 59
13927 26
13928 26
13929 12
13930 12
13931 55
13932 54
13933 55
13934 82
13935 35
13936 55
13937 55
13938 55
13939 82
13940 73
13941 5
13942 1
13943 36
13944 36
13945 36
13946 36
13947 25
13948 21
13949 18
13950 18
13951 96
13952 77
13953 96
13954 24
13955 24
13956 19
13957 98
13958 91
13959 98
13960 78
13961 32
13962 9
13963 41
13964 78
13965 78
13966 28
13967 28
13968 28
13969 54
13970 28
13971 54
13972 28
13973 71
13974 71
13975 71
13976 66
13977 2
13978 66
13979 63
13980 63
13981 63
13982 41
13983 81
13984 0
13985 13
13986 13
13987 13
13988 13
13989 13
13990 13
13991 13
13992 16
13993 62
13994 48
13995 48
13996 16
13997 48
13998 92
13999 66
14000 92
14001 92
14002 39
14003 72
14004 64
14005 64
14006 37
14007 37
14008 37
14009 84
14010 84
14011 83
14012 83
14013 83
14014 12
14015 12
14016 16
14017 16
14018 44
14019 17
14020 17
14021 53
14022 22
14023 94
14024 9
14025 9
14026 86
14027 86
14028 90
14029 86
14030 81
14031 54
14032 54
14033 40
14034 8
14035 40
14036 74
14037 25
14038 28
14039 28
14040 86
14041 86
14042 86
14043 18
14044 14
14045 14
14046 62
14047 62
14048 2
14049 60
14050 25
14051 25
14052 25
14053 50
14054 22
14055 22
14056 9
14057 9
14058 64
14059 64
14060 1
14061 87
14062 16
14063 80
14064 58
14065 58
14066 58
14067 58
14068 89
14069 17
14070 89
14071 65
14072 65
14073 77
14074 94
14075 4
14076 31
14077 94
14078 4
14079 94
14080 33
14081 33
14082 37
14083 21
14084 33
14085 62
14086 66
14087 62
14088 62
14089 85
14090 50
14091 86
14092 51
14093 51
14094 15
14095 31
14096 15
14097 50
14098 39
14099 35
14100 35
14101 32
14102 18
14103 18
14104 93
14105 93
14106 93
14107 61
14108 53
14109 61
14110 61
14111 61
14112 61
14113 60
14114 76
14115 60
14116 37
14117 37
14118 76
14119 60
14120 59
14121 62
14122 54
14123 9
14124 54
14125 54
14126 18
14127 18
14128 22
14129 18
14130 78
14131 36
14132 34
14133 34
14134 72
14135 6
14136 6
14137 44
14138 48
14139 46
14140 91
14141 46
14142 35
14143 46
14144 64
14145 74
14146 50
14147 50
14148 50
14149 50
14150 98
14151 50
14152 50
14153 29
14154 43
14155 29
14156 4
14157 45
14158 45
14159 85
14160 85
14161 6
14162 6
14163 48
14164 6
14165 25
14166 96
14167 91
14168 80
14169 91
14170 91
14171 26
14172 23
14173 1
14174 23
14175 55
14176 55
14177 60
14178 60
14179 60
14180 10
14181 10
14182 12
14183 24
14184 4
14185 4
14186 12
14187 78
14188 27
14189 27
14190 50
14191 50
14192 31
14193 27
14194 37
14195 46
14196 74
14197 39
14198 65
14199 65
14200 19
14201 69
14202 19
14203 96
14204 96
14205 96
14206 46
14207 96
14208 96
14209 15
14210 15
14211 6
14212 6
14213 6
14214 13
14215 13
14216 13
14217 13
14218 93
14219 94
14220 93
14221 94
14222 26
14223 2
14224 50
14225 50
14226 50
14227 51
14228 51
14229 51
14230 67
14231 67
14232 67
14233 25
14234 25
14235 50
14236 50
14237 17
14238 17
14239 45
14240 79
14241 86
14242 26
14243 26
14244 26
14245 12
14246 12
14247 81
14248 81
14249 81
14250 24
14251 33
14252 33
14253 70
14254 91
14255 91
14256 11
14257 11
14258 20
14259 11
14260 4
14261 4
14262 1
14263 97
14264 60
14265 38
14266 49
14267 2
14268 10
14269 53
14270 53
14271 53
14272 52
14273 85
14274 39
14275 38
14276 85
14277 50
14278 15
14279 51
14280 51
14281 51
14282 97
14283 77
14284 45
14285 12
14286 12
14287 12
14288 12
14289 35
14290 35
14291 93
14292 43
14293 93
14294 43
14295 43
14296 43
14297 79
14298 93
14299 75
14300 75
14301 75
14302 93
14303 62
14304 62
14305 84
14306 84
14307 15
14308 15
14309 12
14310 12
14311 12
14312 12
14313 93
14314 38
14315 24
14316 5
14317 11
14318 11
14319 10
14320 10
14321 10
14322 48
14323 61
14324 17
14325 2
14326 9
14327 10
14328 74
14329 10
14330 15
14331 15
14332 66
14333 15
14334 53
14335 97
14336 15
14337 82
14338 82
14339 82
14340 94
14341 94
14342 94
14343 78
14344 23
14345 7
14346 23
14347 23
14348 89
14349 89
14350 40
14351 40
14352 73
14353 61
14354 31
14355 31
14356 5
14357 5
14358 95
14359 60
14360 60
14361 60
14362 60
14363 60
14364 60
14365 61
14366 61
14367 61
14368 95
14369 51
14370 43
14371 56
14372 25
14373 87
14374 87
14375 64
14376 86
14377 64
14378 64
14379 33
14380 44
14381 1
14382 15
14383 15
14384 15
14385 76
14386 76
14387 76
14388 76
14389 76
14390 17
14391 10
14392 43
14393 43
14394 43
14395 92
14396 43
14397 93
14398 93
14399 93
14400 71
14401 26
14402 26
14403 25
14404 26
14405 85
14406 0
14407 0
14408 76
14409 52
14410 77
14411 22
14412 10
14413 22
14414 81
14415 86
14416 84
14417 11
14418 86
14419 86
14420 47
14421 78
14422 62
14423 78
14424 78
14425 83
14426 83
14427 83
14428 57
14429 2
14430 96
14431 57
14432 80
14433 80
14434 82
14435 82
14436 82
14437 81
14438 76
14439 81
14440 61
14441 61
14442 1
14443 40
14444 40
14445 39
14446 2
14447 88
14448 39
14449 11
14450 53
14451 16
14452 73
14453 51
14454 73
14455 73
14456 73
14457 73
14458 51
14459 34
14460 34
14461 34
14462 15
14463 70
14464 50
14465 88
14466 88
14467 88
14468 86
14469 98
14470 98
14471 21
14472 69
14473 69
14474 69
14475 69
14476 31
14477 81
14478 81
14479 48
14480 48
14481 23
14482 23
14483 23
14484 23
14485 22
14486 20
14487 22
14488 69
14489 69
14490 69
14491 69
14492 62
14493 69
14494 85
14495 85
14496 85
14497 79
14498 11
14499 11
14500 22
14501 22
14502 22
14503 61
14504 6
14505 6
14506 34
14507 34
14508 91
14509 30
14510 7
14511 40
14512 40
14513 40
14514 17
14515 15
14516 14
14517 14
14518 76
14519 31
14520 31
14521 31
14522 43
14523 43
14524 94
14525 72
14526 43
14527 60
14528 60
14529 83
14530 83
14531 83
14532 32
14533 32
14534 32
14535 90
14536 41
14537 58
14538 86
14539 86
14540 86
14541 86
14542 40
14543 40
14544 40
14545 61
14546 61
14547 4
14548 75
14549 18
14550 82
14551 61
14552 8
14553 8
14554 61
14555 8
14556 41
14557 41
14558 28
14559 28
14560 0
14561 4
14562 32
14563 28
14564 28
14565 19
14566 65
14567 70
14568 98
14569 69
14570 60
14571 60
14572 91
14573 91
14574 7
14575 18
14576 52
14577 89
14578 7
14579 41
14580 43
14581 1
14582 34
14583 62
14584 62
14585 62
14586 74
14587 80
14588 22
14589 80
14590 80
14591 75
14592 86
14593 51
14594 51
14595 8
14596 94
14597 8
14598 19
14599 89
14600 69
14601 69
14602 24
14603 24
14604 24
14605 95
14606 17
14607 17
14608 17
14609 51
14610 13
14611 13
14612 13
14613 7
14614 7
14615 20
14616 64
14617 39
14618 11
14619 20
14620 20
14621 13
14622 15
14623 92
14624 38
14625 41
14626 38
14627 81
14628 75
14629 75
14630 75
14631 20
14632 12
14633 37
14634 49
14635 21
14636 49
14637 13
14638 13
14639 29
14640 85
14641 85
14642 85
14643 72
14644 13
14645 13
14646 84
14647 84
14648 45
14649 11
14650 70
14651 30
14652 29
14653 29
14654 24
14655 29
14656 45
14657 45
14658 45
14659 45
14660 52
14661 36
14662 36
14663 36
14664 12
14665 4
14666 7
14667 7
14668 7
14669 78
14670 78
14671 78
14672 76
14673 76
14674 34
14675 34
14676 35
14677 4
14678 5
14679 28
14680 17
14681 49
14682 49
14683 27
14684 81
14685 1
14686 80
14687 80
14688 64
14689 64
14690 10
14691 8
14692 62
14693 26
14694 62
14695 62
14696 95
14697 23
14698 34
14699 34
14700 34
14701 34
14702 56
14703 86
14704 86
14705 41
14706 69
14707 10
14708 69
14709 17
14710 4
14711 69
14712 53
14713 76
14714 3
14715 45
14716 61
14717 61
14718 4
14719 61
14720 61
14721 61
14722 7
14723 7
14724 7
14725 84
14726 84
14727 84
14728 77
14729 0
14730 75
14731 60
14732 52
14733 60
14734 52
14735 24
14736 0
14737 22
14738 2
14739 95
14740 95
14741 95
14742 95
14743 4
14744 45
14745 4
14746 70
14747 65
14748 70
14749 57
14750 57
14751 85
14752 85
14753 4
14754 27
14755 27
14756 27
14757 71
14758 71
14759 44
14760 44
14761 0
14762 97
14763 44
14764 67
14765 6
14766 6
14767 44
14768 86
14769 16
14770 12
14771 16
14772 85
14773 41
14774 73
14775 28
14776 59
14777 57
14778 29
14779 59
14780 57
14781 69
14782 33
14783 83
14784 1
14785 85
14786 85
14787 95
14788 95
14789 34
14790 95
14791 30
14792 30
14793 30
14794 47
14795 27
14796 26
14797 5
14798 5
14799 25
14800 25
14801 92
14802 58
14803 54
14804 58
14805 58
14806 54
14807 84
14808 12
14809 12
14810 64
14811 64
14812 38
14813 9
14814 65
14815 64
14816 38
14817 28
14818 28
14819 47
14820 47
14821 75
14822 32
14823 75
14824 75
14825 75
14826 2
14827 43
14828 5
14829 29
14830 29
14831 29
14832 30
14833 44
14834 77
14835 32
14836 84
14837 85
14838 75
14839 84
14840 0
14841 31
14842 53
14843 98
14844 18
14845 96
14846 98
14847 98
14848 46
14849 46
14850 66
14851 66
14852 3
14853 86
14854 27
14855 27
14856 30
14857 6
14858 91
14859 64
14860 91
14861 91
14862 91
14863 45
14864 45
14865 45
14866 45
14867 45
14868 96
14869 96
14870 66
14871 79
14872 79
14873 38
14874 4
14875 93
14876 66
14877 38
14878 30
14879 38
14880 38
14881 83
14882 10
14883 83
14884 10
14885 20
14886 7
14887 20
14888 14
14889 5
14890 14
14891 14
14892 57
14893 3
14894 65
14895 59
14896 14
14897 47
14898 47
14899 47
14900 47
14901 89
14902 89
14903 73
14904 73
14905 49
14906 50
14907 49
14908 74
14909 74
14910 74
14911 74
14912 74
14913 74
14914 74
14915 67
14916 24
14917 67
14918 7
14919 7
14920 46
14921 7
14922 59
14923 59
14924 42
14925 42
14926 8
14927 7
14928 8
14929 8
14930 49
14931 17
14932 81
14933 81
14934 12
14935 17
14936 65
14937 2
14938 79
14939 67
14940 27
14941 27
14942 27
14943 55
14944 55
14945 56
14946 39
14947 9
14948 81
14949 81
14950 81
14951 81
14952 77
14953 77
14954 77
14955 5
14956 42
14957 42
14958 64
14959 24
14960 4
14961 5
14962 77
14963 77
14964 49
14965 49
14966 49
14967 85
14968 9
14969 85
14970 42
14971 37
14972 14
14973 14
14974 14
14975 92
14976 14
14977 14
14978 14
14979 14
14980 17
14981 5
14982 17
14983 54
14984 37
14985 37
14986 37
14987 3
14988 37
14989 37
14990 62
14991 62
14992 33
14993 33
14994 59
14995 59
14996 59
14997 1
14998 59
14999 94
15000 94
15001 68
15002 39
15003 39
15004 14
15005 14
15006 14
15007 14
15008 95
15009 95
15010 95
15011 95
15012 95
15013 58
15014 18
15015 14
15016 49
15017 31
15018 31
15019 73
15020 73
15021 90
15022 90
15023 90
15024 40
15025 49
15026 69
15027 40
15028 40
15029 40
15030 20
15031 23
15032 75
15033 23
15034 48
15035 48
15036 38
15037 32
15038 36
15039 42
15040 6
15041 77
15042 20
15043 19
15044 20
15045 93
15046 35
15047 50
15048 9
15049 9
15050 40
15051 76
15052 9
15053 95
15054 88
15055 19
15056 98
15057 92
15058 88
15059 20
15060 20
15061 27
15062 86
15063 27
15064 27
15065 60
15066 5
15067 69
15068 41
15069 41
15070 41
15071 41
15072 88
15073 88
15074 88
15075 2
15076 53
15077 53
15078 53
15079 81
15080 74
15081 97
15082 85
15083 80
15084 80
15085 80
15086 80
15087 35
15088 51
15089 51
15090 37
15091 37
15092 23
15093 37
15094 12
15095 75
15096 12
15097 8
15098 0
15099 65
15100 8
15101 97
15102 91
15103 97
15104 88
15105 88
15106 39
15107 83
15108 42
15109 7
15110 88
15111 39
15112 88
15113 48
15114 48
15115 14
15116 97
15117 73
15118 97
15119 65
15120 65
15121 65
15122 65
15123 65
15124 12
15125 35
15126 21
15127 12
15128 66
15129 23
15130 23
15131 23
15132 82
15133 2
15134 27
15135 73
15136 64
15137 94
15138 94
15139 94
15140 94
15141 44
15142 44
15143 89
15144 64
15145 5
15146 64
15147 20
15148 20
15149 20
15150 33
15151 33
15152 39
15153 39
15154 39
15155 8
15156 39
15157 39
15158 82
15159 82
15160 82
15161 37
15162 35
15163 31
15164 37
15165 37
15166 23
15167 23
15168 23
15169 39
15170 39
15171 39
15172 17
15173 49
15174 8
15175 6
15176 8
15177 82
15178 82
15179 82
15180 82
15181 82
15182 82
15183 54
15184 54
15185 97
15186 80
15187 80
15188 60
15189 60
15190 87
15191 87
15192 87
15193 12
15194 92
15195 59
15196 59
15197 96
15198 96
15199 84
15200 93
15201 93
15202 10
15203 54
15204 54
15205 54
15206 52
15207 62
15208 56
15209 56
15210 56
15211 33
15212 33
15213 82
15214 33
15215 33
15216 38
15217 73
15218 38
15219 38
15220 38
15221 31
15222 31
15223 31
15224 25
15225 13
15226 13
15227 13
15228 48
15229 48
15230 48
15231 47
15232 47
15233 47
15234 47
15235 47
15236 47
15237 8
15238 81
15239 75
15240 98
15241 31
15242 31
15243 19
15244 2
15245 2
15246 10
15247 10
15248 84
15249 84
15250 84
15251 70
15252 70
15253 70
15254 70
15255 80
15256 80
15257 34
15258 34
15259 17
15260 17
15261 36
15262 72
15263 1
15264 61
15265 24
15266 85
15267 85
15268 76
15269 47
15270 47
15271 47
15272 2
15273 89
15274 48
15275 47
15276 47
15277 61
15278 14
15279 7
15280 18
15281 18
15282 18
15283 18
15284 18
15285 51
15286 39
15287 74
15288 91
15289 98
15290 98
15291 94
15292 94
15293 43
15294 33
15295 43
15296 43
15297 8
15298 69
15299 69
15300 69
15301 72
15302 72
15303 72
15304 72
15305 27
15306 27
15307 27
15308 91
15309 55
15310 38
15311 67
15312 31
15313 31
15314 31
15315 4
15316 31
15317 31
15318 31
15319 21
15320 21
15321 5
15322 5
15323 96
15324 71
15325 37
15326 4
15327 83
15328 83
15329 83
15330 83
15331 83
15332 63
15333 8
15334 31
15335 12
15336 63
15337 92
15338 92
15339 92
15340 1
15341 84
15342 72
15343 72
15344 90
15345 76
15346 91
15347 5
15348 32
15349 66
15350 39
15351 66
15352 66
15353 23
15354 22
15355 66
15356 57
15357 57
15358 73
15359 6
15360 61
15361 55
15362 55
15363 95
15364 74
15365 36
15366 34
15367 36
15368 36
15369 91
15370 91
15371 91
15372 92
15373 92
15374 28
15375 22
15376 28
15377 64
15378 69
15379 54
15380 72
15381 52
15382 52
15383 52
15384 75
15385 93
15386 75
15387 75
15388 75
15389 12
15390 28
15391 12
15392 95
15393 95
15394 95
15395 95
15396 95
15397 43
15398 48
15399 43
15400 43
15401 33
15402 33
15403 33
15404 36
15405 2
15406 86
15407 7
15408 22
15409 86
15410 39
15411 29
15412 29
15413 29
15414 77
15415 77
15416 57
15417 84
15418 77
15419 53
15420 53
15421 53
15422 53
15423 77
15424 77
15425 61
15426 20
15427 20
15428 79
15429 63
15430 79
15431 79
15432 83
15433 85
15434 85
15435 47
15436 47
15437 52
15438 1
15439 22
15440 90
15441 64
15442 90
15443 25
15444 25
15445 25
15446 27
15447 27
15448 85
15449 84
15450 86
15451 48
15452 86
15453 80
15454 80
15455 31
15456 84
15457 84
15458 43
15459 9
15460 6
15461 90
15462 7
15463 38
15464 98
15465 98
15466 68
15467 56
15468 2
15469 68
15470 68
15471 66
15472 85
15473 25
15474 25
15475 91
15476 91
15477 91
15478 91
15479 91
15480 8
15481 8
15482 11
15483 11
15484 44
15485 44
15486 44
15487 44
15488 69
15489 69
15490 69
15491 69
15492 52
15493 89
15494 66
15495 66
15496 6
15497 91
15498 91
15499 91
15500 63
15501 34
15502 4
15503 57
15504 57
15505 19
15506 19
15507 31
15508 31
15509 39
15510 39
15511 22
15512 91
15513 91
15514 91
15515 23
15516 69
15517 23
15518 11
15519 98
15520 29
15521 20
15522 12
15523 55
15524 79
15525 73
15526 20
15527 73
15528 73
15529 73
15530 73
15531 10
15532 68
15533 68
15534 6
15535 68
15536 66
15537 66
15538 61
15539 66
15540 32
15541 4
15542 12
15543 57
15544 5
15545 92
15546 63
15547 62
15548 21
15549 63
15550 6
15551 6
15552 97
15553 97
15554 91
15555 91
15556 89
15557 80
15558 67
15559 94
15560 67
15561 94
15562 62
15563 8
15564 30
15565 30
15566 30
15567 62
15568 18
15569 40
15570 12
15571 33
15572 33
15573 77
15574 33
15575 32
15576 32
15577 32
15578 32
15579 83
15580 41
15581 83
15582 83
15583 79
15584 52
15585 48
15586 48
15587 48
15588 16
15589 16
15590 51
15591 24
15592 24
15593 17
15594 17
15595 1
15596 7
15597 52
15598 52
15599 52
15600 20
15601 21
15602 72
15603 72
15604 72
15605 46
15606 46
15607 97
15608 97
15609 65
15610 3
15611 36
15612 64
15613 36
15614 69
15615 67
15616 67
15617 11
15618 11
15619 56
15620 11
15621 11
15622 60
15623 60
15624 60
15625 61
15626 60
15627 83
15628 83
15629 22
15630 53
15631 9
15632 9
15633 41
15634 16
15635 56
15636 1
15637 1
15638 16
15639 16
15640 16
15641 16
15642 17
15643 94
15644 94
15645 62
15646 94
15647 94
15648 69
15649 69
15650 82
15651 82
15652 38
15653 64
15654 38
15655 12
15656 39
15657 12
15658 18
15659 44
15660 53
15661 42
15662 0
15663 42
15664 33
15665 33
15666 33
15667 33
15668 61
15669 61
15670 28
15671 53
15672 49
15673 28
15674 17
15675 44
15676 44
15677 69
15678 88
15679 69
15680 17
15681 2
15682 59
15683 59
15684 59
15685 59
15686 59
15687 81
15688 81
15689 81
15690 95
15691 10
15692 51
15693 51
15694 10
15695 51
15696 51
15697 53
15698 51
15699 51
15700 34
15701 34
15702 34
15703 59
15704 63
15705 6
15706 34
15707 2
15708 34
15709 70
15710 70
15711 70
15712 23
15713 38
15714 48
15715 48
15716 24
15717 36
15718 51
15719 56
15720 56
15721 56
15722 34
15723 34
15724 34
15725 60
15726 79
15727 78
15728 60
15729 88
15730 38
15731 88
15732 88
15733 4
15734 65
15735 65
15736 1
15737 24
15738 91
15739 24
15740 24
15741 70
15742 70
15743 63
15744 98
15745 48
15746 70
15747 54
15748 11
15749 95
15750 34
15751 34
15752 53
15753 22
15754 54
15755 93
15756 54
15757 63
15758 50
15759 4
15760 64
15761 20
15762 20
15763 20
15764 20
15765 20
15766 7
15767 7
15768 7
15769 67
15770 33
15771 16
15772 22
15773 77
15774 77
15775 77
15776 83
15777 77
15778 34
15779 34
15780 94
15781 94
15782 94
15783 61
15784 26
15785 56
15786 59
15787 67
15788 67
15789 67
15790 67
15791 35
15792 82
15793 82
15794 82
15795 82
15796 82
15797 82
15798 66
15799 66
15800 34
15801 60
15802 60
15803 60
15804 48
15805 48
15806 48
15807 43
15808 69
15809 33
15810 70
15811 52
15812 95
15813 70
15814 70
15815 52
15816 17
15817 67
15818 83
15819 33
15820 0
15821 76
15822 76
15823 76
15824 46
15825 46
15826 46
15827 29
15828 96
15829 8
15830 64
15831 64
15832 71
15833 37
15834 37
15835 71
15836 60
15837 60
15838 45
15839 60
15840 60
15841 60
15842 59
15843 1
15844 59
15845 92
15846 4
15847 53
15848 61
15849 16
15850 13
15851 45
15852 45
15853 46
15854 46
15855 46
15856 46
15857 46
15858 64
15859 73
15860 85
15861 32
15862 80
15863 81
15864 81
15865 81
15866 40
15867 40
15868 76
15869 76
15870 76
15871 88
15872 88
15873 1
15874 55
15875 55
15876 21
15877 55
15878 51
15879 18
15880 55
15881 46
15882 52
15883 46
15884 24
15885 49
15886 28
15887 28
15888 60
15889 28
15890 28
15891 59
15892 63
15893 59
15894 59
15895 59
15896 63
15897 80
15898 43
15899 80
15900 95
15901 80
15902 72
15903 80
15904 80
15905 4
15906 63
15907 75
15908 75
15909 96
15910 94
15911 96
15912 65
15913 51
15914 53
15915 5
15916 5
15917 41
15918 41
15919 5
15920 41
15921 36
15922 22
15923 22
15924 33
15925 33
15926 79
15927 91
15928 79
15929 79
15930 79
15931 77
15932 77
15933 33
15934 37
15935 37
15936 18
15937 18
15938 60
15939 29
15940 24
15941 41
15942 24
15943 24
15944 24
15945 6
15946 86
15947 86
15948 86
15949 86
15950 92
15951 86
15952 35
15953 35
15954 63
15955 74
15956 11
15957 58
15958 11
15959 43
15960 8
15961 8
15962 41
15963 41
15964 41
15965 94
15966 94
15967 94
15968 94
15969 54
15970 54
15971 85
15972 36
15973 36
15974 39
15975 16
15976 16
15977 69
15978 69
15979 75
15980 82
15981 82
15982 82
15983 85
15984 19
15985 43
15986 50
15987 54
15988 50
15989 50
15990 50
15991 50
15992 87
15993 87
15994 84
15995 84
15996 2
15997 9
15998 4
15999 59
16000 59
16001 59
16002 59
16003 59
16004 95
16005 1
16006 50
16007 50
16008 70
16009 40
16010 70
16011 70
16012 75
16013 68
16014 1
16015 34
16016 18
16017 9
16018 9
16019 54
16020 54
16021 54
16022 93
16023 93
16024 37
16025 37
16026 37
16027 30
16028 47
16029 30
16030 30
16031 50
16032 92
16033 92
16034 26
16035 26
16036 26
16037 26
16038 38
16039 22
16040 22
16041 59
16042 63
16043 15
16044 15
16045 15
16046 22
16047 22
16048 22
16049 22
16050 22
16051 87
16052 52
16053 67
16054 6
16055 6
16056 26
16057 26
16058 26
16059 26
16060 55
16061 64
16062 61
16063 59
16064 61
16065 59
16066 18
16067 71
16068 18
16069 71
16070 26
16071 28
16072 26
16073 26
16074 92
16075 92
16076 92
16077 92
16078 68
16079 68
16080 58
16081 58
16082 31
16083 32
16084 32
16085 32
16086 12
16087 12
16088 5
16089 5
16090 92
16091 47
16092 47
16093 47
16094 39
16095 39
16096 39
16097 64
16098 15
16099 64
16100 64
16101 64
16102 32
16103 3
16104 92
16105 92
16106 92
16107 92
16108 96
16109 30
16110 31
16111 30
16112 74
16113 63
16114 63
16115 65
16116 65
16117 65
16118 94
16119 77
16120 45
16121 23
16122 10
16123 45
16124 65
16125 65
16126 65
16127 36
16128 36
16129 38
16130 36
16131 36
16132 52
16133 63
16134 8
16135 65
16136 90
16137 90
16138 5
16139 90
16140 90
16141 82
16142 82
16143 82
16144 70
16145 82
16146 38
16147 38
16148 33
16149 22
16150 4
16151 33
16152 22
16153 65
16154 65
16155 79
16156 19
16157 46
16158 43
16159 5
16160 43
16161 34
16162 43
16163 43
16164 7
16165 43
16166 67
16167 67
16168 8
16169 98
16170 63
16171 47
16172 47
16173 44
16174 44
16175 3
16176 63
16177 8
16178 44
16179 59
16180 59
16181 59
16182 59
16183 59
16184 59
16185 5
16186 5
16187 53
16188 38
16189 81
16190 46
16191 76
16192 6
16193 6
16194 74
16195 23
16196 13
16197 13
16198 13
16199 26
16200 26
16201 26
16202 72
16203 65
16204 39
16205 94
16206 58
16207 52
16208 58
16209 57
16210 20
16211 20
16212 20
16213 20
16214 20
16215 24
16216 62
16217 87
16218 87
16219 88
16220 88
16221 5
16222 52
16223 52
16224 52
16225 53
16226 53
16227 53
16228 53
16229 57
16230 57
16231 57
16232 57
16233 10
16234 35
16235 28
16236 78
16237 78
16238 80
16239 21
16240 21
16241 9
16242 73
16243 73
16244 9
16245 1
16246 75
16247 75
16248 7
16249 0
16250 57
16251 57
16252 57
16253 57
16254 58
16255 57
16256 79
16257 79
16258 89
16259 85
16260 85
16261 85
16262 11
16263 11
16264 95
16265 95
16266 31
16267 37
16268 15
16269 15
16270 15
16271 15
16272 46
16273 46
16274 46
16275 26
16276 46
16277 13
16278 55
16279 90
16280 55
16281 63
16282 63
16283 77
16284 80
16285 30
16286 30
16287 4
16288 30
16289 80
16290 80
16291 87
16292 87
16293 28
16294 28
16295 63
16296 63
16297 69
16298 49
16299 65
16300 49
16301 98
16302 98
16303 56
16304 56
16305 38
16306 56
16307 89
16308 29
16309 14
16310 14
16311 55
16312 45
16313 57
16314 55
16315 70
16316 13
16317 13
16318 25
16319 25
16320 25
16321 25
16322 71
16323 88
16324 66
16325 89
16326 5
16327 31
16328 89
16329 44
16330 44
16331 40
16332 44
16333 39
16334 93
16335 65
16336 65
16337 66
16338 97
16339 85
16340 85
16341 10
16342 32
16343 32
16344 46
16345 58
16346 55
16347 58
16348 0
16349 27
16350 9
16351 9
16352 9
16353 9
16354 34
16355 34
16356 79
16357 5
16358 40
16359 16
16360 18
16361 40
16362 40
16363 4
16364 47
16365 47
16366 47
16367 50
16368 50
16369 50
16370 2
16371 52
16372 53
16373 6
16374 52
16375 22
16376 5
16377 21
16378 65
16379 21
16380 36
16381 9
16382 36
16383 36
16384 66
16385 9
16386 36
16387 29
16388 29
16389 50
16390 50
16391 48
16392 5
16393 48
16394 48
16395 5
16396 70
16397 43
16398 78
16399 1
16400 40
16401 53
16402 55
16403 27
16404 28
16405 51
16406 59
16407 86
16408 79
16409 4
16410 4
16411 4
16412 4
16413 88
16414 53
16415 97
16416 66
16417 66
16418 66
16419 60
16420 63
16421 63
16422 63
16423 37
16424 73
16425 34
16426 63
16427 9
16428 9
16429 33
16430 20
16431 33
16432 34
16433 33
16434 91
16435 17
16436 17
16437 12
16438 91
16439 91
16440 91
16441 91
16442 91
16443 26
16444 26
16445 25
16446 26
16447 26
16448 20
16449 97
16450 11
16451 11
16452 46
16453 46
16454 7
16455 7
16456 30
16457 30
16458 30
16459 30
16460 4
16461 30
16462 30
16463 12
16464 31
16465 41
16466 47
16467 47
16468 47
16469 48
16470 72
16471 95
16472 95
16473 95
16474 53
16475 51
16476 51
16477 51
16478 51
16479 51
16480 51
16481 47
16482 96
16483 47
16484 97
16485 97
16486 97
16487 87
16488 87
16489 87
16490 87
16491 9
16492 73
16493 55
16494 55
16495 82
16496 55
16497 64
16498 75
16499 75
16500 75
16501 75
16502 75
16503 75
16504 97
16505 92
16506 93
16507 97
16508 97
16509 77
16510 77
16511 77
16512 69
16513 69
16514 69
16515 78
16516 44
16517 44
16518 84
16519 84
16520 35
16521 35
16522 35
16523 89
16524 89
16525 89
16526 89
16527 44
16528 89
16529 56
16530 56
16531 56
16532 92
16533 59
16534 92
16535 25
16536 25
16537 25
16538 25
16539 45
16540 45
16541 6
16542 45
16543 11
16544 97
16545 97
16546 97
16547 91
16548 97
16549 35
16550 32
16551 13
16552 44
16553 69
16554 5
16555 69
16556 69
16557 69
16558 83
16559 83
16560 8
16561 62
16562 62
16563 58
16564 62
16565 62
16566 25
16567 25
16568 4
16569 4
16570 7
16571 7
16572 50
16573 50
16574 47
16575 47
16576 86
16577 86
16578 86
16579 40
16580 86
16581 86
16582 36
16583 21
16584 80
16585 80
16586 21
16587 12
16588 84
16589 32
16590 34
16591 81
16592 32
16593 32
16594 36
16595 10
16596 53
16597 62
16598 62
16599 62
16600 98
16601 96
16602 0
16603 7
16604 86
16605 95
16606 70
16607 37
16608 18
16609 18
16610 18
16611 10
16612 89
16613 10
16614 90
16615 17
16616 46
16617 41
16618 44
16619 44
16620 5
16621 44
16622 61
16623 61
16624 53
16625 37
16626 37
16627 37
16628 37
16629 87
16630 87
16631 87
16632 53
16633 53
16634 53
16635 6
16636 53
16637 50
16638 9
16639 9
16640 34
16641 34
16642 6
16643 6
16644 11
16645 11
16646 24
16647 24
16648 45
16649 32
16650 32
16651 32
16652 32
16653 32
16654 32
16655 32
16656 32
16657 75
16658 75
16659 72
16660 97
16661 28
16662 28
16663 28
16664 0
16665 28
16666 77
16667 77
16668 28
16669 28
16670 1
16671 28
16672 91
16673 90
16674 75
16675 67
16676 11
16677 11
16678 40
16679 11
16680 27
16681 77
16682 77
16683 80
16684 80
16685 13
16686 13
16687 13
16688 65
16689 65
16690 65
16691 65
16692 62
16693 85
16694 10
16695 45
16696 10
16697 10
16698 42
16699 56
16700 56
16701 56
16702 35
16703 40
16704 35
16705 65
16706 65
16707 65
16708 66
16709 89
16710 89
16711 34
16712 6
16713 97
16714 97
16715 45
16716 21
16717 45
16718 80
16719 80
16720 49
16721 80
16722 80
16723 75
16724 75
16725 92
16726 79
16727 79
16728 79
16729 69
16730 10
16731 68
16732 11
16733 68
16734 68
16735 71
16736 81
16737 75
16738 98
16739 88
16740 75
16741 78
16742 98
16743 53
16744 53
16745 53
16746 57
16747 56
16748 66
16749 66
16750 42
16751 40
16752 42
16753 42
16754 42
16755 23
16756 23
16757 23
16758 47
16759 64
16760 64
16761 93
16762 93
16763 40
16764 28
16765 80
16766 80
16767 85
16768 97
16769 97
16770 0
16771 96
16772 1
16773 38
16774 26
16775 26
16776 25
16777 33
16778 4
16779 78
16780 78
16781 20
16782 20
16783 11
16784 12
16785 11
16786 21
16787 2
16788 51
16789 34
16790 45
16791 45
16792 75
16793 75
16794 24
16795 95
16796 95
16797 77
16798 79
16799 77
16800 77
16801 77
16802 77
16803 56
16804 56
16805 68
16806 68
16807 68
16808 53
16809 53
16810 53
16811 49
16812 46
16813 47
16814 47
16815 18
16816 47
16817 35
16818 9
16819 31
16820 37
16821 7
16822 15
16823 15
16824 70
16825 70
16826 58
16827 58
16828 58
16829 59
16830 11
16831 59
16832 29
16833 29
16834 1
16835 2
16836 0
16837 60
16838 16
16839 16
16840 57
16841 81
16842 81
16843 49
16844 20
16845 20
16846 57
16847 69
16848 57
16849 57
16850 69
16851 63
16852 14
16853 45
16854 45
16855 56
16856 56
16857 54
16858 21
16859 21
16860 21
16861 21
16862 13
16863 13
16864 40
16865 52
16866 52
16867 52
16868 81
16869 81
16870 59
16871 70
16872 59
16873 85
16874 73
16875 73
16876 23
16877 14
16878 88
16879 88
16880 88
16881 88
16882 34
16883 42
16884 16
16885 6
16886 6
16887 6
16888 36
16889 36
16890 89
16891 36
16892 4
16893 36
16894 51
16895 51
16896 79
16897 76
16898 74
16899 91
16900 79
16901 79
16902 84
16903 84
16904 84
16905 84
16906 83
16907 83
16908 83
16909 94
16910 67
16911 94
16912 23
16913 23
16914 0
16915 22
16916 23
16917 23
16918 22
16919 22
16920 22
16921 33
16922 33
16923 59
16924 59
16925 38
16926 38
16927 88
16928 88
16929 88
16930 88
16931 88
16932 88
16933 88
16934 55
16935 55
16936 55
16937 55
16938 79
16939 18
16940 0
16941 57
16942 29
16943 11
16944 43
16945 17
16946 60
16947 60
16948 60
16949 12
16950 12
16951 61
16952 56
16953 12
16954 12
16955 60
16956 60
16957 61
16958 21
16959 59
16960 59
16961 5
16962 59
16963 42
16964 60
16965 58
16966 60
16967 54
16968 54
16969 65
16970 64
16971 38
16972 65
16973 65
16974 93
16975 6
16976 33
16977 32
16978 1
16979 39
16980 64
16981 65
16982 8
16983 8
16984 8
16985 8
16986 8
16987 35
16988 82
16989 22
16990 82
16991 82
16992 66
16993 1
16994 43
16995 66
16996 26
16997 26
16998 78
16999 98
17000 92
17001 42
17002 42
17003 80
17004 80
17005 80
17006 18
17007 18
17008 18
17009 55
17010 55
17011 14
17012 55
17013 24
17014 32
17015 26
17016 26
17017 26
17018 89
17019 89
17020 65
17021 78
17022 78
17023 78
17024 78
17025 22
17026 95
17027 95
17028 18
17029 17
17030 95
17031 90
17032 88
17033 8
17034 81
17035 9
17036 9
17037 9
17038 13
17039 13
17040 85
17041 85
17042 64
17043 85
17044 85
17045 85
17046 17
17047 17
17048 17
17049 17
17050 96
17051 39
17052 39
17053 47
17054 38
17055 47
17056 47
17057 17
17058 16
17059 6
17060 77
17061 77
17062 77
17063 77
17064 77
17065 77
17066 77
17067 7
17068 7
17069 92
17070 92
17071 92
17072 92
17073 92
17074 30
17075 30
17076 30
17077 37
17078 27
17079 27
17080 27
17081 27
17082 27
17083 27
17084 35
17085 35
17086 86
17087 86
17088 22
17089 22
17090 77
17091 97
17092 89
17093 93
17094 73
17095 28
17096 30
17097 28
17098 35
17099 35
17100 35
17101 29
17102 22
17103 22
17104 12
17105 77
17106 77
17107 53
17108 77
17109 33
17110 33
17111 62
17112 62
17113 62
17114 62
17115 56
17116 56
17117 8
17118 12
17119 87
17120 87
17121 48
17122 1
17123 48
17124 85
17125 1
17126 84
17127 53
17128 55
17129 45
17130 77
17131 37
17132 66
17133 66
17134 66
17135 27
17136 27
17137 34
17138 45
17139 78
17140 69
17141 78
17142 78
17143 18
17144 35
17145 55
17146 41
17147 18
17148 18
17149 0
17150 35
17151 94
17152 12
17153 26
17154 15
17155 69
17156 69
17157 67
17158 8
17159 97
17160 97
17161 41
17162 41
17163 26
17164 25
17165 25
17166 25
17167 26
17168 63
17169 20
17170 20
17171 10
17172 46
17173 15
17174 41
17175 41
17176 80
17177 80
17178 53
17179 73
17180 13
17181 13
17182 13
17183 13
17184 46
17185 13
17186 29
17187 29
17188 4
17189 29
17190 29
17191 51
17192 79
17193 28
17194 17
17195 43
17196 28
17197 30
17198 28
17199 86
17200 9
17201 94
17202 59
17203 87
17204 37
17205 96
17206 7
17207 80
17208 80
17209 52
17210 18
17211 69
17212 7
17213 7
17214 7
17215 7
17216 29
17217 29
17218 22
17219 22
17220 77
17221 77
17222 50
17223 50
17224 56
17225 56
17226 68
17227 58
17228 2
17229 22
17230 22
17231 74
17232 84
17233 84
17234 72
17235 72
17236 63
17237 63
17238 67
17239 96
17240 79
17241 79
17242 79
17243 79
17244 79
17245 12
17246 12
17247 73
17248 73
17249 73
17250 43
17251 43
17252 58
17253 36
17254 30
17255 87
17256 87
17257 87
17258 98
17259 56
17260 98
17261 98
17262 10
17263 10
17264 10
17265 73
17266 73
17267 40
17268 73
17269 46
17270 9
17271 11
17272 11
17273 90
17274 51
17275 47
17276 47
17277 73
17278 17
17279 73
17280 73
17281 82
17282 83
17283 83
17284 83
17285 40
17286 40
17287 17
17288 17
17289 15
17290 17
17291 10
17292 45
17293 43
17294 40
17295 97
17296 28
17297 28
17298 27
17299 28
17300 28
17301 26
17302 52
17303 52
17304 0
17305 58
17306 20
17307 41
17308 41
17309 23
17310 23
17311 72
17312 26
17313 26
17314 64
17315 10
17316 89
17317 64
17318 8
17319 96
17320 96
17321 75
17322 75
17323 92
17324 92
17325 92
17326 10
17327 10
17328 10
17329 22
17330 22
17331 49
17332 49
17333 19
17334 2
17335 19
17336 19
17337 9
17338 34
17339 60
17340 39
17341 93
17342 95
17343 62
17344 62
17345 72
17346 62
17347 62
17348 72
17349 72
17350 72
17351 72
17352 0
17353 2
17354 2
17355 50
17356 33
17357 50
17358 90
17359 72
17360 72
17361 20
17362 20
17363 9
17364 9
17365 33
17366 33
17367 88
17368 88
17369 40
17370 23
17371 23
17372 15
17373 15
17374 15
17375 52
17376 52
17377 52
17378 26
17379 52
17380 26
17381 26
17382 26
17383 13
17384 13
17385 13
17386 13
17387 13
17388 13
17389 15
17390 13
17391 55
17392 55
17393 55
17394 36
17395 61
17396 23
17397 59
17398 68
17399 68
17400 68
17401 40
17402 40
17403 40
17404 40
17405 60
17406 63
17407 63
17408 6
17409 6
17410 63
17411 22
17412 22
17413 22
17414 33
17415 19
17416 19
17417 24
17418 24
17419 26
17420 26
17421 33
17422 33
17423 17
17424 17
17425 17
17426 44
17427 44
17428 32
17429 42
17430 15
17431 15
17432 15
17433 15
17434 13
17435 41
17436 84
17437 84
17438 84
17439 9
17440 23
17441 23
17442 23
17443 42
17444 98
17445 15
17446 63
17447 71
17448 63
17449 45
17450 96
17451 29
17452 29
17453 29
17454 29
17455 29
17456 83
17457 83
17458 83
17459 83
17460 83
17461 76
17462 76
17463 42
17464 15
17465 37
17466 37
17467 37
17468 37
17469 1
17470 63
17471 77
17472 63
17473 61
17474 10
17475 74
17476 20
17477 22
17478 22
17479 65
17480 9
17481 70
17482 90
17483 90
17484 90
17485 90
17486 27
17487 27
17488 21
17489 72
17490 72
17491 72
17492 72
17493 42
17494 62
17495 62
17496 88
17497 78
17498 84
17499 40
17500 33
17501 33
17502 33
17503 33
17504 19
17505 95
17506 95
17507 64
17508 20
17509 66
17510 98
17511 98
17512 80
17513 48
17514 36
17515 36
17516 36
17517 82
17518 82
17519 82
17520 76
17521 76
17522 76
17523 39
17524 39
17525 14
17526 14
17527 14
17528 14
17529 81
17530 81
17531 16
17532 16
17533 16
17534 35
17535 12
17536 6
17537 72
17538 62
17539 62
17540 13
17541 13
17542 23
17543 48
17544 48
17545 48
17546 27
17547 27
17548 76
17549 79
17550 93
17551 79
17552 44
17553 38
17554 77
17555 55
17556 16
17557 70
17558 72
17559 54
17560 95
17561 2
17562 94
17563 33
17564 4
17565 33
17566 5
17567 53
17568 46
17569 4
17570 90
17571 90
17572 90
17573 71
17574 59
17575 71
17576 17
17577 17
17578 12
17579 68
17580 20
17581 20
17582 20
17583 1
17584 0
17585 83
17586 83
17587 34
17588 68
17589 68
17590 68
17591 68
17592 47
17593 44
17594 36
17595 83
17596 94
17597 91
17598 83
17599 47
17600 47
17601 47
17602 35
17603 11
17604 55
17605 55
17606 35
17607 55
17608 33
17609 67
17610 34
17611 31
17612 84
17613 84
17614 84
17615 36
17616 91
17617 36
17618 31
17619 31
17620 44
17621 70
17622 69
17623 92
17624 4
17625 44
17626 69
17627 69
17628 69
17629 69
17630 51
17631 81
17632 81
17633 81
17634 38
17635 3
17636 38
17637 54
17638 38
17639 8
17640 70
17641 70
17642 70
17643 11
17644 82
17645 45
17646 50
17647 79
17648 47
17649 45
17650 79
17651 79
17652 92
17653 92
17654 92
17655 92
17656 76
17657 87
17658 64
17659 29
17660 67
17661 76
17662 21
17663 53
17664 53
17665 73
17666 95
17667 98
17668 98
17669 98
17670 93
17671 93
17672 70
17673 70
17674 70
17675 10
17676 10
17677 10
17678 31
17679 31
17680 48
17681 48
17682 7
17683 18
17684 18
17685 18
17686 66
17687 49
17688 49
17689 49
17690 60
17691 60
17692 93
17693 55
17694 57
17695 55
17696 25
17697 25
17698 25
17699 25
17700 31
17701 31
17702 44
17703 82
17704 82
17705 30
17706 82
17707 69
17708 53
17709 69
17710 17
17711 47
17712 51
17713 91
17714 91
17715 91
17716 10
17717 34
17718 30
17719 91
17720 40
17721 25
17722 25
17723 25
17724 25
17725 73
17726 69
17727 69
17728 69
17729 31
17730 57
17731 57
17732 37
17733 19
17734 19
17735 51
17736 27
17737 62
17738 55
17739 62
17740 58
17741 42
17742 35
17743 68
17744 68
17745 68
17746 29
17747 29
17748 29
17749 29
17750 34
17751 34
17752 29
17753 16
17754 68
17755 92
17756 92
17757 0
17758 4
17759 8
17760 19
17761 95
17762 45
17763 19
17764 19
17765 88
17766 54
17767 45
17768 42
17769 45
17770 42
17771 27
17772 49
17773 49
17774 32
17775 74
17776 74
17777 74
17778 98
17779 98
17780 82
17781 49
17782 82
17783 81
17784 32
17785 81
17786 81
17787 26
17788 26
17789 49
17790 20
17791 9
17792 93
17793 93
17794 11
17795 33
17796 65
17797 33
17798 56
17799 16
17800 6
17801 95
17802 16
17803 98
17804 98
17805 98
17806 12
17807 23
17808 23
17809 22
17810 22
17811 23
17812 43
17813 19
17814 19
17815 19
17816 83
17817 15
17818 15
17819 15
17820 14
17821 14
17822 76
17823 76
17824 82
17825 76
17826 5
17827 96
17828 96
17829 24
17830 24
17831 62
17832 62
17833 38
17834 8
17835 62
17836 62
17837 75
17838 75
17839 75
17840 75
17841 75
17842 91
17843 88
17844 91
17845 91
17846 39
17847 39
17848 10
17849 10
17850 10
17851 10
17852 38
17853 4
17854 38
17855 12
17856 64
17857 12
17858 67
17859 67
17860 67
17861 52
17862 52
17863 68
17864 68
17865 12
17866 12
17867 31
17868 28
17869 35
17870 41
17871 28
17872 28
17873 35
17874 72
17875 72
17876 44
17877 44
17878 89
17879 21
17880 21
17881 51
17882 58
17883 15
17884 56
17885 58
17886 58
17887 36
17888 58
17889 58
17890 65
17891 65
17892 65
17893 15
17894 15
17895 81
17896 31
17897 37
17898 32
17899 32
17900 32
17901 32
17902 84
17903 61
17904 61
17905 59
17906 55
17907 55
17908 55
17909 55
17910 23
17911 23
17912 23
17913 82
17914 15
17915 22
17916 15
17917 15
17918 12
17919 85
17920 39
17921 60
17922 91
17923 91
17924 51
17925 90
17926 90
17927 88
17928 34
17929 57
17930 57
17931 68
17932 68
17933 68
17934 68
17935 77
17936 21
17937 21
17938 93
17939 61
17940 53
17941 31
17942 40
17943 40
17944 26
17945 26
17946 26
17947 26
17948 92
17949 92
17950 68
17951 92
17952 92
17953 49
17954 49
17955 5
17956 49
17957 5
17958 22
17959 68
17960 49
17961 97
17962 97
17963 55
17964 22
17965 81
17966 64
17967 39
17968 65
17969 3
17970 84
17971 84
17972 95
17973 95
17974 11
17975 12
17976 19
17977 13
17978 13
17979 13
17980 13
17981 15
17982 19
17983 15
17984 19
17985 16
17986 16
17987 13
17988 5
17989 16
17990 16
17991 37
17992 28
17993 37
17994 17
17995 16
17996 92
17997 68
17998 92
17999 40
18000 98
18001 1
18002 66
18003 69
18004 58
18005 58
18006 79
18007 58
18008 89
18009 33
18010 33
18011 21
18012 75
18013 61
18014 61
18015 16
18016 61
18017 81
18018 42
18019 81
18020 67
18021 65
18022 65
18023 87
18024 31
18025 64
18026 50
18027 50
18028 88
18029 88
18030 89
18031 88
18032 88
18033 84
18034 88
18035 88
18036 97
18037 97
18038 97
18039 97
18040 46
18041 46
18042 36
18043 46
18044 97
18045 97
18046 93
18047 62
18048 94
18049 62
18050 62
18051 36
18052 45
18053 95
18054 79
18055 18
18056 29
18057 79
18058 79
18059 46
18060 46
18061 97
18062 4
18063 46
18064 47
18065 47
18066 14
18067 14
18068 14
18069 14
18070 14
18071 1
18072 43
18073 66
18074 43
18075 43
18076 26
18077 26
18078 66
18079 66
18080 66
18081 31
18082 61
18083 84
18084 28
18085 28
18086 28
18087 28
18088 14
18089 14
18090 14
18091 23
18092 52
18093 2
18094 94
18095 5
18096 20
18097 20
18098 10
18099 21
18100 21
18101 36
18102 36
18103 12
18104 36
18105 36
18106 36
18107 41
18108 41
18109 21
18110 10
18111 51
18112 98
18113 42
18114 37
18115 42
18116 35
18117 35
18118 68
18119 20
18120 54
18121 16
18122 16
18123 16
18124 16
18125 23
18126 2
18127 79
18128 79
18129 1
18130 52
18131 52
18132 52
18133 65
18134 65
18135 65
18136 79
18137 5
18138 79
18139 5
18140 79
18141 84
18142 32
18143 84
18144 19
18145 18
18146 18
18147 18
18148 18
18149 18
18150 56
18151 80
18152 56
18153 56
18154 94
18155 20
18156 94
18157 87
18158 70
18159 87
18160 74
18161 74
18162 2
18163 12
18164 42
18165 8
18166 0
18167 42
18168 82
18169 82
18170 82
18171 88
18172 88
18173 88
18174 34
18175 80
18176 34
18177 27
18178 27
18179 11
18180 26
18181 66
18182 39
18183 39
18184 1
18185 4
18186 41
18187 41
18188 44
18189 44
18190 39
18191 39
18192 39
18193 81
18194 81
18195 81
18196 54
18197 54
18198 49
18199 49
18200 45
18201 49
18202 38
18203 46
18204 60
18205 60
18206 60
18207 34
18208 16
18209 17
18210 9
18211 18
18212 16
18213 0
18214 12
18215 44
18216 4
18217 78
18218 78
18219 19
18220 59
18221 59
18222 87
18223 42
18224 57
18225 42
18226 32
18227 63
18228 63
18229 12
18230 12
18231 11
18232 19
18233 41
18234 6
18235 24
18236 91
18237 37
18238 37
18239 37
18240 10
18241 10
18242 10
18243 91
18244 52
18245 91
18246 84
18247 91
18248 56
18249 21
18250 67
18251 6
18252 82
18253 82
18254 82
18255 44
18256 6
18257 82
18258 82
18259 24
18260 30
18261 24
18262 29
18263 29
18264 29
18265 83
18266 83
18267 83
18268 36
18269 36
18270 40
18271 40
18272 40
18273 40
18274 93
18275 73
18276 36
18277 7
18278 6
18279 6
18280 28
18281 28
18282 56
18283 23
18284 31
18285 15
18286 11
18287 50
18288 11
18289 11
18290 76
18291 76
18292 52
18293 74
18294 8
18295 8
18296 9
18297 27
18298 27
18299 96
18300 96
18301 8
18302 96
18303 96
18304 96
18305 9
18306 9
18307 84
18308 12
18309 35
18310 35
18311 12
18312 89
18313 56
18314 56
18315 67
18316 39
18317 39
18318 39
18319 39
18320 47
18321 47
18322 35
18323 3
18324 35
18325 30
18326 30
18327 30
18328 31
18329 23
18330 23
18331 23
18332 81
18333 14
18334 21
18335 33
18336 33
18337 26
18338 71
18339 48
18340 75
18341 39
18342 78
18343 78
18344 95
18345 95
18346 95
18347 95
18348 95
18349 78
18350 78
18351 54
18352 55
18353 42
18354 64
18355 54
18356 46
18357 46
18358 38
18359 38
18360 38
18361 45
18362 45
18363 29
18364 22
18365 22
18366 43
18367 42
18368 43
18369 1
18370 84
18371 20
18372 42
18373 42
18374 34
18375 57
18376 12
18377 83
18378 83
18379 83
18380 83
18381 62
18382 93
18383 93
18384 86
18385 79
18386 68
18387 46
18388 46
18389 46
18390 46
18391 24
18392 51
18393 76
18394 76
18395 76
18396 76
18397 76
18398 67
18399 14
18400 14
18401 41
18402 71
18403 17
18404 17
18405 20
18406 20
18407 93
18408 35
18409 35
18410 68
18411 35
18412 50
18413 73
18414 73
18415 73
18416 30
18417 4
18418 58
18419 58
18420 96
18421 96
18422 97
18423 97
18424 97
18425 97
18426 97
18427 55
18428 55
18429 55
18430 55
18431 53
18432 55
18433 89
18434 89
18435 89
18436 89
18437 89
18438 89
18439 7
18440 7
18441 60
18442 89
18443 89
18444 89
18445 80
18446 45
18447 21
18448 26
18449 26
18450 27
18451 27
18452 67
18453 67
18454 42
18455 33
18456 74
18457 74
18458 74
18459 74
18460 74
18461 74
18462 79
18463 76
18464 8
18465 8
18466 8
18467 8
18468 8
18469 8
18470 41
18471 24
18472 45
18473 24
18474 24
18475 24
18476 54
18477 54
18478 54
18479 18
18480 18
18481 95
18482 35
18483 26
18484 35
18485 53
18486 6
18487 29
18488 33
18489 33
18490 33
18491 33
18492 26
18493 26
18494 36
18495 31
18496 28
18497 48
18498 97
18499 97
18500 97
18501 80
18502 71
18503 80
18504 35
18505 35
18506 37
18507 91
18508 37
18509 37
18510 7
18511 7
18512 7
18513 7
18514 60
18515 62
18516 39
18517 62
18518 60
18519 35
18520 10
18521 35
18522 1
18523 76
18524 77
18525 73
18526 34
18527 34
18528 76
18529 76
18530 1
18531 77
18532 10
18533 31
18534 77
18535 64
18536 64
18537 22
18538 4
18539 1
18540 21
18541 21
18542 95
18543 50
18544 26
18545 51
18546 39
18547 39
18548 39
18549 39
18550 67
18551 44
18552 81
18553 20
18554 6
18555 6
18556 6
18557 86
18558 86
18559 86
18560 58
18561 83
18562 96
18563 95
18564 96
18565 41
18566 41
18567 41
18568 46
18569 60
18570 60
18571 45
18572 45
18573 95
18574 81
18575 58
18576 58
18577 37
18578 37
18579 70
18580 70
18581 70
18582 60
18583 96
18584 90
18585 96
18586 96
18587 48
18588 48
18589 36
18590 36
18591 36
18592 36
18593 36
18594 36
18595 75
18596 36
18597 47
18598 47
18599 47
18600 47
18601 47
18602 67
18603 37
18604 37
18605 37
18606 37
18607 86
18608 27
18609 84
18610 92
18611 84
18612 4
18613 84
18614 88
18615 66
18616 15
18617 80
18618 56
18619 56
18620 79
18621 79
18622 86
18623 66
18624 85
18625 2
18626 96
18627 55
18628 55
18629 26
18630 55
18631 86
18632 30
18633 30
18634 30
18635 22
18636 6
18637 77
18638 64
18639 11
18640 73
18641 87
18642 87
18643 35
18644 36
18645 88
18646 59
18647 53
18648 53
18649 67
18650 67
18651 15
18652 32
18653 5
18654 29
18655 29
18656 29
18657 29
18658 7
18659 7
18660 7
18661 7
18662 73
18663 20
18664 23
18665 34
18666 34
18667 82
18668 82
18669 64
18670 64
18671 64
18672 11
18673 88
18674 88
18675 88
18676 80
18677 80
18678 88
18679 63
18680 45
18681 31
18682 36
18683 31
18684 31
18685 31
18686 19
18687 1
18688 14
18689 14
18690 14
18691 59
18692 60
18693 60
18694 60
18695 28
18696 28
18697 24
18698 66
18699 24
18700 24
18701 24
18702 24
18703 79
18704 79
18705 79
18706 79
18707 75
18708 78
18709 75
18710 53
18711 6
18712 73
18713 73
18714 73
18715 93
18716 12
18717 93
18718 64
18719 64
18720 60
18721 66
18722 9
18723 28
18724 88
18725 88
18726 75
18727 66
18728 66
18729 19
18730 19
18731 88
18732 53
18733 18
18734 18
18735 29
18736 7
18737 7
18738 53
18739 52
18740 86
18741 86
18742 74
18743 74
18744 74
18745 98
18746 5
18747 47
18748 45
18749 47
18750 86
18751 28
18752 86
18753 65
18754 31
18755 65
18756 56
18757 56
18758 56
18759 61
18760 47
18761 47
18762 90
18763 90
18764 38
18765 38
18766 38
18767 17
18768 17
18769 38
18770 53
18771 11
18772 53
18773 16
18774 0
18775 16
18776 55
18777 73
18778 58
18779 4
18780 4
18781 29
18782 74
18783 74
18784 74
18785 43
18786 25
18787 25
18788 61
18789 61
18790 61
18791 72
18792 72
18793 86
18794 46
18795 46
18796 46
18797 14
18798 14
18799 36
18800 36
18801 56
18802 36
18803 46
18804 46
18805 46
18806 14
18807 30
18808 15
18809 72
18810 79
18811 72
18812 51
18813 11
18814 6
18815 98
18816 6
18817 70
18818 70
18819 70
18820 71
18821 71
18822 80
18823 80
18824 80
18825 23
18826 23
18827 23
18828 82
18829 82
18830 6
18831 21
18832 21
18833 21
18834 45
18835 45
18836 45
18837 45
18838 45
18839 93
18840 93
18841 1
18842 93
18843 7
18844 46
18845 7
18846 46
18847 80
18848 80
18849 80
18850 80
18851 80
18852 80
18853 80
18854 54
18855 87
18856 18
18857 98
18858 98
18859 9
18860 19
18861 19
18862 26
18863 25
18864 25
18865 96
18866 96
18867 28
18868 10
18869 96
18870 60
18871 49
18872 71
18873 49
18874 15
18875 18
18876 18
18877 95
18878 28
18879 95
18880 95
18881 57
18882 57
18883 25
18884 25
18885 25
18886 65
18887 65
18888 97
18889 24
18890 55
18891 89
18892 41
18893 68
18894 91
18895 68
18896 68
18897 91
18898 68
18899 97
18900 97
18901 73
18902 46
18903 42
18904 44
18905 44
18906 8
18907 8
18908 90
18909 7
18910 7
18911 7
18912 9
18913 21
18914 21
18915 44
18916 44
18917 83
18918 44
18919 44
18920 44
18921 61
18922 27
18923 60
18924 60
18925 19
18926 19
18927 19
18928 19
18929 19
18930 19
18931 55
18932 55
18933 71
18934 71
18935 70
18936 74
18937 45
18938 27
18939 44
18940 84
18941 84
18942 58
18943 58
18944 9
18945 14
18946 14
18947 14
18948 14
18949 55
18950 55
18951 48
18952 66
18953 66
18954 66
18955 13
18956 13
18957 36
18958 31
18959 5
18960 44
18961 9
18962 44
18963 89
18964 97
18965 89
18966 73
18967 34
18968 34
18969 34
18970 36
18971 36
18972 36
18973 36
18974 36
18975 36
18976 36
18977 78
18978 32
18979 32
18980 85
18981 70
18982 53
18983 20
18984 50
18985 87
18986 87
18987 87
18988 27
18989 27
18990 27
18991 80
18992 80
18993 80
18994 1
18995 21
18996 21
18997 72
18998 68
18999 86
19000 86
19001 76
19002 56
19003 18
19004 50
19005 75
19006 75
19007 45
19008 45
19009 26
19010 17
19011 12
19012 41
19013 16
19014 90
19015 90
19016 90
19017 95
19018 95
19019 70
19020 95
19021 95
19022 95
19023 25
19024 54
19025 86
19026 92
19027 10
19028 10
19029 90
19030 92
19031 86
19032 6
19033 83
19034 77
19035 83
19036 83
19037 76
19038 76
19039 76
19040 76
19041 76
19042 75
19043 17
19044 14
19045 14
19046 14
19047 65
19048 65
19049 65
19050 65
19051 95
19052 75
19053 75
19054 75
19055 75
19056 39
19057 39
19058 39
19059 39
19060 39
19061 39
19062 20
19063 26
19064 26
19065 26
19066 14
19067 14
19068 91
19069 91
19070 85
19071 91
19072 91
19073 91
19074 97
19075 46
19076 46
19077 50
19078 11
19079 10
19080 18
19081 79
19082 96
19083 95
19084 84
19085 84
19086 84
19087 29
19088 29
19089 29
19090 38
19091 38
19092 38
19093 74
19094 38
19095 96
19096 9
19097 26
19098 9
19099 41
19100 92
19101 92
19102 92
19103 92
19104 77
19105 77
19106 67
19107 67
19108 64
19109 53
19110 53
19111 53
19112 64
19113 68
19114 92
19115 25
19116 25
19117 25
19118 25
19119 25
19120 25
19121 44
19122 44
19123 6
19124 47
19125 24
19126 24
19127 5
19128 9
19129 9
19130 9
19131 44
19132 44
19133 44
19134 11
19135 64
19136 90
19137 1
19138 82
19139 70
19140 32
19141 82
19142 82
19143 82
19144 6
19145 6
19146 41
19147 41
19148 16
19149 46
19150 44
19151 44
19152 58
19153 58
19154 17
19155 17
19156 94
19157 17
19158 17
19159 17
19160 81
19161 81
19162 81
19163 81
19164 81
19165 57
19166 57
19167 57
19168 57
19169 50
19170 50
19171 50
19172 95
19173 95
19174 26
19175 26
19176 25
19177 26
19178 32
19179 32
19180 88
19181 88
19182 38
19183 26
19184 43
19185 43
19186 67
19187 67
19188 67
19189 36
19190 36
19191 77
19192 77
19193 77
19194 77
19195 77
19196 10
19197 10
19198 10
19199 89
19200 89
19201 1
19202 22
19203 22
19204 22
19205 16
19206 16
19207 16
19208 21
19209 81
19210 94
19211 81
19212 70
19213 70
19214 54
19215 0
19216 60
19217 60
19218 60
19219 16
19220 6
19221 16
19222 16
19223 6
19224 30
19225 46
19226 46
19227 46
19228 46
19229 64
19230 15
19231 15
19232 77
19233 34
19234 74
19235 73
19236 73
19237 73
19238 73
19239 60
19240 21
19241 78
19242 78
19243 36
19244 75
19245 6
19246 59
19247 9
19248 59
19249 26
19250 13
19251 13
19252 13
19253 13
19254 13
19255 13
19256 58
19257 5
19258 58
19259 16
19260 19
19261 14
19262 14
19263 14
19264 43
19265 86
19266 63
19267 35
19268 54
19269 23
19270 23
19271 78
19272 78
19273 97
19274 78
19275 64
19276 9
19277 75
19278 64
19279 73
19280 64
19281 2
19282 64
19283 64
19284 18
19285 18
19286 18
19287 67
19288 67
19289 67
19290 19
19291 67
19292 67
19293 44
19294 44
19295 44
19296 44
19297 44
19298 44
19299 44
19300 12
19301 12
19302 12
19303 87
19304 87
19305 54
19306 54
19307 54
19308 54
19309 75
19310 84
19311 5
19312 33
19313 70
19314 70
19315 70
19316 1
19317 46
19318 46
19319 8
19320 9
19321 9
19322 90
19323 90
19324 90
19325 23
19326 23
19327 97
19328 97
19329 9
19330 50
19331 50
19332 3
19333 53
19334 53
19335 97
19336 57
19337 57
19338 60
19339 19
19340 8
19341 60
19342 71
19343 21
19344 21
19345 21
19346 83
19347 62
19348 62
19349 9
19350 61
19351 61
19352 61
19353 60
19354 72
19355 72
19356 61
19357 61
19358 52
19359 66
19360 66
19361 66
19362 69
19363 43
19364 89
19365 20
19366 60
19367 60
19368 89
19369 89
19370 20
19371 94
19372 89
19373 21
19374 89
19375 56
19376 7
19377 44
19378 9
19379 44
19380 17
19381 67
19382 67
19383 95
19384 48
19385 88
19386 88
19387 28
19388 28
19389 28
19390 23
19391 46
19392 46
19393 85
19394 49
19395 49
19396 70
19397 70
19398 70
19399 70
19400 14
19401 85
19402 85
19403 85
19404 64
19405 64
19406 64
19407 77
19408 2
19409 83
19410 83
19411 72
19412 14
19413 37
19414 21
19415 27
19416 27
19417 27
19418 36
19419 36
19420 36
19421 36
19422 91
19423 36
19424 89
19425 89
19426 88
19427 19
19428 11
19429 11
19430 55
19431 59
19432 55
19433 59
19434 27
19435 53
19436 27
19437 27
19438 27
19439 96
19440 55
19441 98
19442 77
19443 98
19444 78
19445 29
19446 98
19447 81
19448 22
19449 22
19450 22
19451 47
19452 47
19453 92
19454 9
19455 92
19456 92
19457 48
19458 48
19459 48
19460 48
19461 61
19462 51
19463 97
19464 64
19465 34
19466 64
19467 81
19468 81
19469 85
19470 81
19471 19
19472 23
19473 86
19474 24
19475 24
19476 24
19477 97
19478 97
19479 59
19480 26
19481 26
19482 27
19483 27
19484 27
19485 94
19486 52
19487 52
19488 94
19489 94
19490 96
19491 94
19492 57
19493 23
19494 57
19495 57
19496 18
19497 57
19498 57
19499 18
19500 70
19501 70
19502 70
19503 70
19504 70
19505 70
19506 46
19507 98
19508 98
19509 98
19510 98
19511 19
19512 19
19513 39
19514 69
19515 42
19516 56
19517 50
19518 0
19519 55
19520 55
19521 55
19522 55
19523 55
19524 93
19525 0
19526 66
19527 93
19528 93
19529 93
19530 43
19531 38
19532 43
19533 43
19534 79
19535 72
19536 72
19537 72
19538 16
19539 12
19540 37
19541 20
19542 20
19543 73
19544 86
19545 87
19546 86
19547 81
19548 44
19549 55
19550 44
19551 26
19552 26
19553 26
19554 83
19555 89
19556 4
19557 79
19558 79
19559 79
19560 79
19561 74
19562 74
19563 74
19564 76
19565 76
19566 76
19567 76
19568 60
19569 60
19570 60
19571 60
19572 51
19573 60
19574 75
19575 75
19576 60
19577 37
19578 59
19579 93
19580 66
19581 66
19582 66
19583 77
19584 36
19585 59
19586 36
19587 36
19588 7
19589 36
19590 36
19591 79
19592 79
19593 57
19594 31
19595 72
19596 72
19597 86
19598 72
19599 72
19600 72
19601 72
19602 27
19603 45
19604 27
19605 85
19606 81
19607 14
19608 76
19609 19
19610 90
19611 90
19612 82
19613 82
19614 18
19615 84
19616 18
19617 5
19618 36
19619 82
19620 29
19621 82
19622 66
19623 66
19624 66
19625 8
19626 7
19627 36
19628 36
19629 36
19630 23
19631 23
19632 25
19633 25
19634 25
19635 89
19636 89
19637 94
19638 89
19639 4
19640 4
19641 89
19642 89
19643 89
19644 46
19645 46
19646 39
19647 9
19648 36
19649 57
19650 31
19651 36
19652 63
19653 2
19654 21
19655 21
19656 21
19657 21
19658 21
19659 94
19660 94
19661 10
19662 15
19663 15
19664 7
19665 7
19666 7
19667 7
19668 58
19669 58
19670 4
19671 83
19672 86
19673 51
19674 51
19675 45
19676 51
19677 51
19678 24
19679 56
19680 56
19681 16
19682 16
19683 61
19684 61
19685 60
19686 61
19687 61
19688 89
19689 12
19690 41
19691 17
19692 17
19693 17
19694 69
19695 69
19696 69
19697 56
19698 71
19699 52
19700 52
19701 59
19702 78
19703 78
19704 93
19705 93
19706 5
19707 93
19708 19
19709 80
19710 41
19711 95
19712 68
19713 98
19714 43
19715 43
19716 43
19717 43
19718 33
19719 31
19720 30
19721 31
19722 30
19723 31
19724 31
19725 65
19726 87
19727 10
19728 87
19729 15
19730 16
19731 58
19732 58
19733 58
19734 20
19735 9
19736 86
19737 86
19738 86
19739 86
19740 93
19741 19
19742 34
19743 22
19744 84
19745 84
19746 26
19747 26
19748 26
19749 85
19750 74
19751 23
19752 1
19753 23
19754 23
19755 81
19756 5
19757 61
19758 32
19759 31
19760 31
19761 32
19762 48
19763 48
19764 25
19765 25
19766 69
19767 69
19768 69
19769 69
19770 65
19771 65
19772 65
19773 65
19774 65
19775 12
19776 12
19777 12
19778 10
19779 10
19780 10
19781 26
19782 35
19783 35
19784 35
19785 91
19786 91
19787 75
19788 75
19789 81
19790 2
19791 92
19792 92
19793 89
19794 89
19795 89
19796 65
19797 42
19798 42
19799 42
19800 36
19801 44
19802 36
19803 71
19804 71
19805 91
19806 91
19807 91
19808 52
19809 21
19810 19
19811 6
19812 85
19813 71
19814 85
19815 98
19816 98
19817 84
19818 58
19819 11
19820 58
19821 61
19822 35
19823 35
19824 38
19825 38
19826 38
19827 72
19828 72
19829 72
19830 72
19831 43
19832 43
19833 43
19834 54
19835 62
19836 79
19837 79
19838 79
19839 29
19840 47
19841 29
19842 29
19843 29
19844 81
19845 79
19846 78
19847 78
19848 78
19849 51
19850 70
19851 70
19852 70
19853 83
19854 83
19855 83
19856 78
19857 78
19858 78
19859 95
19860 95
19861 95
19862 98
19863 98
19864 81
19865 81
19866 81
19867 81
19868 80
19869 23
19870 49
19871 80
19872 80
19873 80
19874 39
19875 64
19876 64
19877 19
19878 92
19879 92
19880 10
19881 10
19882 10
19883 10
19884 87
19885 6
19886 59
19887 45
19888 7
19889 88
19890 88
19891 9
19892 6
19893 12
19894 9
19895 6
19896 22
19897 74
19898 74
19899 74
19900 74
19901 40
19902 40
19903 51
19904 51
19905 8
19906 29
19907 29
19908 89
19909 69
19910 69
19911 69
19912 68
19913 64
19914 45
19915 60
19916 60
19917 25
19918 25
19919 25
19920 25
19921 33
19922 87
19923 63
19924 51
19925 51
19926 17
19927 21
19928 23
19929 44
19930 38
19931 48
19932 46
19933 89
19934 89
19935 89
19936 91
19937 75
19938 10
19939 33
19940 33
19941 33
19942 69
19943 0
19944 45
19945 45
19946 88
19947 79
19948 84
19949 79
19950 56
19951 56
19952 68
19953 68
19954 68
19955 57
19956 57
19957 56
19958 83
19959 83
19960 83
19961 83
19962 6
19963 18
19964 96
19965 19
19966 98
19967 98
19968 55
19969 55
19970 55
19971 90
19972 65
19973 65
19974 65
19975 8
19976 8
19977 8
19978 8
19979 77
19980 71
19981 77
19982 77
19983 77
19984 52
19985 6
19986 52
19987 52
19988 52
19989 28
19990 69
19991 64
19992 58
19993 69
19994 38
19995 38
19996 20
19997 19
19998 40
19999 40
