20000 40
20001 17
20002 21
20003 21
20004 41
20005 56
20006 56
20007 56
20008 57
20009 56
20010 9
20011 9
20012 41
20013 64
20014 64
20015 51
20016 91
20017 2
20018 69
20019 69
20020 69
20021 69
20022 69
20023 57
20024 57
20025 61
20026 57
20027 57
20028 97
20029 44
20030 44
20031 45
20032 44
20033 44
20034 82
20035 82
20036 77
20037 23
20038 13
20039 13
20040 13
20041 60
20042 34
20043 34
20044 80
20045 80
20046 80
20047 87
20048 34
20049 21
20050 79
20051 79
20052 79
20053 9
20054 85
20055 2
20056 1
20057 88
20058 88
20059 96
20060 96
20061 6
20062 6
20063 65
20064 19
20065 15
20066 90
20067 90
20068 90
20069 90
20070 69
20071 69
20072 69
20073 69
20074 1
20075 83
20076 82
20077 12
20078 16
20079 71
20080 71
20081 26
20082 26
20083 33
20084 33
20085 58
20086 33
20087 27
20088 27
20089 48
20090 45
20091 35
20092 71
20093 71
20094 8
20095 4
20096 79
20097 98
20098 98
20099 98
20100 85
20101 85
20102 98
20103 85
20104 85
20105 22
20106 22
20107 4
20108 82
20109 82
20110 45
20111 45
20112 13
20113 13
20114 13
20115 13
20116 13
20117 13
20118 96
20119 90
20120 89
20121 89
20122 89
20123 57
20124 1
20125 57
20126 19
20127 16
20128 16
20129 21
20130 40
20131 40
20132 17
20133 45
20134 17
20135 17
20136 79
20137 79
20138 33
20139 33
20140 40
20141 7
20142 33
20143 33
20144 33
20145 41
20146 51
20147 96
20148 96
20149 32
20150 56
20151 56
20152 14
20153 14
20154 15
20155 57
20156 57
20157 57
20158 98
20159 6
20160 36
20161 36
20162 38
20163 13
20164 13
20165 8
20166 8
20167 55
20168 52
20169 55
20170 58
20171 75
20172 75
20173 7
20174 7
20175 54
20176 61
20177 72
20178 10
20179 23
20180 23
20181 74
20182 74
20183 74
20184 74
20185 74
20186 38
20187 84
20188 84
20189 79
20190 52
20191 52
20192 52
20193 52
20194 87
20195 21
20196 23
20197 21
20198 21
20199 41
20200 15
20201 72
20202 72
20203 13
20204 13
20205 13
20206 26
20207 19
20208 20
20209 38
20210 50
20211 50
20212 59
20213 29
20214 87
20215 29
20216 29
20217 29
20218 29
20219 96
20220 8
20221 73
20222 8
20223 58
20224 58
20225 58
20226 47
20227 89
20228 49
20229 49
20230 31
20231 31
20232 30
20233 68
20234 79
20235 79
20236 82
20237 28
20238 28
20239 2
20240 50
20241 76
20242 68
20243 68
20244 11
20245 49
20246 23
20247 58
20248 92
20249 92
20250 90
20251 90
20252 34
20253 40
20254 35
20255 35
20256 67
20257 89
20258 67
20259 67
20260 95
20261 95
20262 95
20263 8
20264 34
20265 29
20266 8
20267 58
20268 58
20269 58
20270 17
20271 17
20272 17
20273 0
20274 18
20275 75
20276 98
20277 59
20278 59
20279 70
20280 67
20281 50
20282 80
20283 80
20284 61
20285 95
20286 16
20287 16
20288 16
20289 16
20290 18
20291 18
20292 15
20293 80
20294 80
20295 42
20296 42
20297 42
20298 42
20299 29
20300 36
20301 24
20302 31
20303 29
20304 52
20305 17
20306 17
20307 17
20308 86
20309 86
20310 91
20311 91
20312 21
20313 65
20314 65
20315 87
20316 40
20317 87
20318 11
20319 11
20320 11
20321 11
20322 67
20323 72
20324 72
20325 72
20326 16
20327 25
20328 25
20329 25
20330 25
20331 54
20332 77
20333 29
20334 29
20335 29
20336 29
20337 46
20338 46
20339 72
20340 72
20341 72
20342 72
20343 93
20344 45
20345 39
20346 24
20347 56
20348 56
20349 56
20350 45
20351 46
20352 46
20353 22
20354 46
20355 46
20356 25
20357 25
20358 25
20359 25
20360 25
20361 15
20362 79
20363 15
20364 44
20365 21
20366 21
20367 64
20368 65
20369 85
20370 85
20371 85
20372 11
20373 11
20374 52
20375 23
20376 23
20377 23
20378 79
20379 97
20380 10
20381 81
20382 81
20383 82
20384 82
20385 82
20386 82
20387 44
20388 48
20389 48
20390 48
20391 39
20392 48
20393 37
20394 37
20395 84
20396 84
20397 88
20398 88
20399 93
20400 93
20401 77
20402 93
20403 45
20404 45
20405 45
20406 45
20407 80
20408 80
20409 88
20410 88
20411 88
20412 88
20413 60
20414 8
20415 8
20416 29
20417 13
20418 13
20419 29
20420 15
20421 21
20422 15
20423 6
20424 15
20425 59
20426 29
20427 59
20428 59
20429 20
20430 68
20431 68
20432 68
20433 18
20434 88
20435 30
20436 88
20437 61
20438 31
20439 31
20440 53
20441 84
20442 45
20443 14
20444 14
20445 25
20446 25
20447 25
20448 25
20449 25
20450 25
20451 25
20452 72
20453 37
20454 37
20455 37
20456 19
20457 51
20458 51
20459 18
20460 18
20461 15
20462 95
20463 95
20464 66
20465 89
20466 88
20467 89
20468 89
20469 4
20470 54
20471 52
20472 54
20473 54
20474 54
20475 64
20476 64
20477 64
20478 15
20479 54
20480 14
20481 15
20482 37
20483 37
20484 81
20485 72
20486 32
20487 72
20488 26
20489 66
20490 66
20491 66
20492 11
20493 50
20494 50
20495 50
20496 50
20497 23
20498 23
20499 47
20500 23
20501 23
20502 91
20503 97
20504 82
20505 82
20506 82
20507 82
20508 82
20509 72
20510 72
20511 72
20512 72
20513 19
20514 19
20515 19
20516 19
20517 19
20518 93
20519 93
20520 93
20521 66
20522 66
20523 66
20524 66
20525 61
20526 50
20527 44
20528 48
20529 92
20530 92
20531 92
20532 33
20533 61
20534 61
20535 11
20536 11
20537 38
20538 38
20539 38
20540 77
20541 77
20542 32
20543 32
20544 81
20545 58
20546 58
20547 58
20548 59
20549 64
20550 34
20551 2
20552 12
20553 2
20554 39
20555 88
20556 8
20557 8
20558 8
20559 75
20560 75
20561 75
20562 39
20563 42
20564 19
20565 5
20566 5
20567 30
20568 30
20569 51
20570 75
20571 75
20572 42
20573 15
20574 42
20575 17
20576 20
20577 83
20578 83
20579 51
20580 71
20581 38
20582 10
20583 62
20584 62
20585 44
20586 44
20587 44
20588 31
20589 31
20590 60
20591 60
20592 60
20593 9
20594 24
20595 24
20596 94
20597 24
20598 24
20599 24
20600 40
20601 40
20602 68
20603 68
20604 0
20605 50
20606 8
20607 19
20608 19
20609 19
20610 19
20611 19
20612 21
20613 25
20614 30
20615 30
20616 21
20617 37
20618 21
20619 21
20620 21
20621 85
20622 85
20623 88
20624 88
20625 88
20626 67
20627 43
20628 67
20629 18
20630 76
20631 5
20632 76
20633 69
20634 14
20635 58
20636 45
20637 37
20638 6
20639 54
20640 45
20641 48
20642 54
20643 70
20644 64
20645 58
20646 58
20647 58
20648 58
20649 51
20650 58
20651 58
20652 34
20653 33
20654 65
20655 83
20656 83
20657 94
20658 83
20659 57
20660 80
20661 81
20662 81
20663 81
20664 81
20665 19
20666 19
20667 19
20668 19
20669 32
20670 32
20671 23
20672 23
20673 59
20674 14
20675 85
20676 73
20677 29
20678 29
20679 59
20680 97
20681 97
20682 14
20683 14
20684 22
20685 2
20686 22
20687 57
20688 39
20689 81
20690 81
20691 40
20692 40
20693 96
20694 17
20695 17
20696 17
20697 41
20698 41
20699 41
20700 83
20701 83
20702 72
20703 16
20704 72
20705 47
20706 71
20707 37
20708 6
20709 11
20710 6
20711 18
20712 18
20713 48
20714 48
20715 21
20716 7
20717 7
20718 34
20719 34
20720 83
20721 83
20722 83
20723 68
20724 83
20725 50
20726 50
20727 50
20728 30
20729 30
20730 30
20731 58
20732 58
20733 58
20734 19
20735 19
20736 36
20737 95
20738 95
20739 50
20740 50
20741 16
20742 16
20743 20
20744 91
20745 91
20746 35
20747 81
20748 35
20749 82
20750 88
20751 47
20752 86
20753 86
20754 86
20755 86
20756 4
20757 86
20758 12
20759 12
20760 85
20761 85
20762 85
20763 86
20764 86
20765 86
20766 31
20767 46
20768 31
20769 28
20770 28
20771 28
20772 48
20773 28
20774 65
20775 65
20776 65
20777 62
20778 86
20779 79
20780 79
20781 94
20782 34
20783 45
20784 36
20785 36
20786 92
20787 92
20788 42
20789 80
20790 34
20791 80
20792 34
20793 6
20794 5
20795 76
20796 76
20797 42
20798 42
20799 2
20800 8
20801 40
20802 82
20803 40
20804 40
20805 40
20806 95
20807 95
20808 45
20809 73
20810 17
20811 73
20812 27
20813 52
20814 52
20815 52
20816 52
20817 52
20818 18
20819 2
20820 84
20821 20
20822 20
20823 57
20824 6
20825 65
20826 57
20827 10
20828 61
20829 61
20830 50
20831 83
20832 75
20833 44
20834 15
20835 51
20836 51
20837 34
20838 72
20839 7
20840 57
20841 24
20842 57
20843 10
20844 10
20845 75
20846 75
20847 75
20848 40
20849 39
20850 89
20851 14
20852 14
20853 14
20854 38
20855 85
20856 11
20857 63
20858 80
20859 11
20860 10
20861 52
20862 10
20863 39
20864 39
20865 88
20866 39
20867 39
20868 41
20869 66
20870 71
20871 66
20872 66
20873 66
20874 18
20875 80
20876 92
20877 92
20878 78
20879 78
20880 64
20881 64
20882 76
20883 59
20884 59
20885 19
20886 19
20887 2
20888 92
20889 34
20890 38
20891 38
20892 27
20893 27
20894 27
20895 14
20896 14
20897 17
20898 93
20899 93
20900 93
20901 93
20902 93
20903 93
20904 90
20905 57
20906 90
20907 94
20908 90
20909 11
20910 54
20911 11
20912 41
20913 41
20914 43
20915 1
20916 28
20917 28
20918 28
20919 97
20920 93
20921 71
20922 70
20923 74
20924 29
20925 29
20926 29
20927 43
20928 43
20929 43
20930 43
20931 39
20932 72
20933 72
20934 85
20935 68
20936 68
20937 34
20938 34
20939 24
20940 12
20941 12
20942 82
20943 26
20944 26
20945 26
20946 26
20947 26
20948 98
20949 98
20950 96
20951 52
20952 44
20953 59
20954 89
20955 70
20956 61
20957 4
20958 89
20959 36
20960 46
20961 23
20962 23
20963 23
20964 23
20965 22
20966 84
20967 84
20968 32
20969 32
20970 30
20971 40
20972 42
20973 9
20974 9
20975 17
20976 60
20977 60
20978 49
20979 49
20980 80
20981 26
20982 66
20983 66
20984 66
20985 66
20986 71
20987 71
20988 97
20989 13
20990 73
20991 52
20992 52
20993 52
20994 68
20995 68
20996 25
20997 25
20998 10
20999 10
21000 28
21001 92
21002 78
21003 11
21004 80
21005 80
21006 47
21007 16
21008 54
21009 54
21010 54
21011 67
21012 67
21013 80
21014 80
21015 80
21016 80
21017 30
21018 30
21019 12
21020 23
21021 30
21022 88
21023 92
21024 31
21025 78
21026 78
21027 54
21028 54
21029 92
21030 61
21031 92
21032 61
21033 37
21034 37
21035 37
21036 81
21037 81
21038 81
21039 81
21040 81
21041 81
21042 86
21043 86
21044 2
21045 39
21046 53
21047 53
21048 53
21049 63
21050 96
21051 96
21052 96
21053 19
21054 19
21055 19
21056 77
21057 66
21058 56
21059 56
21060 65
21061 65
21062 84
21063 36
21064 28
21065 28
21066 28
21067 63
21068 77
21069 77
21070 52
21071 52
21072 52
21073 34
21074 34
21075 34
21076 73
21077 73
21078 73
21079 73
21080 52
21081 50
21082 44
21083 93
21084 93
21085 35
21086 18
21087 50
21088 50
21089 50
21090 39
21091 28
21092 28
21093 34
21094 74
21095 74
21096 45
21097 17
21098 6
21099 17
21100 17
21101 17
21102 79
21103 17
21104 93
21105 65
21106 42
21107 42
21108 24
21109 24
21110 29
21111 29
21112 23
21113 23
21114 70
21115 70
21116 70
21117 28
21118 82
21119 82
21120 98
21121 97
21122 84
21123 78
21124 78
21125 78
21126 78
21127 59
21128 1
21129 21
21130 43
21131 21
21132 92
21133 21
21134 21
21135 39
21136 92
21137 39
21138 39
21139 17
21140 17
21141 71
21142 71
21143 71
21144 71
21145 27
21146 70
21147 31
21148 9
21149 86
21150 65
21151 65
21152 76
21153 76
21154 76
21155 47
21156 47
21157 8
21158 28
21159 28
21160 28
21161 86
21162 59
21163 59
21164 59
21165 62
21166 15
21167 15
21168 77
21169 77
21170 77
21171 11
21172 72
21173 69
21174 70
21175 70
21176 70
21177 70
21178 67
21179 67
21180 67
21181 15
21182 15
21183 15
21184 27
21185 27
21186 3
21187 23
21188 23
21189 23
21190 11
21191 23
21192 23
21193 68
21194 68
21195 68
21196 68
21197 63
21198 74
21199 12
21200 10
21201 10
21202 10
21203 4
21204 1
21205 73
21206 90
21207 19
21208 56
21209 4
21210 56
21211 62
21212 62
21213 62
21214 62
21215 60
21216 60
21217 62
21218 5
21219 36
21220 4
21221 30
21222 79
21223 79
21224 22
21225 67
21226 40
21227 77
21228 77
21229 29
21230 67
21231 85
21232 67
21233 10
21234 10
21235 22
21236 22
21237 22
21238 56
21239 56
21240 28
21241 75
21242 75
21243 75
21244 75
21245 75
21246 26
21247 26
21248 75
21249 15
21250 15
21251 90
21252 90
21253 92
21254 54
21255 54
21256 48
21257 44
21258 40
21259 64
21260 24
21261 24
21262 88
21263 45
21264 13
21265 13
21266 14
21267 70
21268 42
21269 42
21270 42
21271 42
21272 43
21273 42
21274 42
21275 44
21276 42
21277 50
21278 41
21279 41
21280 69
21281 69
21282 28
21283 28
21284 28
21285 4
21286 97
21287 97
21288 97
21289 97
21290 93
21291 18
21292 35
21293 35
21294 35
21295 58
21296 58
21297 42
21298 42
21299 42
21300 79
21301 0
21302 27
21303 27
21304 38
21305 8
21306 87
21307 8
21308 4
21309 8
21310 8
21311 83
21312 77
21313 77
21314 83
21315 27
21316 27
21317 55
21318 3
21319 62
21320 62
21321 33
21322 0
21323 33
21324 33
21325 34
21326 34
21327 10
21328 10
21329 10
21330 8
21331 72
21332 72
21333 72
21334 22
21335 22
21336 22
21337 93
21338 6
21339 11
21340 67
21341 67
21342 86
21343 86
21344 86
21345 89
21346 88
21347 9
21348 8
21349 8
21350 84
21351 54
21352 54
21353 86
21354 91
21355 18
21356 12
21357 48
21358 48
21359 16
21360 46
21361 7
21362 9
21363 28
21364 46
21365 7
21366 49
21367 53
21368 79
21369 48
21370 48
21371 95
21372 74
21373 24
21374 84
21375 39
21376 39
21377 18
21378 62
21379 18
21380 62
21381 1
21382 69
21383 69
21384 2
21385 2
21386 65
21387 5
21388 5
21389 40
21390 40
21391 40
21392 25
21393 25
21394 66
21395 66
21396 72
21397 72
21398 72
21399 41
21400 41
21401 41
21402 41
21403 41
21404 41
21405 41
21406 13
21407 52
21408 91
21409 91
21410 91
21411 26
21412 65
21413 9
21414 18
21415 18
21416 18
21417 38
21418 0
21419 92
21420 58
21421 58
21422 83
21423 83
21424 83
21425 92
21426 92
21427 75
21428 12
21429 12
21430 6
21431 56
21432 56
21433 56
21434 70
21435 90
21436 94
21437 82
21438 0
21439 82
21440 42
21441 42
21442 42
21443 85
21444 43
21445 26
21446 14
21447 64
21448 10
21449 10
21450 34
21451 98
21452 48
21453 33
21454 33
21455 33
21456 33
21457 95
21458 95
21459 68
21460 68
21461 68
21462 68
21463 68
21464 21
21465 21
21466 79
21467 79
21468 14
21469 14
21470 92
21471 92
21472 92
21473 92
21474 34
21475 34
21476 34
21477 1
21478 37
21479 37
21480 34
21481 34
21482 30
21483 30
21484 88
21485 85
21486 85
21487 85
21488 27
21489 68
21490 27
21491 27
21492 27
21493 42
21494 97
21495 13
21496 14
21497 14
21498 32
21499 32
21500 76
21501 76
21502 41
21503 41
21504 17
21505 17
21506 17
21507 17
21508 43
21509 49
21510 91
21511 43
21512 85
21513 95
21514 89
21515 72
21516 70
21517 63
21518 63
21519 63
21520 62
21521 62
21522 91
21523 48
21524 47
21525 35
21526 19
21527 35
21528 27
21529 27
21530 52
21531 52
21532 45
21533 90
21534 68
21535 68
21536 97
21537 97
21538 2
21539 49
21540 42
21541 77
21542 42
21543 80
21544 68
21545 78
21546 78
21547 78
21548 77
21549 77
21550 32
21551 17
21552 17
21553 17
21554 17
21555 34
21556 34
21557 46
21558 5
21559 46
21560 67
21561 74
21562 74
21563 2
21564 82
21565 74
21566 21
21567 21
21568 21
21569 5
21570 30
21571 30
21572 53
21573 31
21574 31
21575 6
21576 24
21577 93
21578 37
21579 24
21580 55
21581 55
21582 32
21583 32
21584 32
21585 32
21586 32
21587 88
21588 20
21589 15
21590 68
21591 1
21592 45
21593 95
21594 40
21595 97
21596 82
21597 82
21598 48
21599 30
21600 30
21601 54
21602 6
21603 56
21604 56
21605 11
21606 20
21607 20
21608 21
21609 35
21610 27
21611 65
21612 92
21613 92
21614 92
21615 75
21616 85
21617 75
21618 45
21619 45
21620 50
21621 50
21622 39
21623 39
21624 39
21625 70
21626 98
21627 98
21628 41
21629 41
21630 40
21631 42
21632 10
21633 42
21634 80
21635 80
21636 80
21637 10
21638 10
21639 13
21640 85
21641 85
21642 85
21643 82
21644 82
21645 82
21646 50
21647 50
21648 50
21649 8
21650 23
21651 23
21652 33
21653 50
21654 74
21655 67
21656 19
21657 19
21658 19
21659 19
21660 68
21661 68
21662 54
21663 30
21664 30
21665 17
21666 27
21667 22
21668 27
21669 27
21670 6
21671 23
21672 53
21673 61
21674 23
21675 23
21676 25
21677 25
21678 21
21679 21
21680 60
21681 60
21682 60
21683 46
21684 46
21685 43
21686 43
21687 17
21688 17
21689 36
21690 3
21691 27
21692 41
21693 49
21694 49
21695 50
21696 67
21697 92
21698 1
21699 25
21700 25
21701 25
21702 25
21703 31
21704 26
21705 69
21706 69
21707 98
21708 37
21709 37
21710 94
21711 94
21712 43
21713 43
21714 43
21715 34
21716 71
21717 14
21718 14
21719 14
21720 14
21721 18
21722 18
21723 87
21724 85
21725 85
21726 31
21727 85
21728 8
21729 85
21730 85
21731 47
21732 47
21733 47
21734 88
21735 23
21736 23
21737 0
21738 88
21739 88
21740 73
21741 73
21742 41
21743 67
21744 41
21745 39
21746 41
21747 41
21748 41
21749 20
21750 33
21751 33
21752 22
21753 56
21754 25
21755 25
21756 25
21757 25
21758 25
21759 25
21760 17
21761 17
21762 83
21763 47
21764 83
21765 83
21766 58
21767 69
21768 26
21769 66
21770 66
21771 66
21772 66
21773 20
21774 75
21775 75
21776 41
21777 86
21778 48
21779 48
21780 53
21781 53
21782 53
21783 53
21784 94
21785 94
21786 95
21787 19
21788 19
21789 52
21790 52
21791 43
21792 52
21793 52
21794 8
21795 8
21796 85
21797 91
21798 91
21799 88
21800 54
21801 22
21802 54
21803 40
21804 42
21805 42
21806 42
21807 80
21808 80
21809 80
21810 24
21811 24
21812 24
21813 24
21814 7
21815 7
21816 19
21817 66
21818 7
21819 7
21820 67
21821 54
21822 79
21823 44
21824 44
21825 14
21826 14
21827 14
21828 32
21829 32
21830 59
21831 91
21832 59
21833 59
21834 61
21835 74
21836 61
21837 39
21838 39
21839 6
21840 39
21841 22
21842 63
21843 22
21844 44
21845 44
21846 16
21847 62
21848 62
21849 83
21850 53
21851 44
21852 44
21853 7
21854 80
21855 16
21856 56
21857 66
21858 80
21859 73
21860 73
21861 73
21862 70
21863 70
21864 28
21865 28
21866 28
21867 40
21868 92
21869 92
21870 31
21871 31
21872 83
21873 83
21874 40
21875 40
21876 83
21877 19
21878 19
21879 2
21880 41
21881 41
21882 86
21883 38
21884 39
21885 5
21886 39
21887 5
21888 72
21889 73
21890 15
21891 15
21892 49
21893 49
21894 34
21895 68
21896 14
21897 14
21898 14
21899 79
21900 78
21901 78
21902 78
21903 78
21904 78
21905 87
21906 87
21907 6
21908 6
21909 38
21910 36
21911 38
21912 38
21913 27
21914 27
21915 8
21916 42
21917 42
21918 33
21919 19
21920 19
21921 19
21922 19
21923 91
21924 45
21925 31
21926 45
21927 75
21928 75
21929 75
21930 75
21931 54
21932 36
21933 52
21934 54
21935 14
21936 14
21937 14
21938 63
21939 63
21940 68
21941 60
21942 60
21943 40
21944 40
21945 40
21946 40
21947 51
21948 80
21949 27
21950 27
21951 27
21952 27
21953 9
21954 9
21955 77
21956 45
21957 86
21958 86
21959 86
21960 45
21961 45
21962 45
21963 21
21964 27
21965 13
21966 13
21967 10
21968 98
21969 80
21970 80
21971 80
21972 32
21973 71
21974 43
21975 47
21976 47
21977 47
21978 10
21979 10
21980 88
21981 88
21982 88
21983 94
21984 94
21985 59
21986 59
21987 59
21988 34
21989 34
21990 22
21991 11
21992 11
21993 11
21994 88
21995 48
21996 42
21997 42
21998 42
21999 77
22000 77
22001 14
22002 14
22003 14
22004 14
22005 37
22006 37
22007 79
22008 25
22009 40
22010 40
22011 26
22012 26
22013 66
22014 66
22015 66
22016 62
22017 62
22018 62
22019 92
22020 62
22021 77
22022 1
22023 76
22024 77
22025 76
22026 77
22027 61
22028 61
22029 31
22030 70
22031 70
22032 75
22033 75
22034 74
22035 74
22036 46
22037 46
22038 77
22039 77
22040 77
22041 77
22042 77
22043 77
22044 41
22045 32
22046 41
22047 7
22048 76
22049 76
22050 76
22051 76
22052 76
22053 19
22054 52
22055 69
22056 51
22057 15
22058 76
22059 80
22060 14
22061 60
22062 35
22063 51
22064 51
22065 29
22066 29
22067 29
22068 34
22069 80
22070 80
22071 80
22072 91
22073 91
22074 91
22075 73
22076 73
22077 40
22078 40
22079 56
22080 56
22081 24
22082 68
22083 68
22084 68
22085 68
22086 88
22087 88
22088 22
22089 5
22090 80
22091 98
22092 98
22093 6
22094 98
22095 98
22096 98
22097 94
22098 94
22099 10
22100 10
22101 82
22102 82
22103 18
22104 29
22105 18
22106 57
22107 50
22108 80
22109 80
22110 54
22111 68
22112 49
22113 49
22114 49
22115 49
22116 49
22117 22
22118 53
22119 52
22120 61
22121 12
22122 46
22123 48
22124 48
22125 6
22126 85
22127 11
22128 11
22129 11
22130 71
22131 71
22132 96
22133 96
22134 41
22135 41
22136 41
22137 41
22138 26
22139 26
22140 26
22141 21
22142 21
22143 46
22144 46
22145 7
22146 41
22147 40
22148 7
22149 41
22150 30
22151 30
22152 59
22153 59
22154 59
22155 59
22156 83
22157 83
22158 83
22159 52
22160 38
22161 23
22162 94
22163 94
22164 43
22165 43
22166 68
22167 68
22168 1
22169 91
22170 53
22171 90
22172 76
22173 90
22174 68
22175 68
22176 81
22177 95
22178 95
22179 44
22180 44
22181 15
22182 66
22183 66
22184 66
22185 51
22186 51
22187 52
22188 16
22189 45
22190 5
22191 45
22192 16
22193 68
22194 66
22195 81
22196 81
22197 34
22198 49
22199 89
22200 62
22201 62
22202 8
22203 96
22204 74
22205 70
22206 97
22207 97
22208 66
22209 35
22210 66
22211 66
22212 66
22213 66
22214 33
22215 47
22216 4
22217 68
22218 12
22219 68
22220 68
22221 63
22222 94
22223 62
22224 48
22225 68
22226 67
22227 67
22228 59
22229 10
22230 40
22231 40
22232 12
22233 12
22234 56
22235 56
22236 56
22237 41
22238 78
22239 78
22240 83
22241 83
22242 67
22243 98
22244 98
22245 77
22246 77
22247 77
22248 77
22249 74
22250 74
22251 68
22252 68
22253 21
22254 21
22255 13
22256 13
22257 13
22258 13
22259 16
22260 22
22261 14
22262 13
22263 12
22264 67
22265 12
22266 20
22267 20
22268 71
22269 82
22270 57
22271 57
22272 23
22273 33
22274 80
22275 16
22276 6
22277 80
22278 80
22279 37
22280 65
22281 37
22282 56
22283 37
22284 16
22285 16
22286 82
22287 82
22288 82
22289 42
22290 42
22291 42
22292 42
22293 74
22294 19
22295 7
22296 22
22297 22
22298 19
22299 19
22300 68
22301 68
22302 68
22303 15
22304 15
22305 8
22306 15
22307 60
22308 48
22309 60
22310 7
22311 52
22312 52
22313 59
22314 60
22315 59
22316 79
22317 79
22318 79
22319 28
22320 69
22321 28
22322 28
22323 4
22324 28
22325 69
22326 79
22327 8
22328 79
22329 58
22330 16
22331 16
22332 88
22333 8
22334 58
22335 87
22336 87
22337 87
22338 93
22339 97
22340 12
22341 36
22342 57
22343 57
22344 47
22345 47
22346 47
22347 47
22348 72
22349 26
22350 83
22351 83
22352 83
22353 95
22354 83
22355 92
22356 92
22357 51
22358 60
22359 60
22360 60
22361 60
22362 47
22363 14
22364 88
22365 88
22366 18
22367 37
22368 37
22369 31
22370 96
22371 70
22372 95
22373 70
22374 47
22375 47
22376 96
22377 96
22378 57
22379 89
22380 74
22381 80
22382 40
22383 44
22384 40
22385 94
22386 40
22387 96
22388 50
22389 34
22390 64
22391 64
22392 7
22393 38
22394 38
22395 86
22396 54
22397 91
22398 91
22399 91
22400 20
22401 91
22402 30
22403 30
22404 10
22405 20
22406 15
22407 85
22408 59
22409 59
22410 59
22411 59
22412 59
22413 36
22414 36
22415 36
22416 36
22417 96
22418 96
22419 11
22420 77
22421 77
22422 59
22423 59
22424 59
22425 59
22426 4
22427 88
22428 88
22429 88
22430 88
22431 18
22432 57
22433 57
22434 90
22435 57
22436 57
22437 64
22438 57
22439 21
22440 52
22441 18
22442 18
22443 18
22444 6
22445 32
22446 32
22447 1
22448 63
22449 63
22450 53
22451 53
22452 52
22453 52
22454 52
22455 42
22456 54
22457 42
22458 42
22459 42
22460 54
22461 42
22462 42
22463 42
22464 54
22465 65
22466 65
22467 7
22468 18
22469 18
22470 18
22471 32
22472 84
22473 66
22474 66
22475 66
22476 66
22477 66
22478 74
22479 74
22480 66
22481 83
22482 74
22483 44
22484 7
22485 9
22486 7
22487 64
22488 84
22489 68
22490 19
22491 57
22492 89
22493 71
22494 71
22495 83
22496 46
22497 46
22498 33
22499 22
22500 54
22501 41
22502 28
22503 28
22504 28
22505 77
22506 74
22507 77
22508 68
22509 39
22510 39
22511 38
22512 38
22513 17
22514 17
22515 17
22516 40
22517 22
22518 40
22519 86
22520 73
22521 71
22522 71
22523 71
22524 51
22525 60
22526 83
22527 83
22528 83
22529 14
22530 14
22531 97
22532 97
22533 97
22534 97
22535 97
22536 97
22537 18
22538 12
22539 12
22540 12
22541 12
22542 12
22543 84
22544 93
22545 75
22546 78
22547 33
22548 33
22549 43
22550 45
22551 74
22552 74
22553 74
22554 73
22555 74
22556 52
22557 33
22558 75
22559 49
22560 7
22561 7
22562 35
22563 35
22564 35
22565 35
22566 40
22567 40
22568 87
22569 68
22570 68
22571 86
22572 54
22573 86
22574 50
22575 50
22576 50
22577 50
22578 50
22579 89
22580 72
22581 24
22582 24
22583 24
22584 85
22585 85
22586 85
22587 85
22588 86
22589 86
22590 67
22591 68
22592 68
22593 68
22594 67
22595 66
22596 58
22597 58
22598 98
22599 84
22600 98
22601 98
22602 96
22603 96
22604 18
22605 18
22606 18
22607 18
22608 18
22609 70
22610 70
22611 70
22612 17
22613 17
22614 73
22615 73
22616 73
22617 68
22618 68
22619 41
22620 70
22621 70
22622 70
22623 63
22624 63
22625 16
22626 16
22627 70
22628 70
22629 74
22630 12
22631 12
22632 65
22633 44
22634 44
22635 44
22636 23
22637 37
22638 38
22639 11
22640 11
22641 57
22642 31
22643 31
22644 31
22645 49
22646 82
22647 53
22648 89
22649 89
22650 89
22651 16
22652 16
22653 48
22654 8
22655 95
22656 95
22657 6
22658 19
22659 19
22660 30
22661 30
22662 58
22663 70
22664 58
22665 40
22666 42
22667 40
22668 35
22669 35
22670 35
22671 78
22672 78
22673 78
22674 78
22675 41
22676 6
22677 13
22678 14
22679 97
22680 10
22681 10
22682 92
22683 15
22684 57
22685 29
22686 57
22687 57
22688 19
22689 46
22690 46
22691 56
22692 56
22693 89
22694 89
22695 4
22696 89
22697 69
22698 69
22699 70
22700 70
22701 33
22702 62
22703 62
22704 62
22705 20
22706 20
22707 20
22708 74
22709 74
22710 20
22711 10
22712 20
22713 10
22714 65
22715 88
22716 88
22717 88
22718 25
22719 25
22720 38
22721 92
22722 73
22723 53
22724 91
22725 91
22726 1
22727 15
22728 85
22729 90
22730 44
22731 44
22732 50
22733 50
22734 70
22735 22
22736 56
22737 1
22738 56
22739 56
22740 31
22741 29
22742 29
22743 29
22744 86
22745 86
22746 86
22747 91
22748 91
22749 91
22750 32
22751 32
22752 68
22753 68
22754 36
22755 88
22756 66
22757 24
22758 23
22759 73
22760 62
22761 97
22762 62
22763 8
22764 63
22765 63
22766 73
22767 73
22768 73
22769 73
22770 73
22771 95
22772 95
22773 92
22774 92
22775 92
22776 92
22777 97
22778 12
22779 12
22780 32
22781 32
22782 32
22783 48
22784 70
22785 91
22786 70
22787 25
22788 25
22789 15
22790 94
22791 8
22792 8
22793 46
22794 46
22795 46
22796 46
22797 46
22798 46
22799 77
22800 12
22801 12
22802 73
22803 39
22804 9
22805 43
22806 45
22807 45
22808 45
22809 62
22810 94
22811 79
22812 48
22813 48
22814 83
22815 83
22816 43
22817 70
22818 40
22819 62
22820 10
22821 70
22822 70
22823 98
22824 9
22825 21
22826 21
22827 22
22828 68
22829 2
22830 17
22831 15
22832 14
22833 79
22834 79
22835 79
22836 33
22837 64
22838 64
22839 64
22840 64
22841 32
22842 7
22843 7
22844 7
22845 47
22846 27
22847 27
22848 58
22849 58
22850 76
22851 71
22852 71
22853 41
22854 79
22855 79
22856 79
22857 39
22858 41
22859 41
22860 41
22861 50
22862 50
22863 89
22864 86
22865 86
22866 79
22867 19
22868 59
22869 12
22870 2
22871 93
22872 93
22873 93
22874 72
22875 81
22876 81
22877 74
22878 74
22879 74
22880 74
22881 62
22882 59
22883 59
22884 8
22885 8
22886 8
22887 29
22888 44
22889 44
22890 44
22891 44
22892 44
22893 10
22894 10
22895 40
22896 95
22897 57
22898 7
22899 43
22900 43
22901 43
22902 6
22903 6
22904 35
22905 52
22906 52
22907 52
22908 69
22909 69
22910 69
22911 10
22912 12
22913 12
22914 33
22915 33
22916 9
22917 33
22918 56
22919 40
22920 81
22921 56
22922 56
22923 73
22924 73
22925 28
22926 74
22927 74
22928 38
22929 42
22930 10
22931 10
22932 62
22933 62
22934 9
22935 94
22936 90
22937 90
22938 35
22939 35
22940 35
22941 35
22942 35
22943 57
22944 57
22945 10
22946 95
22947 81
22948 95
22949 95
22950 62
22951 62
22952 62
22953 5
22954 97
22955 97
22956 97
22957 85
22958 85
22959 34
22960 34
22961 39
22962 39
22963 20
22964 45
22965 98
22966 74
22967 98
22968 98
22969 75
22970 16
22971 16
22972 60
22973 60
22974 32
22975 75
22976 75
22977 85
22978 81
22979 20
22980 37
22981 37
22982 64
22983 59
22984 62
22985 62
22986 50
22987 50
22988 50
22989 2
22990 26
22991 69
22992 69
22993 69
22994 17
22995 11
22996 84
22997 8
22998 91
22999 91
23000 91
23001 91
23002 64
23003 29
23004 64
23005 98
23006 94
23007 31
23008 30
23009 30
23010 26
23011 30
23012 76
23013 76
23014 76
23015 27
23016 27
23017 49
23018 2
23019 49
23020 49
23021 2
23022 57
23023 57
23024 92
23025 81
23026 81
23027 80
23028 67
23029 19
23030 67
23031 67
23032 27
23033 27
23034 27
23035 39
23036 39
23037 36
23038 28
23039 28
23040 31
23041 93
23042 93
23043 67
23044 16
23045 16
23046 16
23047 64
23048 34
23049 47
23050 52
23051 45
23052 74
23053 95
23054 74
23055 66
23056 4
23057 78
23058 78
23059 44
23060 26
23061 26
23062 26
23063 54
23064 54
23065 54
23066 97
23067 94
23068 59
23069 18
23070 18
23071 18
23072 6
23073 18
23074 82
23075 82
23076 82
23077 82
23078 78
23079 61
23080 80
23081 20
23082 31
23083 20
23084 4
23085 20
23086 31
23087 42
23088 79
23089 79
23090 1
23091 35
23092 6
23093 35
23094 6
23095 97
23096 18
23097 98
23098 61
23099 18
23100 61
23101 64
23102 91
23103 65
23104 56
23105 65
23106 93
23107 74
23108 74
23109 98
23110 98
23111 93
23112 93
23113 93
23114 38
23115 38
23116 38
23117 55
23118 55
23119 63
23120 41
23121 63
23122 63
23123 24
23124 24
23125 89
23126 89
23127 85
23128 85
23129 3
23130 87
23131 82
23132 90
23133 53
23134 90
23135 67
23136 61
23137 81
23138 81
23139 26
23140 81
23141 81
23142 81
23143 49
23144 49
23145 74
23146 74
23147 74
23148 74
23149 74
23150 34
23151 34
23152 97
23153 65
23154 65
23155 41
23156 41
23157 78
23158 78
23159 40
23160 13
23161 13
23162 13
23163 91
23164 91
23165 39
23166 46
23167 46
23168 46
23169 46
23170 46
23171 46
23172 53
23173 46
23174 4
23175 67
23176 9
23177 9
23178 9
23179 53
23180 35
23181 34
23182 34
23183 15
23184 15
23185 15
23186 92
23187 92
23188 75
23189 75
23190 75
23191 75
23192 45
23193 80
23194 77
23195 80
23196 80
23197 83
23198 12
23199 24
23200 15
23201 15
23202 15
23203 93
23204 93
23205 20
23206 84
23207 20
23208 20
23209 71
23210 17
23211 42
23212 93
23213 53
23214 93
23215 48
23216 64
23217 64
23218 64
23219 31
23220 31
23221 43
23222 17
23223 6
23224 6
23225 76
23226 10
23227 39
23228 39
23229 77
23230 77
23231 1
23232 20
23233 20
23234 9
23235 9
23236 9
23237 79
23238 74
23239 73
23240 26
23241 26
23242 34
23243 27
23244 56
23245 56
23246 27
23247 16
23248 39
23249 85
23250 39
23251 4
23252 52
23253 70
23254 72
23255 3
23256 33
23257 49
23258 49
23259 49
23260 20
23261 20
23262 20
23263 20
23264 20
23265 63
23266 90
23267 90
23268 90
23269 35
23270 25
23271 25
23272 25
23273 25
23274 25
23275 25
23276 77
23277 77
23278 22
23279 15
23280 11
23281 57
23282 57
23283 65
23284 71
23285 77
23286 3
23287 77
23288 41
23289 41
23290 38
23291 41
23292 41
23293 41
23294 7
23295 5
23296 7
23297 50
23298 55
23299 50
23300 27
23301 27
23302 37
23303 37
23304 90
23305 33
23306 33
23307 73
23308 73
23309 73
23310 45
23311 45
23312 45
23313 38
23314 89
23315 89
23316 89
23317 89
23318 77
23319 62
23320 62
23321 62
23322 83
23323 44
23324 44
23325 44
23326 72
23327 8
23328 35
23329 35
23330 90
23331 32
23332 35
23333 35
23334 51
23335 96
23336 51
23337 51
23338 51
23339 25
23340 25
23341 25
23342 25
23343 35
23344 30
23345 68
23346 83
23347 81
23348 81
23349 71
23350 39
23351 13
23352 13
23353 13
23354 13
23355 60
23356 60
23357 38
23358 38
23359 64
23360 94
23361 95
23362 95
23363 20
23364 54
23365 61
23366 61
23367 61
23368 60
23369 61
23370 42
23371 42
23372 51
23373 34
23374 57
23375 54
23376 46
23377 21
23378 22
23379 11
23380 21
23381 21
23382 21
23383 29
23384 29
23385 77
23386 77
23387 77
23388 77
23389 57
23390 97
23391 97
23392 97
23393 41
23394 89
23395 41
23396 38
23397 23
23398 29
23399 46
23400 46
23401 34
23402 34
23403 8
23404 8
23405 4
23406 13
23407 13
23408 13
23409 65
23410 65
23411 79
23412 66
23413 66
23414 42
23415 15
23416 42
23417 22
23418 8
23419 5
23420 87
23421 84
23422 43
23423 19
23424 90
23425 19
23426 13
23427 13
23428 13
23429 44
23430 44
23431 87
23432 54
23433 54
23434 54
23435 97
23436 81
23437 97
23438 86
23439 26
23440 26
23441 87
23442 37
23443 51
23444 51
23445 33
23446 18
23447 18
23448 86
23449 86
23450 25
23451 25
23452 26
23453 26
23454 27
23455 29
23456 27
23457 83
23458 83
23459 83
23460 42
23461 81
23462 85
23463 1
23464 85
23465 59
23466 97
23467 59
23468 59
23469 59
23470 66
23471 41
23472 59
23473 71
23474 74
23475 84
23476 84
23477 84
23478 84
23479 94
23480 31
23481 84
23482 41
23483 98
23484 98
23485 97
23486 67
23487 73
23488 67
23489 16
23490 67
23491 4
23492 75
23493 75
23494 75
23495 27
23496 37
23497 52
23498 52
23499 85
23500 13
23501 91
23502 84
23503 84
23504 84
23505 84
23506 84
23507 84
23508 15
23509 10
23510 10
23511 10
23512 19
23513 19
23514 19
23515 58
23516 69
23517 58
23518 58
23519 58
23520 28
23521 28
23522 75
23523 75
23524 18
23525 67
23526 67
23527 66
23528 81
23529 47
23530 20
23531 47
23532 47
23533 82
23534 30
23535 21
23536 84
23537 84
23538 84
23539 78
23540 78
23541 78
23542 35
23543 35
23544 72
23545 23
23546 23
23547 48
23548 23
23549 58
23550 34
23551 50
23552 50
23553 28
23554 28
23555 86
23556 86
23557 86
23558 61
23559 61
23560 16
23561 16
23562 12
23563 88
23564 82
23565 82
23566 16
23567 16
23568 32
23569 57
23570 57
23571 45
23572 45
23573 45
23574 80
23575 46
23576 53
23577 53
23578 51
23579 52
23580 51
23581 29
23582 8
23583 29
23584 86
23585 86
23586 67
23587 67
23588 23
23589 24
23590 23
23591 77
23592 77
23593 77
23594 89
23595 70
23596 65
23597 43
23598 43
23599 41
23600 41
23601 53
23602 53
23603 53
23604 41
23605 61
23606 61
23607 29
23608 33
23609 32
23610 52
23611 83
23612 83
23613 83
23614 83
23615 9
23616 18
23617 18
23618 63
23619 53
23620 6
23621 40
23622 40
23623 40
23624 40
23625 40
23626 40
23627 70
23628 70
23629 70
23630 2
23631 12
23632 71
23633 16
23634 60
23635 79
23636 60
23637 60
23638 60
23639 52
23640 46
23641 52
23642 30
23643 30
23644 30
23645 30
23646 80
23647 80
23648 53
23649 53
23650 53
23651 53
23652 93
23653 13
23654 94
23655 37
23656 37
23657 48
23658 48
23659 43
23660 43
23661 45
23662 45
23663 46
23664 46
23665 29
23666 29
23667 87
23668 87
23669 27
23670 27
23671 55
23672 55
23673 65
23674 65
23675 65
23676 65
23677 98
23678 98
23679 78
23680 78
23681 78
23682 37
23683 28
23684 28
23685 27
23686 33
23687 66
23688 66
23689 66
23690 56
23691 66
23692 76
23693 76
23694 76
23695 12
23696 11
23697 11
23698 11
23699 43
23700 0
23701 27
23702 87
23703 21
23704 57
23705 78
23706 55
23707 55
23708 69
23709 13
23710 7
23711 49
23712 43
23713 32
23714 32
23715 37
23716 32
23717 51
23718 51
23719 89
23720 89
23721 89
23722 24
23723 24
23724 59
23725 59
23726 39
23727 42
23728 96
23729 96
23730 52
23731 66
23732 71
23733 71
23734 71
23735 71
23736 92
23737 92
23738 42
23739 42
23740 19
23741 77
23742 79
23743 76
23744 85
23745 85
23746 23
23747 82
23748 20
23749 20
23750 5
23751 20
23752 56
23753 56
23754 50
23755 50
23756 50
23757 50
23758 84
23759 84
23760 87
23761 87
23762 87
23763 53
23764 94
23765 53
23766 53
23767 36
23768 51
23769 51
23770 51
23771 19
23772 11
23773 11
23774 35
23775 40
23776 40
23777 40
23778 84
23779 84
23780 84
23781 84
23782 24
23783 53
23784 53
23785 75
23786 55
23787 75
23788 80
23789 42
23790 49
23791 32
23792 32
23793 28
23794 7
23795 86
23796 58
23797 48
23798 58
23799 92
23800 60
23801 60
23802 50
23803 60
23804 26
23805 26
23806 48
23807 48
23808 48
23809 48
23810 48
23811 48
23812 48
23813 48
23814 48
23815 63
23816 63
23817 63
23818 10
23819 10
23820 19
23821 6
23822 13
23823 67
23824 67
23825 67
23826 67
23827 67
23828 88
23829 12
23830 12
23831 73
23832 17
23833 12
23834 17
23835 63
23836 17
23837 47
23838 83
23839 2
23840 36
23841 39
23842 36
23843 28
23844 8
23845 24
23846 24
23847 24
23848 24
23849 91
23850 91
23851 49
23852 38
23853 39
23854 23
23855 23
23856 24
23857 23
23858 23
23859 62
23860 33
23861 74
23862 74
23863 25
23864 25
23865 25
23866 25
23867 25
23868 40
23869 62
23870 40
23871 40
23872 47
23873 20
23874 47
23875 23
23876 94
23877 97
23878 94
23879 97
23880 94
23881 68
23882 68
23883 68
23884 68
23885 68
23886 78
23887 68
23888 18
23889 81
23890 81
23891 81
23892 81
23893 72
23894 72
23895 77
23896 78
23897 77
23898 77
23899 66
23900 86
23901 86
23902 86
23903 54
23904 16
23905 16
23906 16
23907 16
23908 16
23909 16
23910 94
23911 94
23912 81
23913 42
23914 54
23915 70
23916 65
23917 65
23918 65
23919 94
23920 70
23921 70
23922 74
23923 70
23924 4
23925 27
23926 68
23927 70
23928 70
23929 88
23930 70
23931 69
23932 1
23933 69
23934 54
23935 1
23936 95
23937 95
23938 95
23939 5
23940 95
23941 95
23942 95
23943 95
23944 86
23945 86
23946 77
23947 97
23948 97
23949 97
23950 97
23951 97
23952 97
23953 97
23954 33
23955 89
23956 83
23957 83
23958 69
23959 42
23960 51
23961 51
23962 44
23963 44
23964 9
23965 9
23966 5
23967 9
23968 29
23969 42
23970 1
23971 42
23972 43
23973 43
23974 43
23975 42
23976 43
23977 14
23978 92
23979 53
23980 76
23981 7
23982 94
23983 91
23984 91
23985 16
23986 62
23987 93
23988 93
23989 94
23990 94
23991 12
23992 12
23993 12
23994 72
23995 7
23996 10
23997 16
23998 16
23999 16
24000 16
24001 63
24002 63
24003 63
24004 63
24005 64
24006 70
24007 70
24008 14
24009 14
24010 17
24011 17
24012 17
24013 59
24014 6
24015 59
24016 59
24017 89
24018 87
24019 87
24020 17
24021 50
24022 9
24023 43
24024 43
24025 20
24026 20
24027 75
24028 84
24029 87
24030 14
24031 14
24032 14
24033 14
24034 65
24035 39
24036 59
24037 2
24038 39
24039 88
24040 88
24041 43
24042 26
24043 26
24044 17
24045 92
24046 8
24047 44
24048 1
24049 39
24050 96
24051 96
24052 96
24053 67
24054 0
24055 67
24056 3
24057 78
24058 37
24059 37
24060 73
24061 73
24062 26
24063 26
24064 43
24065 43
24066 73
24067 73
24068 59
24069 59
24070 73
24071 43
24072 43
24073 40
24074 22
24075 52
24076 52
24077 52
24078 0
24079 93
24080 77
24081 27
24082 27
24083 77
24084 77
24085 86
24086 86
24087 86
24088 86
24089 31
24090 31
24091 31
24092 39
24093 39
24094 29
24095 29
24096 48
24097 78
24098 1
24099 78
24100 78
24101 78
24102 52
24103 52
24104 56
24105 92
24106 86
24107 92
24108 92
24109 30
24110 29
24111 23
24112 30
24113 30
24114 89
24115 89
24116 89
24117 77
24118 77
24119 24
24120 23
24121 18
24122 46
24123 34
24124 48
24125 91
24126 79
24127 86
24128 16
24129 24
24130 24
24131 24
24132 24
24133 67
24134 67
24135 67
24136 67
24137 67
24138 67
24139 56
24140 21
24141 21
24142 20
24143 20
24144 61
24145 77
24146 77
24147 34
24148 18
24149 18
24150 26
24151 26
24152 2
24153 89
24154 89
24155 89
24156 89
24157 27
24158 68
24159 68
24160 48
24161 48
24162 48
24163 5
24164 48
24165 48
24166 48
24167 68
24168 68
24169 23
24170 89
24171 89
24172 43
24173 70
24174 70
24175 54
24176 54
24177 54
24178 54
24179 54
24180 24
24181 24
24182 30
24183 33
24184 33
24185 33
24186 33
24187 54
24188 54
24189 56
24190 94
24191 94
24192 61
24193 61
24194 73
24195 73
24196 4
24197 10
24198 87
24199 7
24200 7
24201 8
24202 94
24203 30
24204 21
24205 30
24206 30
24207 8
24208 58
24209 72
24210 72
24211 65
24212 92
24213 11
24214 92
24215 92
24216 92
24217 92
24218 92
24219 10
24220 23
24221 10
24222 90
24223 10
24224 17
24225 64
24226 4
24227 4
24228 30
24229 30
24230 34
24231 34
24232 38
24233 11
24234 11
24235 73
24236 45
24237 67
24238 96
24239 66
24240 66
24241 66
24242 61
24243 61
24244 61
24245 57
24246 35
24247 35
24248 35
24249 35
24250 48
24251 48
24252 27
24253 75
24254 18
24255 18
24256 22
24257 11
24258 11
24259 45
24260 45
24261 45
24262 74
24263 74
24264 37
24265 13
24266 13
24267 13
24268 77
24269 77
24270 32
24271 19
24272 19
24273 74
24274 74
24275 74
24276 83
24277 83
24278 30
24279 19
24280 83
24281 79
24282 31
24283 78
24284 82
24285 78
24286 78
24287 37
24288 6
24289 77
24290 77
24291 77
24292 77
24293 77
24294 43
24295 43
24296 43
24297 24
24298 20
24299 40
24300 50
24301 40
24302 66
24303 65
24304 8
24305 88
24306 11
24307 88
24308 88
24309 88
24310 50
24311 81
24312 77
24313 77
24314 77
24315 78
24316 77
24317 39
24318 42
24319 94
24320 54
24321 54
24322 45
24323 45
24324 45
24325 45
24326 59
24327 59
24328 54
24329 51
24330 51
24331 91
24332 72
24333 72
24334 96
24335 84
24336 84
24337 84
24338 64
24339 50
24340 54
24341 44
24342 49
24343 49
24344 49
24345 54
24346 29
24347 69
24348 69
24349 12
24350 12
24351 8
24352 8
24353 90
24354 77
24355 77
24356 47
24357 47
24358 76
24359 56
24360 56
24361 56
24362 89
24363 16
24364 71
24365 55
24366 93
24367 30
24368 94
24369 67
24370 7
24371 17
24372 39
24373 39
24374 38
24375 40
24376 74
24377 74
24378 74
24379 74
24380 74
24381 66
24382 39
24383 38
24384 70
24385 55
24386 17
24387 55
24388 84
24389 58
24390 84
24391 84
24392 18
24393 73
24394 52
24395 73
24396 66
24397 5
24398 54
24399 54
24400 86
24401 86
24402 86
24403 91
24404 91
24405 80
24406 90
24407 18
24408 10
24409 18
24410 18
24411 12
24412 12
24413 11
24414 90
24415 90
24416 43
24417 43
24418 52
24419 52
24420 17
24421 17
24422 83
24423 83
24424 76
24425 76
24426 76
24427 64
24428 33
24429 26
24430 26
24431 26
24432 32
24433 20
24434 20
24435 58
24436 58
24437 58
24438 75
24439 84
24440 84
24441 11
24442 11
24443 32
24444 52
24445 70
24446 56
24447 70
24448 70
24449 5
24450 70
24451 54
24452 91
24453 91
24454 91
24455 94
24456 94
24457 20
24458 47
24459 20
24460 94
24461 23
24462 23
24463 68
24464 68
24465 60
24466 21
24467 21
24468 44
24469 61
24470 61
24471 52
24472 52
24473 65
24474 39
24475 39
24476 11
24477 13
24478 67
24479 59
24480 59
24481 59
24482 35
24483 35
24484 35
24485 19
24486 19
24487 19
24488 14
24489 14
24490 22
24491 43
24492 43
24493 90
24494 67
24495 76
24496 57
24497 57
24498 57
24499 12
24500 75
24501 91
24502 42
24503 42
24504 42
24505 95
24506 95
24507 59
24508 11
24509 9
24510 45
24511 45
24512 45
24513 76
24514 15
24515 15
24516 38
24517 15
24518 44
24519 44
24520 91
24521 91
24522 60
24523 60
24524 58
24525 52
24526 84
24527 84
24528 62
24529 62
24530 55
24531 56
24532 56
24533 42
24534 24
24535 37
24536 26
24537 26
24538 26
24539 6
24540 54
24541 41
24542 41
24543 90
24544 5
24545 90
24546 90
24547 20
24548 20
24549 20
24550 20
24551 20
24552 49
24553 60
24554 60
24555 60
24556 97
24557 62
24558 50
24559 74
24560 32
24561 32
24562 32
24563 85
24564 85
24565 11
24566 10
24567 82
24568 82
24569 9
24570 9
24571 68
24572 68
24573 65
24574 22
24575 33
24576 22
24577 41
24578 81
24579 84
24580 92
24581 7
24582 73
24583 73
24584 81
24585 81
24586 9
24587 88
24588 88
24589 47
24590 48
24591 47
24592 47
24593 47
24594 47
24595 47
24596 37
24597 58
24598 58
24599 66
24600 66
24601 82
24602 66
24603 66
24604 72
24605 81
24606 94
24607 94
24608 95
24609 95
24610 70
24611 70
24612 70
24613 80
24614 80
24615 80
24616 62
24617 27
24618 62
24619 62
24620 62
24621 54
24622 54
24623 54
24624 9
24625 9
24626 37
24627 16
24628 46
24629 46
24630 53
24631 46
24632 14
24633 2
24634 6
24635 14
24636 34
24637 61
24638 61
24639 61
24640 72
24641 72
24642 97
24643 97
24644 46
24645 46
24646 26
24647 80
24648 64
24649 72
24650 93
24651 93
24652 64
24653 64
24654 73
24655 31
24656 62
24657 85
24658 85
24659 85
24660 82
24661 82
24662 30
24663 52
24664 58
24665 35
24666 34
24667 96
24668 96
24669 90
24670 90
24671 66
24672 88
24673 88
24674 95
24675 59
24676 31
24677 68
24678 31
24679 68
24680 63
24681 27
24682 4
24683 61
24684 57
24685 5
24686 34
24687 34
24688 76
24689 70
24690 48
24691 48
24692 12
24693 12
24694 12
24695 79
24696 12
24697 20
24698 12
24699 86
24700 55
24701 80
24702 80
24703 48
24704 97
24705 97
24706 66
24707 66
24708 64
24709 66
24710 52
24711 66
24712 18
24713 71
24714 96
24715 96
24716 4
24717 80
24718 80
24719 80
24720 80
24721 75
24722 75
24723 75
24724 75
24725 1
24726 75
24727 70
24728 70
24729 59
24730 59
24731 59
24732 63
24733 63
24734 74
24735 70
24736 57
24737 70
24738 70
24739 29
24740 29
24741 73
24742 57
24743 37
24744 37
24745 58
24746 48
24747 48
24748 48
24749 48
24750 48
24751 54
24752 51
24753 37
24754 10
24755 45
24756 50
24757 50
24758 89
24759 89
24760 95
24761 44
24762 80
24763 33
24764 72
24765 72
24766 4
24767 4
24768 47
24769 47
24770 62
24771 62
24772 62
24773 4
24774 57
24775 4
24776 4
24777 95
24778 95
24779 7
24780 24
24781 10
24782 41
24783 16
24784 6
24785 91
24786 16
24787 18
24788 8
24789 42
24790 72
24791 43
24792 72
24793 6
24794 96
24795 6
24796 63
24797 63
24798 18
24799 14
24800 14
24801 14
24802 59
24803 62
24804 59
24805 8
24806 79
24807 79
24808 34
24809 16
24810 38
24811 38
24812 38
24813 38
24814 38
24815 3
24816 94
24817 94
24818 46
24819 46
24820 80
24821 80
24822 80
24823 80
24824 80
24825 64
24826 64
24827 64
24828 14
24829 64
24830 6
24831 72
24832 53
24833 53
24834 53
24835 53
24836 53
24837 9
24838 21
24839 21
24840 20
24841 5
24842 16
24843 16
24844 16
24845 95
24846 95
24847 24
24848 24
24849 24
24850 24
24851 47
24852 76
24853 47
24854 47
24855 11
24856 11
24857 11
24858 90
24859 90
24860 4
24861 40
24862 40
24863 12
24864 12
24865 88
24866 88
24867 55
24868 15
24869 71
24870 71
24871 69
24872 31
24873 71
24874 71
24875 54
24876 22
24877 19
24878 1
24879 65
24880 63
24881 88
24882 88
24883 88
24884 89
24885 89
24886 70
24887 70
24888 70
24889 9
24890 70
24891 75
24892 59
24893 16
24894 16
24895 16
24896 78
24897 78
24898 65
24899 25
24900 72
24901 72
24902 72
24903 27
24904 16
24905 92
24906 16
24907 52
24908 9
24909 72
24910 72
24911 58
24912 58
24913 95
24914 51
24915 51
24916 46
24917 34
24918 34
24919 44
24920 44
24921 13
24922 77
24923 77
24924 28
24925 48
24926 60
24927 28
24928 17
24929 4
24930 5
24931 17
24932 13
24933 13
24934 41
24935 42
24936 40
24937 92
24938 92
24939 92
24940 36
24941 40
24942 1
24943 40
24944 40
24945 49
24946 61
24947 49
24948 49
24949 92
24950 92
24951 41
24952 41
24953 77
24954 41
24955 95
24956 4
24957 95
24958 13
24959 70
24960 70
24961 68
24962 68
24963 73
24964 68
24965 17
24966 17
24967 73
24968 73
24969 3
24970 62
24971 62
24972 89
24973 17
24974 16
24975 59
24976 59
24977 6
24978 40
24979 40
24980 40
24981 54
24982 54
24983 40
24984 90
24985 52
24986 52
24987 72
24988 72
24989 72
24990 72
24991 63
24992 69
24993 44
24994 27
24995 27
24996 21
24997 21
24998 21
24999 65
25000 30
25001 77
25002 30
25003 34
25004 24
25005 21
25006 88
25007 20
25008 49
25009 43
25010 43
25011 98
25012 98
25013 98
25014 98
25015 42
25016 42
25017 60
25018 60
25019 57
25020 42
25021 7
25022 98
25023 98
25024 98
25025 86
25026 7
25027 42
25028 79
25029 79
25030 62
25031 9
25032 61
25033 61
25034 61
25035 87
25036 87
25037 87
25038 26
25039 26
25040 26
25041 72
25042 72
25043 66
25044 66
25045 66
25046 77
25047 77
25048 34
25049 34
25050 82
25051 82
25052 82
25053 84
25054 84
25055 89
25056 78
25057 78
25058 78
25059 78
25060 81
25061 78
25062 48
25063 76
25064 88
25065 88
25066 77
25067 77
25068 77
25069 77
25070 77
25071 73
25072 73
25073 90
25074 73
25075 31
25076 38
25077 31
25078 31
25079 31
25080 52
25081 12
25082 10
25083 12
25084 12
25085 12
25086 57
25087 57
25088 57
25089 84
25090 49
25091 19
25092 30
25093 62
25094 73
25095 73
25096 73
25097 19
25098 19
25099 19
25100 63
25101 63
25102 63
25103 69
25104 69
25105 69
25106 69
25107 69
25108 69
25109 69
25110 26
25111 26
25112 66
25113 6
25114 66
25115 61
25116 59
25117 98
25118 78
25119 83
25120 43
25121 38
25122 29
25123 47
25124 47
25125 46
25126 46
25127 87
25128 87
25129 87
25130 64
25131 56
25132 18
25133 18
25134 18
25135 75
25136 75
25137 98
25138 98
25139 83
25140 10
25141 6
25142 95
25143 95
25144 95
25145 87
25146 69
25147 69
25148 15
25149 81
25150 37
25151 81
25152 72
25153 29
25154 29
25155 87
25156 45
25157 21
25158 21
25159 80
25160 76
25161 76
25162 76
25163 24
25164 78
25165 76
25166 96
25167 96
25168 96
25169 81
25170 81
25171 19
25172 19
25173 19
25174 43
25175 43
25176 43
25177 28
25178 28
25179 28
25180 27
25181 27
25182 93
25183 93
25184 25
25185 96
25186 25
25187 40
25188 49
25189 49
25190 87
25191 87
25192 27
25193 89
25194 51
25195 65
25196 65
25197 38
25198 41
25199 58
25200 36
25201 35
25202 36
25203 75
25204 75
25205 48
25206 16
25207 48
25208 48
25209 48
25210 50
25211 50
25212 50
25213 42
25214 27
25215 27
25216 78
25217 50
25218 80
25219 30
25220 30
25221 30
25222 30
25223 34
25224 30
25225 68
25226 31
25227 31
25228 31
25229 9
25230 8
25231 47
25232 15
25233 15
25234 15
25235 15
25236 15
25237 42
25238 42
25239 43
25240 59
25241 27
25242 98
25243 16
25244 98
25245 15
25246 54
25247 48
25248 54
25249 8
25250 8
25251 8
25252 8
25253 8
25254 8
25255 44
25256 4
25257 75
25258 75
25259 75
25260 35
25261 46
25262 62
25263 62
25264 62
25265 97
25266 97
25267 97
25268 69
25269 16
25270 16
25271 16
25272 20
25273 59
25274 59
25275 59
25276 59
25277 25
25278 25
25279 25
25280 85
25281 75
25282 75
25283 28
25284 27
25285 26
25286 87
25287 13
25288 13
25289 13
25290 78
25291 78
25292 50
25293 85
25294 85
25295 84
25296 92
25297 48
25298 48
25299 91
25300 91
25301 91
25302 36
25303 90
25304 27
25305 27
25306 27
25307 68
25308 68
25309 68
25310 68
25311 68
25312 0
25313 18
25314 20
25315 18
25316 97
25317 97
25318 52
25319 30
25320 30
25321 30
25322 30
25323 30
25324 94
25325 94
25326 72
25327 10
25328 94
25329 94
25330 94
25331 56
25332 42
25333 13
25334 14
25335 13
25336 13
25337 13
25338 46
25339 14
25340 87
25341 87
25342 87
25343 45
25344 97
25345 97
25346 49
25347 47
25348 47
25349 47
25350 47
25351 62
25352 62
25353 29
25354 29
25355 29
25356 29
25357 29
25358 30
25359 30
25360 30
25361 14
25362 14
25363 14
25364 9
25365 9
25366 9
25367 23
25368 23
25369 23
25370 23
25371 75
25372 17
25373 17
25374 53
25375 53
25376 14
25377 59
25378 81
25379 23
25380 58
25381 4
25382 80
25383 80
25384 80
25385 35
25386 67
25387 67
25388 45
25389 39
25390 8
25391 39
25392 8
25393 34
25394 34
25395 97
25396 70
25397 59
25398 38
25399 38
25400 31
25401 31
25402 31
25403 39
25404 39
25405 39
25406 19
25407 0
25408 23
25409 13
25410 13
25411 29
25412 16
25413 16
25414 16
25415 21
25416 84
25417 48
25418 2
25419 48
25420 49
25421 49
25422 79
25423 79
25424 58
25425 58
25426 92
25427 48
25428 48
25429 61
25430 61
25431 87
25432 61
25433 10
25434 83
25435 83
25436 51
25437 7
25438 7
25439 7
25440 23
25441 90
25442 90
25443 81
25444 52
25445 30
25446 36
25447 36
25448 25
25449 3
25450 81
25451 81
25452 98
25453 98
25454 98
25455 9
25456 19
25457 70
25458 32
25459 32
25460 14
25461 15
25462 14
25463 90
25464 30
25465 30
25466 88
25467 88
25468 88
25469 48
25470 88
25471 33
25472 33
25473 33
25474 33
25475 10
25476 3
25477 73
25478 7
25479 7
25480 71
25481 71
25482 71
25483 60
25484 60
25485 60
25486 60
25487 37
25488 98
25489 98
25490 35
25491 26
25492 80
25493 58
25494 40
25495 39
25496 61
25497 61
25498 16
25499 16
25500 17
25501 17
25502 17
25503 31
25504 31
25505 63
25506 63
25507 63
25508 28
25509 28
25510 28
25511 92
25512 58
25513 58
25514 6
25515 6
25516 23
25517 67
25518 23
25519 43
25520 9
25521 4
25522 9
25523 4
25524 9
25525 66
25526 51
25527 61
25528 13
25529 13
25530 13
25531 13
25532 92
25533 92
25534 24
25535 24
25536 15
25537 15
25538 69
25539 69
25540 25
25541 25
25542 50
25543 53
25544 53
25545 53
25546 53
25547 8
25548 93
25549 58
25550 23
25551 44
25552 44
25553 95
25554 44
25555 75
25556 28
25557 92
25558 91
25559 92
25560 91
25561 82
25562 82
25563 86
25564 82
25565 82
25566 69
25567 69
25568 92
25569 92
25570 92
25571 92
25572 92
25573 92
25574 61
25575 61
25576 82
25577 11
25578 11
25579 53
25580 71
25581 83
25582 83
25583 93
25584 93
25585 93
25586 39
25587 55
25588 55
25589 57
25590 36
25591 31
25592 6
25593 6
25594 42
25595 91
25596 42
25597 26
25598 26
25599 87
25600 87
25601 87
25602 21
25603 51
25604 51
25605 41
25606 41
25607 36
25608 41
25609 86
25610 23
25611 23
25612 4
25613 93
25614 68
25615 68
25616 68
25617 68
25618 35
25619 38
25620 21
25621 42
25622 16
25623 35
25624 21
25625 21
25626 21
25627 33
25628 33
25629 95
25630 95
25631 95
25632 63
25633 63
25634 87
25635 87
25636 87
25637 87
25638 88
25639 36
25640 16
25641 16
25642 16
25643 7
25644 98
25645 98
25646 51
25647 51
25648 60
25649 54
25650 21
25651 54
25652 54
25653 65
25654 65
25655 65
25656 65
25657 65
25658 10
25659 35
25660 45
25661 31
25662 45
25663 39
25664 39
25665 65
25666 20
25667 20
25668 77
25669 77
25670 82
25671 77
25672 85
25673 85
25674 85
25675 57
25676 8
25677 85
25678 34
25679 89
25680 55
25681 55
25682 55
25683 40
25684 25
25685 25
25686 25
25687 25
25688 25
25689 90
25690 90
25691 90
25692 90
25693 47
25694 47
25695 9
25696 9
25697 9
25698 21
25699 66
25700 74
25701 17
25702 17
25703 16
25704 16
25705 89
25706 89
25707 96
25708 96
25709 96
25710 96
25711 96
25712 86
25713 86
25714 86
25715 86
25716 86
25717 68
25718 68
25719 68
25720 64
25721 64
25722 64
25723 64
25724 81
25725 81
25726 81
25727 81
25728 24
25729 69
25730 14
25731 14
25732 91
25733 91
25734 7
25735 7
25736 7
25737 40
25738 19
25739 87
25740 82
25741 51
25742 20
25743 79
25744 79
25745 79
25746 79
25747 54
25748 85
25749 6
25750 25
25751 25
25752 25
25753 25
25754 73
25755 49
25756 33
25757 84
25758 94
25759 8
25760 8
25761 44
25762 70
25763 56
25764 88
25765 56
25766 56
25767 37
25768 6
25769 37
25770 37
25771 37
25772 6
25773 88
25774 88
25775 84
25776 84
25777 84
25778 84
25779 24
25780 24
25781 24
25782 45
25783 88
25784 88
25785 24
25786 24
25787 24
25788 38
25789 96
25790 96
25791 96
25792 84
25793 3
25794 84
25795 94
25796 13
25797 13
25798 13
25799 13
25800 13
25801 13
25802 31
25803 31
25804 94
25805 81
25806 81
25807 81
25808 83
25809 83
25810 25
25811 62
25812 71
25813 29
25814 47
25815 47
25816 21
25817 56
25818 56
25819 59
25820 42
25821 33
25822 14
25823 14
25824 1
25825 12
25826 44
25827 12
25828 12
25829 12
25830 77
25831 77
25832 79
25833 77
25834 35
25835 12
25836 72
25837 35
25838 81
25839 76
25840 81
25841 92
25842 92
25843 18
25844 18
25845 7
25846 79
25847 83
25848 56
25849 50
25850 75
25851 75
25852 75
25853 81
25854 23
25855 45
25856 40
25857 40
25858 36
25859 36
25860 39
25861 39
25862 39
25863 28
25864 28
25865 28
25866 28
25867 25
25868 26
25869 54
25870 54
25871 16
25872 54
25873 54
25874 24
25875 75
25876 75
25877 75
25878 47
25879 15
25880 71
25881 71
25882 87
25883 87
25884 7
25885 39
25886 50
25887 50
25888 44
25889 17
25890 63
25891 63
25892 82
25893 82
25894 40
25895 47
25896 47
25897 47
25898 46
25899 47
25900 0
25901 46
25902 38
25903 6
25904 29
25905 29
25906 76
25907 76
25908 76
25909 88
25910 88
25911 88
25912 87
25913 82
25914 21
25915 82
25916 82
25917 58
25918 58
25919 58
25920 58
25921 58
25922 58
25923 73
25924 33
25925 86
25926 14
25927 14
25928 27
25929 27
25930 18
25931 15
25932 18
25933 72
25934 72
25935 72
25936 7
25937 7
25938 54
25939 38
25940 84
25941 78
25942 78
25943 44
25944 3
25945 72
25946 70
25947 64
25948 7
25949 7
25950 59
25951 59
25952 74
25953 74
25954 30
25955 74
25956 66
25957 74
25958 50
25959 57
25960 54
25961 54
25962 50
25963 54
25964 30
25965 30
25966 16
25967 70
25968 70
25969 14
25970 14
25971 14
25972 66
25973 84
25974 92
25975 84
25976 12
25977 18
25978 30
25979 71
25980 71
25981 43
25982 43
25983 36
25984 47
25985 47
25986 83
25987 83
25988 83
25989 83
25990 83
25991 49
25992 49
25993 48
25994 48
25995 76
25996 76
25997 76
25998 7
25999 30
26000 12
26001 80
26002 15
26003 63
26004 15
26005 44
26006 49
26007 44
26008 44
26009 44
26010 95
26011 40
26012 77
26013 37
26014 61
26015 86
26016 86
26017 81
26018 53
26019 53
26020 82
26021 82
26022 82
26023 82
26024 66
26025 26
26026 19
26027 15
26028 15
26029 15
26030 88
26031 58
26032 58
26033 58
26034 34
26035 24
26036 24
26037 93
26038 87
26039 87
26040 29
26041 29
26042 79
26043 35
26044 29
26045 28
26046 28
26047 28
26048 26
26049 26
26050 26
26051 26
26052 26
26053 26
26054 10
26055 38
26056 55
26057 55
26058 15
26059 76
26060 76
26061 60
26062 64
26063 64
26064 23
26065 73
26066 92
26067 92
26068 92
26069 92
26070 20
26071 13
26072 13
26073 27
26074 27
26075 4
26076 89
26077 12
26078 8
26079 8
26080 24
26081 23
26082 23
26083 9
26084 9
26085 36
26086 37
26087 36
26088 59
26089 61
26090 59
26091 59
26092 67
26093 59
26094 56
26095 89
26096 56
26097 20
26098 20
26099 20
26100 20
26101 4
26102 75
26103 29
26104 29
26105 29
26106 81
26107 81
26108 23
26109 23
26110 31
26111 23
26112 23
26113 29
26114 29
26115 29
26116 42
26117 48
26118 42
26119 18
26120 18
26121 18
26122 8
26123 10
26124 10
26125 4
26126 23
26127 33
26128 23
26129 23
26130 41
26131 41
26132 76
26133 71
26134 71
26135 71
26136 95
26137 84
26138 94
26139 94
26140 25
26141 61
26142 61
26143 49
26144 33
26145 33
26146 22
26147 8
26148 17
26149 16
26150 17
26151 44
26152 44
26153 25
26154 60
26155 60
26156 66
26157 66
26158 66
26159 66
26160 66
26161 45
26162 87
26163 47
26164 33
26165 33
26166 7
26167 12
26168 44
26169 36
26170 36
26171 36
26172 36
26173 20
26174 20
26175 20
26176 20
26177 83
26178 83
26179 32
26180 32
26181 98
26182 93
26183 93
26184 93
26185 93
26186 93
26187 93
26188 93
26189 97
26190 7
26191 7
26192 4
26193 37
26194 82
26195 83
26196 82
26197 82
26198 84
26199 84
26200 4
26201 40
26202 54
26203 54
26204 54
26205 54
26206 54
26207 54
26208 15
26209 58
26210 30
26211 58
26212 35
26213 36
26214 35
26215 21
26216 59
26217 59
26218 75
26219 76
26220 80
26221 80
26222 20
26223 20
26224 62
26225 17
26226 17
26227 7
26228 8
26229 8
26230 9
26231 90
26232 34
26233 43
26234 86
26235 86
26236 88
26237 98
26238 98
26239 15
26240 15
26241 15
26242 33
26243 33
26244 33
26245 59
26246 59
26247 74
26248 74
26249 74
26250 74
26251 56
26252 52
26253 56
26254 59
26255 8
26256 8
26257 8
26258 97
26259 83
26260 83
26261 43
26262 43
26263 59
26264 37
26265 14
26266 34
26267 34
26268 34
26269 66
26270 45
26271 45
26272 70
26273 67
26274 30
26275 95
26276 85
26277 40
26278 40
26279 12
26280 12
26281 12
26282 16
26283 61
26284 56
26285 17
26286 17
26287 49
26288 86
26289 81
26290 47
26291 47
26292 47
26293 47
26294 86
26295 86
26296 86
26297 86
26298 26
26299 74
26300 18
26301 98
26302 74
26303 31
26304 36
26305 36
26306 36
26307 41
26308 41
26309 41
26310 41
26311 19
26312 19
26313 42
26314 47
26315 47
26316 72
26317 41
26318 41
26319 75
26320 75
26321 22
26322 22
26323 38
26324 38
26325 44
26326 40
26327 44
26328 44
26329 44
26330 44
26331 44
26332 44
26333 44
26334 35
26335 40
26336 44
26337 37
26338 37
26339 14
26340 14
26341 14
26342 12
26343 11
26344 12
26345 35
26346 29
26347 39
26348 39
26349 8
26350 8
26351 56
26352 78
26353 78
26354 78
26355 78
26356 63
26357 63
26358 21
26359 21
26360 18
26361 18
26362 18
26363 86
26364 67
26365 57
26366 57
26367 82
26368 51
26369 35
26370 50
26371 53
26372 50
26373 50
26374 20
26375 20
26376 20
26377 20
26378 70
26379 70
26380 70
26381 45
26382 45
26383 45
26384 45
26385 58
26386 58
26387 46
26388 58
26389 67
26390 79
26391 79
26392 79
26393 27
26394 7
26395 7
26396 7
26397 96
26398 62
26399 62
26400 2
26401 91
26402 97
26403 24
26404 30
26405 15
26406 15
26407 73
26408 20
26409 20
26410 20
26411 72
26412 24
26413 24
26414 11
26415 57
26416 11
26417 74
26418 74
26419 89
26420 85
26421 45
26422 65
26423 65
26424 77
26425 77
26426 77
26427 86
26428 86
26429 86
26430 86
26431 86
26432 54
26433 76
26434 83
26435 9
26436 47
26437 47
26438 47
26439 47
26440 54
26441 54
26442 54
26443 91
26444 63
26445 63
26446 62
26447 84
26448 84
26449 94
26450 11
26451 11
26452 11
26453 84
26454 84
26455 84
26456 24
26457 43
26458 43
26459 43
26460 43
26461 43
26462 15
26463 15
26464 15
26465 15
26466 12
26467 12
26468 12
26469 27
26470 55
26471 55
26472 71
26473 50
26474 50
26475 42
26476 50
26477 28
26478 47
26479 48
26480 48
26481 48
26482 30
26483 73
26484 54
26485 47
26486 47
26487 47
26488 80
26489 80
26490 80
26491 3
26492 64
26493 64
26494 65
26495 39
26496 66
26497 11
26498 7
26499 64
26500 17
26501 83
26502 83
26503 83
26504 83
26505 83
26506 43
26507 43
26508 51
26509 93
26510 93
26511 93
26512 93
26513 48
26514 58
26515 84
26516 68
26517 68
26518 27
26519 75
26520 27
26521 33
26522 33
26523 33
26524 94
26525 94
26526 77
26527 77
26528 77
26529 77
26530 47
26531 70
26532 6
26533 27
26534 40
26535 9
26536 92
26537 92
26538 20
26539 10
26540 22
26541 34
26542 97
26543 76
26544 76
26545 76
26546 44
26547 44
26548 4
26549 38
26550 38
26551 38
26552 38
26553 96
26554 98
26555 98
26556 82
26557 82
26558 53
26559 28
26560 81
26561 23
26562 23
26563 23
26564 23
26565 13
26566 75
26567 61
26568 61
26569 1
26570 37
26571 37
26572 17
26573 80
26574 22
26575 39
26576 22
26577 36
26578 36
26579 49
26580 47
26581 37
26582 37
26583 53
26584 53
26585 21
26586 41
26587 41
26588 63
26589 94
26590 94
26591 94
26592 94
26593 13
26594 0
26595 77
26596 77
26597 47
26598 88
26599 47
26600 47
26601 88
26602 21
26603 21
26604 59
26605 59
26606 59
26607 59
26608 59
26609 29
26610 26
26611 26
26612 26
26613 28
26614 63
26615 17
26616 17
26617 17
26618 9
26619 9
26620 35
26621 35
26622 67
26623 68
26624 67
26625 91
26626 51
26627 9
26628 10
26629 10
26630 10
26631 10
26632 43
26633 88
26634 52
26635 52
26636 37
26637 37
26638 59
26639 78
26640 15
26641 15
26642 22
26643 22
26644 22
26645 22
26646 22
26647 13
26648 13
26649 97
26650 97
26651 97
26652 25
26653 25
26654 70
26655 8
26656 70
26657 55
26658 8
26659 31
26660 60
26661 5
26662 48
26663 48
26664 53
26665 48
26666 48
26667 48
26668 48
26669 48
26670 93
26671 86
26672 7
26673 84
26674 86
26675 86
26676 63
26677 76
26678 76
26679 76
26680 76
26681 20
26682 20
26683 37
26684 37
26685 37
26686 37
26687 37
26688 37
26689 48
26690 48
26691 31
26692 31
26693 79
26694 27
26695 22
26696 27
26697 27
26698 27
26699 92
26700 92
26701 92
26702 65
26703 65
26704 12
26705 12
26706 43
26707 43
26708 85
26709 70
26710 70
26711 70
26712 89
26713 89
26714 89
26715 41
26716 70
26717 69
26718 31
26719 69
26720 77
26721 77
26722 77
26723 77
26724 77
26725 5
26726 5
26727 16
26728 16
26729 43
26730 32
26731 21
26732 32
26733 47
26734 47
26735 73
26736 73
26737 73
26738 90
26739 35
26740 35
26741 35
26742 40
26743 13
26744 40
26745 62
26746 6
26747 58
26748 58
26749 90
26750 90
26751 7
26752 7
26753 64
26754 64
26755 63
26756 63
26757 63
26758 91
26759 44
26760 44
26761 44
26762 44
26763 51
26764 51
26765 51
26766 51
26767 12
26768 12
26769 12
26770 12
26771 92
26772 92
26773 79
26774 92
26775 67
26776 96
26777 67
26778 43
26779 45
26780 67
26781 67
26782 67
26783 76
26784 76
26785 49
26786 26
26787 49
26788 46
26789 49
26790 49
26791 49
26792 63
26793 63
26794 52
26795 63
26796 63
26797 22
26798 22
26799 46
26800 63
26801 63
26802 63
26803 63
26804 74
26805 81
26806 17
26807 78
26808 17
26809 65
26810 94
26811 34
26812 34
26813 24
26814 44
26815 24
26816 16
26817 24
26818 90
26819 22
26820 22
26821 7
26822 7
26823 7
26824 31
26825 45
26826 31
26827 50
26828 8
26829 8
26830 23
26831 23
26832 16
26833 16
26834 16
26835 47
26836 39
26837 39
26838 47
26839 34
26840 22
26841 34
26842 17
26843 17
26844 17
26845 17
26846 15
26847 15
26848 15
26849 52
26850 56
26851 32
26852 32
26853 32
26854 32
26855 9
26856 86
26857 86
26858 86
26859 75
26860 32
26861 95
26862 50
26863 95
26864 45
26865 75
26866 75
26867 45
26868 45
26869 11
26870 12
26871 12
26872 46
26873 46
26874 60
26875 46
26876 29
26877 85
26878 85
26879 85
26880 24
26881 40
26882 24
26883 24
26884 68
26885 68
26886 40
26887 40
26888 40
26889 40
26890 92
26891 75
26892 62
26893 62
26894 47
26895 47
26896 47
26897 9
26898 9
26899 9
26900 9
26901 31
26902 15
26903 15
26904 62
26905 19
26906 19
26907 71
26908 31
26909 58
26910 31
26911 84
26912 84
26913 47
26914 51
26915 51
26916 73
26917 5
26918 12
26919 57
26920 26
26921 12
26922 79
26923 79
26924 79
26925 79
26926 73
26927 73
26928 73
26929 34
26930 34
26931 8
26932 8
26933 8
26934 8
26935 19
26936 19
26937 61
26938 61
26939 50
26940 50
26941 90
26942 15
26943 15
26944 31
26945 31
26946 73
26947 57
26948 73
26949 25
26950 25
26951 21
26952 23
26953 21
26954 69
26955 69
26956 23
26957 74
26958 74
26959 97
26960 97
26961 92
26962 97
26963 30
26964 30
26965 30
26966 32
26967 32
26968 59
26969 31
26970 56
26971 56
26972 86
26973 86
26974 80
26975 80
26976 90
26977 90
26978 90
26979 90
26980 90
26981 21
26982 21
26983 58
26984 40
26985 40
26986 36
26987 71
26988 36
26989 86
26990 13
26991 15
26992 10
26993 10
26994 10
26995 67
26996 81
26997 94
26998 32
26999 32
27000 85
27001 85
27002 60
27003 60
27004 60
27005 66
27006 66
27007 66
27008 67
27009 67
27010 67
27011 79
27012 79
27013 61
27014 61
27015 69
27016 69
27017 69
27018 69
27019 0
27020 69
27021 44
27022 65
27023 65
27024 90
27025 90
27026 31
27027 72
27028 73
27029 72
27030 14
27031 7
27032 24
27033 24
27034 24
27035 27
27036 47
27037 16
27038 16
27039 64
27040 67
27041 67
27042 67
27043 67
27044 57
27045 57
27046 57
27047 63
27048 63
27049 63
27050 44
27051 41
27052 41
27053 22
27054 22
27055 78
27056 30
27057 30
27058 33
27059 33
27060 33
27061 85
27062 85
27063 85
27064 83
27065 83
27066 37
27067 43
27068 43
27069 22
27070 22
27071 22
27072 98
27073 98
27074 98
27075 98
27076 98
27077 98
27078 98
27079 97
27080 98
27081 82
27082 97
27083 97
27084 97
27085 97
27086 97
27087 8
27088 8
27089 69
27090 69
27091 69
27092 21
27093 21
27094 21
27095 79
27096 79
27097 16
27098 93
27099 93
27100 93
27101 85
27102 85
27103 85
27104 16
27105 85
27106 9
27107 31
27108 51
27109 50
27110 6
27111 90
27112 90
27113 90
27114 77
27115 60
27116 53
27117 60
27118 61
27119 77
27120 77
27121 77
27122 88
27123 27
27124 96
27125 96
27126 12
27127 12
27128 59
27129 59
27130 42
27131 42
27132 5
27133 46
27134 61
27135 61
27136 61
27137 61
27138 61
27139 21
27140 64
27141 64
27142 64
27143 40
27144 40
27145 76
27146 76
27147 14
27148 14
27149 90
27150 83
27151 70
27152 70
27153 70
27154 70
27155 91
27156 91
27157 40
27158 40
27159 23
27160 61
27161 61
27162 50
27163 50
27164 92
27165 92
27166 56
27167 29
27168 22
27169 46
27170 48
27171 48
27172 75
27173 55
27174 23
27175 4
27176 10
27177 37
27178 37
27179 38
27180 14
27181 14
27182 34
27183 34
27184 34
27185 34
27186 34
27187 89
27188 89
27189 39
27190 50
27191 50
27192 71
27193 50
27194 50
27195 50
27196 50
27197 50
27198 50
27199 50
27200 91
27201 85
27202 30
27203 4
27204 34
27205 34
27206 34
27207 76
27208 55
27209 70
27210 67
27211 40
27212 64
27213 67
27214 67
27215 67
27216 19
27217 94
27218 67
27219 67
27220 33
27221 67
27222 65
27223 65
27224 35
27225 65
27226 35
27227 65
27228 25
27229 84
27230 54
27231 53
27232 98
27233 24
27234 24
27235 79
27236 28
27237 86
27238 43
27239 28
27240 33
27241 79
27242 45
27243 45
27244 45
27245 45
27246 4
27247 43
27248 43
27249 43
27250 43
27251 43
27252 60
27253 78
27254 78
27255 11
27256 76
27257 76
27258 44
27259 96
27260 82
27261 45
27262 87
27263 65
27264 92
27265 92
27266 80
27267 84
27268 52
27269 59
27270 45
27271 45
27272 45
27273 29
27274 29
27275 47
27276 47
27277 47
27278 42
27279 42
27280 37
27281 12
27282 12
27283 79
27284 30
27285 59
27286 14
27287 14
27288 15
27289 16
27290 15
27291 80
27292 80
27293 39
27294 39
27295 17
27296 62
27297 72
27298 51
27299 19
27300 19
27301 19
27302 19
27303 83
27304 12
27305 12
27306 53
27307 53
27308 53
27309 71
27310 40
27311 71
27312 71
27313 42
27314 13
27315 13
27316 20
27317 20
27318 36
27319 36
27320 36
27321 36
27322 27
27323 95
27324 27
27325 27
27326 31
27327 31
27328 31
27329 75
27330 75
27331 81
27332 20
27333 20
27334 21
27335 21
27336 21
27337 91
27338 91
27339 91
27340 85
27341 85
27342 85
27343 61
27344 61
27345 65
27346 65
27347 40
27348 40
27349 40
27350 39
27351 39
27352 39
27353 34
27354 34
27355 34
27356 48
27357 48
27358 48
27359 48
27360 78
27361 18
27362 18
27363 66
27364 66
27365 66
27366 66
27367 53
27368 55
27369 53
27370 55
27371 64
27372 64
27373 64
27374 61
27375 61
27376 61
27377 61
27378 17
27379 28
27380 6
27381 28
27382 28
27383 24
27384 24
27385 24
27386 22
27387 4
27388 27
27389 27
27390 27
27391 54
27392 63
27393 63
27394 76
27395 76
27396 76
27397 66
27398 27
27399 27
27400 44
27401 46
27402 44
27403 95
27404 95
27405 55
27406 55
27407 84
27408 18
27409 75
27410 75
27411 75
27412 28
27413 31
27414 4
27415 28
27416 44
27417 26
27418 20
27419 77
27420 77
27421 4
27422 77
27423 44
27424 44
27425 44
27426 66
27427 44
27428 44
27429 44
27430 4
27431 4
27432 63
27433 74
27434 92
27435 49
27436 61
27437 49
27438 13
27439 13
27440 13
27441 13
27442 6
27443 16
27444 16
27445 65
27446 12
27447 30
27448 37
27449 37
27450 37
27451 44
27452 58
27453 53
27454 22
27455 46
27456 5
27457 96
27458 22
27459 96
27460 96
27461 57
27462 57
27463 57
27464 19
27465 43
27466 62
27467 62
27468 44
27469 44
27470 86
27471 86
27472 98
27473 86
27474 84
27475 84
27476 15
27477 27
27478 27
27479 61
27480 87
27481 87
27482 46
27483 46
27484 7
27485 23
27486 35
27487 56
27488 12
27489 56
27490 56
27491 64
27492 56
27493 56
27494 50
27495 26
27496 51
27497 32
27498 32
27499 11
27500 11
27501 11
27502 18
27503 18
27504 18
27505 89
27506 89
27507 89
27508 76
27509 76
27510 90
27511 76
27512 17
27513 17
27514 17
27515 97
27516 97
27517 97
27518 50
27519 50
27520 50
27521 7
27522 85
27523 58
27524 42
27525 58
27526 58
27527 72
27528 72
27529 72
27530 63
27531 56
27532 56
27533 56
27534 73
27535 84
27536 84
27537 84
27538 88
27539 88
27540 71
27541 71
27542 19
27543 19
27544 19
27545 19
27546 75
27547 75
27548 35
27549 35
27550 35
27551 47
27552 90
27553 90
27554 55
27555 90
27556 90
27557 7
27558 36
27559 36
27560 36
27561 36
27562 98
27563 14
27564 14
27565 25
27566 96
27567 36
27568 36
27569 77
27570 77
27571 77
27572 78
27573 21
27574 21
27575 70
27576 60
27577 60
27578 60
27579 16
27580 62
27581 68
27582 79
27583 79
27584 40
27585 40
27586 46
27587 78
27588 78
27589 78
27590 78
27591 78
27592 67
27593 28
27594 49
27595 49
27596 49
27597 49
27598 49
27599 59
27600 59
27601 59
27602 59
27603 76
27604 76
27605 76
27606 88
27607 64
27608 64
27609 64
27610 25
27611 25
27612 30
27613 30
27614 30
27615 85
27616 46
27617 85
27618 57
27619 30
27620 57
27621 36
27622 60
27623 70
27624 69
27625 60
27626 66
27627 66
27628 45
27629 6
27630 57
27631 57
27632 23
27633 23
27634 70
27635 20
27636 10
27637 29
27638 29
27639 29
27640 24
27641 88
27642 88
27643 88
27644 45
27645 45
27646 45
27647 93
27648 93
27649 88
27650 41
27651 94
27652 94
27653 94
27654 8
27655 77
27656 77
27657 77
27658 96
27659 93
27660 7
27661 7
27662 20
27663 28
27664 90
27665 90
27666 81
27667 81
27668 65
27669 65
27670 16
27671 16
27672 16
27673 16
27674 6
27675 49
27676 52
27677 52
27678 36
27679 16
27680 16
27681 46
27682 20
27683 19
27684 47
27685 47
27686 47
27687 47
27688 47
27689 9
27690 69
27691 69
27692 72
27693 58
27694 76
27695 34
27696 33
27697 33
27698 34
27699 33
27700 33
27701 67
27702 67
27703 67
27704 67
27705 81
27706 14
27707 14
27708 64
27709 64
27710 64
27711 64
27712 16
27713 52
27714 51
27715 51
27716 93
27717 93
27718 17
27719 17
27720 17
27721 17
27722 25
27723 25
27724 25
27725 53
27726 53
27727 78
27728 78
27729 78
27730 78
27731 78
27732 14
27733 28
27734 28
27735 28
27736 28
27737 0
27738 28
27739 50
27740 32
27741 81
27742 2
27743 2
27744 71
27745 71
27746 71
27747 73
27748 28
27749 45
27750 83
27751 45
27752 45
27753 4
27754 61
27755 46
27756 77
27757 87
27758 18
27759 21
27760 37
27761 37
27762 8
27763 8
27764 75
27765 75
27766 55
27767 55
27768 19
27769 19
27770 52
27771 52
27772 52
27773 52
27774 52
27775 52
27776 52
27777 93
27778 93
27779 93
27780 40
27781 44
27782 66
27783 66
27784 66
27785 66
27786 66
27787 89
27788 59
27789 59
27790 38
27791 36
27792 26
27793 26
27794 63
27795 63
27796 35
27797 62
27798 65
27799 35
27800 64
27801 64
27802 74
27803 89
27804 57
27805 48
27806 48
27807 48
27808 84
27809 84
27810 78
27811 78
27812 94
27813 55
27814 55
27815 55
27816 53
27817 7
27818 7
27819 7
27820 7
27821 22
27822 59
27823 65
27824 65
27825 48
27826 64
27827 64
27828 64
27829 54
27830 54
27831 54
27832 47
27833 47
27834 47
27835 47
27836 74
27837 74
27838 74
27839 18
27840 18
27841 18
27842 76
27843 76
27844 76
27845 36
27846 36
27847 36
27848 76
27849 76
27850 78
27851 78
27852 94
27853 79
27854 79
27855 23
27856 23
27857 55
27858 55
27859 22
27860 22
27861 86
27862 50
27863 40
27864 58
27865 58
27866 29
27867 29
27868 29
27869 79
27870 86
27871 44
27872 44
27873 47
27874 11
27875 53
27876 53
27877 94
27878 93
27879 93
27880 93
27881 71
27882 71
27883 71
27884 27
27885 40
27886 17
27887 64
27888 64
27889 59
27890 21
27891 21
27892 21
27893 97
27894 9
27895 9
27896 4
27897 49
27898 49
27899 49
27900 49
27901 49
27902 49
27903 87
27904 87
27905 44
27906 27
27907 91
27908 91
27909 94
27910 94
27911 94
27912 50
27913 50
27914 29
27915 29
27916 29
27917 33
27918 33
27919 33
27920 93
27921 93
27922 93
27923 39
27924 63
27925 81
27926 66
27927 66
27928 66
27929 29
27930 22
27931 92
27932 80
27933 42
27934 42
27935 24
27936 24
27937 24
27938 15
27939 79
27940 39
27941 39
27942 8
27943 51
27944 51
27945 85
27946 85
27947 85
27948 85
27949 97
27950 86
27951 40
27952 23
27953 23
27954 19
27955 12
27956 19
27957 52
27958 52
27959 98
27960 98
27961 71
27962 71
27963 91
27964 12
27965 19
27966 12
27967 49
27968 34
27969 34
27970 35
27971 35
27972 83
27973 48
27974 48
27975 48
27976 48
27977 48
27978 74
27979 67
27980 74
27981 82
27982 7
27983 28
27984 30
27985 30
27986 30
27987 47
27988 47
27989 14
27990 14
27991 14
27992 10
27993 10
27994 43
27995 88
27996 43
27997 43
27998 24
27999 17
28000 54
28001 17
28002 4
28003 95
28004 95
28005 58
28006 58
28007 9
28008 9
28009 38
28010 88
28011 15
28012 74
28013 15
28014 5
28015 33
28016 15
28017 29
28018 29
28019 54
28020 80
28021 80
28022 6
28023 80
28024 76
28025 82
28026 98
28027 98
28028 98
28029 40
28030 40
28031 87
28032 87
28033 17
28034 82
28035 82
28036 82
28037 10
28038 54
28039 51
28040 51
28041 77
28042 77
28043 47
28044 47
28045 94
28046 53
28047 63
28048 68
28049 90
28050 39
28051 29
28052 17
28053 17
28054 17
28055 17
28056 11
28057 97
28058 93
28059 93
28060 65
28061 63
28062 17
28063 17
28064 50
28065 50
28066 69
28067 81
28068 97
28069 97
28070 97
28071 38
28072 45
28073 82
28074 46
28075 46
28076 89
28077 89
28078 63
28079 49
28080 11
28081 11
28082 11
28083 11
28084 53
28085 53
28086 44
28087 44
28088 14
28089 14
28090 14
28091 94
28092 94
28093 83
28094 5
28095 83
28096 83
28097 83
28098 17
28099 93
28100 93
28101 93
28102 48
28103 9
28104 56
28105 8
28106 42
28107 23
28108 23
28109 37
28110 23
28111 37
28112 35
28113 70
28114 70
28115 70
28116 60
28117 57
28118 57
28119 38
28120 38
28121 38
28122 51
28123 51
28124 51
28125 88
28126 88
28127 88
28128 27
28129 41
28130 41
28131 41
28132 41
28133 47
28134 47
28135 75
28136 75
28137 75
28138 75
28139 75
28140 56
28141 65
28142 29
28143 29
28144 21
28145 55
28146 55
28147 18
28148 49
28149 66
28150 66
28151 66
28152 66
28153 91
28154 91
28155 51
28156 51
28157 33
28158 70
28159 71
28160 71
28161 79
28162 79
28163 54
28164 54
28165 54
28166 87
28167 42
28168 87
28169 38
28170 43
28171 30
28172 30
28173 36
28174 36
28175 43
28176 69
28177 35
28178 35
28179 35
28180 35
28181 43
28182 8
28183 65
28184 65
28185 65
28186 91
28187 66
28188 66
28189 23
28190 15
28191 15
28192 98
28193 69
28194 93
28195 93
28196 91
28197 16
28198 95
28199 95
28200 95
28201 95
28202 71
28203 46
28204 40
28205 19
28206 40
28207 19
28208 19
28209 19
28210 35
28211 35
28212 35
28213 60
28214 60
28215 42
28216 75
28217 75
28218 40
28219 40
28220 40
28221 51
28222 51
28223 51
28224 51
28225 20
28226 56
28227 56
28228 56
28229 56
28230 45
28231 10
28232 29
28233 87
28234 87
28235 68
28236 48
28237 48
28238 48
28239 48
28240 78
28241 44
28242 44
28243 48
28244 7
28245 51
28246 51
28247 89
28248 89
28249 89
28250 89
28251 49
28252 49
28253 11
28254 11
28255 29
28256 29
28257 29
28258 82
28259 82
28260 82
28261 14
28262 90
28263 64
28264 64
28265 64
28266 4
28267 61
28268 63
28269 63
28270 36
28271 97
28272 97
28273 97
28274 90
28275 97
28276 97
28277 45
28278 43
28279 45
28280 53
28281 7
28282 20
28283 57
28284 78
28285 77
28286 77
28287 76
28288 15
28289 95
28290 86
28291 18
28292 18
28293 18
28294 18
28295 18
28296 42
28297 42
28298 42
28299 42
28300 9
28301 7
28302 38
28303 38
28304 38
28305 38
28306 38
28307 38
28308 30
28309 30
28310 30
28311 30
28312 24
28313 84
28314 13
28315 13
28316 13
28317 13
28318 13
28319 12
28320 21
28321 57
28322 57
28323 82
28324 82
28325 71
28326 54
28327 54
28328 54
28329 54
28330 63
28331 63
28332 63
28333 43
28334 43
28335 44
28336 43
28337 43
28338 89
28339 89
28340 23
28341 89
28342 7
28343 74
28344 74
28345 45
28346 25
28347 25
28348 25
28349 25
28350 52
28351 52
28352 52
28353 52
28354 82
28355 82
28356 82
28357 52
28358 52
28359 92
28360 92
28361 11
28362 23
28363 61
28364 61
28365 4
28366 27
28367 35
28368 35
28369 7
28370 2
28371 7
28372 7
28373 7
28374 70
28375 70
28376 52
28377 20
28378 69
28379 23
28380 23
28381 23
28382 23
28383 28
28384 20
28385 20
28386 43
28387 43
28388 43
28389 43
28390 43
28391 43
28392 22
28393 33
28394 33
28395 71
28396 71
28397 71
28398 31
28399 43
28400 43
28401 74
28402 75
28403 44
28404 95
28405 40
28406 85
28407 85
28408 16
28409 57
28410 57
28411 33
28412 33
28413 33
28414 14
28415 14
28416 14
28417 14
28418 87
28419 84
28420 84
28421 40
28422 20
28423 20
28424 66
28425 66
28426 66
28427 66
28428 30
28429 60
28430 74
28431 74
28432 70
28433 47
28434 47
28435 4
28436 70
28437 16
28438 16
28439 33
28440 33
28441 33
28442 85
28443 85
28444 22
28445 22
28446 22
28447 29
28448 29
28449 72
28450 44
28451 44
28452 30
28453 40
28454 87
28455 87
28456 56
28457 56
28458 56
28459 56
28460 62
28461 62
28462 2
28463 32
28464 72
28465 72
28466 72
28467 8
28468 80
28469 8
28470 8
28471 2
28472 8
28473 43
28474 8
28475 12
28476 40
28477 54
28478 54
28479 54
28480 65
28481 65
28482 70
28483 70
28484 70
28485 21
28486 21
28487 50
28488 50
28489 50
28490 66
28491 19
28492 19
28493 19
28494 19
28495 19
28496 22
28497 22
28498 22
28499 47
28500 47
28501 47
28502 47
28503 8
28504 19
28505 92
28506 92
28507 34
28508 34
28509 40
28510 40
28511 82
28512 82
28513 54
28514 54
28515 89
28516 89
28517 89
28518 63
28519 89
28520 23
28521 23
28522 81
28523 81
28524 81
28525 90
28526 90
28527 85
28528 85
28529 9
28530 9
28531 84
28532 84
28533 45
28534 45
28535 45
28536 53
28537 45
28538 85
28539 23
28540 68
28541 68
28542 13
28543 68
28544 68
28545 67
28546 67
28547 44
28548 23
28549 23
28550 23
28551 39
28552 39
28553 43
28554 43
28555 91
28556 16
28557 49
28558 49
28559 34
28560 73
28561 73
28562 67
28563 18
28564 18
28565 13
28566 13
28567 13
28568 62
28569 62
28570 62
28571 24
28572 24
28573 27
28574 27
28575 65
28576 84
28577 84
28578 37
28579 51
28580 50
28581 51
28582 27
28583 63
28584 56
28585 56
28586 56
28587 61
28588 13
28589 13
28590 13
28591 33
28592 45
28593 88
28594 88
28595 68
28596 33
28597 33
28598 96
28599 96
28600 96
28601 14
28602 8
28603 95
28604 78
28605 37
28606 37
28607 56
28608 56
28609 71
28610 35
28611 66
28612 66
28613 46
28614 68
28615 68
28616 68
28617 68
28618 89
28619 89
28620 89
28621 58
28622 58
28623 58
28624 70
28625 20
28626 70
28627 67
28628 29
28629 29
28630 92
28631 92
28632 92
28633 22
28634 47
28635 47
28636 61
28637 89
28638 61
28639 61
28640 65
28641 65
28642 94
28643 94
28644 35
28645 29
28646 58
28647 18
28648 32
28649 9
28650 9
28651 6
28652 36
28653 36
28654 55
28655 55
28656 55
28657 55
28658 55
28659 24
28660 24
28661 95
28662 54
28663 19
28664 96
28665 45
28666 96
28667 88
28668 88
28669 31
28670 48
28671 61
28672 48
28673 38
28674 38
28675 12
28676 12
28677 97
28678 32
28679 15
28680 15
28681 15
28682 35
28683 81
28684 28
28685 21
28686 21
28687 21
28688 21
28689 87
28690 87
28691 87
28692 75
28693 48
28694 48
28695 72
28696 51
28697 72
28698 72
28699 49
28700 38
28701 36
28702 9
28703 81
28704 81
28705 81
28706 30
28707 69
28708 69
28709 9
28710 2
28711 62
28712 0
28713 65
28714 65
28715 86
28716 6
28717 98
28718 14
28719 14
28720 64
28721 76
28722 76
28723 85
28724 85
28725 85
28726 33
28727 75
28728 37
28729 37
28730 20
28731 20
28732 97
28733 97
28734 97
28735 97
28736 76
28737 79
28738 61
28739 43
28740 70
28741 70
28742 54
28743 13
28744 13
28745 13
28746 82
28747 82
28748 82
28749 17
28750 17
28751 76
28752 91
28753 91
28754 73
28755 78
28756 78
28757 78
28758 88
28759 36
28760 42
28761 42
28762 69
28763 55
28764 50
28765 55
28766 20
28767 25
28768 25
28769 73
28770 73
28771 50
28772 76
28773 46
28774 46
28775 61
28776 61
28777 61
28778 97
28779 36
28780 68
28781 68
28782 55
28783 57
28784 34
28785 34
28786 66
28787 66
28788 66
28789 89
28790 89
28791 93
28792 93
28793 93
28794 93
28795 29
28796 29
28797 29
28798 82
28799 82
28800 82
28801 78
28802 78
28803 78
28804 78
28805 65
28806 61
28807 14
28808 87
28809 18
28810 23
28811 23
28812 9
28813 9
28814 32
28815 34
28816 34
28817 69
28818 46
28819 97
28820 97
28821 97
28822 35
28823 35
28824 35
28825 35
28826 65
28827 65
28828 65
28829 73
28830 28
28831 24
28832 24
28833 35
28834 5
28835 5
28836 50
28837 26
28838 59
28839 55
28840 86
28841 86
28842 86
28843 65
28844 65
28845 86
28846 35
28847 35
28848 35
28849 84
28850 46
28851 30
28852 94
28853 94
28854 94
28855 94
28856 83
28857 82
28858 68
28859 63
28860 68
28861 68
28862 68
28863 50
28864 63
28865 7
28866 29
28867 29
28868 29
28869 36
28870 56
28871 96
28872 96
28873 78
28874 78
28875 78
28876 78
28877 84
28878 89
28879 91
28880 61
28881 61
28882 61
28883 44
28884 12
28885 98
28886 94
28887 11
28888 11
28889 11
28890 33
28891 33
28892 33
28893 44
28894 44
28895 44
28896 44
28897 44
28898 83
28899 74
28900 89
28901 42
28902 77
28903 77
28904 80
28905 80
28906 91
28907 91
28908 76
28909 98
28910 46
28911 53
28912 53
28913 57
28914 76
28915 76
28916 87
28917 87
28918 87
28919 87
28920 64
28921 64
28922 70
28923 70
28924 70
28925 43
28926 43
28927 91
28928 91
28929 91
28930 91
28931 15
28932 66
28933 66
28934 66
28935 69
28936 69
28937 25
28938 25
28939 61
28940 61
28941 61
28942 61
28943 20
28944 29
28945 0
28946 22
28947 29
28948 40
28949 42
28950 40
28951 42
28952 42
28953 42
28954 9
28955 79
28956 79
28957 25
28958 25
28959 25
28960 28
28961 14
28962 56
28963 56
28964 56
28965 19
28966 19
28967 80
28968 41
28969 91
28970 41
28971 41
28972 83
28973 83
28974 62
28975 62
28976 62
28977 62
28978 31
28979 31
28980 98
28981 98
28982 98
28983 98
28984 98
28985 80
28986 80
28987 80
28988 80
28989 76
28990 24
28991 81
28992 81
28993 81
28994 82
28995 82
28996 82
28997 25
28998 25
28999 82
29000 39
29001 39
29002 39
29003 5
29004 39
29005 55
29006 39
29007 26
29008 9
29009 45
29010 63
29011 45
29012 69
29013 69
29014 52
29015 52
29016 84
29017 77
29018 41
29019 41
29020 41
29021 58
29022 58
29023 82
29024 82
29025 82
29026 82
29027 38
29028 38
29029 71
29030 61
29031 61
29032 71
29033 71
29034 26
29035 26
29036 26
29037 91
29038 23
29039 93
29040 39
29041 97
29042 69
29043 69
29044 69
29045 69
29046 90
29047 90
29048 97
29049 90
29050 95
29051 47
29052 23
29053 39
29054 78
29055 40
29056 76
29057 76
29058 76
29059 80
29060 80
29061 49
29062 49
29063 49
29064 28
29065 28
29066 28
29067 28
29068 68
29069 45
29070 85
29071 85
29072 91
29073 85
29074 15
29075 23
29076 49
29077 44
29078 44
29079 23
29080 21
29081 43
29082 43
29083 38
29084 9
29085 58
29086 58
29087 58
29088 8
29089 91
29090 12
29091 1
29092 85
29093 84
29094 71
29095 17
29096 71
29097 45
29098 45
29099 35
29100 28
29101 51
29102 51
29103 62
29104 54
29105 5
29106 98
29107 89
29108 89
29109 96
29110 84
29111 84
29112 14
29113 53
29114 53
29115 11
29116 11
29117 78
29118 78
29119 78
29120 78
29121 78
29122 78
29123 9
29124 40
29125 2
29126 95
29127 95
29128 33
29129 33
29130 34
29131 7
29132 23
29133 84
29134 84
29135 84
29136 49
29137 27
29138 61
29139 21
29140 61
29141 21
29142 60
29143 62
29144 60
29145 60
29146 47
29147 47
29148 47
29149 59
29150 59
29151 26
29152 33
29153 9
29154 56
29155 8
29156 9
29157 24
29158 73
29159 35
29160 35
29161 39
29162 39
29163 39
29164 38
29165 34
29166 95
29167 43
29168 59
29169 87
29170 87
29171 83
29172 83
29173 18
29174 81
29175 81
29176 62
29177 62
29178 62
29179 26
29180 70
29181 70
29182 70
29183 81
29184 81
29185 81
29186 81
29187 81
29188 25
29189 25
29190 25
29191 41
29192 36
29193 36
29194 36
29195 75
29196 75
29197 94
29198 94
29199 41
29200 21
29201 41
29202 41
29203 63
29204 63
29205 86
29206 63
29207 63
29208 64
29209 63
29210 36
29211 89
29212 72
29213 72
29214 86
29215 86
29216 86
29217 30
29218 22
29219 22
29220 13
29221 13
29222 13
29223 13
29224 63
29225 63
29226 53
29227 53
29228 18
29229 53
29230 53
29231 35
29232 95
29233 63
29234 63
29235 63
29236 29
29237 29
29238 69
29239 69
29240 32
29241 32
29242 32
29243 32
29244 31
29245 56
29246 56
29247 56
29248 56
29249 88
29250 88
29251 25
29252 38
29253 38
29254 41
29255 88
29256 13
29257 13
29258 13
29259 13
29260 17
29261 17
29262 55
29263 26
29264 55
29265 50
29266 55
29267 10
29268 20
29269 18
29270 18
29271 43
29272 43
29273 40
29274 24
29275 62
29276 62
29277 62
29278 24
29279 29
29280 40
29281 41
29282 41
29283 65
29284 65
29285 85
29286 53
29287 47
29288 47
29289 7
29290 24
29291 24
29292 24
29293 24
29294 65
29295 65
29296 48
29297 48
29298 48
29299 83
29300 67
29301 43
29302 43
29303 23
29304 23
29305 23
29306 23
29307 23
29308 37
29309 32
29310 94
29311 92
29312 75
29313 75
29314 75
29315 95
29316 66
29317 18
29318 8
29319 54
29320 54
29321 54
29322 14
29323 14
29324 14
29325 49
29326 58
29327 58
29328 24
29329 91
29330 86
29331 95
29332 95
29333 35
29334 44
29335 44
29336 1
29337 90
29338 90
29339 69
29340 69
29341 69
29342 35
29343 35
29344 67
29345 67
29346 67
29347 22
29348 78
29349 78
29350 40
29351 40
29352 32
29353 42
29354 40
29355 85
29356 85
29357 85
29358 85
29359 95
29360 95
29361 42
29362 42
29363 41
29364 41
29365 41
29366 60
29367 62
29368 25
29369 25
29370 25
29371 25
29372 25
29373 87
29374 87
29375 87
29376 87
29377 22
29378 22
29379 71
29380 71
29381 71
29382 71
29383 73
29384 73
29385 73
29386 73
29387 40
29388 40
29389 64
29390 20
29391 57
29392 98
29393 23
29394 15
29395 64
29396 64
29397 64
29398 62
29399 62
29400 95
29401 95
29402 53
29403 71
29404 72
29405 13
29406 13
29407 50
29408 50
29409 65
29410 64
29411 46
29412 64
29413 64
29414 23
29415 9
29416 60
29417 60
29418 71
29419 18
29420 28
29421 7
29422 30
29423 57
29424 87
29425 87
29426 92
29427 92
29428 92
29429 70
29430 70
29431 87
29432 90
29433 87
29434 87
29435 81
29436 81
29437 81
29438 79
29439 81
29440 62
29441 62
29442 62
29443 13
29444 13
29445 41
29446 41
29447 41
29448 5
29449 37
29450 37
29451 37
29452 41
29453 57
29454 57
29455 57
29456 48
29457 48
29458 64
29459 64
29460 85
29461 85
29462 85
29463 29
29464 29
29465 29
29466 29
29467 29
29468 49
29469 8
29470 64
29471 64
29472 64
29473 83
29474 83
29475 94
29476 56
29477 56
29478 56
29479 56
29480 56
29481 27
29482 27
29483 27
29484 27
29485 22
29486 11
29487 11
29488 49
29489 12
29490 49
29491 49
29492 51
29493 51
29494 85
29495 85
29496 85
29497 29
29498 29
29499 29
29500 29
29501 43
29502 68
29503 36
29504 12
29505 25
29506 25
29507 25
29508 27
29509 25
29510 25
29511 50
29512 4
29513 57
29514 56
29515 56
29516 31
29517 31
29518 55
29519 35
29520 35
29521 35
29522 35
29523 35
29524 24
29525 24
29526 28
29527 15
29528 15
29529 66
29530 41
29531 41
29532 73
29533 73
29534 73
29535 63
29536 79
29537 37
29538 83
29539 83
29540 78
29541 83
29542 83
29543 83
29544 18
29545 5
29546 49
29547 49
29548 74
29549 74
29550 64
29551 64
29552 32
29553 32
29554 10
29555 10
29556 73
29557 69
29558 57
29559 49
29560 5
29561 5
29562 5
29563 5
29564 5
29565 87
29566 87
29567 87
29568 87
29569 15
29570 7
29571 97
29572 97
29573 29
29574 29
29575 29
29576 55
29577 42
29578 26
29579 75
29580 75
29581 75
29582 72
29583 75
29584 10
29585 80
29586 75
29587 75
29588 86
29589 86
29590 22
29591 82
29592 57
29593 57
29594 54
29595 54
29596 9
29597 54
29598 54
29599 83
29600 83
29601 83
29602 45
29603 12
29604 87
29605 87
29606 87
29607 44
29608 44
29609 71
29610 66
29611 71
29612 93
29613 93
29614 93
29615 93
29616 81
29617 89
29618 51
29619 12
29620 6
29621 39
29622 39
29623 56
29624 56
29625 56
29626 30
29627 30
29628 7
29629 7
29630 15
29631 15
29632 67
29633 15
29634 11
29635 79
29636 80
29637 30
29638 30
29639 30
29640 19
29641 19
29642 72
29643 24
29644 4
29645 4
29646 4
29647 4
29648 75
29649 97
29650 97
29651 71
29652 71
29653 21
29654 53
29655 53
29656 80
29657 80
29658 76
29659 77
29660 77
29661 77
29662 77
29663 77
29664 44
29665 44
29666 44
29667 58
29668 58
29669 27
29670 83
29671 51
29672 15
29673 9
29674 15
29675 15
29676 15
29677 63
29678 63
29679 28
29680 35
29681 58
29682 20
29683 20
29684 8
29685 8
29686 32
29687 32
29688 11
29689 32
29690 74
29691 2
29692 8
29693 8
29694 75
29695 75
29696 44
29697 44
29698 44
29699 53
29700 53
29701 53
29702 53
29703 53
29704 76
29705 4
29706 87
29707 3
29708 65
29709 97
29710 41
29711 30
29712 30
29713 27
29714 39
29715 95
29716 39
29717 93
29718 20
29719 29
29720 29
29721 28
29722 9
29723 54
29724 54
29725 54
29726 9
29727 9
29728 80
29729 33
29730 33
29731 33
29732 59
29733 59
29734 64
29735 64
29736 50
29737 36
29738 72
29739 1
29740 73
29741 59
29742 59
29743 59
29744 43
29745 43
29746 55
29747 94
29748 94
29749 26
29750 26
29751 26
29752 26
29753 26
29754 26
29755 26
29756 33
29757 42
29758 16
29759 42
29760 14
29761 54
29762 78
29763 76
29764 29
29765 29
29766 29
29767 21
29768 83
29769 33
29770 7
29771 7
29772 85
29773 9
29774 85
29775 85
29776 13
29777 13
29778 13
29779 61
29780 61
29781 61
29782 61
29783 61
29784 61
29785 24
29786 24
29787 11
29788 60
29789 60
29790 11
29791 11
29792 11
29793 11
29794 11
29795 45
29796 45
29797 45
29798 43
29799 43
29800 12
29801 12
29802 22
29803 13
29804 13
29805 13
29806 13
29807 43
29808 67
29809 74
29810 74
29811 23
29812 27
29813 86
29814 86
29815 57
29816 80
29817 16
29818 16
29819 70
29820 30
29821 30
29822 93
29823 24
29824 8
29825 72
29826 62
29827 62
29828 8
29829 15
29830 45
29831 5
29832 45
29833 45
29834 38
29835 24
29836 24
29837 20
29838 4
29839 54
29840 56
29841 24
29842 59
29843 90
29844 17
29845 17
29846 17
29847 17
29848 17
29849 71
29850 96
29851 1
29852 76
29853 40
29854 66
29855 66
29856 66
29857 66
29858 91
29859 91
29860 91
29861 91
29862 88
29863 1
29864 46
29865 46
29866 46
29867 46
29868 46
29869 46
29870 49
29871 49
29872 73
29873 16
29874 5
29875 48
29876 33
29877 33
29878 56
29879 42
29880 42
29881 37
29882 37
29883 37
29884 37
29885 82
29886 82
29887 79
29888 82
29889 66
29890 66
29891 66
29892 17
29893 80
29894 80
29895 58
29896 10
29897 10
29898 46
29899 46
29900 46
29901 38
29902 38
29903 38
29904 38
29905 38
29906 96
29907 91
29908 38
29909 45
29910 51
29911 51
29912 65
29913 61
29914 65
29915 61
29916 24
29917 24
29918 9
29919 60
29920 60
29921 61
29922 60
29923 60
29924 38
29925 11
29926 11
29927 79
29928 60
29929 45
29930 31
29931 31
29932 96
29933 96
29934 83
29935 83
29936 83
29937 83
29938 83
29939 76
29940 43
29941 62
29942 62
29943 57
29944 57
29945 80
29946 65
29947 73
29948 7
29949 43
29950 43
29951 43
29952 81
29953 80
29954 59
29955 24
29956 24
29957 24
29958 78
29959 68
29960 68
29961 81
29962 9
29963 21
29964 96
29965 25
29966 5
29967 5
29968 57
29969 57
29970 57
29971 57
29972 38
29973 94
29974 70
29975 70
29976 70
29977 98
29978 5
29979 95
29980 95
29981 50
29982 21
29983 84
29984 49
29985 49
29986 89
29987 89
29988 28
29989 28
29990 28
29991 28
29992 28
29993 28
29994 83
29995 90
29996 90
29997 90
29998 78
29999 78
