0 707
1 950
2 860
3 478
4 924
5 171
6 134
7 493
8 985
9 237
10 355
11 334
12 871
13 166
14 646
15 412
16 901
17 112
18 106
19 19
20 117
21 823
22 375
23 864
24 294
25 33
26 860
27 154
28 878
29 817
30 576
31 439
32 885
33 317
34 217
35 129
36 948
37 240
38 510
39 498
40 441
41 309
42 211
43 620
44 181
45 431
46 852
47 913
48 329
49 969
50 712
51 458
52 76
53 938
54 190
55 548
56 149
57 941
58 945
59 945
60 819
61 507
62 33
63 32
64 975
65 372
66 509
67 6
68 220
69 541
70 310
71 214
72 298
73 671
74 567
75 481
76 549
77 8
78 408
79 640
80 433
81 198
82 817
83 244
84 720
85 346
86 523
87 63
88 126
89 271
90 417
91 473
92 165
93 710
94 288
95 981
96 405
97 841
98 209
99 33
100 147
101 535
102 390
103 860
104 817
105 310
106 149
107 572
108 56
109 572
110 270
111 240
112 283
113 748
114 427
115 154
116 329
117 712
118 664
119 324
120 627
121 586
122 307
123 758
124 78
125 170
126 71
127 751
128 364
129 570
130 398
131 353
132 754
133 253
134 562
135 53
136 331
137 996
138 59
139 733
140 315
141 572
142 427
143 365
144 76
145 280
146 310
147 43
148 338
149 603
150 531
151 817
152 71
153 719
154 336
155 933
156 925
157 220
158 520
159 51
160 334
161 95
162 939
163 820
164 920
165 571
166 106
167 434
168 193
169 592
170 948
171 860
172 223
173 387
174 336
175 599
176 357
177 561
178 193
179 837
180 765
181 33
182 614
183 376
184 57
185 270
186 572
187 557
188 405
189 188
190 92
191 86
192 100
193 647
194 485
195 860
196 671
197 861
198 646
199 409
200 817
201 549
202 181
203 239
204 589
205 247
206 239
207 471
208 293
209 245
210 817
211 330
212 796
213 305
214 342
215 382
216 400
217 15
218 399
219 55
220 33
221 382
222 664
223 437
224 159
225 281
226 455
227 498
228 80
229 752
230 400
231 449
232 229
233 557
234 919
235 860
236 484
237 297
238 63
239 761
240 969
241 499
242 83
243 453
244 273
245 833
246 391
247 687
248 228
249 897
250 233
251 781
252 755
253 448
254 571
255 288
256 785
257 969
258 349
259 397
260 817
261 754
262 19
263 688
264 837
265 255
266 388
267 834
268 860
269 561
270 360
271 555
272 524
273 651
274 455
275 627
276 248
277 657
278 448
279 33
280 368
281 863
282 860
283 304
284 459
285 327
286 827
287 671
288 881
289 227
290 489
291 863
292 245
293 111
294 182
295 390
296 745
297 4
298 255
299 100
300 551
301 965
302 173
303 225
304 382
305 986
306 189
307 732
308 371
309 657
310 656
311 811
312 546
313 811
314 920
315 448
316 650
317 656
318 603
319 302
320 573
321 503
322 49
323 508
324 869
325 934
326 631
327 913
328 77
329 159
330 944
331 820
332 792
333 658
334 465
335 747
336 832
337 851
338 728
339 54
340 758
341 192
342 540
343 347
344 511
345 21
346 990
347 735
348 573
349 781
350 783
351 612
352 274
353 919
354 170
355 405
356 933
357 233
358 988
359 144
360 606
361 415
362 789
363 817
364 465
365 540
366 219
367 99
368 900
369 535
370 62
371 197
372 760
373 371
374 211
375 918
376 410
377 421
378 117
379 749
380 285
381 704
382 940
383 299
384 495
385 871
386 708
387 149
388 221
389 97
390 915
391 647
392 773
393 230
394 203
395 378
396 221
397 882
398 472
399 55
400 128
401 816
402 840
403 817
404 162
405 955
406 396
407 894
408 591
409 281
410 46
411 563
412 818
413 325
414 364
415 328
416 529
417 824
418 820
419 110
420 90
421 753
422 572
423 641
424 341
425 742
426 952
427 116
428 904
429 320
430 526
431 844
432 663
433 79
434 217
435 68
436 644
437 743
438 182
439 585
440 561
441 871
442 471
443 183
444 866
445 704
446 931
447 733
448 952
449 127
450 840
451 431
452 60
453 404
454 742
455 747
456 990
457 122
458 546
459 111
460 723
461 363
462 703
463 115
464 232
465 147
466 193
467 185
468 723
469 636
470 162
471 738
472 875
473 183
474 825
475 78
476 945
477 941
478 940
479 922
480 853
481 928
482 457
483 179
484 399
485 936
486 13
487 295
488 316
489 631
490 229
491 572
492 719
493 846
494 425
495 968
496 850
497 924
498 863
499 284
500 825
501 818
502 481
503 335
504 50
505 27
506 953
507 60
508 428
509 721
510 625
511 687
512 622
513 620
514 401
515 447
516 941
517 822
518 573
519 319
520 227
521 805
522 468
523 449
524 722
525 561
526 322
527 102
528 245
529 191
530 252
531 162
532 176
533 122
534 423
535 151
536 530
537 125
538 475
539 265
540 948
541 61
542 836
543 202
544 383
545 280
546 243
547 806
548 894
549 339
550 368
551 827
552 600
553 1
554 188
555 195
556 388
557 429
558 632
559 953
560 718
561 619
562 817
563 462
564 305
565 924
566 780
567 604
568 181
569 902
570 781
571 192
572 941
573 183
574 807
575 381
576 651
577 411
578 123
579 825
580 510
581 116
582 200
583 514
584 518
585 643
586 610
587 520
588 916
589 922
590 519
591 295
592 625
593 393
594 33
595 588
596 269
597 332
598 281
599 823
600 496
601 879
602 365
603 944
604 627
605 271
606 238
607 300
608 4
609 916
610 610
611 577
612 73
613 895
614 192
615 426
616 285
617 21
618 354
619 212
620 443
621 658
622 891
623 229
624 723
625 267
626 429
627 411
628 137
629 330
630 485
631 448
632 63
633 812
634 662
635 527
636 924
637 143
638 383
639 481
640 136
641 563
642 993
643 283
644 348
645 880
646 122
647 163
648 48
649 176
650 195
651 63
652 330
653 312
654 360
655 505
656 51
657 216
658 406
659 21
660 748
661 850
662 662
663 920
664 367
665 500
666 825
667 122
668 121
669 799
670 341
671 682
672 959
673 264
674 505
675 337
676 581
677 734
678 938
679 995
680 671
681 567
682 467
683 620
684 580
685 684
686 433
687 147
688 46
689 565
690 196
691 887
692 581
693 401
694 138
695 315
696 340
697 631
698 819
699 380
700 543
701 693
702 572
703 593
704 9
705 151
706 206
707 926
708 615
709 959
710 2
711 892
712 923
713 604
714 266
715 790
716 433
717 250
718 740
719 411
720 132
721 330
722 781
723 717
724 126
725 57
726 305
727 579
728 308
729 836
730 512
731 236
732 273
733 824
734 528
735 827
736 650
737 921
738 21
739 613
740 17
741 536
742 580
743 566
744 337
745 204
746 474
747 656
748 359
749 671
750 773
751 469
752 546
753 763
754 603
755 987
756 157
757 954
758 233
759 623
760 780
761 590
762 6
763 493
764 194
765 645
766 40
767 886
768 138
769 605
770 585
771 274
772 825
773 611
774 819
775 482
776 90
777 804
778 13
779 864
780 838
781 504
782 838
783 318
784 844
785 50
786 947
787 736
788 308
789 214
790 406
791 818
792 844
793 133
794 580
795 925
796 148
797 908
798 406
799 300
800 758
801 178
802 707
803 708
804 695
805 934
806 901
807 556
808 399
809 818
810 925
811 545
812 148
813 92
814 587
815 309
816 486
817 542
818 709
819 130
820 111
821 257
822 522
823 948
824 194
825 887
826 189
827 918
828 758
829 785
830 807
831 671
832 852
833 927
834 619
835 921
836 606
837 140
838 615
839 718
840 42
841 546
842 692
843 669
844 813
845 691
846 634
847 118
848 838
849 385
850 112
851 446
852 774
853 282
854 294
855 128
856 245
857 376
858 82
859 367
860 790
861 792
862 279
863 477
864 887
865 68
866 543
867 542
868 79
869 760
870 848
871 623
872 481
873 272
874 641
875 173
876 84
877 156
878 519
879 942
880 662
881 239
882 500
883 923
884 559
885 641
886 266
887 189
888 86
889 605
890 908
891 504
892 892
893 74
894 139
895 434
896 887
897 113
898 57
899 228
900 94
901 224
902 397
903 801
904 358
905 18
906 535
907 421
908 579
909 512
910 730
911 222
912 221
913 257
914 82
915 378
916 705
917 145
918 620
919 44
920 54
921 480
922 733
923 99
924 562
925 733
926 78
927 41
928 890
929 802
930 671
931 5
932 838
933 827
934 827
935 693
936 14
937 229
938 374
939 820
940 671
941 682
942 311
943 304
944 103
945 470
946 769
947 191
948 139
949 798
950 135
951 814
952 827
953 923
954 507
955 124
956 735
957 139
958 520
959 42
960 504
961 961
962 282
963 274
964 539
965 165
966 512
967 374
968 62
969 437
970 495
971 284
972 249
973 651
974 50
975 360
976 189
977 450
978 778
979 612
980 548
981 140
982 996
983 636
984 273
985 905
986 749
987 456
988 297
989 918
990 463
991 599
992 33
993 57
994 711
995 61
996 563
997 519
998 535
999 684
1000 550
1001 204
1002 169
1003 783
1004 354
1005 970
1006 435
1007 115
1008 437
1009 600
1010 152
1011 170
1012 624
1013 210
1014 22
1015 410
1016 723
1017 477
1018 790
1019 251
1020 845
1021 671
1022 650
1023 249
1024 181
1025 266
1026 612
1027 14
1028 376
1029 814
1030 656
1031 902
1032 56
1033 159
1034 461
1035 474
1036 636
1037 231
1038 586
1039 587
1040 647
1041 41
1042 881
1043 726
1044 920
1045 688
1046 87
1047 217
1048 457
1049 371
1050 819
1051 814
1052 528
1053 845
1054 265
1055 448
1056 741
1057 443
1058 588
1059 117
1060 660
1061 300
1062 387
1063 294
1064 708
1065 632
1066 510
1067 614
1068 517
1069 177
1070 692
1071 744
1072 482
1073 874
1074 18
1075 77
1076 940
1077 995
1078 136
1079 351
1080 869
1081 571
1082 468
1083 471
1084 98
1085 95
1086 167
1087 790
1088 641
1089 858
1090 297
1091 790
1092 327
1093 692
1094 574
1095 48
1096 447
1097 302
1098 387
1099 93
1100 158
1101 66
1102 345
1103 372
1104 823
1105 510
1106 668
1107 878
1108 868
1109 970
1110 22
1111 360
1112 758
1113 6
1114 604
1115 627
1116 203
1117 426
1118 648
1119 790
1120 173
1121 568
1122 790
1123 873
1124 9
1125 743
1126 776
1127 113
1128 403
1129 955
1130 886
1131 704
1132 241
1133 410
1134 947
1135 593
1136 259
1137 22
1138 664
1139 823
1140 625
1141 569
1142 522
1143 166
1144 186
1145 105
1146 511
1147 589
1148 252
1149 867
1150 92
1151 33
1152 6
1153 86
1154 591
1155 255
1156 81
1157 100
1158 921
1159 479
1160 818
1161 170
1162 957
1163 455
1164 790
1165 98
1166 246
1167 659
1168 304
1169 548
1170 11
1171 845
1172 737
1173 651
1174 755
1175 669
1176 363
1177 678
1178 127
1179 730
1180 342
1181 641
1182 552
1183 981
1184 325
1185 765
1186 539
1187 430
1188 792
1189 158
1190 811
1191 335
1192 953
1193 222
1194 332
1195 758
1196 818
1197 338
1198 678
1199 267
1200 940
1201 398
1202 896
1203 113
1204 359
1205 99
1206 812
1207 663
1208 360
1209 845
1210 620
1211 833
1212 435
1213 52
1214 482
1215 507
1216 929
1217 395
1218 569
1219 542
1220 572
1221 726
1222 778
1223 974
1224 26
1225 922
1226 980
1227 720
1228 421
1229 134
1230 515
1231 510
1232 597
1233 418
1234 296
1235 710
1236 466
1237 916
1238 554
1239 570
1240 450
1241 820
1242 277
1243 388
1244 62
1245 442
1246 721
1247 652
1248 354
1249 151
1250 629
1251 162
1252 844
1253 464
1254 123
1255 658
1256 916
1257 915
1258 47
1259 224
1260 730
1261 536
1262 8
1263 640
1264 245
1265 827
1266 961
1267 261
1268 259
1269 114
1270 774
1271 290
1272 304
1273 563
1274 348
1275 325
1276 352
1277 388
1278 568
1279 207
1280 196
1281 599
1282 743
1283 72
1284 241
1285 417
1286 449
1287 916
1288 332
1289 181
1290 64
1291 279
1292 67
1293 921
1294 343
1295 512
1296 373
1297 364
1298 985
1299 551
1300 831
1301 301
1302 985
1303 448
1304 888
1305 948
1306 489
1307 342
1308 671
1309 645
1310 627
1311 77
1312 214
1313 267
1314 571
1315 936
1316 335
1317 551
1318 545
1319 216
1320 647
1321 659
1322 931
1323 694
1324 861
1325 50
1326 919
1327 89
1328 795
1329 429
1330 42
1331 528
1332 98
1333 637
1334 653
1335 472
1336 571
1337 716
1338 476
1339 363
1340 520
1341 648
1342 136
1343 485
1344 569
1345 660
1346 797
1347 827
1348 802
1349 398
1350 188
1351 393
1352 737
1353 573
1354 413
1355 21
1356 477
1357 782
1358 435
1359 628
1360 789
1361 519
1362 879
1363 361
1364 176
1365 574
1366 79
1367 302
1368 120
1369 261
1370 275
1371 917
1372 320
1373 417
1374 737
1375 366
1376 595
1377 234
1378 592
1379 804
1380 152
1381 114
1382 197
1383 709
1384 640
1385 975
1386 809
1387 371
1388 338
1389 782
1390 582
1391 305
1392 134
1393 369
1394 468
1395 185
1396 429
1397 711
1398 777
1399 21
1400 768
1401 125
1402 46
1403 33
1404 565
1405 587
1406 87
1407 82
1408 4
1409 488
1410 411
1411 753
1412 414
1413 505
1414 685
1415 776
1416 8
1417 179
1418 803
1419 437
1420 249
1421 466
1422 760
1423 111
1424 891
1425 144
1426 349
1427 33
1428 766
1429 33
1430 279
1431 922
1432 336
1433 792
1434 692
1435 679
1436 788
1437 417
1438 676
1439 626
1440 562
1441 146
1442 204
1443 275
1444 928
1445 782
1446 706
1447 920
1448 468
1449 651
1450 63
1451 485
1452 506
1453 937
1454 33
1455 486
1456 397
1457 603
1458 802
1459 722
1460 554
1461 478
1462 944
1463 768
1464 919
1465 150
1466 441
1467 440
1468 610
1469 847
1470 474
1471 228
1472 433
1473 469
1474 386
1475 33
1476 886
1477 289
1478 663
1479 245
1480 987
1481 311
1482 9
1483 132
1484 282
1485 468
1486 194
1487 916
1488 378
1489 424
1490 730
1491 149
1492 706
1493 220
1494 289
1495 682
1496 918
1497 797
1498 382
1499 843
1500 959
1501 259
1502 390
1503 259
1504 428
1505 245
1506 142
1507 818
1508 213
1509 601
1510 150
1511 778
1512 552
1513 917
1514 400
1515 874
1516 646
1517 847
1518 822
1519 223
1520 230
1521 911
1522 299
1523 143
1524 480
1525 706
1526 746
1527 350
1528 170
1529 44
1530 716
1531 231
1532 186
1533 217
1534 182
1535 859
1536 471
1537 448
1538 375
1539 22
1540 886
1541 198
1542 744
1543 590
1544 176
1545 924
1546 280
1547 572
1548 662
1549 393
1550 529
1551 583
1552 903
1553 439
1554 625
1555 470
1556 781
1557 513
1558 315
1559 565
1560 818
1561 190
1562 77
1563 572
1564 651
1565 591
1566 983
1567 475
1568 82
1569 707
1570 609
1571 682
1572 927
1573 402
1574 338
1575 166
1576 58
1577 239
1578 50
1579 816
1580 236
1581 135
1582 732
1583 176
1584 389
1585 709
1586 181
1587 824
1588 732
1589 928
1590 669
1591 764
1592 745
1593 461
1594 748
1595 151
1596 425
1597 517
1598 824
1599 309
1600 403
1601 983
1602 248
1603 623
1604 668
1605 760
1606 567
1607 751
1608 524
1609 902
1610 33
1611 377
1612 246
1613 439
1614 147
1615 927
1616 194
1617 107
1618 416
1619 875
1620 624
1621 789
1622 120
1623 436
1624 3
1625 642
1626 702
1627 973
1628 940
1629 516
1630 77
1631 664
1632 946
1633 170
1634 482
1635 671
1636 384
1637 919
1638 352
1639 687
1640 407
1641 357
1642 102
1643 132
1644 339
1645 571
1646 551
1647 195
1648 579
1649 619
1650 987
1651 672
1652 74
1653 940
1654 181
1655 433
1656 766
1657 350
1658 174
1659 522
1660 320
1661 976
1662 416
1663 904
1664 234
1665 145
1666 152
1667 329
1668 914
1669 18
1670 140
1671 362
1672 652
1673 461
1674 250
1675 411
1676 632
1677 946
1678 239
1679 886
1680 120
1681 459
1682 641
1683 855
1684 559
1685 62
1686 61
1687 760
1688 40
1689 687
1690 202
1691 927
1692 885
1693 228
1694 32
1695 152
1696 646
1697 358
1698 74
1699 772
1700 319
1701 757
1702 526
1703 917
1704 470
1705 758
1706 110
1707 133
1708 14
1709 888
1710 344
1711 77
1712 852
1713 47
1714 434
1715 591
1716 879
1717 959
1718 501
1719 772
1720 965
1721 522
1722 375
1723 63
1724 393
1725 663
1726 232
1727 903
1728 318
1729 932
1730 50
1731 18
1732 972
1733 859
1734 678
1735 140
1736 91
1737 350
1738 784
1739 337
1740 415
1741 980
1742 969
1743 455
1744 590
1745 335
1746 476
1747 591
1748 73
1749 914
1750 939
1751 662
1752 784
1753 743
1754 384
1755 87
1756 791
1757 642
1758 682
1759 133
1760 971
1761 198
1762 842
1763 319
1764 52
1765 820
1766 329
1767 787
1768 681
1769 960
1770 273
1771 549
1772 33
1773 417
1774 168
1775 256
1776 186
1777 317
1778 341
1779 608
1780 385
1781 57
1782 21
1783 905
1784 671
1785 664
1786 947
1787 504
1788 285
1789 849
1790 533
1791 318
1792 274
1793 582
1794 137
1795 418
1796 162
1797 744
1798 360
1799 97
1800 111
1801 183
1802 307
1803 206
1804 486
1805 871
1806 701
1807 369
1808 43
1809 732
1810 160
1811 365
1812 393
1813 421
1814 506
1815 73
1816 148
1817 650
1818 460
1819 239
1820 460
1821 686
1822 721
1823 249
1824 165
1825 273
1826 721
1827 132
1828 589
1829 212
1830 407
1831 540
1832 429
1833 64
1834 439
1835 427
1836 194
1837 29
1838 66
1839 422
1840 346
1841 541
1842 650
1843 934
1844 618
1845 265
1846 4
1847 637
1848 396
1849 888
1850 600
1851 529
1852 559
1853 620
1854 30
1855 618
1856 433
1857 32
1858 767
1859 884
1860 58
1861 843
1862 660
1863 558
1864 514
1865 211
1866 590
1867 466
1868 514
1869 251
1870 914
1871 447
1872 465
1873 316
1874 392
1875 278
1876 300
1877 591
1878 776
1879 666
1880 888
1881 767
1882 921
1883 259
1884 238
1885 538
1886 570
1887 619
1888 971
1889 635
1890 585
1891 360
1892 191
1893 245
1894 233
1895 599
1896 558
1897 741
1898 720
1899 32
1900 62
1901 143
1902 605
1903 299
1904 888
1905 113
1906 204
1907 982
1908 112
1909 373
1910 380
1911 473
1912 950
1913 74
1914 206
1915 806
1916 98
1917 304
1918 558
1919 644
1920 772
1921 295
1922 888
1923 805
1924 911
1925 828
1926 965
1927 394
1928 183
1929 75
1930 732
1931 429
1932 311
1933 929
1934 621
1935 421
1936 784
1937 49
1938 896
1939 388
1940 545
1941 988
1942 983
1943 807
1944 913
1945 851
1946 135
1947 430
1948 688
1949 185
1950 342
1951 131
1952 2
1953 528
1954 561
1955 753
1956 955
1957 216
1958 86
1959 298
1960 586
1961 603
1962 94
1963 268
1964 964
1965 619
1966 589
1967 558
1968 203
1969 526
1970 230
1971 780
1972 809
1973 772
1974 794
1975 278
1976 254
1977 95
1978 819
1979 230
1980 665
1981 181
1982 394
1983 784
1984 609
1985 569
1986 713
1987 163
1988 62
1989 88
1990 872
1991 657
1992 995
1993 133
1994 30
1995 774
1996 574
1997 796
1998 640
1999 288
2000 487
2001 513
2002 124
2003 256
2004 563
2005 451
2006 52
2007 862
2008 160
2009 262
2010 202
2011 191
2012 180
2013 212
2014 321
2015 290
2016 973
2017 213
2018 832
2019 802
2020 442
2021 757
2022 456
2023 568
2024 811
2025 71
2026 847
2027 246
2028 876
2029 159
2030 964
2031 171
2032 468
2033 928
2034 504
2035 743
2036 962
2037 641
2038 886
2039 620
2040 111
2041 635
2042 624
2043 105
2044 923
2045 421
2046 232
2047 888
2048 483
2049 723
2050 695
2051 925
2052 417
2053 214
2054 831
2055 397
2056 531
2057 549
2058 416
2059 607
2060 552
2061 704
2062 298
2063 20
2064 76
2065 113
2066 167
2067 416
2068 243
2069 162
2070 648
2071 446
2072 92
2073 939
2074 588
2075 524
2076 157
2077 77
2078 259
2079 8
2080 686
2081 113
2082 977
2083 111
2084 391
2085 857
2086 384
2087 876
2088 798
2089 0
2090 695
2091 361
2092 653
2093 1
2094 61
2095 872
2096 461
2097 537
2098 242
2099 831
2100 645
2101 555
2102 621
2103 436
2104 898
2105 809
2106 721
2107 5
2108 381
2109 140
2110 958
2111 49
2112 844
2113 210
2114 415
2115 579
2116 208
2117 15
2118 508
2119 70
2120 935
2121 288
2122 946
2123 917
2124 228
2125 943
2126 87
2127 784
2128 165
2129 774
2130 124
2131 729
2132 648
2133 252
2134 250
2135 508
2136 915
2137 212
2138 716
2139 669
2140 842
2141 114
2142 598
2143 638
2144 402
2145 796
2146 116
2147 467
2148 215
2149 284
2150 669
2151 437
2152 136
2153 454
2154 555
2155 531
2156 346
2157 132
2158 379
2159 237
2160 843
2161 256
2162 665
2163 898
2164 766
2165 20
2166 420
2167 202
2168 964
2169 51
2170 651
2171 955
2172 557
2173 572
2174 524
2175 664
2176 955
2177 472
2178 167
2179 169
2180 293
2181 407
2182 617
2183 207
2184 595
2185 735
2186 119
2187 983
2188 393
2189 66
2190 651
2191 479
2192 204
2193 819
2194 504
2195 361
2196 980
2197 806
2198 106
2199 934
2200 768
2201 86
2202 767
2203 794
2204 167
2205 379
2206 726
2207 889
2208 604
2209 394
2210 678
2211 57
2212 885
2213 499
2214 275
2215 585
2216 671
2217 671
2218 822
2219 982
2220 641
2221 137
2222 192
2223 744
2224 576
2225 48
2226 621
2227 63
2228 917
2229 524
2230 519
2231 778
2232 347
2233 251
2234 956
2235 887
2236 364
2237 524
2238 932
2239 479
2240 278
2241 212
2242 180
2243 895
2244 238
2245 266
2246 29
2247 972
2248 309
2249 142
2250 106
2251 479
2252 392
2253 117
2254 98
2255 593
2256 357
2257 634
2258 112
2259 968
2260 116
2261 311
2262 239
2263 6
2264 688
2265 783
2266 25
2267 274
2268 181
2269 729
2270 446
2271 394
2272 15
2273 447
2274 367
2275 826
2276 616
2277 657
2278 707
2279 885
2280 824
2281 940
2282 111
2283 932
2284 630
2285 108
2286 33
2287 99
2288 845
2289 111
2290 163
2291 874
2292 470
2293 421
2294 231
2295 327
2296 970
2297 923
2298 650
2299 448
2300 870
2301 931
2302 798
2303 662
2304 373
2305 248
2306 524
2307 858
2308 131
2309 497
2310 406
2311 688
2312 43
2313 318
2314 525
2315 921
2316 767
2317 647
2318 796
2319 738
2320 91
2321 713
2322 784
2323 510
2324 25
2325 212
2326 290
2327 462
2328 561
2329 956
2330 417
2331 567
2332 897
2333 235
2334 469
2335 33
2336 970
2337 778
2338 350
2339 780
2340 113
2341 143
2342 172
2343 581
2344 548
2345 411
2346 582
2347 805
2348 852
2349 601
2350 869
2351 651
2352 597
2353 403
2354 957
2355 128
2356 265
2357 192
2358 598
2359 631
2360 784
2361 667
2362 258
2363 343
2364 888
2365 839
2366 317
2367 792
2368 227
2369 537
2370 452
2371 661
2372 397
2373 830
2374 862
2375 291
2376 154
2377 378
2378 926
2379 410
2380 256
2381 169
2382 406
2383 197
2384 551
2385 398
2386 763
2387 791
2388 763
2389 611
2390 428
2391 470
2392 343
2393 681
2394 137
2395 13
2396 900
2397 773
2398 460
2399 807
2400 783
2401 88
2402 6
2403 351
2404 54
2405 784
2406 2
2407 618
2408 434
2409 638
2410 763
2411 533
2412 770
2413 800
2414 291
2415 51
2416 545
2417 842
2418 922
2419 292
2420 881
2421 885
2422 450
2423 579
2424 876
2425 917
2426 142
2427 445
2428 473
2429 149
2430 563
2431 570
2432 873
2433 763
2434 771
2435 823
2436 208
2437 454
2438 159
2439 872
2440 707
2441 455
2442 234
2443 567
2444 551
2445 68
2446 717
2447 960
2448 578
2449 341
2450 901
2451 913
2452 299
2453 713
2454 938
2455 160
2456 24
2457 770
2458 261
2459 319
2460 148
2461 642
2462 219
2463 234
2464 808
2465 820
2466 170
2467 768
2468 25
2469 794
2470 310
2471 176
2472 904
2473 475
2474 514
2475 383
2476 365
2477 41
2478 71
2479 858
2480 491
2481 449
2482 857
2483 647
2484 763
2485 860
2486 828
2487 784
2488 314
2489 802
2490 763
2491 190
2492 763
2493 364
2494 364
2495 676
2496 729
2497 465
2498 784
2499 41
2500 446
2501 270
2502 430
2503 720
2504 146
2505 152
2506 334
2507 582
2508 19
2509 302
2510 923
2511 763
2512 912
2513 476
2514 178
2515 137
2516 826
2517 272
2518 822
2519 770
2520 767
2521 254
2522 405
2523 2
2524 689
2525 972
2526 1
2527 514
2528 784
2529 662
2530 598
2531 686
2532 867
2533 832
2534 529
2535 281
2536 741
2537 726
2538 191
2539 229
2540 202
2541 372
2542 774
2543 572
2544 922
2545 420
2546 480
2547 493
2548 61
2549 551
2550 842
2551 11
2552 634
2553 680
2554 428
2555 543
2556 244
2557 683
2558 484
2559 556
2560 96
2561 436
2562 302
2563 957
2564 654
2565 714
2566 419
2567 749
2568 331
2569 420
2570 662
2571 825
2572 554
2573 585
2574 450
2575 536
2576 572
2577 942
2578 324
2579 735
2580 903
2581 450
2582 787
2583 651
2584 603
2585 93
2586 294
2587 35
2588 792
2589 562
2590 425
2591 456
2592 997
2593 371
2594 63
2595 596
2596 930
2597 586
2598 68
2599 445
2600 827
2601 434
2602 695
2603 173
2604 648
2605 233
2606 749
2607 166
2608 466
2609 922
2610 766
2611 479
2612 904
2613 194
2614 973
2615 651
2616 492
2617 194
2618 543
2619 562
2620 349
2621 86
2622 830
2623 452
2624 537
2625 496
2626 240
2627 12
2628 586
2629 688
2630 533
2631 71
2632 46
2633 761
2634 572
2635 148
2636 684
2637 804
2638 881
2639 672
2640 176
2641 926
2642 711
2643 7
2644 174
2645 720
2646 600
2647 961
2648 476
2649 350
2650 766
2651 742
2652 32
2653 376
2654 340
2655 338
2656 7
2657 194
2658 162
2659 492
2660 937
2661 571
2662 267
2663 143
2664 976
2665 588
2666 643
2667 543
2668 844
2669 635
2670 326
2671 485
2672 107
2673 5
2674 944
2675 43
2676 323
2677 420
2678 867
2679 872
2680 466
2681 68
2682 973
2683 45
2684 506
2685 83
2686 595
2687 610
2688 826
2689 121
2690 254
2691 392
2692 47
2693 807
2694 953
2695 403
2696 425
2697 786
2698 61
2699 411
2700 618
2701 891
2702 671
2703 173
2704 606
2705 572
2706 457
2707 416
2708 660
2709 930
2710 671
2711 64
2712 719
2713 774
2714 434
2715 776
2716 314
2717 800
2718 942
2719 667
2720 54
2721 832
2722 706
2723 268
2724 719
2725 432
2726 349
2727 330
2728 620
2729 838
2730 526
2731 19
2732 154
2733 911
2734 232
2735 181
2736 906
2737 776
2738 602
2739 949
2740 181
2741 247
2742 781
2743 50
2744 628
2745 308
2746 123
2747 273
2748 540
2749 844
2750 835
2751 726
2752 2
2753 222
2754 964
2755 404
2756 283
2757 237
2758 990
2759 365
2760 613
2761 195
2762 323
2763 356
2764 520
2765 476
2766 300
2767 463
2768 455
2769 46
2770 601
2771 934
2772 330
2773 184
2774 748
2775 873
2776 576
2777 942
2778 437
2779 57
2780 621
2781 123
2782 980
2783 318
2784 638
2785 456
2786 327
2787 262
2788 682
2789 135
2790 25
2791 498
2792 134
2793 63
2794 787
2795 533
2796 685
2797 421
2798 250
2799 671
2800 631
2801 936
2802 82
2803 846
2804 237
2805 284
2806 248
2807 542
2808 708
2809 105
2810 124
2811 663
2812 908
2813 499
2814 723
2815 558
2816 228
2817 541
2818 590
2819 847
2820 117
2821 908
2822 981
2823 155
2824 968
2825 741
2826 21
2827 336
2828 671
2829 748
2830 780
2831 803
2832 231
2833 593
2834 529
2835 883
2836 702
2837 161
2838 57
2839 348
2840 876
2841 698
2842 491
2843 867
2844 163
2845 684
2846 844
2847 86
2848 986
2849 848
2850 157
2851 113
2852 77
2853 811
2854 55
2855 838
2856 595
2857 316
2858 569
2859 201
2860 74
2861 406
2862 8
2863 479
2864 335
2865 298
2866 689
2867 637
2868 203
2869 378
2870 459
2871 143
2872 299
2873 821
2874 257
2875 659
2876 398
2877 223
2878 594
2879 251
2880 775
2881 533
2882 263
2883 810
2884 516
2885 103
2886 465
2887 836
2888 528
2889 551
2890 869
2891 473
2892 232
2893 445
2894 987
2895 577
2896 751
2897 473
2898 656
2899 512
2900 56
2901 882
2902 865
2903 324
2904 595
2905 951
2906 345
2907 908
2908 413
2909 70
2910 192
2911 925
2912 802
2913 95
2914 976
2915 238
2916 136
2917 843
2918 142
2919 622
2920 474
2921 723
2922 196
2923 387
2924 809
2925 392
2926 898
2927 855
2928 410
2929 705
2930 976
2931 927
2932 417
2933 35
2934 783
2935 776
2936 585
2937 450
2938 221
2939 126
2940 40
2941 884
2942 662
2943 988
2944 645
2945 611
2946 476
2947 681
2948 505
2949 751
2950 565
2951 35
2952 876
2953 663
2954 873
2955 637
2956 669
2957 317
2958 348
2959 653
2960 520
2961 514
2962 263
2963 596
2964 238
2965 688
2966 743
2967 450
2968 927
2969 286
2970 422
2971 716
2972 723
2973 299
2974 24
2975 156
2976 729
2977 79
2978 683
2979 658
2980 667
2981 923
2982 89
2983 909
2984 976
2985 808
2986 358
2987 695
2988 684
2989 347
2990 128
2991 513
2992 493
2993 35
2994 219
2995 522
2996 19
2997 702
2998 301
2999 336
3000 818
3001 366
3002 976
3003 935
3004 951
3005 35
3006 681
3007 637
3008 444
3009 847
3010 977
3011 736
3012 58
3013 787
3014 163
3015 794
3016 767
3017 965
3018 485
3019 17
3020 601
3021 674
3022 139
3023 522
3024 581
3025 607
3026 176
3027 767
3028 559
3029 134
3030 640
3031 753
3032 18
3033 361
3034 78
3035 729
3036 446
3037 176
3038 723
3039 898
3040 651
3041 431
3042 602
3043 494
3044 916
3045 201
3046 537
3047 98
3048 450
3049 143
3050 24
3051 363
3052 714
3053 119
3054 497
3055 648
3056 602
3057 692
3058 276
3059 410
3060 823
3061 944
3062 760
3063 376
3064 762
3065 838
3066 615
3067 586
3068 541
3069 488
3070 8
3071 726
3072 274
3073 473
3074 19
3075 959
3076 693
3077 703
3078 770
3079 921
3080 372
3081 508
3082 436
3083 951
3084 826
3085 783
3086 836
3087 733
3088 606
3089 202
3090 657
3091 426
3092 911
3093 368
3094 35
3095 397
3096 797
3097 308
3098 598
3099 232
3100 353
3101 356
3102 107
3103 674
3104 643
3105 189
3106 290
3107 383
3108 903
3109 309
3110 827
3111 308
3112 275
3113 907
3114 479
3115 286
3116 578
3117 408
3118 545
3119 197
3120 787
3121 769
3122 95
3123 726
3124 474
3125 377
3126 214
3127 227
3128 35
3129 333
3130 200
3131 510
3132 319
3133 632
3134 541
3135 425
3136 639
3137 896
3138 781
3139 719
3140 88
3141 440
3142 144
3143 631
3144 889
3145 113
3146 674
3147 261
3148 592
3149 482
3150 426
3151 226
3152 356
3153 184
3154 867
3155 258
3156 881
3157 585
3158 274
3159 503
3160 536
3161 354
3162 818
3163 116
3164 522
3165 764
3166 288
3167 867
3168 535
3169 899
3170 682
3171 656
3172 138
3173 848
3174 335
3175 866
3176 779
3177 572
3178 201
3179 974
3180 764
3181 818
3182 831
3183 888
3184 107
3185 597
3186 463
3187 385
3188 75
3189 803
3190 44
3191 806
3192 421
3193 421
3194 362
3195 130
3196 962
3197 244
3198 339
3199 776
3200 92
3201 320
3202 852
3203 770
3204 929
3205 174
3206 288
3207 859
3208 245
3209 530
3210 728
3211 535
3212 717
3213 736
3214 728
3215 353
3216 743
3217 20
3218 660
3219 336
3220 517
3221 514
3222 432
3223 396
3224 766
3225 818
3226 213
3227 972
3228 292
3229 857
3230 725
3231 182
3232 481
3233 704
3234 866
3235 22
3236 182
3237 925
3238 230
3239 288
3240 423
3241 576
3242 604
3243 640
3244 203
3245 597
3246 420
3247 35
3248 375
3249 986
3250 229
3251 63
3252 82
3253 350
3254 779
3255 400
3256 728
3257 937
3258 467
3259 157
3260 559
3261 304
3262 572
3263 545
3264 647
3265 179
3266 565
3267 435
3268 558
3269 363
3270 68
3271 255
3272 857
3273 107
3274 405
3275 280
3276 981
3277 97
3278 429
3279 170
3280 813
3281 674
3282 366
3283 102
3284 756
3285 13
3286 730
3287 974
3288 688
3289 197
3290 882
3291 869
3292 918
3293 478
3294 99
3295 200
3296 922
3297 4
3298 747
3299 391
3300 705
3301 15
3302 349
3303 515
3304 129
3305 193
3306 459
3307 274
3308 679
3309 519
3310 974
3311 821
3312 499
3313 555
3314 324
3315 97
3316 206
3317 293
3318 311
3319 223
3320 160
3321 421
3322 974
3323 942
3324 634
3325 149
3326 97
3327 549
3328 482
3329 296
3330 568
3331 779
3332 969
3333 511
3334 160
3335 100
3336 577
3337 355
3338 415
3339 474
3340 413
3341 616
3342 651
3343 77
3344 64
3345 295
3346 537
3347 962
3348 405
3349 485
3350 15
3351 53
3352 516
3353 852
3354 1
3355 552
3356 95
3357 364
3358 420
3359 384
3360 2
3361 872
3362 766
3363 957
3364 616
3365 197
3366 706
3367 220
3368 640
3369 399
3370 93
3371 974
3372 56
3373 664
3374 889
3375 505
3376 480
3377 164
3378 43
3379 35
3380 308
3381 235
3382 764
3383 730
3384 145
3385 479
3386 128
3387 770
3388 100
3389 830
3390 483
3391 255
3392 768
3393 289
3394 698
3395 244
3396 422
3397 642
3398 835
3399 308
3400 240
3401 773
3402 877
3403 348
3404 397
3405 468
3406 882
3407 889
3408 291
3409 387
3410 503
3411 617
3412 483
3413 147
3414 974
3415 582
3416 6
3417 20
3418 868
3419 157
3420 142
3421 384
3422 212
3423 357
3424 701
3425 442
3426 225
3427 722
3428 700
3429 910
3430 35
3431 185
3432 692
3433 785
3434 154
3435 263
3436 693
3437 866
3438 848
3439 35
3440 493
3441 599
3442 974
3443 452
3444 839
3445 333
3446 186
3447 844
3448 752
3449 945
3450 913
3451 380
3452 488
3453 583
3454 387
3455 553
3456 196
3457 335
3458 720
3459 363
3460 970
3461 363
3462 238
3463 595
3464 174
3465 645
3466 555
3467 631
3468 635
3469 578
3470 706
3471 29
3472 435
3473 645
3474 309
3475 138
3476 852
3477 248
3478 738
3479 440
3480 208
3481 974
3482 934
3483 35
3484 734
3485 207
3486 203
3487 624
3488 652
3489 354
3490 940
3491 226
3492 233
3493 182
3494 570
3495 986
3496 244
3497 666
3498 872
3499 638
3500 834
3501 608
3502 367
3503 716
3504 476
3505 816
3506 554
3507 172
3508 354
3509 896
3510 565
3511 535
3512 12
3513 1
3514 8
3515 528
3516 585
3517 716
3518 734
3519 814
3520 393
3521 965
3522 562
3523 395
3524 176
3525 136
3526 516
3527 440
3528 426
3529 253
3530 584
3531 578
3532 60
3533 674
3534 643
3535 385
3536 499
3537 828
3538 674
3539 828
3540 335
3541 864
3542 285
3543 987
3544 18
3545 465
3546 715
3547 816
3548 198
3549 979
3550 432
3551 673
3552 674
3553 872
3554 676
3555 388
3556 655
3557 482
3558 575
3559 226
3560 592
3561 112
3562 80
3563 824
3564 909
3565 520
3566 714
3567 631
3568 767
3569 563
3570 179
3571 221
3572 635
3573 685
3574 306
3575 319
3576 920
3577 940
3578 867
3579 199
3580 324
3581 373
3582 8
3583 431
3584 600
3585 234
3586 624
3587 834
3588 847
3589 815
3590 926
3591 476
3592 809
3593 519
3594 488
3595 701
3596 182
3597 867
3598 398
3599 939
3600 896
3601 269
3602 996
3603 478
3604 574
3605 176
3606 53
3607 29
3608 483
3609 354
3610 835
3611 11
3612 669
3613 389
3614 839
3615 194
3616 660
3617 862
3618 814
3619 478
3620 704
3621 558
3622 910
3623 913
3624 628
3625 607
3626 888
3627 650
3628 470
3629 920
3630 248
3631 879
3632 862
3633 434
3634 611
3635 806
3636 249
3637 236
3638 330
3639 644
3640 589
3641 466
3642 809
3643 917
3644 294
3645 814
3646 202
3647 265
3648 857
3649 792
3650 757
3651 77
3652 507
3653 379
3654 698
3655 874
3656 29
3657 852
3658 430
3659 431
3660 393
3661 76
3662 372
3663 291
3664 484
3665 857
3666 868
3667 597
3668 17
3669 913
3670 472
3671 173
3672 793
3673 559
3674 444
3675 103
3676 340
3677 614
3678 86
3679 977
3680 342
3681 593
3682 318
3683 591
3684 520
3685 554
3686 111
3687 815
3688 617
3689 366
3690 751
3691 178
3692 209
3693 869
3694 63
3695 886
3696 888
3697 445
3698 399
3699 163
3700 910
3701 97
3702 319
3703 896
3704 411
3705 597
3706 868
3707 328
3708 817
3709 423
3710 298
3711 14
3712 99
3713 717
3714 121
3715 25
3716 349
3717 879
3718 100
3719 484
3720 192
3721 484
3722 184
3723 526
3724 751
3725 551
3726 987
3727 639
3728 813
3729 657
3730 574
3731 61
3732 500
3733 855
3734 180
3735 573
3736 742
3737 609
3738 972
3739 389
3740 250
3741 728
3742 767
3743 978
3744 676
3745 130
3746 325
3747 377
3748 702
3749 124
3750 340
3751 421
3752 467
3753 116
3754 665
3755 483
3756 760
3757 840
3758 358
3759 258
3760 656
3761 35
3762 35
3763 968
3764 793
3765 284
3766 127
3767 603
3768 861
3769 725
3770 1
3771 325
3772 35
3773 511
3774 684
3775 370
3776 64
3777 489
3778 168
3779 725
3780 606
3781 475
3782 217
3783 75
3784 725
3785 700
3786 545
3787 572
3788 297
3789 545
3790 459
3791 493
3792 216
3793 51
3794 60
3795 568
3796 389
3797 635
3798 960
3799 239
3800 577
3801 177
3802 86
3803 817
3804 26
3805 164
3806 877
3807 847
3808 972
3809 245
3810 57
3811 894
3812 729
3813 59
3814 607
3815 774
3816 698
3817 378
3818 744
3819 458
3820 126
3821 325
3822 612
3823 471
3824 918
3825 558
3826 21
3827 255
3828 452
3829 579
3830 844
3831 320
3832 619
3833 589
3834 646
3835 274
3836 68
3837 188
3838 682
3839 147
3840 714
3841 955
3842 433
3843 985
3844 349
3845 535
3846 852
3847 787
3848 806
3849 323
3850 865
3851 31
3852 319
3853 607
3854 751
3855 974
3856 862
3857 589
3858 56
3859 93
3860 392
3861 92
3862 442
3863 569
3864 481
3865 375
3866 623
3867 950
3868 35
3869 104
3870 46
3871 674
3872 986
3873 195
3874 35
3875 825
3876 441
3877 145
3878 296
3879 750
3880 314
3881 453
3882 560
3883 778
3884 939
3885 954
3886 828
3887 651
3888 701
3889 506
3890 288
3891 683
3892 881
3893 193
3894 664
3895 571
3896 428
3897 950
3898 323
3899 226
3900 474
3901 760
3902 611
3903 736
3904 308
3905 585
3906 191
3907 45
3908 296
3909 742
3910 593
3911 387
3912 147
3913 226
3914 204
3915 110
3916 712
3917 841
3918 147
3919 815
3920 380
3921 281
3922 286
3923 639
3924 126
3925 714
3926 243
3927 60
3928 41
3929 9
3930 352
3931 58
3932 990
3933 455
3934 283
3935 116
3936 662
3937 778
3938 318
3939 405
3940 867
3941 513
3942 29
3943 912
3944 757
3945 641
3946 770
3947 503
3948 819
3949 871
3950 957
3951 278
3952 365
3953 662
3954 528
3955 391
3956 795
3957 972
3958 159
3959 488
3960 442
3961 344
3962 841
3963 223
3964 555
3965 646
3966 725
3967 861
3968 347
3969 309
3970 30
3971 95
3972 385
3973 946
3974 246
3975 222
3976 728
3977 92
3978 241
3979 663
3980 206
3981 520
3982 931
3983 43
3984 91
3985 628
3986 229
3987 399
3988 1
3989 661
3990 969
3991 350
3992 287
3993 984
3994 29
3995 262
3996 242
3997 536
3998 132
3999 162
4000 308
4001 552
4002 255
4003 35
4004 719
4005 77
4006 662
4007 675
4008 290
4009 374
4010 375
4011 116
4012 889
4013 933
4014 938
4015 762
4016 545
4017 152
4018 894
4019 546
4020 748
4021 103
4022 492
4023 423
4024 396
4025 721
4026 275
4027 453
4028 58
4029 440
4030 568
4031 609
4032 709
4033 301
4034 266
4035 776
4036 535
4037 627
4038 715
4039 420
4040 950
4041 912
4042 28
4043 696
4044 848
4045 986
4046 850
4047 526
4048 453
4049 160
4050 720
4051 603
4052 782
4053 546
4054 834
4055 500
4056 675
4057 239
4058 171
4059 254
4060 377
4061 191
4062 502
4063 637
4064 211
4065 684
4066 104
4067 766
4068 239
4069 710
4070 601
4071 508
4072 899
4073 466
4074 377
4075 237
4076 860
4077 246
4078 865
4079 172
4080 823
4081 19
4082 235
4083 873
4084 292
4085 693
4086 762
4087 346
4088 961
4089 243
4090 555
4091 355
4092 574
4093 642
4094 44
4095 77
4096 599
4097 454
4098 930
4099 220
4100 656
4101 938
4102 324
4103 523
4104 32
4105 530
4106 867
4107 950
4108 703
4109 359
4110 53
4111 70
4112 479
4113 214
4114 710
4115 782
4116 738
4117 300
4118 379
4119 117
4120 471
4121 205
4122 20
4123 490
4124 179
4125 35
4126 265
4127 242
4128 331
4129 752
4130 725
4131 825
4132 21
4133 835
4134 887
4135 48
4136 407
4137 493
4138 320
4139 985
4140 983
4141 760
4142 338
4143 131
4144 510
4145 596
4146 810
4147 933
4148 526
4149 287
4150 688
4151 865
4152 693
4153 137
4154 831
4155 325
4156 828
4157 707
4158 52
4159 334
4160 711
4161 466
4162 385
4163 256
4164 27
4165 152
4166 482
4167 890
4168 503
4169 165
4170 990
4171 50
4172 902
4173 63
4174 718
4175 337
4176 820
4177 263
4178 126
4179 176
4180 90
4181 225
4182 934
4183 383
4184 865
4185 627
4186 672
4187 746
4188 779
4189 762
4190 517
4191 868
4192 718
4193 856
4194 21
4195 255
4196 693
4197 802
4198 441
4199 166
4200 950
4201 566
4202 374
4203 68
4204 623
4205 972
4206 377
4207 327
4208 663
4209 224
4210 698
4211 944
4212 580
4213 932
4214 266
4215 425
4216 19
4217 223
4218 71
4219 103
4220 489
4221 318
4222 459
4223 320
4224 247
4225 864
4226 427
4227 442
4228 239
4229 969
4230 639
4231 889
4232 728
4233 495
4234 856
4235 545
4236 137
4237 585
4238 498
4239 865
4240 931
4241 173
4242 674
4243 447
4244 188
4245 365
4246 289
4247 461
4248 578
4249 202
4250 623
4251 596
4252 789
4253 370
4254 725
4255 802
4256 892
4257 616
4258 319
4259 201
4260 947
4261 859
4262 376
4263 419
4264 108
4265 741
4266 985
4267 338
4268 724
4269 446
4270 685
4271 168
4272 438
4273 919
4274 451
4275 42
4276 260
4277 665
4278 491
4279 741
4280 161
4281 950
4282 60
4283 243
4284 68
4285 961
4286 423
4287 335
4288 292
4289 428
4290 805
4291 407
4292 601
4293 594
4294 394
4295 647
4296 8
4297 841
4298 936
4299 508
4300 397
4301 290
4302 155
4303 869
4304 604
4305 284
4306 418
4307 239
4308 240
4309 161
4310 457
4311 4
4312 597
4313 719
4314 17
4315 537
4316 418
4317 409
4318 124
4319 605
4320 614
4321 100
4322 289
4323 465
4324 22
4325 819
4326 590
4327 50
4328 127
4329 276
4330 254
4331 348
4332 820
4333 56
4334 779
4335 594
4336 526
4337 306
4338 593
4339 714
4340 123
4341 510
4342 881
4343 818
4344 844
4345 490
4346 782
4347 257
4348 114
4349 42
4350 269
4351 218
4352 35
4353 436
4354 949
4355 925
4356 848
4357 654
4358 637
4359 787
4360 1
4361 470
4362 526
4363 63
4364 417
4365 41
4366 128
4367 609
4368 299
4369 750
4370 594
4371 422
4372 851
4373 785
4374 780
4375 704
4376 949
4377 575
4378 792
4379 520
4380 105
4381 300
4382 130
4383 471
4384 116
4385 396
4386 309
4387 88
4388 157
4389 728
4390 560
4391 509
4392 553
4393 335
4394 495
4395 750
4396 983
4397 187
4398 568
4399 785
4400 206
4401 313
4402 391
4403 102
4404 837
4405 639
4406 281
4407 276
4408 214
4409 725
4410 749
4411 307
4412 542
4413 348
4414 617
4415 836
4416 9
4417 867
4418 465
4419 838
4420 145
4421 400
4422 572
4423 51
4424 279
4425 82
4426 675
4427 798
4428 466
4429 169
4430 810
4431 73
4432 244
4433 387
4434 685
4435 218
4436 833
4437 190
4438 59
4439 987
4440 93
4441 769
4442 517
4443 339
4444 851
4445 306
4446 498
4447 577
4448 419
4449 74
4450 979
4451 612
4452 527
4453 806
4454 803
4455 0
4456 751
4457 493
4458 466
4459 589
4460 424
4461 470
4462 363
4463 128
4464 370
4465 230
4466 901
4467 715
4468 939
4469 416
4470 515
4471 474
4472 928
4473 198
4474 428
4475 451
4476 302
4477 533
4478 441
4479 207
4480 205
4481 469
4482 51
4483 973
4484 706
4485 205
4486 512
4487 760
4488 293
4489 481
4490 1
4491 395
4492 156
4493 714
4494 781
4495 785
4496 132
4497 624
4498 166
4499 249
4500 13
4501 349
4502 838
4503 249
4504 482
4505 248
4506 78
4507 761
4508 705
4509 237
4510 558
4511 132
4512 634
4513 229
4514 757
4515 156
4516 217
4517 526
4518 188
4519 681
4520 738
4521 643
4522 162
4523 819
4524 441
4525 853
4526 730
4527 255
4528 64
4529 529
4530 217
4531 172
4532 934
4533 900
4534 972
4535 584
4536 177
4537 820
4538 95
4539 263
4540 110
4541 45
4542 29
4543 147
4544 413
4545 305
4546 571
4547 562
4548 475
4549 29
4550 584
4551 904
4552 785
4553 114
4554 582
4555 680
4556 68
4557 114
4558 248
4559 592
4560 265
4561 399
4562 265
4563 316
4564 611
4565 293
4566 8
4567 702
4568 23
4569 124
4570 86
4571 405
4572 895
4573 49
4574 194
4575 337
4576 855
4577 585
4578 443
4579 525
4580 283
4581 661
4582 653
4583 58
4584 150
4585 272
4586 919
4587 750
4588 557
4589 8
4590 14
4591 584
4592 265
4593 497
4594 785
4595 35
4596 916
4597 705
4598 574
4599 18
4600 664
4601 675
4602 317
4603 274
4604 586
4605 442
4606 762
4607 838
4608 526
4609 603
4610 604
4611 524
4612 869
4613 800
4614 499
4615 809
4616 576
4617 431
4618 247
4619 76
4620 618
4621 567
4622 255
4623 263
4624 702
4625 71
4626 744
4627 394
4628 199
4629 936
4630 741
4631 252
4632 403
4633 537
4634 769
4635 59
4636 237
4637 675
4638 792
4639 741
4640 152
4641 756
4642 855
4643 192
4644 700
4645 167
4646 780
4647 373
4648 515
4649 366
4650 86
4651 728
4652 189
4653 814
4654 421
4655 121
4656 317
4657 372
4658 90
4659 86
4660 905
4661 356
4662 503
4663 228
4664 154
4665 270
4666 313
4667 173
4668 630
4669 858
4670 281
4671 78
4672 530
4673 213
4674 272
4675 921
4676 341
4677 827
4678 272
4679 623
4680 944
4681 399
4682 581
4683 774
4684 355
4685 326
4686 335
4687 95
4688 947
4689 34
4690 102
4691 810
4692 621
4693 654
4694 539
4695 939
4696 254
4697 403
4698 92
4699 744
4700 285
4701 877
4702 501
4703 993
4704 646
4705 499
4706 473
4707 788
4708 809
4709 52
4710 25
4711 232
4712 249
4713 209
4714 34
4715 949
4716 775
4717 953
4718 306
4719 343
4720 594
4721 149
4722 656
4723 63
4724 475
4725 864
4726 404
4727 100
4728 857
4729 798
4730 296
4731 499
4732 445
4733 710
4734 160
4735 416
4736 870
4737 454
4738 105
4739 776
4740 676
4741 660
4742 538
4743 715
4744 688
4745 732
4746 913
4747 953
4748 824
4749 696
4750 372
4751 529
4752 510
4753 732
4754 434
4755 412
4756 369
4757 972
4758 610
4759 340
4760 318
4761 371
4762 807
4763 281
4764 168
4765 574
4766 584
4767 987
4768 7
4769 445
4770 482
4771 780
4772 960
4773 151
4774 661
4775 841
4776 295
4777 810
4778 707
4779 910
4780 68
4781 953
4782 658
4783 652
4784 171
4785 586
4786 42
4787 29
4788 704
4789 238
4790 539
4791 105
4792 338
4793 225
4794 706
4795 274
4796 962
4797 22
4798 104
4799 517
4800 382
4801 858
4802 308
4803 203
4804 896
4805 250
4806 239
4807 709
4808 881
4809 871
4810 594
4811 916
4812 217
4813 452
4814 701
4815 233
4816 144
4817 27
4818 571
4819 71
4820 322
4821 760
4822 980
4823 497
4824 800
4825 953
4826 823
4827 17
4828 343
4829 498
4830 345
4831 112
4832 163
4833 86
4834 399
4835 508
4836 53
4837 626
4838 187
4839 551
4840 483
4841 279
4842 100
4843 926
4844 628
4845 721
4846 807
4847 849
4848 334
4849 378
4850 418
4851 824
4852 287
4853 328
4854 773
4855 629
4856 427
4857 961
4858 694
4859 34
4860 538
4861 929
4862 416
4863 772
4864 996
4865 230
4866 786
4867 215
4868 237
4869 459
4870 217
4871 868
4872 932
4873 485
4874 322
4875 953
4876 589
4877 382
4878 675
4879 478
4880 594
4881 79
4882 777
4883 345
4884 125
4885 184
4886 771
4887 590
4888 976
4889 810
4890 157
4891 408
4892 631
4893 367
4894 435
4895 421
4896 151
4897 226
4898 163
4899 134
4900 559
4901 415
4902 546
4903 598
4904 616
4905 72
4906 151
4907 682
4908 866
4909 196
4910 703
4911 108
4912 51
4913 227
4914 129
4915 470
4916 713
4917 352
4918 498
4919 21
4920 124
4921 736
4922 589
4923 934
4924 838
4925 546
4926 665
4927 34
4928 453
4929 324
4930 902
4931 363
4932 424
4933 868
4934 260
4935 63
4936 955
4937 501
4938 200
4939 237
4940 553
4941 748
4942 826
4943 886
4944 833
4945 316
4946 665
4947 194
4948 101
4949 105
4950 305
4951 135
4952 549
4953 182
4954 144
4955 324
4956 173
4957 633
4958 407
4959 40
4960 709
4961 98
4962 742
4963 12
4964 564
4965 476
4966 104
4967 570
4968 850
4969 617
4970 49
4971 108
4972 296
4973 232
4974 728
4975 890
4976 350
4977 930
4978 740
4979 86
4980 515
4981 126
4982 137
4983 526
4984 896
4985 111
4986 761
4987 40
4988 131
4989 34
4990 893
4991 545
4992 185
4993 936
4994 541
4995 506
4996 177
4997 620
4998 745
4999 302
