10000 530
10001 231
10002 523
10003 765
10004 84
10005 439
10006 696
10007 331
10008 269
10009 544
10010 877
10011 947
10012 276
10013 412
10014 825
10015 292
10016 285
10017 391
10018 947
10019 261
10020 349
10021 777
10022 54
10023 267
10024 514
10025 775
10026 768
10027 508
10028 579
10029 182
10030 650
10031 127
10032 490
10033 178
10034 947
10035 535
10036 398
10037 240
10038 621
10039 614
10040 731
10041 983
10042 443
10043 786
10044 47
10045 353
10046 795
10047 317
10048 27
10049 294
10050 387
10051 175
10052 780
10053 743
10054 201
10055 458
10056 785
10057 530
10058 440
10059 918
10060 757
10061 322
10062 81
10063 429
10064 295
10065 397
10066 685
10067 25
10068 462
10069 355
10070 474
10071 849
10072 853
10073 24
10074 418
10075 414
10076 400
10077 521
10078 367
10079 97
10080 277
10081 605
10082 230
10083 708
10084 5
10085 193
10086 710
10087 969
10088 84
10089 280
10090 12
10091 842
10092 472
10093 650
10094 360
10095 444
10096 648
10097 186
10098 658
10099 67
10100 698
10101 341
10102 190
10103 339
10104 28
10105 946
10106 227
10107 543
10108 139
10109 323
10110 1
10111 951
10112 733
10113 450
10114 224
10115 850
10116 263
10117 3
10118 303
10119 507
10120 673
10121 0
10122 658
10123 756
10124 644
10125 162
10126 886
10127 232
10128 713
10129 531
10130 10
10131 158
10132 733
10133 365
10134 672
10135 197
10136 761
10137 304
10138 431
10139 425
10140 212
10141 955
10142 779
10143 775
10144 100
10145 74
10146 833
10147 606
10148 324
10149 577
10150 953
10151 246
10152 408
10153 854
10154 831
10155 211
10156 170
10157 722
10158 626
10159 861
10160 599
10161 656
10162 377
10163 723
10164 3
10165 168
10166 791
10167 479
10168 418
10169 552
10170 659
10171 404
10172 128
10173 997
10174 465
10175 261
10176 329
10177 410
10178 649
10179 134
10180 365
10181 634
10182 114
10183 175
10184 357
10185 829
10186 214
10187 353
10188 819
10189 733
10190 69
10191 452
10192 786
10193 198
10194 476
10195 597
10196 518
10197 676
10198 828
10199 163
10200 753
10201 273
10202 347
10203 885
10204 771
10205 905
10206 793
10207 978
10208 280
10209 261
10210 569
10211 381
10212 208
10213 50
10214 806
10215 443
10216 291
10217 3
10218 222
10219 22
10220 430
10221 837
10222 39
10223 436
10224 860
10225 280
10226 811
10227 440
10228 769
10229 61
10230 916
10231 717
10232 909
10233 220
10234 325
10235 699
10236 759
10237 706
10238 928
10239 542
10240 538
10241 69
10242 541
10243 48
10244 87
10245 527
10246 58
10247 251
10248 90
10249 852
10250 649
10251 334
10252 840
10253 865
10254 475
10255 10
10256 279
10257 135
10258 986
10259 679
10260 272
10261 203
10262 484
10263 549
10264 307
10265 247
10266 834
10267 193
10268 869
10269 404
10270 13
10271 521
10272 420
10273 677
10274 343
10275 76
10276 158
10277 908
10278 640
10279 681
10280 489
10281 696
10282 460
10283 932
10284 922
10285 525
10286 959
10287 175
10288 150
10289 110
10290 899
10291 416
10292 589
10293 828
10294 908
10295 233
10296 60
10297 360
10298 908
10299 518
10300 586
10301 384
10302 773
10303 854
10304 662
10305 214
10306 538
10307 138
10308 146
10309 802
10310 741
10311 767
10312 930
10313 550
10314 397
10315 53
10316 168
10317 67
10318 727
10319 555
10320 899
10321 283
10322 309
10323 691
10324 230
10325 706
10326 286
10327 544
10328 234
10329 531
10330 5
10331 478
10332 53
10333 907
10334 831
10335 59
10336 928
10337 478
10338 775
10339 161
10340 127
10341 978
10342 73
10343 655
10344 197
10345 55
10346 777
10347 5
10348 301
10349 326
10350 594
10351 718
10352 114
10353 826
10354 88
10355 117
10356 735
10357 932
10358 816
10359 171
10360 721
10361 315
10362 654
10363 716
10364 576
10365 970
10366 837
10367 644
10368 123
10369 948
10370 130
10371 451
10372 326
10373 72
10374 480
10375 653
10376 324
10377 815
10378 754
10379 353
10380 205
10381 14
10382 958
10383 538
10384 90
10385 664
10386 307
10387 328
10388 885
10389 598
10390 160
10391 649
10392 662
10393 580
10394 328
10395 391
10396 614
10397 12
10398 576
10399 591
10400 922
10401 91
10402 451
10403 595
10404 721
10405 334
10406 224
10407 666
10408 277
10409 912
10410 198
10411 628
10412 187
10413 900
10414 467
10415 952
10416 576
10417 963
10418 607
10419 232
10420 616
10421 328
10422 84
10423 727
10424 319
10425 536
10426 419
10427 420
10428 876
10429 941
10430 293
10431 956
10432 81
10433 632
10434 259
10435 482
10436 686
10437 990
10438 400
10439 184
10440 100
10441 65
10442 511
10443 135
10444 481
10445 275
10446 673
10447 461
10448 98
10449 426
10450 390
10451 462
10452 228
10453 507
10454 286
10455 527
10456 287
10457 153
10458 121
10459 33
10460 954
10461 602
10462 859
10463 913
10464 422
10465 740
10466 485
10467 655
10468 717
10469 683
10470 291
10471 630
10472 926
10473 522
10474 303
10475 67
10476 171
10477 602
10478 812
10479 385
10480 784
10481 307
10482 602
10483 952
10484 980
10485 952
10486 362
10487 454
10488 419
10489 915
10490 436
10491 324
10492 449
10493 501
10494 723
10495 50
10496 306
10497 367
10498 993
10499 274
10500 60
10501 401
10502 948
10503 453
10504 774
10505 272
10506 16
10507 948
10508 395
10509 452
10510 551
10511 805
10512 592
10513 566
10514 749
10515 546
10516 728
10517 995
10518 65
10519 793
10520 276
10521 328
10522 574
10523 10
10524 740
10525 613
10526 162
10527 878
10528 544
10529 721
10530 330
10531 802
10532 452
10533 993
10534 547
10535 830
10536 39
10537 308
10538 890
10539 809
10540 643
10541 149
10542 388
10543 186
10544 373
10545 93
10546 655
10547 932
10548 495
10549 762
10550 121
10551 597
10552 453
10553 400
10554 32
10555 754
10556 740
10557 793
10558 974
10559 138
10560 793
10561 957
10562 462
10563 119
10564 996
10565 345
10566 370
10567 112
10568 402
10569 941
10570 528
10571 130
10572 655
10573 142
10574 548
10575 952
10576 483
10577 653
10578 926
10579 23
10580 28
10581 899
10582 219
10583 268
10584 952
10585 381
10586 553
10587 813
10588 894
10589 694
10590 454
10591 635
10592 192
10593 717
10594 662
10595 187
10596 847
10597 691
10598 204
10599 900
10600 69
10601 932
10602 899
10603 527
10604 144
10605 815
10606 404
10607 332
10608 877
10609 165
10610 846
10611 793
10612 272
10613 550
10614 210
10615 711
10616 625
10617 621
10618 627
10619 238
10620 656
10621 491
10622 109
10623 914
10624 910
10625 472
10626 757
10627 826
10628 295
10629 366
10630 768
10631 334
10632 502
10633 537
10634 221
10635 284
10636 484
10637 649
10638 115
10639 758
10640 672
10641 609
10642 467
10643 488
10644 232
10645 851
10646 291
10647 11
10648 235
10649 454
10650 327
10651 576
10652 738
10653 759
10654 28
10655 574
10656 282
10657 158
10658 606
10659 844
10660 401
10661 406
10662 249
10663 358
10664 146
10665 725
10666 41
10667 337
10668 759
10669 796
10670 690
10671 350
10672 315
10673 975
10674 51
10675 119
10676 718
10677 352
10678 244
10679 952
10680 400
10681 329
10682 759
10683 856
10684 763
10685 357
10686 763
10687 474
10688 727
10689 964
10690 335
10691 416
10692 80
10693 42
10694 299
10695 75
10696 15
10697 153
10698 869
10699 287
10700 185
10701 440
10702 281
10703 649
10704 251
10705 831
10706 605
10707 646
10708 816
10709 137
10710 232
10711 201
10712 829
10713 143
10714 177
10715 971
10716 83
10717 78
10718 584
10719 778
10720 260
10721 820
10722 759
10723 984
10724 436
10725 360
10726 975
10727 913
10728 540
10729 79
10730 529
10731 297
10732 199
10733 310
10734 866
10735 346
10736 252
10737 132
10738 635
10739 196
10740 414
10741 257
10742 38
10743 303
10744 378
10745 26
10746 715
10747 308
10748 727
10749 247
10750 69
10751 477
10752 839
10753 758
10754 163
10755 983
10756 48
10757 821
10758 353
10759 316
10760 681
10761 703
10762 610
10763 480
10764 666
10765 839
10766 750
10767 847
10768 494
10769 12
10770 690
10771 213
10772 226
10773 759
10774 294
10775 736
10776 411
10777 669
10778 314
10779 178
10780 354
10781 97
10782 69
10783 161
10784 303
10785 183
10786 857
10787 366
10788 917
10789 635
10790 839
10791 847
10792 725
10793 96
10794 696
10795 963
10796 911
10797 367
10798 3
10799 350
10800 121
10801 645
10802 438
10803 553
10804 94
10805 574
10806 570
10807 812
10808 269
10809 518
10810 756
10811 494
10812 673
10813 513
10814 477
10815 390
10816 346
10817 664
10818 209
10819 303
10820 28
10821 25
10822 566
10823 106
10824 652
10825 506
10826 740
10827 937
10828 639
10829 510
10830 480
10831 99
10832 659
10833 695
10834 397
10835 59
10836 52
10837 805
10838 799
10839 541
10840 110
10841 907
10842 449
10843 278
10844 385
10845 512
10846 75
10847 569
10848 793
10849 373
10850 718
10851 97
10852 408
10853 771
10854 194
10855 763
10856 296
10857 23
10858 565
10859 824
10860 204
10861 133
10862 771
10863 484
10864 203
10865 270
10866 795
10867 722
10868 250
10869 306
10870 264
10871 172
10872 763
10873 364
10874 241
10875 199
10876 311
10877 528
10878 598
10879 377
10880 529
10881 161
10882 287
10883 902
10884 639
10885 46
10886 426
10887 309
10888 945
10889 292
10890 42
10891 489
10892 10
10893 506
10894 838
10895 317
10896 686
10897 529
10898 76
10899 828
10900 348
10901 74
10902 10
10903 665
10904 960
10905 259
10906 146
10907 759
10908 181
10909 808
10910 453
10911 244
10912 303
10913 165
10914 725
10915 120
10916 535
10917 14
10918 609
10919 829
10920 49
10921 561
10922 568
10923 204
10924 13
10925 718
10926 518
10927 213
10928 721
10929 662
10930 590
10931 69
10932 385
10933 323
10934 382
10935 20
10936 976
10937 917
10938 744
10939 595
10940 397
10941 259
10942 351
10943 39
10944 172
10945 448
10946 175
10947 829
10948 132
10949 635
10950 439
10951 424
10952 528
10953 758
10954 875
10955 354
10956 686
10957 973
10958 865
10959 589
10960 179
10961 607
10962 886
10963 65
10964 740
10965 316
10966 766
10967 19
10968 894
10969 635
10970 376
10971 946
10972 653
10973 419
10974 549
10975 228
10976 119
10977 235
10978 422
10979 767
10980 179
10981 166
10982 49
10983 818
10984 246
10985 438
10986 471
10987 116
10988 275
10989 415
10990 43
10991 76
10992 174
10993 568
10994 94
10995 70
10996 20
10997 542
10998 412
10999 873
11000 828
11001 602
11002 223
11003 744
11004 690
11005 714
11006 448
11007 252
11008 202
11009 263
11010 373
11011 809
11012 876
11013 28
11014 145
11015 898
11016 563
11017 122
11018 952
11019 571
11020 478
11021 335
11022 398
11023 844
11024 126
11025 253
11026 965
11027 159
11028 496
11029 959
11030 28
11031 830
11032 33
11033 396
11034 779
11035 480
11036 441
11037 661
11038 50
11039 477
11040 90
11041 85
11042 292
11043 705
11044 56
11045 136
11046 727
11047 397
11048 759
11049 421
11050 364
11051 106
11052 549
11053 346
11054 355
11055 681
11056 199
11057 22
11058 187
11059 944
11060 10
11061 351
11062 77
11063 142
11064 103
11065 708
11066 529
11067 888
11068 259
11069 401
11070 584
11071 232
11072 338
11073 542
11074 787
11075 336
11076 587
11077 981
11078 744
11079 389
11080 535
11081 855
11082 804
11083 247
11084 655
11085 276
11086 973
11087 331
11088 711
11089 653
11090 526
11091 958
11092 195
11093 687
11094 391
11095 951
11096 660
11097 84
11098 193
11099 457
11100 296
11101 915
11102 890
11103 926
11104 470
11105 228
11106 460
11107 697
11108 716
11109 343
11110 49
11111 404
11112 930
11113 445
11114 828
11115 154
11116 961
11117 248
11118 329
11119 835
11120 126
11121 808
11122 100
11123 394
11124 501
11125 658
11126 281
11127 877
11128 752
11129 652
11130 719
11131 109
11132 73
11133 266
11134 469
11135 435
11136 804
11137 929
11138 521
11139 362
11140 180
11141 610
11142 383
11143 828
11144 395
11145 623
11146 62
11147 312
11148 83
11149 454
11150 538
11151 726
11152 858
11153 457
11154 498
11155 90
11156 107
11157 436
11158 811
11159 177
11160 980
11161 529
11162 399
11163 771
11164 747
11165 624
11166 920
11167 583
11168 73
11169 968
11170 369
11171 49
11172 872
11173 411
11174 351
11175 190
11176 853
11177 225
11178 815
11179 123
11180 212
11181 12
11182 288
11183 264
11184 745
11185 649
11186 243
11187 209
11188 203
11189 143
11190 929
11191 476
11192 262
11193 293
11194 362
11195 659
11196 497
11197 346
11198 150
11199 128
11200 456
11201 80
11202 312
11203 388
11204 108
11205 257
11206 909
11207 504
11208 781
11209 16
11210 593
11211 697
11212 38
11213 536
11214 317
11215 776
11216 846
11217 827
11218 905
11219 217
11220 80
11221 169
11222 599
11223 850
11224 938
11225 384
11226 700
11227 454
11228 809
11229 836
11230 874
11231 455
11232 525
11233 835
11234 22
11235 39
11236 634
11237 242
11238 937
11239 45
11240 388
11241 373
11242 366
11243 620
11244 960
11245 926
11246 412
11247 721
11248 798
11249 741
11250 896
11251 387
11252 496
11253 628
11254 940
11255 900
11256 433
11257 9
11258 542
11259 902
11260 615
11261 889
11262 101
11263 370
11264 835
11265 962
11266 590
11267 19
11268 475
11269 613
11270 331
11271 51
11272 804
11273 965
11274 224
11275 799
11276 533
11277 978
11278 815
11279 622
11280 819
11281 235
11282 164
11283 727
11284 251
11285 109
11286 73
11287 550
11288 90
11289 769
11290 357
11291 429
11292 426
11293 585
11294 9
11295 165
11296 687
11297 580
11298 467
11299 120
11300 420
11301 807
11302 570
11303 832
11304 136
11305 474
11306 114
11307 353
11308 227
11309 905
11310 396
11311 934
11312 3
11313 191
11314 257
11315 163
11316 593
11317 721
11318 270
11319 294
11320 403
11321 780
11322 88
11323 218
11324 44
11325 129
11326 108
11327 118
11328 443
11329 616
11330 5
11331 690
11332 540
11333 943
11334 461
11335 345
11336 308
11337 254
11338 574
11339 313
11340 47
11341 457
11342 359
11343 729
11344 694
11345 314
11346 505
11347 681
11348 96
11349 906
11350 932
11351 846
11352 550
11353 817
11354 452
11355 218
11356 430
11357 159
11358 587
11359 552
11360 28
11361 381
11362 153
11363 522
11364 835
11365 211
11366 313
11367 441
11368 285
11369 39
11370 198
11371 715
11372 287
11373 846
11374 846
11375 26
11376 720
11377 535
11378 503
11379 39
11380 521
11381 225
11382 757
11383 690
11384 221
11385 266
11386 352
11387 177
11388 941
11389 684
11390 640
11391 369
11392 543
11393 835
11394 712
11395 199
11396 858
11397 910
11398 253
11399 913
11400 254
11401 789
11402 782
11403 721
11404 896
11405 473
11406 522
11407 937
11408 11
11409 365
11410 931
11411 787
11412 39
11413 224
11414 839
11415 714
11416 941
11417 92
11418 978
11419 250
11420 765
11421 13
11422 424
11423 683
11424 422
11425 525
11426 848
11427 39
11428 556
11429 498
11430 412
11431 813
11432 848
11433 921
11434 979
11435 877
11436 134
11437 529
11438 147
11439 366
11440 668
11441 389
11442 846
11443 122
11444 464
11445 681
11446 733
11447 39
11448 445
11449 660
11450 703
11451 761
11452 936
11453 442
11454 73
11455 621
11456 451
11457 300
11458 428
11459 530
11460 751
11461 431
11462 438
11463 345
11464 889
11465 353
11466 256
11467 509
11468 488
11469 885
11470 14
11471 403
11472 475
11473 840
11474 83
11475 403
11476 690
11477 673
11478 979
11479 288
11480 438
11481 615
11482 592
11483 90
11484 219
11485 582
11486 83
11487 258
11488 20
11489 926
11490 421
11491 170
11492 486
11493 796
11494 840
11495 328
11496 637
11497 559
11498 749
11499 358
11500 253
11501 787
11502 28
11503 424
11504 712
11505 801
11506 65
11507 588
11508 519
11509 413
11510 345
11511 683
11512 269
11513 567
11514 787
11515 943
11516 167
11517 643
11518 541
11519 681
11520 876
11521 245
11522 414
11523 726
11524 48
11525 346
11526 142
11527 417
11528 70
11529 956
11530 303
11531 261
11532 363
11533 186
11534 691
11535 130
11536 968
11537 823
11538 849
11539 596
11540 712
11541 599
11542 159
11543 941
11544 155
11545 901
11546 645
11547 278
11548 69
11549 722
11550 787
11551 649
11552 997
11553 283
11554 96
11555 39
11556 527
11557 419
11558 606
11559 213
11560 182
11561 85
11562 544
11563 894
11564 980
11565 787
11566 711
11567 958
11568 554
11569 943
11570 648
11571 958
11572 201
11573 578
11574 304
11575 529
11576 264
11577 384
11578 148
11579 816
11580 174
11581 402
11582 756
11583 892
11584 869
11585 711
11586 394
11587 254
11588 647
11589 152
11590 194
11591 961
11592 183
11593 400
11594 346
11595 233
11596 791
11597 479
11598 269
11599 402
11600 322
11601 892
11602 980
11603 227
11604 28
11605 191
11606 439
11607 733
11608 815
11609 813
11610 172
11611 858
11612 433
11613 409
11614 687
11615 511
11616 300
11617 256
11618 262
11619 319
11620 153
11621 412
11622 791
11623 983
11624 564
11625 352
11626 389
11627 970
11628 100
11629 680
11630 108
11631 853
11632 795
11633 506
11634 470
11635 893
11636 582
11637 182
11638 744
11639 505
11640 965
11641 854
11642 507
11643 530
11644 740
11645 770
11646 134
11647 401
11648 796
11649 268
11650 284
11651 69
11652 27
11653 951
11654 873
11655 596
11656 442
11657 22
11658 16
11659 563
11660 763
11661 297
11662 211
11663 173
11664 673
11665 585
11666 362
11667 794
11668 427
11669 736
11670 292
11671 144
11672 673
11673 325
11674 267
11675 398
11676 459
11677 627
11678 219
11679 76
11680 378
11681 327
11682 691
11683 858
11684 511
11685 16
11686 874
11687 753
11688 279
11689 601
11690 355
11691 55
11692 196
11693 28
11694 634
11695 224
11696 402
11697 409
11698 568
11699 351
11700 46
11701 313
11702 328
11703 504
11704 10
11705 880
11706 172
11707 91
11708 110
11709 324
11710 264
11711 655
11712 200
11713 547
11714 90
11715 634
11716 600
11717 210
11718 994
11719 277
11720 558
11721 810
11722 727
11723 930
11724 465
11725 532
11726 783
11727 412
11728 269
11729 841
11730 366
11731 126
11732 458
11733 106
11734 842
11735 736
11736 257
11737 726
11738 45
11739 94
11740 424
11741 813
11742 458
11743 626
11744 344
11745 285
11746 554
11747 929
11748 160
11749 690
11750 976
11751 427
11752 567
11753 266
11754 509
11755 804
11756 808
11757 204
11758 98
11759 898
11760 117
11761 896
11762 241
11763 597
11764 667
11765 630
11766 419
11767 707
11768 80
11769 355
11770 527
11771 313
11772 866
11773 778
11774 853
11775 275
11776 225
11777 133
11778 431
11779 153
11780 9
11781 695
11782 137
11783 609
11784 221
11785 99
11786 94
11787 218
11788 208
11789 612
11790 607
11791 459
11792 431
11793 884
11794 626
11795 899
11796 617
11797 424
11798 596
11799 447
11800 269
11801 928
11802 306
11803 826
11804 739
11805 695
11806 542
11807 60
11808 426
11809 868
11810 207
11811 87
11812 131
11813 745
11814 280
11815 718
11816 617
11817 180
11818 501
11819 837
11820 158
11821 132
11822 480
11823 287
11824 132
11825 888
11826 906
11827 743
11828 339
11829 488
11830 419
11831 540
11832 20
11833 222
11834 467
11835 795
11836 167
11837 184
11838 134
11839 294
11840 208
11841 711
11842 960
11843 687
11844 152
11845 344
11846 897
11847 285
11848 297
11849 868
11850 746
11851 79
11852 711
11853 454
11854 421
11855 833
11856 299
11857 77
11858 588
11859 393
11860 979
11861 571
11862 179
11863 358
11864 79
11865 353
11866 599
11867 10
11868 117
11869 681
11870 155
11871 39
11872 335
11873 92
11874 408
11875 223
11876 634
11877 809
11878 780
11879 168
11880 381
11881 644
11882 217
11883 937
11884 93
11885 733
11886 96
11887 269
11888 308
11889 679
11890 811
11891 108
11892 488
11893 667
11894 185
11895 292
11896 146
11897 762
11898 195
11899 236
11900 264
11901 673
11902 199
11903 476
11904 75
11905 804
11906 496
11907 83
11908 84
11909 22
11910 892
11911 592
11912 59
11913 351
11914 549
11915 657
11916 831
11917 268
11918 826
11919 166
11920 794
11921 791
11922 118
11923 81
11924 584
11925 745
11926 406
11927 752
11928 869
11929 489
11930 474
11931 330
11932 363
11933 165
11934 681
11935 583
11936 93
11937 174
11938 245
11939 920
11940 896
11941 808
11942 726
11943 60
11944 934
11945 912
11946 131
11947 306
11948 303
11949 609
11950 720
11951 215
11952 70
11953 136
11954 130
11955 377
11956 791
11957 624
11958 797
11959 53
11960 106
11961 451
11962 755
11963 881
11964 376
11965 317
11966 244
11967 122
11968 456
11969 903
11970 641
11971 115
11972 104
11973 595
11974 761
11975 480
11976 726
11977 173
11978 622
11979 682
11980 76
11981 264
11982 683
11983 408
11984 909
11985 869
11986 169
11987 888
11988 177
11989 875
11990 964
11991 608
11992 692
11993 877
11994 522
11995 791
11996 878
11997 924
11998 653
11999 204
12000 58
12001 316
12002 602
12003 420
12004 830
12005 914
12006 23
12007 936
12008 24
12009 253
12010 575
12011 296
12012 641
12013 202
12014 389
12015 804
12016 153
12017 494
12018 1
12019 740
12020 943
12021 476
12022 225
12023 220
12024 270
12025 692
12026 565
12027 201
12028 102
12029 497
12030 272
12031 318
12032 886
12033 79
12034 269
12035 525
12036 693
12037 27
12038 643
12039 501
12040 97
12041 685
12042 575
12043 672
12044 690
12045 168
12046 632
12047 542
12048 376
12049 841
12050 318
12051 48
12052 576
12053 761
12054 805
12055 109
12056 643
12057 321
12058 184
12059 633
12060 550
12061 30
12062 58
12063 739
12064 288
12065 744
12066 356
12067 888
12068 161
12069 585
12070 533
12071 719
12072 689
12073 566
12074 498
12075 888
12076 269
12077 516
12078 887
12079 582
12080 724
12081 491
12082 769
12083 551
12084 801
12085 649
12086 715
12087 161
12088 290
12089 630
12090 224
12091 517
12092 47
12093 841
12094 856
12095 444
12096 860
12097 568
12098 121
12099 342
12100 808
12101 577
12102 409
12103 737
12104 626
12105 642
12106 561
12107 111
12108 226
12109 996
12110 683
12111 95
12112 950
12113 213
12114 631
12115 345
12116 135
12117 496
12118 534
12119 475
12120 982
12121 888
12122 912
12123 785
12124 842
12125 733
12126 971
12127 908
12128 81
12129 157
12130 420
12131 625
12132 345
12133 530
12134 943
12135 737
12136 156
12137 197
12138 883
12139 441
12140 711
12141 36
12142 715
12143 16
12144 526
12145 613
12146 241
12147 322
12148 828
12149 554
12150 280
12151 994
12152 74
12153 891
12154 960
12155 924
12156 24
12157 39
12158 151
12159 693
12160 170
12161 862
12162 943
12163 614
12164 355
12165 350
12166 478
12167 852
12168 851
12169 60
12170 192
12171 208
12172 75
12173 551
12174 701
12175 959
12176 90
12177 611
12178 172
12179 828
12180 835
12181 341
12182 90
12183 322
12184 632
12185 573
12186 102
12187 444
12188 858
12189 419
12190 6
12191 979
12192 227
12193 968
12194 149
12195 4
12196 949
12197 449
12198 630
12199 508
12200 577
12201 208
12202 854
12203 231
12204 386
12205 96
12206 541
12207 577
12208 743
12209 356
12210 635
12211 971
12212 928
12213 663
12214 403
12215 126
12216 564
12217 903
12218 525
12219 580
12220 531
12221 522
12222 354
12223 560
12224 584
12225 505
12226 549
12227 164
12228 312
12229 628
12230 933
12231 312
12232 962
12233 993
12234 384
12235 693
12236 656
12237 789
12238 290
12239 692
12240 356
12241 752
12242 804
12243 691
12244 515
12245 727
12246 755
12247 565
12248 495
12249 971
12250 374
12251 347
12252 953
12253 402
12254 925
12255 390
12256 498
12257 602
12258 862
12259 694
12260 297
12261 228
12262 165
12263 576
12264 876
12265 330
12266 489
12267 877
12268 875
12269 515
12270 454
12271 247
12272 608
12273 714
12274 142
12275 771
12276 613
12277 97
12278 602
12279 155
12280 477
12281 599
12282 914
12283 184
12284 531
12285 291
12286 260
12287 264
12288 362
12289 532
12290 195
12291 889
12292 36
12293 456
12294 691
12295 683
12296 936
12297 693
12298 575
12299 943
12300 368
12301 352
12302 356
12303 972
12304 891
12305 795
12306 370
12307 97
12308 859
12309 521
12310 293
12311 929
12312 25
12313 612
12314 500
12315 15
12316 359
12317 164
12318 398
12319 235
12320 527
12321 548
12322 149
12323 664
12324 490
12325 702
12326 85
12327 754
12328 254
12329 514
12330 964
12331 638
12332 235
12333 88
12334 9
12335 261
12336 609
12337 209
12338 629
12339 545
12340 550
12341 935
12342 119
12343 943
12344 599
12345 84
12346 865
12347 337
12348 25
12349 10
12350 24
12351 27
12352 420
12353 952
12354 51
12355 634
12356 435
12357 232
12358 72
12359 560
12360 694
12361 791
12362 881
12363 150
12364 16
12365 482
12366 618
12367 416
12368 676
12369 582
12370 462
12371 968
12372 976
12373 614
12374 69
12375 422
12376 54
12377 327
12378 823
12379 586
12380 792
12381 276
12382 615
12383 96
12384 763
12385 443
12386 702
12387 90
12388 36
12389 138
12390 842
12391 934
12392 877
12393 253
12394 501
12395 307
12396 288
12397 378
12398 91
12399 895
12400 306
12401 265
12402 862
12403 815
12404 965
12405 72
12406 694
12407 242
12408 621
12409 238
12410 220
12411 242
12412 716
12413 752
12414 997
12415 100
12416 943
12417 279
12418 70
12419 527
12420 891
12421 823
12422 186
12423 432
12424 660
12425 828
12426 757
12427 891
12428 943
12429 87
12430 210
12431 288
12432 814
12433 973
12434 301
12435 659
12436 125
12437 339
12438 614
12439 180
12440 739
12441 906
12442 841
12443 552
12444 56
12445 301
12446 5
12447 435
12448 671
12449 309
12450 588
12451 78
12452 65
12453 960
12454 735
12455 868
12456 837
12457 463
12458 487
12459 184
12460 404
12461 566
12462 377
12463 928
12464 242
12465 255
12466 869
12467 0
12468 568
12469 895
12470 921
12471 898
12472 278
12473 171
12474 56
12475 850
12476 748
12477 923
12478 824
12479 645
12480 516
12481 440
12482 654
12483 552
12484 615
12485 526
12486 320
12487 879
12488 275
12489 737
12490 773
12491 142
12492 597
12493 4
12494 364
12495 747
12496 313
12497 299
12498 672
12499 613
12500 565
12501 414
12502 392
12503 449
12504 56
12505 718
12506 374
12507 912
12508 661
12509 80
12510 61
12511 489
12512 934
12513 806
12514 267
12515 729
12516 168
12517 109
12518 263
12519 158
12520 28
12521 62
12522 398
12523 621
12524 464
12525 213
12526 207
12527 397
12528 240
12529 897
12530 877
12531 546
12532 860
12533 95
12534 557
12535 727
12536 959
12537 165
12538 882
12539 296
12540 120
12541 6
12542 487
12543 782
12544 929
12545 876
12546 189
12547 264
12548 24
12549 693
12550 987
12551 868
12552 403
12553 620
12554 920
12555 548
12556 337
12557 469
12558 383
12559 519
12560 404
12561 88
12562 291
12563 939
12564 550
12565 841
12566 401
12567 901
12568 500
12569 604
12570 512
12571 108
12572 996
12573 508
12574 642
12575 771
12576 775
12577 28
12578 678
12579 823
12580 435
12581 419
12582 300
12583 537
12584 125
12585 689
12586 887
12587 558
12588 459
12589 11
12590 554
12591 101
12592 184
12593 67
12594 390
12595 686
12596 416
12597 169
12598 763
12599 56
12600 401
12601 253
12602 236
12603 739
12604 165
12605 632
12606 547
12607 854
12608 214
12609 410
12610 798
12611 523
12612 278
12613 411
12614 389
12615 12
12616 816
12617 587
12618 623
12619 454
12620 840
12621 996
12622 907
12623 644
12624 709
12625 238
12626 303
12627 379
12628 589
12629 236
12630 101
12631 892
12632 579
12633 85
12634 709
12635 400
12636 680
12637 583
12638 844
12639 892
12640 407
12641 588
12642 172
12643 260
12644 311
12645 905
12646 184
12647 919
12648 979
12649 278
12650 162
12651 65
12652 550
12653 2
12654 359
12655 755
12656 836
12657 817
12658 734
12659 385
12660 429
12661 148
12662 425
12663 568
12664 722
12665 280
12666 301
12667 407
12668 568
12669 11
12670 272
12671 562
12672 438
12673 707
12674 396
12675 626
12676 539
12677 702
12678 80
12679 700
12680 918
12681 672
12682 178
12683 109
12684 404
12685 753
12686 928
12687 949
12688 609
12689 909
12690 316
12691 438
12692 621
12693 757
12694 739
12695 686
12696 10
12697 779
12698 830
12699 417
12700 614
12701 801
12702 171
12703 579
12704 531
12705 978
12706 223
12707 776
12708 541
12709 383
12710 892
12711 980
12712 735
12713 638
12714 246
12715 235
12716 198
12717 405
12718 900
12719 301
12720 143
12721 607
12722 742
12723 276
12724 704
12725 384
12726 733
12727 663
12728 897
12729 320
12730 216
12731 861
12732 290
12733 773
12734 194
12735 56
12736 720
12737 409
12738 442
12739 703
12740 655
12741 892
12742 468
12743 870
12744 982
12745 361
12746 931
12747 514
12748 327
12749 604
12750 78
12751 807
12752 295
12753 613
12754 539
12755 807
12756 554
12757 347
12758 828
12759 749
12760 661
12761 322
12762 633
12763 372
12764 81
12765 76
12766 158
12767 444
12768 435
12769 132
12770 73
12771 783
12772 963
12773 321
12774 209
12775 518
12776 26
12777 456
12778 786
12779 160
12780 403
12781 536
12782 208
12783 28
12784 791
12785 224
12786 959
12787 909
12788 931
12789 288
12790 210
12791 307
12792 421
12793 941
12794 875
12795 320
12796 58
12797 810
12798 271
12799 153
12800 191
12801 94
12802 801
12803 46
12804 338
12805 5
12806 298
12807 315
12808 631
12809 301
12810 165
12811 56
12812 55
12813 828
12814 781
12815 468
12816 382
12817 40
12818 847
12819 821
12820 371
12821 608
12822 446
12823 969
12824 184
12825 72
12826 642
12827 184
12828 487
12829 891
12830 782
12831 892
12832 385
12833 825
12834 699
12835 530
12836 104
12837 729
12838 521
12839 298
12840 588
12841 74
12842 871
12843 984
12844 632
12845 495
12846 155
12847 406
12848 462
12849 810
12850 242
12851 804
12852 84
12853 412
12854 837
12855 735
12856 533
12857 321
12858 660
12859 941
12860 56
12861 751
12862 370
12863 16
12864 142
12865 720
12866 790
12867 771
12868 951
12869 489
12870 315
12871 101
12872 481
12873 797
12874 740
12875 240
12876 683
12877 75
12878 243
12879 946
12880 707
12881 7
12882 611
12883 347
12884 622
12885 577
12886 678
12887 277
12888 473
12889 180
12890 252
12891 554
12892 188
12893 583
12894 483
12895 909
12896 281
12897 848
12898 285
12899 541
12900 140
12901 626
12902 858
12903 64
12904 882
12905 169
12906 238
12907 226
12908 3
12909 165
12910 808
12911 577
12912 69
12913 206
12914 254
12915 466
12916 935
12917 394
12918 573
12919 400
12920 946
12921 571
12922 922
12923 371
12924 27
12925 316
12926 986
12927 274
12928 16
12929 94
12930 882
12931 49
12932 391
12933 378
12934 355
12935 47
12936 980
12937 4
12938 149
12939 614
12940 583
12941 118
12942 131
12943 755
12944 438
12945 711
12946 419
12947 560
12948 140
12949 192
12950 118
12951 838
12952 295
12953 170
12954 883
12955 330
12956 649
12957 118
12958 882
12959 278
12960 91
12961 193
12962 197
12963 875
12964 699
12965 374
12966 123
12967 33
12968 436
12969 89
12970 717
12971 357
12972 211
12973 210
12974 790
12975 416
12976 536
12977 439
12978 669
12979 871
12980 96
12981 791
12982 592
12983 275
12984 937
12985 676
12986 841
12987 54
12988 690
12989 457
12990 709
12991 533
12992 175
12993 41
12994 761
12995 554
12996 87
12997 384
12998 855
12999 130
13000 893
13001 41
13002 790
13003 118
13004 938
13005 828
13006 76
13007 879
13008 107
13009 131
13010 30
13011 886
13012 613
13013 954
13014 188
13015 887
13016 684
13017 324
13018 938
13019 663
13020 173
13021 649
13022 483
13023 719
13024 851
13025 45
13026 745
13027 505
13028 924
13029 119
13030 680
13031 246
13032 669
13033 884
13034 364
13035 534
13036 954
13037 954
13038 524
13039 424
13040 984
13041 379
13042 583
13043 464
13044 812
13045 944
13046 646
13047 289
13048 274
13049 65
13050 59
13051 0
13052 232
13053 601
13054 4
13055 808
13056 312
13057 65
13058 775
13059 970
13060 26
13061 882
13062 651
13063 569
13064 773
13065 163
13066 369
13067 111
13068 784
13069 28
13070 261
13071 150
13072 121
13073 877
13074 716
13075 369
13076 641
13077 405
13078 580
13079 875
13080 234
13081 257
13082 607
13083 909
13084 577
13085 179
13086 661
13087 690
13088 448
13089 190
13090 110
13091 36
13092 48
13093 817
13094 875
13095 738
13096 959
13097 182
13098 435
13099 776
13100 62
13101 691
13102 759
13103 488
13104 909
13105 164
13106 354
13107 954
13108 457
13109 213
13110 927
13111 28
13112 200
13113 118
13114 340
13115 786
13116 615
13117 153
13118 827
13119 790
13120 242
13121 436
13122 598
13123 4
13124 657
13125 106
13126 739
13127 497
13128 437
13129 19
13130 46
13131 725
13132 104
13133 473
13134 266
13135 683
13136 714
13137 790
13138 111
13139 630
13140 264
13141 394
13142 685
13143 947
13144 221
13145 444
13146 920
13147 255
13148 887
13149 691
13150 427
13151 270
13152 164
13153 223
13154 457
13155 140
13156 889
13157 538
13158 121
13159 223
13160 658
13161 733
13162 157
13163 921
13164 379
13165 895
13166 282
13167 683
13168 59
13169 328
13170 745
13171 156
13172 852
13173 140
13174 644
13175 635
13176 15
13177 905
13178 46
13179 588
13180 240
13181 731
13182 834
13183 180
13184 927
13185 655
13186 284
13187 64
13188 358
13189 703
13190 975
13191 438
13192 300
13193 276
13194 488
13195 571
13196 870
13197 215
13198 355
13199 527
13200 277
13201 205
13202 16
13203 226
13204 382
13205 260
13206 150
13207 53
13208 511
13209 853
13210 964
13211 118
13212 630
13213 55
13214 541
13215 258
13216 583
13217 138
13218 875
13219 131
13220 188
13221 392
13222 880
13223 629
13224 635
13225 557
13226 761
13227 944
13228 323
13229 370
13230 843
13231 553
13232 457
13233 608
13234 223
13235 454
13236 295
13237 896
13238 360
13239 410
13240 942
13241 36
13242 540
13243 970
13244 812
13245 264
13246 548
13247 72
13248 750
13249 703
13250 178
13251 991
13252 628
13253 170
13254 964
13255 961
13256 67
13257 346
13258 280
13259 624
13260 511
13261 688
13262 6
13263 912
13264 50
13265 941
13266 378
13267 255
13268 862
13269 480
13270 687
13271 862
13272 200
13273 728
13274 213
13275 721
13276 320
13277 643
13278 745
13279 875
13280 69
13281 26
13282 905
13283 895
13284 292
13285 98
13286 382
13287 383
13288 344
13289 577
13290 231
13291 357
13292 663
13293 643
13294 626
13295 837
13296 813
13297 972
13298 312
13299 691
13300 354
13301 425
13302 533
13303 110
13304 616
13305 584
13306 87
13307 735
13308 731
13309 40
13310 905
13311 440
13312 620
13313 221
13314 262
13315 298
13316 134
13317 81
13318 101
13319 254
13320 855
13321 659
13322 257
13323 446
13324 702
13325 249
13326 424
13327 581
13328 527
13329 860
13330 859
13331 284
13332 464
13333 380
13334 258
13335 495
13336 537
13337 322
13338 228
13339 349
13340 172
13341 27
13342 222
13343 120
13344 653
13345 914
13346 195
13347 56
13348 723
13349 14
13350 695
13351 479
13352 843
13353 608
13354 532
13355 771
13356 683
13357 18
13358 127
13359 238
13360 184
13361 253
13362 785
13363 764
13364 221
13365 659
13366 66
13367 862
13368 456
13369 697
13370 347
13371 655
13372 469
13373 278
13374 386
13375 7
13376 630
13377 265
13378 247
13379 99
13380 69
13381 297
13382 375
13383 957
13384 173
13385 39
13386 708
13387 664
13388 672
13389 939
13390 484
13391 5
13392 715
13393 48
13394 332
13395 897
13396 232
13397 813
13398 917
13399 225
13400 626
13401 970
13402 88
13403 163
13404 424
13405 184
13406 69
13407 402
13408 640
13409 256
13410 534
13411 919
13412 937
13413 562
13414 672
13415 863
13416 118
13417 610
13418 801
13419 502
13420 615
13421 313
13422 196
13423 89
13424 279
13425 901
13426 427
13427 868
13428 43
13429 427
13430 137
13431 813
13432 196
13433 860
13434 732
13435 87
13436 612
13437 703
13438 883
13439 327
13440 953
13441 490
13442 207
13443 905
13444 208
13445 661
13446 120
13447 288
13448 901
13449 813
13450 901
13451 900
13452 697
13453 32
13454 594
13455 541
13456 548
13457 553
13458 359
13459 738
13460 875
13461 688
13462 733
13463 551
13464 689
13465 56
13466 834
13467 755
13468 108
13469 197
13470 553
13471 930
13472 810
13473 742
13474 683
13475 32
13476 189
13477 73
13478 664
13479 120
13480 211
13481 588
13482 521
13483 598
13484 929
13485 23
13486 355
13487 460
13488 914
13489 203
13490 486
13491 588
13492 428
13493 102
13494 941
13495 149
13496 755
13497 389
13498 206
13499 334
13500 857
13501 36
13502 195
13503 352
13504 843
13505 261
13506 857
13507 854
13508 84
13509 762
13510 345
13511 484
13512 884
13513 442
13514 26
13515 591
13516 542
13517 481
13518 338
13519 426
13520 249
13521 399
13522 40
13523 864
13524 857
13525 112
13526 347
13527 556
13528 511
13529 164
13530 98
13531 31
13532 348
13533 534
13534 108
13535 250
13536 697
13537 16
13538 531
13539 602
13540 664
13541 128
13542 234
13543 336
13544 264
13545 930
13546 946
13547 138
13548 607
13549 220
13550 410
13551 223
13552 728
13553 814
13554 519
13555 148
13556 832
13557 389
13558 159
13559 242
13560 544
13561 553
13562 279
13563 55
13564 12
13565 6
13566 167
13567 531
13568 129
13569 173
13570 488
13571 484
13572 423
13573 592
13574 679
13575 903
13576 589
13577 449
13578 108
13579 430
13580 264
13581 771
13582 575
13583 150
13584 546
13585 286
13586 935
13587 515
13588 646
13589 374
13590 651
13591 646
13592 560
13593 492
13594 422
13595 607
13596 79
13597 811
13598 313
13599 760
13600 861
13601 801
13602 307
13603 546
13604 891
13605 713
13606 864
13607 22
13608 436
13609 355
13610 507
13611 930
13612 78
13613 601
13614 927
13615 157
13616 309
13617 67
13618 797
13619 30
13620 590
13621 368
13622 618
13623 30
13624 289
13625 270
13626 351
13627 620
13628 175
13629 55
13630 800
13631 302
13632 800
13633 594
13634 87
13635 697
13636 339
13637 83
13638 27
13639 828
13640 270
13641 728
13642 753
13643 62
13644 332
13645 443
13646 560
13647 84
13648 566
13649 159
13650 184
13651 857
13652 122
13653 362
13654 831
13655 813
13656 601
13657 231
13658 908
13659 144
13660 583
13661 312
13662 679
13663 183
13664 318
13665 240
13666 315
13667 423
13668 784
13669 36
13670 213
13671 479
13672 372
13673 930
13674 451
13675 917
13676 337
13677 575
13678 457
13679 107
13680 294
13681 616
13682 494
13683 168
13684 140
13685 277
13686 679
13687 564
13688 716
13689 756
13690 168
13691 506
13692 731
13693 19
13694 730
13695 67
13696 558
13697 925
13698 774
13699 678
13700 816
13701 397
13702 961
13703 731
13704 606
13705 864
13706 70
13707 2
13708 451
13709 196
13710 617
13711 27
13712 197
13713 897
13714 689
13715 683
13716 92
13717 371
13718 499
13719 987
13720 701
13721 245
13722 277
13723 731
13724 963
13725 517
13726 812
13727 740
13728 683
13729 773
13730 89
13731 11
13732 497
13733 518
13734 896
13735 372
13736 318
13737 977
13738 335
13739 717
13740 460
13741 753
13742 532
13743 175
13744 188
13745 287
13746 502
13747 909
13748 633
13749 98
13750 626
13751 463
13752 605
13753 522
13754 748
13755 610
13756 507
13757 206
13758 655
13759 258
13760 490
13761 39
13762 141
13763 936
13764 209
13765 810
13766 422
13767 170
13768 715
13769 330
13770 705
13771 445
13772 760
13773 735
13774 752
13775 108
13776 807
13777 641
13778 179
13779 930
13780 241
13781 630
13782 89
13783 593
13784 356
13785 346
13786 129
13787 836
13788 628
13789 666
13790 300
13791 902
13792 963
13793 396
13794 167
13795 434
13796 125
13797 41
13798 314
13799 278
13800 251
13801 317
13802 679
13803 496
13804 188
13805 973
13806 549
13807 339
13808 76
13809 977
13810 822
13811 119
13812 99
13813 537
13814 995
13815 225
13816 731
13817 278
13818 364
13819 597
13820 482
13821 395
13822 72
13823 766
13824 633
13825 311
13826 199
13827 487
13828 850
13829 367
13830 94
13831 310
13832 304
13833 519
13834 852
13835 508
13836 655
13837 775
13838 303
13839 497
13840 808
13841 899
13842 513
13843 467
13844 486
13845 80
13846 65
13847 457
13848 36
13849 432
13850 972
13851 938
13852 371
13853 449
13854 915
13855 217
13856 360
13857 389
13858 521
13859 900
13860 757
13861 156
13862 565
13863 101
13864 602
13865 430
13866 333
13867 802
13868 870
13869 339
13870 24
13871 577
13872 952
13873 975
13874 612
13875 695
13876 679
13877 447
13878 371
13879 767
13880 89
13881 873
13882 331
13883 308
13884 682
13885 202
13886 382
13887 924
13888 862
13889 504
13890 886
13891 312
13892 407
13893 679
13894 470
13895 40
13896 79
13897 246
13898 386
13899 85
13900 864
13901 1
13902 185
13903 963
13904 25
13905 3
13906 742
13907 121
13908 427
13909 173
13910 147
13911 523
13912 555
13913 683
13914 0
13915 415
13916 154
13917 229
13918 834
13919 443
13920 745
13921 347
13922 984
13923 605
13924 613
13925 169
13926 99
13927 392
13928 245
13929 267
13930 973
13931 307
13932 657
13933 551
13934 491
13935 425
13936 708
13937 144
13938 821
13939 628
13940 801
13941 493
13942 360
13943 887
13944 195
13945 673
13946 269
13947 679
13948 207
13949 827
13950 151
13951 228
13952 208
13953 312
13954 523
13955 963
13956 617
13957 255
13958 893
13959 981
13960 494
13961 23
13962 225
13963 634
13964 312
13965 881
13966 686
13967 72
13968 162
13969 809
13970 875
13971 717
13972 393
13973 472
13974 290
13975 741
13976 123
13977 626
13978 286
13979 183
13980 207
13981 667
13982 28
13983 11
13984 164
13985 618
13986 889
13987 342
13988 564
13989 981
13990 640
13991 796
13992 391
13993 467
13994 359
13995 953
13996 621
13997 94
13998 935
13999 127
14000 169
14001 549
14002 312
14003 46
14004 505
14005 452
14006 440
14007 929
14008 829
14009 492
14010 320
14011 131
14012 408
14013 738
14014 541
14015 246
14016 848
14017 805
14018 218
14019 847
14020 235
14021 534
14022 840
14023 410
14024 855
14025 238
14026 217
14027 258
14028 815
14029 177
14030 271
14031 146
14032 959
14033 823
14034 458
14035 948
14036 551
14037 944
14038 709
14039 855
14040 911
14041 852
14042 902
14043 464
14044 553
14045 936
14046 366
14047 36
14048 312
14049 305
14050 380
14051 875
14052 240
14053 72
14054 234
14055 91
14056 856
14057 175
14058 893
14059 224
14060 109
14061 939
14062 675
14063 131
14064 39
14065 496
14066 510
14067 642
14068 439
14069 668
14070 509
14071 251
14072 396
14073 460
14074 527
14075 304
14076 370
14077 197
14078 644
14079 948
14080 193
14081 177
14082 879
14083 973
14084 916
14085 125
14086 545
14087 781
14088 675
14089 879
14090 682
14091 780
14092 196
14093 230
14094 78
14095 23
14096 545
14097 475
14098 484
14099 131
14100 454
14101 22
14102 532
14103 508
14104 957
14105 424
14106 518
14107 839
14108 946
14109 722
14110 65
14111 443
14112 746
14113 524
14114 702
14115 215
14116 699
14117 900
14118 743
14119 188
14120 19
14121 516
14122 740
14123 918
14124 255
14125 332
14126 799
14127 682
14128 167
14129 657
14130 411
14131 252
14132 327
14133 133
14134 101
14135 995
14136 696
14137 441
14138 781
14139 456
14140 764
14141 985
14142 434
14143 387
14144 787
14145 512
14146 308
14147 541
14148 231
14149 28
14150 800
14151 76
14152 764
14153 364
14154 351
14155 447
14156 538
14157 463
14158 432
14159 938
14160 358
14161 301
14162 209
14163 985
14164 647
14165 958
14166 53
14167 554
14168 513
14169 937
14170 914
14171 289
14172 40
14173 342
14174 503
14175 728
14176 354
14177 856
14178 678
14179 328
14180 941
14181 448
14182 2
14183 96
14184 560
14185 741
14186 796
14187 983
14188 13
14189 403
14190 986
14191 580
14192 314
14193 903
14194 498
14195 597
14196 0
14197 705
14198 258
14199 233
14200 361
14201 102
14202 432
14203 979
14204 719
14205 741
14206 697
14207 296
14208 893
14209 190
14210 652
14211 790
14212 821
14213 649
14214 49
14215 890
14216 51
14217 211
14218 315
14219 721
14220 513
14221 863
14222 538
14223 613
14224 16
14225 82
14226 24
14227 488
14228 502
14229 683
14230 997
14231 363
14232 213
14233 717
14234 273
14235 830
14236 414
14237 409
14238 658
14239 541
14240 939
14241 202
14242 659
14243 405
14244 374
14245 611
14246 131
14247 890
14248 392
14249 675
14250 753
14251 519
14252 695
14253 932
14254 612
14255 398
14256 725
14257 206
14258 649
14259 147
14260 388
14261 482
14262 304
14263 881
14264 810
14265 732
14266 350
14267 566
14268 766
14269 587
14270 54
14271 7
14272 205
14273 339
14274 564
14275 764
14276 474
14277 794
14278 54
14279 515
14280 884
14281 41
14282 788
14283 944
14284 629
14285 0
14286 328
14287 918
14288 655
14289 482
14290 304
14291 667
14292 169
14293 255
14294 567
14295 872
14296 107
14297 462
14298 931
14299 979
14300 310
14301 907
14302 726
14303 476
14304 295
14305 765
14306 151
14307 547
14308 521
14309 649
14310 374
14311 210
14312 917
14313 610
14314 128
14315 36
14316 218
14317 605
14318 73
14319 490
14320 62
14321 76
14322 446
14323 938
14324 52
14325 319
14326 903
14327 935
14328 333
14329 16
14330 497
14331 755
14332 336
14333 923
14334 430
14335 363
14336 918
14337 907
14338 539
14339 884
14340 827
14341 91
14342 362
14343 505
14344 461
14345 519
14346 287
14347 858
14348 645
14349 372
14350 891
14351 845
14352 350
14353 610
14354 75
14355 392
14356 270
14357 655
14358 672
14359 583
14360 110
14361 25
14362 453
14363 310
14364 199
14365 982
14366 513
14367 490
14368 933
14369 962
14370 6
14371 700
14372 426
14373 437
14374 468
14375 811
14376 910
14377 818
14378 700
14379 208
14380 835
14381 703
14382 652
14383 362
14384 927
14385 506
14386 850
14387 473
14388 327
14389 759
14390 446
14391 519
14392 837
14393 23
14394 199
14395 375
14396 203
14397 826
14398 380
14399 587
14400 768
14401 41
14402 640
14403 269
14404 6
14405 103
14406 335
14407 388
14408 438
14409 737
14410 739
14411 981
14412 469
14413 814
14414 750
14415 83
14416 559
14417 290
14418 486
14419 742
14420 530
14421 720
14422 764
14423 232
14424 490
14425 172
14426 628
14427 596
14428 368
14429 366
14430 562
14431 213
14432 497
14433 703
14434 386
14435 647
14436 758
14437 771
14438 806
14439 801
14440 47
14441 997
14442 477
14443 818
14444 402
14445 546
14446 156
14447 771
14448 334
14449 922
14450 762
14451 75
14452 457
14453 807
14454 427
14455 158
14456 658
14457 161
14458 818
14459 273
14460 314
14461 623
14462 933
14463 218
14464 918
14465 640
14466 986
14467 613
14468 668
14469 794
14470 691
14471 905
14472 713
14473 385
14474 702
14475 957
14476 460
14477 221
14478 863
14479 503
14480 146
14481 574
14482 470
14483 224
14484 275
14485 806
14486 137
14487 904
14488 646
14489 997
14490 872
14491 400
14492 189
14493 154
14494 547
14495 608
14496 509
14497 945
14498 929
14499 350
14500 498
14501 162
14502 124
14503 661
14504 986
14505 814
14506 885
14507 95
14508 877
14509 266
14510 931
14511 252
14512 403
14513 824
14514 743
14515 135
14516 137
14517 962
14518 925
14519 470
14520 311
14521 10
14522 604
14523 280
14524 258
14525 532
14526 370
14527 413
14528 796
14529 977
14530 568
14531 65
14532 933
14533 241
14534 103
14535 105
14536 465
14537 704
14538 626
14539 470
14540 89
14541 89
14542 830
14543 181
14544 127
14545 733
14546 521
14547 612
14548 285
14549 162
14550 279
14551 31
14552 981
14553 974
14554 884
14555 529
14556 640
14557 178
14558 492
14559 152
14560 260
14561 187
14562 726
14563 115
14564 929
14565 591
14566 238
14567 959
14568 612
14569 376
14570 871
14571 352
14572 174
14573 954
14574 870
14575 733
14576 28
14577 902
14578 409
14579 168
14580 47
14581 649
14582 555
14583 31
14584 322
14585 609
14586 181
14587 103
14588 543
14589 675
14590 297
14591 145
14592 690
14593 123
14594 178
14595 200
14596 709
14597 139
14598 389
14599 465
14600 809
14601 909
14602 729
14603 343
14604 611
14605 174
14606 689
14607 344
14608 922
14609 598
14610 92
14611 747
14612 831
14613 380
14614 260
14615 616
14616 899
14617 658
14618 190
14619 153
14620 772
14621 599
14622 791
14623 970
14624 912
14625 788
14626 634
14627 136
14628 875
14629 958
14630 282
14631 405
14632 986
14633 477
14634 261
14635 253
14636 121
14637 753
14638 834
14639 129
14640 290
14641 808
14642 714
14643 384
14644 675
14645 542
14646 748
14647 710
14648 494
14649 710
14650 559
14651 600
14652 158
14653 830
14654 975
14655 470
14656 748
14657 544
14658 397
14659 407
14660 135
14661 384
14662 260
14663 883
14664 334
14665 465
14666 65
14667 394
14668 157
14669 395
14670 123
14671 972
14672 273
14673 71
14674 543
14675 680
14676 541
14677 824
14678 108
14679 790
14680 975
14681 665
14682 107
14683 427
14684 853
14685 523
14686 726
14687 121
14688 407
14689 618
14690 190
14691 660
14692 594
14693 396
14694 622
14695 532
14696 876
14697 475
14698 633
14699 849
14700 894
14701 69
14702 87
14703 70
14704 842
14705 726
14706 194
14707 897
14708 52
14709 26
14710 969
14711 768
14712 494
14713 31
14714 127
14715 758
14716 13
14717 342
14718 548
14719 377
14720 127
14721 288
14722 278
14723 16
14724 608
14725 771
14726 648
14727 397
14728 313
14729 9
14730 940
14731 909
14732 739
14733 444
14734 953
14735 645
14736 143
14737 691
14738 691
14739 757
14740 219
14741 436
14742 370
14743 42
14744 117
14745 843
14746 157
14747 720
14748 555
14749 286
14750 958
14751 314
14752 978
14753 887
14754 189
14755 283
14756 555
14757 709
14758 870
14759 598
14760 625
14761 652
14762 54
14763 970
14764 655
14765 290
14766 99
14767 150
14768 860
14769 464
14770 908
14771 441
14772 786
14773 55
14774 647
14775 110
14776 459
14777 605
14778 196
14779 522
14780 327
14781 231
14782 85
14783 958
14784 984
14785 279
14786 701
14787 820
14788 313
14789 896
14790 464
14791 890
14792 831
14793 211
14794 169
14795 341
14796 938
14797 440
14798 657
14799 829
14800 761
14801 686
14802 480
14803 213
14804 649
14805 292
14806 806
14807 863
14808 587
14809 392
14810 294
14811 265
14812 645
14813 202
14814 219
14815 351
14816 210
14817 615
14818 252
14819 588
14820 573
14821 847
14822 203
14823 387
14824 869
14825 197
14826 364
14827 11
14828 622
14829 65
14830 872
14831 352
14832 195
14833 306
14834 344
14835 277
14836 566
14837 491
14838 893
14839 432
14840 87
14841 776
14842 277
14843 894
14844 315
14845 556
14846 845
14847 343
14848 655
14849 665
14850 845
14851 836
14852 11
14853 830
14854 50
14855 738
14856 36
14857 497
14858 277
14859 859
14860 464
14861 450
14862 639
14863 81
14864 801
14865 491
14866 837
14867 698
14868 322
14869 242
14870 771
14871 89
14872 344
14873 31
14874 845
14875 131
14876 544
14877 874
14878 943
14879 299
14880 821
14881 824
14882 36
14883 117
14884 175
14885 537
14886 157
14887 451
14888 96
14889 371
14890 228
14891 958
14892 36
14893 109
14894 898
14895 895
14896 387
14897 932
14898 723
14899 753
14900 460
14901 821
14902 795
14903 75
14904 716
14905 626
14906 583
14907 199
14908 50
14909 450
14910 30
14911 541
14912 341
14913 590
14914 672
14915 15
14916 797
14917 470
14918 402
14919 686
14920 588
14921 107
14922 480
14923 227
14924 401
14925 469
14926 550
14927 389
14928 150
14929 725
14930 181
14931 987
14932 1
14933 675
14934 583
14935 543
14936 739
14937 955
14938 331
14939 509
14940 420
14941 400
14942 707
14943 183
14944 630
14945 505
14946 942
14947 417
14948 123
14949 955
14950 418
14951 661
14952 969
14953 152
14954 41
14955 104
14956 737
14957 853
14958 224
14959 610
14960 630
14961 776
14962 320
14963 962
14964 969
14965 355
14966 67
14967 821
14968 71
14969 642
14970 715
14971 31
14972 304
14973 968
14974 723
14975 722
14976 720
14977 382
14978 944
14979 458
14980 691
14981 885
14982 389
14983 473
14984 522
14985 73
14986 821
14987 870
14988 298
14989 311
14990 914
14991 501
14992 128
14993 88
14994 60
14995 471
14996 48
14997 675
14998 724
14999 845
