5000 268
5001 589
5002 898
5003 878
5004 82
5005 108
5006 520
5007 68
5008 313
5009 547
5010 164
5011 271
5012 426
5013 457
5014 592
5015 990
5016 423
5017 407
5018 925
5019 892
5020 67
5021 860
5022 353
5023 321
5024 42
5025 59
5026 233
5027 579
5028 274
5029 524
5030 841
5031 399
5032 957
5033 603
5034 552
5035 174
5036 318
5037 692
5038 231
5039 765
5040 19
5041 973
5042 725
5043 793
5044 810
5045 931
5046 88
5047 366
5048 363
5049 399
5050 273
5051 282
5052 141
5053 728
5054 430
5055 536
5056 653
5057 248
5058 498
5059 459
5060 820
5061 395
5062 392
5063 150
5064 46
5065 928
5066 246
5067 414
5068 480
5069 826
5070 1
5071 323
5072 501
5073 824
5074 921
5075 715
5076 444
5077 108
5078 520
5079 745
5080 125
5081 980
5082 477
5083 257
5084 569
5085 810
5086 657
5087 49
5088 76
5089 742
5090 124
5091 916
5092 756
5093 601
5094 265
5095 489
5096 79
5097 140
5098 205
5099 332
5100 474
5101 764
5102 212
5103 34
5104 168
5105 935
5106 569
5107 901
5108 833
5109 799
5110 667
5111 712
5112 231
5113 655
5114 375
5115 325
5116 863
5117 150
5118 194
5119 569
5120 582
5121 565
5122 737
5123 685
5124 650
5125 247
5126 101
5127 333
5128 192
5129 8
5130 619
5131 959
5132 18
5133 74
5134 931
5135 358
5136 886
5137 104
5138 893
5139 805
5140 916
5141 760
5142 611
5143 779
5144 380
5145 49
5146 873
5147 856
5148 834
5149 220
5150 338
5151 680
5152 269
5153 145
5154 124
5155 892
5156 868
5157 670
5158 241
5159 323
5160 538
5161 580
5162 531
5163 533
5164 767
5165 160
5166 290
5167 534
5168 365
5169 361
5170 239
5171 562
5172 376
5173 422
5174 878
5175 833
5176 94
5177 702
5178 972
5179 509
5180 622
5181 626
5182 519
5183 7
5184 415
5185 179
5186 803
5187 788
5188 210
5189 199
5190 890
5191 627
5192 343
5193 990
5194 688
5195 814
5196 678
5197 910
5198 307
5199 195
5200 437
5201 142
5202 13
5203 369
5204 296
5205 146
5206 393
5207 833
5208 749
5209 446
5210 638
5211 379
5212 86
5213 342
5214 503
5215 652
5216 220
5217 638
5218 311
5219 178
5220 276
5221 479
5222 772
5223 985
5224 832
5225 561
5226 415
5227 117
5228 207
5229 684
5230 342
5231 186
5232 296
5233 767
5234 423
5235 369
5236 464
5237 48
5238 225
5239 688
5240 513
5241 844
5242 745
5243 362
5244 73
5245 980
5246 938
5247 648
5248 740
5249 91
5250 892
5251 390
5252 413
5253 132
5254 675
5255 43
5256 988
5257 564
5258 904
5259 89
5260 13
5261 885
5262 819
5263 464
5264 505
5265 876
5266 618
5267 161
5268 132
5269 83
5270 86
5271 644
5272 519
5273 724
5274 299
5275 665
5276 68
5277 931
5278 544
5279 902
5280 69
5281 80
5282 191
5283 675
5284 390
5285 442
5286 12
5287 845
5288 646
5289 873
5290 271
5291 819
5292 362
5293 960
5294 387
5295 713
5296 612
5297 109
5298 853
5299 569
5300 143
5301 66
5302 446
5303 637
5304 9
5305 230
5306 197
5307 332
5308 478
5309 125
5310 91
5311 538
5312 707
5313 511
5314 375
5315 123
5316 478
5317 415
5318 732
5319 976
5320 179
5321 734
5322 545
5323 124
5324 303
5325 851
5326 513
5327 55
5328 704
5329 814
5330 938
5331 854
5332 182
5333 98
5334 171
5335 215
5336 783
5337 653
5338 40
5339 643
5340 265
5341 414
5342 898
5343 707
5344 845
5345 456
5346 850
5347 30
5348 761
5349 190
5350 669
5351 462
5352 392
5353 484
5354 578
5355 861
5356 29
5357 222
5358 561
5359 610
5360 53
5361 725
5362 45
5363 203
5364 699
5365 610
5366 922
5367 193
5368 176
5369 380
5370 666
5371 207
5372 652
5373 893
5374 531
5375 548
5376 905
5377 540
5378 142
5379 256
5380 196
5381 642
5382 217
5383 774
5384 390
5385 211
5386 314
5387 274
5388 543
5389 158
5390 305
5391 528
5392 908
5393 970
5394 438
5395 373
5396 176
5397 927
5398 833
5399 326
5400 942
5401 799
5402 628
5403 932
5404 954
5405 752
5406 454
5407 756
5408 983
5409 629
5410 140
5411 893
5412 163
5413 476
5414 748
5415 115
5416 51
5417 297
5418 787
5419 807
5420 393
5421 367
5422 179
5423 833
5424 516
5425 965
5426 663
5427 805
5428 68
5429 594
5430 572
5431 563
5432 745
5433 247
5434 706
5435 212
5436 259
5437 273
5438 187
5439 328
5440 48
5441 622
5442 765
5443 289
5444 910
5445 611
5446 753
5447 171
5448 863
5449 299
5450 297
5451 624
5452 456
5453 463
5454 642
5455 445
5456 282
5457 226
5458 762
5459 893
5460 258
5461 34
5462 21
5463 20
5464 222
5465 59
5466 156
5467 13
5468 782
5469 974
5470 949
5471 443
5472 390
5473 472
5474 178
5475 34
5476 960
5477 204
5478 954
5479 273
5480 258
5481 958
5482 402
5483 8
5484 60
5485 115
5486 245
5487 7
5488 893
5489 551
5490 576
5491 557
5492 805
5493 104
5494 676
5495 189
5496 933
5497 571
5498 225
5499 870
5500 889
5501 343
5502 302
5503 338
5504 917
5505 962
5506 250
5507 829
5508 793
5509 596
5510 923
5511 182
5512 165
5513 728
5514 195
5515 474
5516 358
5517 961
5518 554
5519 96
5520 90
5521 811
5522 911
5523 877
5524 103
5525 604
5526 727
5527 798
5528 644
5529 903
5530 183
5531 306
5532 779
5533 350
5534 327
5535 114
5536 701
5537 302
5538 210
5539 979
5540 893
5541 684
5542 18
5543 867
5544 329
5545 516
5546 371
5547 652
5548 57
5549 144
5550 557
5551 377
5552 371
5553 949
5554 949
5555 201
5556 32
5557 725
5558 552
5559 525
5560 34
5561 792
5562 501
5563 638
5564 883
5565 691
5566 297
5567 9
5568 936
5569 665
5570 699
5571 591
5572 882
5573 385
5574 279
5575 162
5576 750
5577 807
5578 795
5579 178
5580 68
5581 119
5582 964
5583 761
5584 842
5585 604
5586 453
5587 756
5588 317
5589 548
5590 250
5591 568
5592 353
5593 988
5594 962
5595 823
5596 12
5597 487
5598 750
5599 601
5600 83
5601 774
5602 26
5603 715
5604 20
5605 51
5606 519
5607 30
5608 421
5609 426
5610 284
5611 518
5612 251
5613 908
5614 271
5615 564
5616 837
5617 929
5618 442
5619 947
5620 142
5621 609
5622 51
5623 154
5624 166
5625 848
5626 919
5627 861
5628 982
5629 631
5630 274
5631 704
5632 24
5633 622
5634 205
5635 316
5636 379
5637 239
5638 51
5639 949
5640 430
5641 595
5642 651
5643 960
5644 245
5645 442
5646 329
5647 401
5648 215
5649 692
5650 117
5651 851
5652 92
5653 444
5654 638
5655 82
5656 529
5657 467
5658 163
5659 26
5660 700
5661 325
5662 77
5663 314
5664 925
5665 678
5666 206
5667 166
5668 199
5669 306
5670 430
5671 140
5672 462
5673 351
5674 348
5675 415
5676 638
5677 294
5678 799
5679 116
5680 954
5681 623
5682 408
5683 946
5684 704
5685 317
5686 624
5687 814
5688 976
5689 824
5690 927
5691 423
5692 151
5693 584
5694 425
5695 136
5696 540
5697 87
5698 431
5699 979
5700 429
5701 745
5702 751
5703 60
5704 978
5705 279
5706 510
5707 929
5708 927
5709 675
5710 250
5711 430
5712 142
5713 319
5714 119
5715 752
5716 326
5717 994
5718 859
5719 88
5720 446
5721 756
5722 961
5723 600
5724 423
5725 997
5726 82
5727 355
5728 892
5729 520
5730 762
5731 316
5732 635
5733 75
5734 868
5735 356
5736 346
5737 317
5738 24
5739 756
5740 672
5741 756
5742 683
5743 959
5744 174
5745 701
5746 542
5747 34
5748 304
5749 925
5750 0
5751 193
5752 765
5753 94
5754 273
5755 502
5756 155
5757 662
5758 656
5759 926
5760 720
5761 460
5762 268
5763 789
5764 546
5765 156
5766 981
5767 408
5768 681
5769 734
5770 136
5771 551
5772 661
5773 210
5774 513
5775 8
5776 478
5777 209
5778 365
5779 907
5780 201
5781 435
5782 153
5783 530
5784 859
5785 697
5786 448
5787 873
5788 924
5789 954
5790 693
5791 811
5792 167
5793 295
5794 634
5795 611
5796 263
5797 317
5798 456
5799 847
5800 831
5801 604
5802 934
5803 222
5804 34
5805 345
5806 196
5807 926
5808 520
5809 765
5810 700
5811 75
5812 756
5813 408
5814 282
5815 481
5816 406
5817 395
5818 641
5819 121
5820 632
5821 546
5822 294
5823 310
5824 142
5825 150
5826 176
5827 888
5828 660
5829 268
5830 994
5831 411
5832 119
5833 337
5834 795
5835 852
5836 824
5837 259
5838 184
5839 889
5840 637
5841 106
5842 991
5843 724
5844 110
5845 512
5846 814
5847 701
5848 503
5849 408
5850 129
5851 540
5852 229
5853 495
5854 52
5855 693
5856 48
5857 809
5858 928
5859 713
5860 249
5861 142
5862 293
5863 988
5864 671
5865 486
5866 645
5867 266
5868 338
5869 905
5870 358
5871 176
5872 919
5873 990
5874 323
5875 533
5876 142
5877 42
5878 833
5879 902
5880 804
5881 979
5882 207
5883 119
5884 220
5885 710
5886 537
5887 949
5888 135
5889 2
5890 562
5891 74
5892 64
5893 768
5894 949
5895 342
5896 762
5897 462
5898 150
5899 767
5900 380
5901 596
5902 857
5903 834
5904 241
5905 437
5906 654
5907 971
5908 432
5909 170
5910 601
5911 600
5912 881
5913 826
5914 543
5915 390
5916 897
5917 386
5918 247
5919 304
5920 899
5921 756
5922 719
5923 901
5924 562
5925 418
5926 480
5927 939
5928 6
5929 381
5930 622
5931 502
5932 505
5933 472
5934 770
5935 349
5936 511
5937 511
5938 587
5939 988
5940 917
5941 409
5942 385
5943 447
5944 279
5945 511
5946 808
5947 743
5948 26
5949 53
5950 351
5951 618
5952 907
5953 870
5954 762
5955 405
5956 677
5957 855
5958 498
5959 279
5960 104
5961 725
5962 961
5963 261
5964 437
5965 517
5966 959
5967 833
5968 706
5969 638
5970 552
5971 201
5972 87
5973 112
5974 814
5975 721
5976 139
5977 41
5978 176
5979 512
5980 792
5981 161
5982 8
5983 225
5984 988
5985 914
5986 834
5987 425
5988 438
5989 983
5990 270
5991 243
5992 466
5993 509
5994 214
5995 929
5996 899
5997 775
5998 855
5999 606
6000 190
6001 975
6002 765
6003 441
6004 338
6005 961
6006 849
6007 228
6008 367
6009 872
6010 520
6011 123
6012 377
6013 826
6014 154
6015 610
6016 134
6017 776
6018 607
6019 702
6020 112
6021 548
6022 174
6023 482
6024 332
6025 545
6026 384
6027 834
6028 743
6029 491
6030 475
6031 685
6032 821
6033 534
6034 940
6035 96
6036 726
6037 606
6038 952
6039 305
6040 464
6041 870
6042 892
6043 114
6044 852
6045 244
6046 762
6047 939
6048 153
6049 155
6050 217
6051 798
6052 98
6053 648
6054 61
6055 127
6056 247
6057 276
6058 877
6059 960
6060 783
6061 146
6062 202
6063 126
6064 17
6065 154
6066 478
6067 291
6068 524
6069 531
6070 350
6071 745
6072 75
6073 594
6074 257
6075 603
6076 982
6077 132
6078 826
6079 711
6080 599
6081 572
6082 80
6083 139
6084 409
6085 867
6086 171
6087 208
6088 722
6089 375
6090 334
6091 472
6092 98
6093 742
6094 675
6095 172
6096 874
6097 853
6098 118
6099 164
6100 830
6101 453
6102 422
6103 980
6104 189
6105 417
6106 137
6107 945
6108 760
6109 230
6110 502
6111 876
6112 820
6113 450
6114 205
6115 126
6116 441
6117 528
6118 415
6119 526
6120 63
6121 801
6122 594
6123 450
6124 34
6125 745
6126 392
6127 700
6128 391
6129 385
6130 297
6131 676
6132 880
6133 226
6134 526
6135 415
6136 581
6137 60
6138 933
6139 458
6140 522
6141 848
6142 42
6143 98
6144 118
6145 269
6146 679
6147 119
6148 118
6149 230
6150 914
6151 687
6152 53
6153 548
6154 194
6155 259
6156 22
6157 1
6158 138
6159 552
6160 512
6161 278
6162 566
6163 302
6164 494
6165 520
6166 710
6167 892
6168 708
6169 587
6170 329
6171 81
6172 874
6173 785
6174 690
6175 161
6176 951
6177 542
6178 783
6179 204
6180 418
6181 154
6182 346
6183 744
6184 108
6185 60
6186 60
6187 880
6188 225
6189 681
6190 388
6191 84
6192 864
6193 658
6194 791
6195 395
6196 891
6197 940
6198 486
6199 299
6200 936
6201 324
6202 783
6203 789
6204 64
6205 249
6206 316
6207 132
6208 565
6209 810
6210 813
6211 975
6212 413
6213 251
6214 377
6215 72
6216 658
6217 275
6218 284
6219 260
6220 437
6221 8
6222 50
6223 767
6224 692
6225 140
6226 348
6227 569
6228 272
6229 379
6230 743
6231 673
6232 319
6233 117
6234 802
6235 759
6236 686
6237 487
6238 103
6239 635
6240 142
6241 357
6242 48
6243 299
6244 234
6245 690
6246 4
6247 396
6248 673
6249 971
6250 545
6251 443
6252 814
6253 266
6254 55
6255 873
6256 116
6257 117
6258 150
6259 726
6260 526
6261 783
6262 75
6263 251
6264 705
6265 215
6266 197
6267 681
6268 980
6269 821
6270 418
6271 86
6272 493
6273 822
6274 568
6275 970
6276 127
6277 481
6278 159
6279 753
6280 617
6281 569
6282 186
6283 880
6284 18
6285 829
6286 121
6287 268
6288 787
6289 608
6290 793
6291 97
6292 504
6293 932
6294 108
6295 637
6296 447
6297 309
6298 910
6299 760
6300 518
6301 851
6302 433
6303 158
6304 200
6305 700
6306 291
6307 12
6308 152
6309 316
6310 668
6311 525
6312 208
6313 521
6314 295
6315 207
6316 130
6317 711
6318 188
6319 163
6320 802
6321 767
6322 596
6323 952
6324 722
6325 558
6326 488
6327 568
6328 495
6329 662
6330 216
6331 233
6332 14
6333 230
6334 369
6335 673
6336 520
6337 392
6338 617
6339 388
6340 973
6341 402
6342 685
6343 74
6344 52
6345 256
6346 990
6347 212
6348 458
6349 619
6350 214
6351 347
6352 262
6353 841
6354 935
6355 697
6356 137
6357 526
6358 690
6359 566
6360 478
6361 743
6362 240
6363 914
6364 714
6365 492
6366 407
6367 518
6368 772
6369 957
6370 434
6371 93
6372 829
6373 309
6374 124
6375 965
6376 407
6377 950
6378 657
6379 443
6380 233
6381 470
6382 914
6383 732
6384 769
6385 558
6386 136
6387 660
6388 776
6389 239
6390 545
6391 100
6392 187
6393 327
6394 243
6395 806
6396 13
6397 440
6398 466
6399 954
6400 425
6401 57
6402 110
6403 788
6404 698
6405 635
6406 705
6407 673
6408 644
6409 367
6410 280
6411 737
6412 373
6413 276
6414 369
6415 628
6416 571
6417 30
6418 21
6419 370
6420 171
6421 34
6422 207
6423 82
6424 95
6425 128
6426 266
6427 543
6428 443
6429 18
6430 54
6431 100
6432 53
6433 805
6434 429
6435 871
6436 301
6437 186
6438 34
6439 69
6440 748
6441 373
6442 876
6443 462
6444 129
6445 697
6446 61
6447 607
6448 621
6449 107
6450 250
6451 422
6452 499
6453 382
6454 279
6455 708
6456 205
6457 543
6458 322
6459 520
6460 382
6461 215
6462 957
6463 205
6464 673
6465 205
6466 215
6467 242
6468 90
6469 20
6470 301
6471 587
6472 185
6473 321
6474 486
6475 751
6476 826
6477 176
6478 490
6479 156
6480 609
6481 329
6482 698
6483 323
6484 74
6485 191
6486 5
6487 815
6488 357
6489 627
6490 571
6491 764
6492 784
6493 578
6494 30
6495 124
6496 142
6497 783
6498 29
6499 627
6500 15
6501 698
6502 119
6503 262
6504 870
6505 44
6506 24
6507 164
6508 909
6509 388
6510 161
6511 398
6512 177
6513 764
6514 946
6515 95
6516 64
6517 243
6518 289
6519 665
6520 752
6521 835
6522 626
6523 930
6524 654
6525 832
6526 601
6527 430
6528 459
6529 22
6530 511
6531 628
6532 907
6533 384
6534 34
6535 451
6536 373
6537 321
6538 522
6539 646
6540 151
6541 921
6542 500
6543 848
6544 351
6545 8
6546 608
6547 620
6548 204
6549 370
6550 42
6551 508
6552 829
6553 846
6554 383
6555 503
6556 416
6557 423
6558 119
6559 278
6560 452
6561 261
6562 640
6563 381
6564 974
6565 988
6566 820
6567 750
6568 145
6569 100
6570 836
6571 965
6572 82
6573 622
6574 883
6575 660
6576 416
6577 275
6578 832
6579 34
6580 610
6581 427
6582 314
6583 317
6584 642
6585 730
6586 878
6587 314
6588 390
6589 132
6590 565
6591 256
6592 837
6593 453
6594 595
6595 217
6596 558
6597 137
6598 21
6599 618
6600 307
6601 720
6602 47
6603 982
6604 764
6605 59
6606 735
6607 542
6608 832
6609 463
6610 378
6611 160
6612 778
6613 413
6614 477
6615 493
6616 96
6617 485
6618 890
6619 803
6620 798
6621 803
6622 78
6623 575
6624 59
6625 693
6626 933
6627 703
6628 180
6629 174
6630 767
6631 154
6632 750
6633 834
6634 594
6635 554
6636 901
6637 32
6638 736
6639 654
6640 318
6641 688
6642 926
6643 138
6644 776
6645 112
6646 994
6647 349
6648 558
6649 575
6650 509
6651 266
6652 427
6653 775
6654 573
6655 710
6656 12
6657 489
6658 392
6659 682
6660 126
6661 42
6662 106
6663 674
6664 57
6665 829
6666 438
6667 993
6668 499
6669 119
6670 296
6671 827
6672 368
6673 119
6674 98
6675 923
6676 589
6677 358
6678 138
6679 975
6680 801
6681 187
6682 342
6683 589
6684 371
6685 874
6686 80
6687 973
6688 305
6689 917
6690 214
6691 918
6692 366
6693 279
6694 750
6695 855
6696 569
6697 223
6698 507
6699 379
6700 317
6701 786
6702 193
6703 841
6704 167
6705 831
6706 682
6707 200
6708 599
6709 423
6710 592
6711 684
6712 480
6713 530
6714 677
6715 363
6716 159
6717 504
6718 891
6719 714
6720 911
6721 699
6722 694
6723 549
6724 57
6725 234
6726 406
6727 405
6728 319
6729 497
6730 694
6731 919
6732 586
6733 248
6734 663
6735 409
6736 420
6737 551
6738 543
6739 9
6740 514
6741 623
6742 106
6743 181
6744 946
6745 772
6746 556
6747 483
6748 509
6749 584
6750 901
6751 730
6752 459
6753 305
6754 251
6755 636
6756 526
6757 30
6758 786
6759 93
6760 583
6761 288
6762 704
6763 245
6764 171
6765 712
6766 426
6767 807
6768 987
6769 456
6770 712
6771 111
6772 646
6773 635
6774 186
6775 852
6776 439
6777 935
6778 540
6779 420
6780 696
6781 556
6782 380
6783 660
6784 379
6785 382
6786 529
6787 673
6788 90
6789 25
6790 303
6791 708
6792 586
6793 347
6794 715
6795 5
6796 104
6797 854
6798 786
6799 414
6800 269
6801 361
6802 807
6803 898
6804 993
6805 333
6806 993
6807 56
6808 627
6809 373
6810 547
6811 882
6812 1
6813 164
6814 767
6815 706
6816 481
6817 615
6818 106
6819 887
6820 708
6821 111
6822 373
6823 60
6824 283
6825 802
6826 86
6827 63
6828 208
6829 483
6830 598
6831 263
6832 271
6833 472
6834 76
6835 685
6836 981
6837 42
6838 398
6839 257
6840 220
6841 536
6842 113
6843 303
6844 266
6845 824
6846 864
6847 606
6848 731
6849 801
6850 835
6851 385
6852 482
6853 880
6854 876
6855 63
6856 722
6857 405
6858 801
6859 514
6860 290
6861 570
6862 414
6863 936
6864 401
6865 815
6866 170
6867 492
6868 176
6869 151
6870 128
6871 220
6872 277
6873 114
6874 891
6875 218
6876 352
6877 299
6878 214
6879 103
6880 149
6881 491
6882 227
6883 477
6884 427
6885 484
6886 257
6887 730
6888 398
6889 786
6890 523
6891 796
6892 738
6893 394
6894 671
6895 393
6896 945
6897 186
6898 616
6899 332
6900 842
6901 12
6902 635
6903 611
6904 555
6905 112
6906 673
6907 802
6908 168
6909 605
6910 924
6911 393
6912 456
6913 859
6914 897
6915 239
6916 244
6917 336
6918 894
6919 34
6920 388
6921 109
6922 980
6923 451
6924 881
6925 494
6926 190
6927 488
6928 276
6929 528
6930 801
6931 125
6932 294
6933 491
6934 563
6935 491
6936 580
6937 239
6938 515
6939 674
6940 339
6941 655
6942 880
6943 185
6944 587
6945 806
6946 90
6947 138
6948 580
6949 574
6950 846
6951 272
6952 856
6953 582
6954 873
6955 105
6956 490
6957 965
6958 801
6959 822
6960 71
6961 594
6962 674
6963 796
6964 327
6965 638
6966 696
6967 598
6968 152
6969 916
6970 398
6971 298
6972 53
6973 615
6974 606
6975 461
6976 630
6977 48
6978 30
6979 11
6980 221
6981 82
6982 326
6983 950
6984 300
6985 700
6986 667
6987 213
6988 915
6989 156
6990 476
6991 256
6992 586
6993 600
6994 210
6995 615
6996 851
6997 759
6998 431
6999 461
7000 823
7001 685
7002 413
7003 996
7004 347
7005 178
7006 198
7007 564
7008 674
7009 418
7010 974
7011 343
7012 867
7013 130
7014 704
7015 406
7016 379
7017 926
7018 769
7019 563
7020 273
7021 389
7022 798
7023 802
7024 737
7025 246
7026 851
7027 487
7028 340
7029 952
7030 59
7031 952
7032 468
7033 410
7034 132
7035 508
7036 729
7037 613
7038 198
7039 19
7040 673
7041 718
7042 17
7043 287
7044 488
7045 807
7046 447
7047 562
7048 843
7049 730
7050 238
7051 514
7052 49
7053 643
7054 603
7055 606
7056 261
7057 758
7058 267
7059 739
7060 140
7061 674
7062 201
7063 112
7064 490
7065 701
7066 5
7067 600
7068 853
7069 227
7070 915
7071 34
7072 149
7073 424
7074 513
7075 189
7076 508
7077 506
7078 746
7079 955
7080 904
7081 171
7082 838
7083 220
7084 481
7085 283
7086 838
7087 81
7088 72
7089 153
7090 718
7091 661
7092 528
7093 570
7094 843
7095 86
7096 318
7097 376
7098 487
7099 945
7100 114
7101 770
7102 358
7103 268
7104 34
7105 234
7106 215
7107 147
7108 997
7109 988
7110 97
7111 746
7112 858
7113 897
7114 730
7115 431
7116 52
7117 535
7118 613
7119 754
7120 38
7121 372
7122 697
7123 367
7124 353
7125 276
7126 144
7127 688
7128 489
7129 881
7130 653
7131 115
7132 432
7133 531
7134 563
7135 975
7136 331
7137 351
7138 251
7139 889
7140 202
7141 239
7142 74
7143 331
7144 520
7145 955
7146 924
7147 893
7148 259
7149 69
7150 654
7151 768
7152 231
7153 214
7154 282
7155 502
7156 717
7157 46
7158 944
7159 34
7160 271
7161 353
7162 385
7163 223
7164 399
7165 324
7166 778
7167 437
7168 808
7169 67
7170 543
7171 195
7172 201
7173 93
7174 360
7175 363
7176 543
7177 652
7178 564
7179 697
7180 178
7181 646
7182 693
7183 114
7184 793
7185 978
7186 275
7187 72
7188 310
7189 580
7190 761
7191 739
7192 82
7193 754
7194 19
7195 243
7196 120
7197 24
7198 559
7199 417
7200 705
7201 788
7202 104
7203 788
7204 560
7205 570
7206 889
7207 165
7208 201
7209 432
7210 432
7211 713
7212 750
7213 52
7214 96
7215 82
7216 161
7217 119
7218 602
7219 900
7220 264
7221 153
7222 262
7223 38
7224 536
7225 949
7226 387
7227 912
7228 824
7229 872
7230 656
7231 775
7232 387
7233 268
7234 674
7235 82
7236 469
7237 139
7238 930
7239 674
7240 531
7241 29
7242 674
7243 730
7244 969
7245 537
7246 397
7247 695
7248 608
7249 960
7250 603
7251 596
7252 169
7253 788
7254 463
7255 402
7256 857
7257 276
7258 547
7259 134
7260 636
7261 939
7262 237
7263 687
7264 38
7265 923
7266 275
7267 833
7268 73
7269 349
7270 754
7271 697
7272 367
7273 623
7274 788
7275 880
7276 612
7277 535
7278 15
7279 667
7280 534
7281 351
7282 874
7283 259
7284 697
7285 165
7286 461
7287 775
7288 516
7289 5
7290 408
7291 38
7292 339
7293 806
7294 545
7295 26
7296 584
7297 657
7298 355
7299 317
7300 677
7301 841
7302 684
7303 467
7304 962
7305 627
7306 798
7307 788
7308 180
7309 188
7310 837
7311 699
7312 707
7313 586
7314 891
7315 474
7316 43
7317 779
7318 425
7319 908
7320 168
7321 991
7322 660
7323 644
7324 340
7325 614
7326 981
7327 349
7328 883
7329 450
7330 7
7331 520
7332 27
7333 19
7334 962
7335 800
7336 596
7337 849
7338 473
7339 310
7340 891
7341 290
7342 936
7343 988
7344 965
7345 810
7346 539
7347 663
7348 677
7349 566
7350 604
7351 792
7352 18
7353 614
7354 703
7355 195
7356 676
7357 722
7358 779
7359 677
7360 833
7361 34
7362 410
7363 394
7364 459
7365 875
7366 253
7367 21
7368 477
7369 696
7370 310
7371 388
7372 784
7373 877
7374 428
7375 603
7376 325
7377 330
7378 277
7379 900
7380 638
7381 472
7382 804
7383 362
7384 442
7385 404
7386 15
7387 259
7388 769
7389 232
7390 38
7391 964
7392 29
7393 46
7394 920
7395 570
7396 131
7397 490
7398 853
7399 355
7400 909
7401 508
7402 453
7403 361
7404 659
7405 498
7406 565
7407 320
7408 839
7409 621
7410 738
7411 934
7412 176
7413 742
7414 378
7415 310
7416 192
7417 658
7418 22
7419 826
7420 555
7421 762
7422 267
7423 776
7424 443
7425 508
7426 788
7427 857
7428 145
7429 615
7430 64
7431 822
7432 468
7433 127
7434 74
7435 166
7436 176
7437 636
7438 248
7439 175
7440 326
7441 38
7442 160
7443 340
7444 58
7445 606
7446 391
7447 246
7448 500
7449 718
7450 573
7451 155
7452 739
7453 439
7454 802
7455 933
7456 677
7457 134
7458 594
7459 757
7460 275
7461 292
7462 826
7463 28
7464 782
7465 596
7466 929
7467 558
7468 362
7469 267
7470 694
7471 464
7472 935
7473 952
7474 51
7475 413
7476 485
7477 953
7478 360
7479 465
7480 939
7481 345
7482 236
7483 375
7484 18
7485 980
7486 445
7487 148
7488 97
7489 21
7490 767
7491 272
7492 933
7493 113
7494 513
7495 694
7496 75
7497 127
7498 535
7499 236
7500 457
7501 389
7502 123
7503 182
7504 271
7505 578
7506 933
7507 139
7508 690
7509 858
7510 212
7511 18
7512 700
7513 245
7514 396
7515 262
7516 131
7517 555
7518 425
7519 304
7520 486
7521 83
7522 469
7523 101
7524 706
7525 153
7526 278
7527 977
7528 246
7529 719
7530 569
7531 292
7532 333
7533 782
7534 690
7535 807
7536 738
7537 591
7538 143
7539 968
7540 963
7541 558
7542 301
7543 211
7544 809
7545 390
7546 103
7547 42
7548 255
7549 211
7550 822
7551 527
7552 6
7553 890
7554 369
7555 759
7556 112
7557 273
7558 357
7559 982
7560 677
7561 837
7562 626
7563 915
7564 427
7565 287
7566 899
7567 648
7568 713
7569 751
7570 460
7571 752
7572 594
7573 897
7574 828
7575 722
7576 871
7577 524
7578 965
7579 448
7580 694
7581 924
7582 459
7583 969
7584 511
7585 693
7586 446
7587 5
7588 52
7589 557
7590 686
7591 11
7592 870
7593 218
7594 915
7595 346
7596 302
7597 880
7598 666
7599 649
7600 413
7601 981
7602 517
7603 921
7604 982
7605 283
7606 760
7607 362
7608 915
7609 599
7610 289
7611 224
7612 752
7613 503
7614 775
7615 100
7616 813
7617 991
7618 329
7619 472
7620 525
7621 641
7622 906
7623 209
7624 422
7625 43
7626 437
7627 449
7628 331
7629 698
7630 211
7631 846
7632 329
7633 533
7634 64
7635 407
7636 480
7637 815
7638 730
7639 261
7640 490
7641 789
7642 219
7643 58
7644 611
7645 437
7646 754
7647 38
7648 894
7649 965
7650 396
7651 150
7652 823
7653 186
7654 641
7655 113
7656 573
7657 481
7658 643
7659 486
7660 880
7661 610
7662 456
7663 623
7664 859
7665 638
7666 523
7667 337
7668 770
7669 338
7670 97
7671 214
7672 690
7673 115
7674 690
7675 568
7676 109
7677 107
7678 732
7679 408
7680 385
7681 212
7682 179
7683 148
7684 212
7685 607
7686 579
7687 284
7688 321
7689 383
7690 579
7691 958
7692 306
7693 448
7694 439
7695 99
7696 162
7697 755
7698 187
7699 894
7700 382
7701 918
7702 586
7703 18
7704 443
7705 474
7706 508
7707 811
7708 354
7709 732
7710 839
7711 262
7712 883
7713 483
7714 907
7715 616
7716 565
7717 234
7718 383
7719 540
7720 846
7721 146
7722 359
7723 706
7724 755
7725 220
7726 700
7727 856
7728 15
7729 682
7730 148
7731 527
7732 90
7733 338
7734 551
7735 584
7736 963
7737 718
7738 864
7739 755
7740 416
7741 159
7742 739
7743 600
7744 204
7745 739
7746 769
7747 892
7748 873
7749 84
7750 677
7751 700
7752 574
7753 432
7754 699
7755 523
7756 775
7757 289
7758 166
7759 147
7760 161
7761 585
7762 378
7763 533
7764 374
7765 890
7766 522
7767 384
7768 404
7769 856
7770 44
7771 932
7772 667
7773 65
7774 789
7775 116
7776 533
7777 173
7778 556
7779 282
7780 636
7781 293
7782 677
7783 380
7784 418
7785 472
7786 886
7787 804
7788 209
7789 935
7790 384
7791 808
7792 607
7793 193
7794 436
7795 590
7796 617
7797 458
7798 55
7799 233
7800 472
7801 163
7802 653
7803 338
7804 718
7805 259
7806 959
7807 933
7808 337
7809 865
7810 652
7811 721
7812 291
7813 863
7814 906
7815 789
7816 426
7817 979
7818 907
7819 171
7820 417
7821 301
7822 361
7823 407
7824 611
7825 207
7826 718
7827 291
7828 191
7829 580
7830 805
7831 189
7832 465
7833 848
7834 820
7835 715
7836 755
7837 363
7838 502
7839 642
7840 836
7841 305
7842 104
7843 472
7844 540
7845 728
7846 562
7847 371
7848 699
7849 152
7850 754
7851 428
7852 68
7853 430
7854 461
7855 645
7856 675
7857 378
7858 528
7859 154
7860 177
7861 804
7862 765
7863 766
7864 831
7865 154
7866 565
7867 473
7868 284
7869 640
7870 209
7871 437
7872 636
7873 127
7874 65
7875 143
7876 435
7877 217
7878 544
7879 15
7880 810
7881 717
7882 270
7883 985
7884 297
7885 46
7886 471
7887 73
7888 417
7889 774
7890 239
7891 134
7892 939
7893 581
7894 267
7895 703
7896 866
7897 200
7898 902
7899 434
7900 61
7901 676
7902 581
7903 6
7904 544
7905 121
7906 567
7907 46
7908 21
7909 441
7910 243
7911 95
7912 194
7913 804
7914 496
7915 193
7916 171
7917 442
7918 509
7919 392
7920 215
7921 616
7922 52
7923 929
7924 805
7925 14
7926 706
7927 105
7928 129
7929 353
7930 433
7931 341
7932 515
7933 257
7934 645
7935 883
7936 12
7937 665
7938 518
7939 974
7940 38
7941 526
7942 775
7943 75
7944 775
7945 752
7946 143
7947 138
7948 593
7949 449
7950 996
7951 544
7952 122
7953 883
7954 412
7955 405
7956 342
7957 894
7958 761
7959 926
7960 958
7961 469
7962 313
7963 994
7964 591
7965 52
7966 665
7967 146
7968 573
7969 424
7970 480
7971 523
7972 844
7973 137
7974 755
7975 54
7976 693
7977 701
7978 242
7979 781
7980 404
7981 855
7982 676
7983 772
7984 92
7985 954
7986 361
7987 121
7988 982
7989 807
7990 2
7991 339
7992 834
7993 426
7994 918
7995 739
7996 778
7997 302
7998 787
7999 61
8000 924
8001 735
8002 122
8003 240
8004 105
8005 456
8006 388
8007 809
8008 912
8009 463
8010 685
8011 462
8012 986
8013 798
8014 328
8015 822
8016 628
8017 754
8018 944
8019 130
8020 433
8021 430
8022 122
8023 419
8024 221
8025 168
8026 783
8027 566
8028 80
8029 148
8030 957
8031 180
8032 826
8033 68
8034 252
8035 249
8036 405
8037 942
8038 356
8039 356
8040 617
8041 593
8042 533
8043 271
8044 574
8045 322
8046 514
8047 41
8048 517
8049 783
8050 412
8051 305
8052 336
8053 495
8054 265
8055 485
8056 227
8057 351
8058 881
8059 345
8060 209
8061 536
8062 722
8063 576
8064 504
8065 43
8066 115
8067 616
8068 453
8069 263
8070 432
8071 4
8072 859
8073 581
8074 429
8075 47
8076 815
8077 289
8078 535
8079 523
8080 848
8081 720
8082 616
8083 742
8084 301
8085 504
8086 783
8087 722
8088 421
8089 82
8090 829
8091 909
8092 420
8093 783
8094 177
8095 433
8096 938
8097 280
8098 537
8099 649
8100 991
8101 244
8102 786
8103 138
8104 859
8105 369
8106 43
8107 122
8108 268
8109 363
8110 82
8111 626
8112 738
8113 567
8114 412
8115 289
8116 229
8117 824
8118 135
8119 446
8120 489
8121 885
8122 54
8123 578
8124 872
8125 856
8126 26
8127 696
8128 186
8129 500
8130 606
8131 331
8132 744
8133 321
8134 68
8135 371
8136 236
8137 487
8138 80
8139 583
8140 200
8141 324
8142 825
8143 719
8144 907
8145 148
8146 754
8147 766
8148 345
8149 112
8150 859
8151 162
8152 815
8153 260
8154 242
8155 730
8156 476
8157 196
8158 896
8159 54
8160 447
8161 672
8162 126
8163 868
8164 183
8165 332
8166 205
8167 461
8168 985
8169 800
8170 667
8171 434
8172 803
8173 133
8174 573
8175 507
8176 282
8177 139
8178 402
8179 321
8180 371
8181 122
8182 225
8183 644
8184 703
8185 251
8186 204
8187 228
8188 889
8189 291
8190 215
8191 740
8192 312
8193 527
8194 930
8195 639
8196 506
8197 653
8198 479
8199 982
8200 112
8201 71
8202 977
8203 209
8204 74
8205 203
8206 12
8207 485
8208 955
8209 279
8210 330
8211 906
8212 755
8213 167
8214 932
8215 623
8216 945
8217 607
8218 709
8219 360
8220 878
8221 866
8222 38
8223 942
8224 448
8225 263
8226 548
8227 502
8228 457
8229 244
8230 190
8231 665
8232 488
8233 381
8234 878
8235 592
8236 373
8237 603
8238 437
8239 935
8240 146
8241 762
8242 707
8243 628
8244 793
8245 537
8246 880
8247 907
8248 202
8249 513
8250 950
8251 231
8252 215
8253 374
8254 337
8255 577
8256 152
8257 457
8258 730
8259 977
8260 204
8261 273
8262 204
8263 8
8264 466
8265 381
8266 906
8267 705
8268 99
8269 515
8270 38
8271 949
8272 471
8273 334
8274 193
8275 975
8276 29
8277 977
8278 799
8279 977
8280 969
8281 342
8282 46
8283 533
8284 306
8285 812
8286 341
8287 409
8288 370
8289 398
8290 375
8291 207
8292 819
8293 315
8294 534
8295 71
8296 59
8297 939
8298 120
8299 399
8300 776
8301 785
8302 912
8303 433
8304 26
8305 207
8306 900
8307 342
8308 927
8309 776
8310 597
8311 122
8312 812
8313 293
8314 665
8315 589
8316 919
8317 187
8318 177
8319 576
8320 855
8321 557
8322 523
8323 335
8324 189
8325 662
8326 457
8327 931
8328 323
8329 699
8330 3
8331 212
8332 626
8333 251
8334 708
8335 835
8336 299
8337 100
8338 907
8339 869
8340 862
8341 665
8342 560
8343 348
8344 113
8345 788
8346 755
8347 605
8348 226
8349 691
8350 444
8351 772
8352 295
8353 422
8354 891
8355 210
8356 469
8357 645
8358 283
8359 677
8360 915
8361 568
8362 597
8363 418
8364 332
8365 557
8366 647
8367 919
8368 257
8369 490
8370 995
8371 766
8372 234
8373 516
8374 252
8375 191
8376 912
8377 927
8378 122
8379 287
8380 845
8381 871
8382 603
8383 638
8384 739
8385 495
8386 539
8387 180
8388 693
8389 463
8390 340
8391 557
8392 476
8393 755
8394 821
8395 527
8396 788
8397 329
8398 141
8399 730
8400 585
8401 414
8402 653
8403 40
8404 908
8405 976
8406 750
8407 323
8408 943
8409 720
8410 868
8411 455
8412 928
8413 677
8414 902
8415 719
8416 700
8417 600
8418 291
8419 145
8420 721
8421 954
8422 902
8423 684
8424 311
8425 649
8426 49
8427 977
8428 145
8429 94
8430 463
8431 546
8432 906
8433 481
8434 464
8435 134
8436 636
8437 321
8438 189
8439 298
8440 906
8441 997
8442 229
8443 585
8444 403
8445 43
8446 314
8447 923
8448 147
8449 107
8450 237
8451 920
8452 822
8453 56
8454 191
8455 523
8456 873
8457 883
8458 755
8459 684
8460 667
8461 642
8462 296
8463 440
8464 805
8465 846
8466 402
8467 99
8468 825
8469 65
8470 877
8471 649
8472 587
8473 882
8474 662
8475 778
8476 377
8477 906
8478 876
8479 866
8480 87
8481 186
8482 543
8483 236
8484 386
8485 604
8486 417
8487 647
8488 950
8489 735
8490 801
8491 528
8492 20
8493 814
8494 433
8495 736
8496 977
8497 200
8498 822
8499 253
8500 42
8501 67
8502 46
8503 145
8504 66
8505 677
8506 45
8507 596
8508 91
8509 133
8510 936
8511 493
8512 849
8513 4
8514 4
8515 332
8516 660
8517 353
8518 698
8519 629
8520 29
8521 444
8522 381
8523 654
8524 844
8525 91
8526 359
8527 264
8528 502
8529 591
8530 974
8531 469
8532 820
8533 860
8534 445
8535 12
8536 607
8537 267
8538 899
8539 175
8540 306
8541 657
8542 840
8543 616
8544 319
8545 326
8546 763
8547 4
8548 853
8549 878
8550 13
8551 480
8552 679
8553 560
8554 241
8555 80
8556 839
8557 635
8558 567
8559 163
8560 90
8561 348
8562 609
8563 380
8564 751
8565 152
8566 216
8567 555
8568 289
8569 564
8570 137
8571 172
8572 503
8573 267
8574 338
8575 80
8576 899
8577 132
8578 106
8579 484
8580 207
8581 418
8582 795
8583 803
8584 621
8585 117
8586 603
8587 55
8588 935
8589 42
8590 507
8591 544
8592 150
8593 194
8594 734
8595 325
8596 133
8597 570
8598 752
8599 420
8600 325
8601 104
8602 958
8603 327
8604 3
8605 345
8606 714
8607 895
8608 516
8609 523
8610 302
8611 853
8612 973
8613 368
8614 259
8615 890
8616 295
8617 866
8618 3
8619 390
8620 230
8621 56
8622 681
8623 414
8624 411
8625 319
8626 517
8627 571
8628 576
8629 556
8630 29
8631 793
8632 890
8633 849
8634 486
8635 819
8636 112
8637 221
8638 849
8639 557
8640 230
8641 214
8642 942
8643 677
8644 537
8645 868
8646 567
8647 546
8648 972
8649 224
8650 654
8651 475
8652 573
8653 686
8654 336
8655 274
8656 839
8657 624
8658 412
8659 581
8660 9
8661 762
8662 854
8663 61
8664 584
8665 359
8666 676
8667 629
8668 403
8669 761
8670 18
8671 509
8672 715
8673 96
8674 734
8675 925
8676 545
8677 199
8678 546
8679 507
8680 546
8681 454
8682 553
8683 219
8684 744
8685 819
8686 378
8687 38
8688 352
8689 935
8690 623
8691 238
8692 729
8693 88
8694 44
8695 555
8696 680
8697 792
8698 72
8699 678
8700 244
8701 717
8702 433
8703 554
8704 547
8705 462
8706 697
8707 212
8708 196
8709 740
8710 788
8711 993
8712 691
8713 260
8714 248
8715 563
8716 642
8717 376
8718 669
8719 304
8720 833
8721 751
8722 145
8723 442
8724 868
8725 727
8726 973
8727 732
8728 396
8729 314
8730 134
8731 230
8732 596
8733 612
8734 401
8735 654
8736 215
8737 14
8738 374
8739 27
8740 618
8741 743
8742 654
8743 64
8744 883
8745 30
8746 495
8747 737
8748 904
8749 445
8750 677
8751 638
8752 230
8753 663
8754 454
8755 696
8756 38
8757 65
8758 816
8759 822
8760 68
8761 592
8762 527
8763 828
8764 696
8765 858
8766 308
8767 517
8768 471
8769 207
8770 301
8771 593
8772 717
8773 27
8774 732
8775 863
8776 705
8777 282
8778 920
8779 787
8780 874
8781 84
8782 511
8783 99
8784 600
8785 395
8786 662
8787 563
8788 699
8789 871
8790 586
8791 127
8792 356
8793 550
8794 72
8795 970
8796 612
8797 839
8798 856
8799 660
8800 44
8801 721
8802 147
8803 695
8804 233
8805 61
8806 591
8807 687
8808 919
8809 43
8810 90
8811 351
8812 284
8813 796
8814 567
8815 676
8816 651
8817 86
8818 897
8819 630
8820 65
8821 855
8822 38
8823 339
8824 514
8825 467
8826 38
8827 778
8828 326
8829 49
8830 287
8831 971
8832 849
8833 291
8834 174
8835 916
8836 755
8837 452
8838 589
8839 195
8840 709
8841 256
8842 713
8843 439
8844 158
8845 930
8846 591
8847 870
8848 423
8849 708
8850 573
8851 708
8852 729
8853 195
8854 916
8855 562
8856 836
8857 98
8858 546
8859 893
8860 463
8861 587
8862 38
8863 668
8864 634
8865 444
8866 72
8867 692
8868 1
8869 269
8870 870
8871 524
8872 348
8873 86
8874 730
8875 166
8876 912
8877 816
8878 369
8879 399
8880 909
8881 410
8882 38
8883 632
8884 154
8885 847
8886 184
8887 82
8888 332
8889 199
8890 457
8891 391
8892 385
8893 559
8894 259
8895 864
8896 412
8897 953
8898 511
8899 106
8900 596
8901 395
8902 784
8903 910
8904 694
8905 759
8906 349
8907 185
8908 307
8909 397
8910 354
8911 152
8912 292
8913 192
8914 95
8915 753
8916 282
8917 330
8918 812
8919 648
8920 826
8921 18
8922 130
8923 795
8924 630
8925 362
8926 73
8927 621
8928 18
8929 52
8930 834
8931 527
8932 832
8933 596
8934 882
8935 779
8936 291
8937 961
8938 1
8939 515
8940 916
8941 380
8942 876
8943 159
8944 851
8945 763
8946 79
8947 651
8948 286
8949 114
8950 492
8951 240
8952 550
8953 567
8954 820
8955 449
8956 590
8957 408
8958 523
8959 547
8960 41
8961 893
8962 175
8963 705
8964 280
8965 559
8966 681
8967 14
8968 734
8969 593
8970 347
8971 758
8972 242
8973 916
8974 750
8975 768
8976 696
8977 452
8978 603
8979 441
8980 163
8981 746
8982 296
8983 832
8984 753
8985 863
8986 242
8987 987
8988 65
8989 407
8990 451
8991 338
8992 19
8993 289
8994 369
8995 20
8996 331
8997 307
8998 383
8999 205
9000 156
9001 696
9002 227
9003 878
9004 424
9005 837
9006 916
9007 925
9008 774
9009 726
9010 0
9011 511
9012 179
9013 138
9014 139
9015 151
9016 793
9017 445
9018 738
9019 267
9020 68
9021 281
9022 451
9023 708
9024 679
9025 715
9026 732
9027 953
9028 737
9029 77
9030 538
9031 917
9032 876
9033 66
9034 336
9035 995
9036 502
9037 154
9038 122
9039 358
9040 409
9041 72
9042 634
9043 89
9044 769
9045 758
9046 777
9047 896
9048 716
9049 885
9050 136
9051 639
9052 845
9053 786
9054 357
9055 40
9056 850
9057 632
9058 377
9059 597
9060 61
9061 872
9062 360
9063 845
9064 63
9065 581
9066 537
9067 43
9068 224
9069 490
9070 296
9071 882
9072 13
9073 321
9074 677
9075 533
9076 282
9077 112
9078 142
9079 694
9080 17
9081 377
9082 406
9083 21
9084 684
9085 153
9086 186
9087 341
9088 722
9089 312
9090 944
9091 550
9092 135
9093 219
9094 582
9095 672
9096 518
9097 845
9098 887
9099 911
9100 474
9101 965
9102 227
9103 305
9104 202
9105 687
9106 234
9107 765
9108 366
9109 722
9110 619
9111 357
9112 965
9113 978
9114 959
9115 265
9116 978
9117 92
9118 98
9119 758
9120 954
9121 523
9122 448
9123 530
9124 493
9125 315
9126 138
9127 850
9128 758
9129 276
9130 880
9131 159
9132 376
9133 788
9134 42
9135 48
9136 410
9137 705
9138 433
9139 460
9140 664
9141 344
9142 427
9143 845
9144 839
9145 479
9146 317
9147 647
9148 15
9149 18
9150 185
9151 410
9152 599
9153 339
9154 310
9155 485
9156 333
9157 857
9158 528
9159 54
9160 399
9161 198
9162 814
9163 746
9164 313
9165 523
9166 7
9167 233
9168 710
9169 988
9170 654
9171 162
9172 996
9173 252
9174 559
9175 112
9176 799
9177 703
9178 11
9179 710
9180 38
9181 446
9182 761
9183 326
9184 672
9185 791
9186 934
9187 599
9188 370
9189 822
9190 796
9191 334
9192 217
9193 217
9194 618
9195 240
9196 282
9197 16
9198 393
9199 160
9200 408
9201 729
9202 705
9203 215
9204 652
9205 907
9206 323
9207 921
9208 240
9209 945
9210 720
9211 589
9212 970
9213 485
9214 748
9215 748
9216 531
9217 639
9218 285
9219 215
9220 550
9221 530
9222 3
9223 476
9224 302
9225 853
9226 710
9227 148
9228 102
9229 16
9230 219
9231 27
9232 750
9233 287
9234 664
9235 678
9236 252
9237 680
9238 38
9239 234
9240 212
9241 884
9242 2
9243 493
9244 328
9245 718
9246 286
9247 926
9248 710
9249 315
9250 158
9251 778
9252 994
9253 705
9254 941
9255 539
9256 255
9257 207
9258 112
9259 842
9260 22
9261 840
9262 251
9263 277
9264 505
9265 273
9266 734
9267 372
9268 677
9269 122
9270 673
9271 686
9272 579
9273 535
9274 865
9275 865
9276 742
9277 772
9278 485
9279 488
9280 935
9281 410
9282 710
9283 271
9284 596
9285 144
9286 38
9287 598
9288 712
9289 925
9290 973
9291 286
9292 647
9293 271
9294 277
9295 684
9296 169
9297 652
9298 53
9299 709
9300 415
9301 429
9302 919
9303 485
9304 16
9305 292
9306 610
9307 633
9308 39
9309 710
9310 28
9311 27
9312 734
9313 515
9314 930
9315 835
9316 365
9317 146
9318 690
9319 595
9320 688
9321 280
9322 310
9323 29
9324 563
9325 232
9326 262
9327 103
9328 910
9329 633
9330 615
9331 849
9332 341
9333 192
9334 71
9335 468
9336 788
9337 517
9338 398
9339 145
9340 435
9341 16
9342 658
9343 801
9344 320
9345 715
9346 690
9347 919
9348 779
9349 132
9350 29
9351 603
9352 631
9353 399
9354 39
9355 303
9356 350
9357 863
9358 281
9359 280
9360 955
9361 490
9362 120
9363 8
9364 829
9365 402
9366 7
9367 593
9368 902
9369 8
9370 818
9371 32
9372 413
9373 444
9374 187
9375 772
9376 141
9377 816
9378 309
9379 683
9380 381
9381 931
9382 256
9383 267
9384 343
9385 71
9386 440
9387 263
9388 348
9389 228
9390 39
9391 371
9392 96
9393 363
9394 114
9395 895
9396 923
9397 769
9398 627
9399 154
9400 252
9401 61
9402 354
9403 650
9404 960
9405 765
9406 534
9407 483
9408 296
9409 734
9410 944
9411 292
9412 738
9413 397
9414 413
9415 679
9416 627
9417 242
9418 549
9419 280
9420 839
9421 841
9422 735
9423 302
9424 492
9425 907
9426 12
9427 943
9428 785
9429 328
9430 661
9431 310
9432 709
9433 501
9434 533
9435 464
9436 381
9437 408
9438 263
9439 995
9440 475
9441 933
9442 493
9443 716
9444 646
9445 184
9446 114
9447 301
9448 855
9449 722
9450 593
9451 623
9452 154
9453 171
9454 983
9455 30
9456 263
9457 205
9458 9
9459 424
9460 576
9461 889
9462 255
9463 850
9464 125
9465 894
9466 686
9467 326
9468 861
9469 39
9470 991
9471 59
9472 794
9473 614
9474 429
9475 678
9476 477
9477 149
9478 599
9479 248
9480 734
9481 216
9482 587
9483 294
9484 672
9485 57
9486 849
9487 601
9488 794
9489 865
9490 706
9491 65
9492 430
9493 788
9494 230
9495 644
9496 719
9497 946
9498 160
9499 187
9500 772
9501 863
9502 913
9503 359
9504 863
9505 29
9506 707
9507 778
9508 306
9509 697
9510 627
9511 293
9512 21
9513 638
9514 712
9515 990
9516 733
9517 149
9518 698
9519 863
9520 341
9521 842
9522 847
9523 6
9524 122
9525 301
9526 890
9527 564
9528 566
9529 883
9530 116
9531 447
9532 424
9533 840
9534 138
9535 112
9536 550
9537 912
9538 760
9539 950
9540 499
9541 859
9542 170
9543 121
9544 493
9545 845
9546 775
9547 21
9548 411
9549 352
9550 993
9551 941
9552 16
9553 793
9554 405
9555 622
9556 235
9557 6
9558 135
9559 298
9560 403
9561 500
9562 186
9563 380
9564 94
9565 587
9566 603
9567 562
9568 102
9569 734
9570 822
9571 564
9572 874
9573 917
9574 788
9575 326
9576 765
9577 819
9578 867
9579 778
9580 453
9581 480
9582 592
9583 771
9584 969
9585 547
9586 660
9587 590
9588 856
9589 217
9590 632
9591 385
9592 699
9593 803
9594 16
9595 758
9596 786
9597 20
9598 679
9599 374
9600 905
9601 1
9602 788
9603 739
9604 14
9605 356
9606 914
9607 67
9608 19
9609 209
9610 910
9611 489
9612 243
9613 902
9614 415
9615 276
9616 936
9617 323
9618 744
9619 192
9620 307
9621 61
9622 836
9623 748
9624 716
9625 540
9626 709
9627 281
9628 322
9629 799
9630 124
9631 201
9632 934
9633 781
9634 631
9635 114
9636 977
9637 82
9638 697
9639 883
9640 626
9641 479
9642 259
9643 901
9644 626
9645 788
9646 384
9647 257
9648 40
9649 491
9650 605
9651 649
9652 293
9653 754
9654 248
9655 628
9656 871
9657 688
9658 856
9659 311
9660 894
9661 10
9662 133
9663 43
9664 381
9665 5
9666 26
9667 736
9668 765
9669 731
9670 787
9671 57
9672 915
9673 706
9674 367
9675 199
9676 281
9677 961
9678 586
9679 269
9680 10
9681 816
9682 870
9683 376
9684 937
9685 0
9686 187
9687 875
9688 993
9689 333
9690 673
9691 835
9692 576
9693 982
9694 630
9695 483
9696 667
9697 566
9698 851
9699 394
9700 471
9701 467
9702 628
9703 677
9704 252
9705 461
9706 409
9707 114
9708 398
9709 912
9710 505
9711 412
9712 775
9713 536
9714 692
9715 407
9716 580
9717 681
9718 593
9719 481
9720 845
9721 312
9722 243
9723 261
9724 342
9725 48
9726 452
9727 379
9728 451
9729 561
9730 698
9731 61
9732 68
9733 986
9734 993
9735 781
9736 154
9737 168
9738 785
9739 220
9740 2
9741 102
9742 298
9743 877
9744 96
9745 69
9746 791
9747 289
9748 622
9749 315
9750 285
9751 20
9752 996
9753 749
9754 247
9755 600
9756 736
9757 349
9758 756
9759 757
9760 246
9761 242
9762 693
9763 469
9764 604
9765 698
9766 784
9767 847
9768 39
9769 566
9770 347
9771 311
9772 230
9773 867
9774 311
9775 495
9776 466
9777 573
9778 698
9779 87
9780 556
9781 935
9782 274
9783 198
9784 541
9785 448
9786 965
9787 685
9788 843
9789 27
9790 884
9791 339
9792 523
9793 742
9794 85
9795 628
9796 732
9797 162
9798 316
9799 765
9800 101
9801 597
9802 771
9803 191
9804 558
9805 467
9806 603
9807 969
9808 319
9809 388
9810 947
9811 76
9812 29
9813 448
9814 756
9815 643
9816 535
9817 84
9818 155
9819 779
9820 219
9821 248
9822 188
9823 391
9824 353
9825 698
9826 953
9827 947
9828 64
9829 940
9830 431
9831 947
9832 712
9833 540
9834 20
9835 775
9836 390
9837 464
9838 115
9839 134
9840 320
9841 151
9842 643
9843 279
9844 926
9845 947
9846 793
9847 26
9848 493
9849 517
9850 318
9851 762
9852 207
9853 584
9854 129
9855 538
9856 94
9857 616
9858 639
9859 20
9860 377
9861 559
9862 110
9863 121
9864 103
9865 156
9866 438
9867 630
9868 9
9869 583
9870 490
9871 294
9872 910
9873 628
9874 986
9875 771
9876 379
9877 124
9878 120
9879 874
9880 535
9881 711
9882 509
9883 315
9884 680
9885 656
9886 255
9887 390
9888 413
9889 114
9890 651
9891 602
9892 454
9893 273
9894 243
9895 577
9896 163
9897 496
9898 947
9899 39
9900 639
9901 595
9902 823
9903 412
9904 940
9905 866
9906 331
9907 75
9908 952
9909 267
9910 692
9911 54
9912 894
9913 947
9914 806
9915 643
9916 212
9917 943
9918 278
9919 956
9920 873
9921 797
9922 595
9923 843
9924 133
9925 302
9926 133
9927 504
9928 742
9929 102
9930 230
9931 275
9932 946
9933 320
9934 925
9935 163
9936 885
9937 946
9938 259
9939 879
9940 587
9941 347
9942 157
9943 702
9944 269
9945 0
9946 461
9947 754
9948 331
9949 168
9950 264
9951 673
9952 735
9953 243
9954 583
9955 311
9956 405
9957 391
9958 634
9959 266
9960 118
9961 146
9962 554
9963 780
9964 452
9965 528
9966 435
9967 625
9968 562
9969 755
9970 920
9971 289
9972 987
9973 460
9974 524
9975 146
9976 535
9977 840
9978 196
9979 323
9980 926
9981 473
9982 300
9983 338
9984 784
9985 630
9986 327
9987 899
9988 947
9989 200
9990 717
9991 180
9992 574
9993 857
9994 236
9995 276
9996 118
9997 404
9998 417
9999 699
