15000 842
15001 552
15002 471
15003 741
15004 918
15005 702
15006 853
15007 675
15008 268
15009 903
15010 141
15011 823
15012 885
15013 390
15014 601
15015 324
15016 636
15017 50
15018 960
15019 696
15020 310
15021 379
15022 450
15023 406
15024 549
15025 740
15026 574
15027 145
15028 22
15029 346
15030 25
15031 552
15032 248
15033 853
15034 900
15035 253
15036 78
15037 364
15038 500
15039 331
15040 853
15041 115
15042 821
15043 362
15044 754
15045 161
15046 861
15047 507
15048 710
15049 326
15050 221
15051 320
15052 803
15053 345
15054 256
15055 444
15056 530
15057 441
15058 329
15059 821
15060 72
15061 621
15062 675
15063 289
15064 11
15065 333
15066 647
15067 984
15068 214
15069 165
15070 460
15071 478
15072 506
15073 854
15074 561
15075 189
15076 450
15077 271
15078 819
15079 473
15080 129
15081 194
15082 202
15083 298
15084 435
15085 294
15086 656
15087 993
15088 515
15089 858
15090 888
15091 709
15092 739
15093 861
15094 640
15095 582
15096 620
15097 575
15098 618
15099 777
15100 461
15101 701
15102 309
15103 787
15104 953
15105 401
15106 963
15107 810
15108 403
15109 394
15110 689
15111 369
15112 129
15113 777
15114 699
15115 897
15116 131
15117 107
15118 615
15119 83
15120 23
15121 419
15122 697
15123 370
15124 69
15125 821
15126 232
15127 975
15128 17
15129 636
15130 711
15131 576
15132 133
15133 401
15134 640
15135 281
15136 137
15137 851
15138 156
15139 907
15140 435
15141 104
15142 924
15143 542
15144 517
15145 625
15146 630
15147 69
15148 726
15149 446
15150 734
15151 158
15152 943
15153 249
15154 470
15155 264
15156 396
15157 459
15158 482
15159 659
15160 159
15161 867
15162 458
15163 258
15164 538
15165 113
15166 354
15167 190
15168 844
15169 926
15170 850
15171 274
15172 937
15173 182
15174 738
15175 529
15176 275
15177 139
15178 935
15179 375
15180 667
15181 822
15182 113
15183 821
15184 439
15185 764
15186 882
15187 284
15188 951
15189 365
15190 904
15191 950
15192 604
15193 368
15194 934
15195 678
15196 5
15197 504
15198 861
15199 665
15200 548
15201 105
15202 2
15203 771
15204 777
15205 240
15206 634
15207 932
15208 691
15209 231
15210 617
15211 463
15212 193
15213 361
15214 103
15215 689
15216 504
15217 379
15218 695
15219 866
15220 71
15221 125
15222 180
15223 645
15224 241
15225 647
15226 785
15227 574
15228 396
15229 218
15230 696
15231 346
15232 573
15233 969
15234 65
15235 445
15236 876
15237 445
15238 496
15239 40
15240 156
15241 864
15242 723
15243 591
15244 393
15245 942
15246 31
15247 97
15248 81
15249 235
15250 455
15251 861
15252 569
15253 313
15254 123
15255 753
15256 694
15257 302
15258 553
15259 85
15260 156
15261 434
15262 521
15263 753
15264 506
15265 83
15266 128
15267 614
15268 691
15269 330
15270 155
15271 621
15272 332
15273 501
15274 413
15275 331
15276 590
15277 537
15278 252
15279 507
15280 341
15281 541
15282 884
15283 519
15284 905
15285 455
15286 940
15287 922
15288 895
15289 948
15290 269
15291 234
15292 765
15293 819
15294 223
15295 502
15296 668
15297 486
15298 943
15299 36
15300 792
15301 297
15302 43
15303 211
15304 829
15305 101
15306 851
15307 465
15308 201
15309 819
15310 357
15311 137
15312 323
15313 689
15314 904
15315 105
15316 224
15317 372
15318 467
15319 586
15320 103
15321 415
15322 51
15323 532
15324 117
15325 880
15326 559
15327 419
15328 578
15329 339
15330 388
15331 523
15332 414
15333 183
15334 714
15335 99
15336 861
15337 897
15338 205
15339 449
15340 868
15341 468
15342 139
15343 783
15344 190
15345 705
15346 47
15347 391
15348 737
15349 290
15350 725
15351 79
15352 858
15353 355
15354 509
15355 534
15356 903
15357 70
15358 41
15359 157
15360 409
15361 321
15362 58
15363 144
15364 957
15365 986
15366 654
15367 242
15368 834
15369 155
15370 36
15371 198
15372 498
15373 462
15374 895
15375 923
15376 539
15377 333
15378 300
15379 141
15380 268
15381 940
15382 288
15383 845
15384 426
15385 36
15386 162
15387 697
15388 565
15389 80
15390 678
15391 591
15392 206
15393 276
15394 777
15395 543
15396 747
15397 957
15398 575
15399 151
15400 733
15401 715
15402 557
15403 26
15404 476
15405 287
15406 216
15407 219
15408 684
15409 426
15410 819
15411 400
15412 516
15413 851
15414 226
15415 47
15416 664
15417 497
15418 451
15419 832
15420 869
15421 800
15422 31
15423 84
15424 144
15425 273
15426 787
15427 443
15428 36
15429 773
15430 903
15431 446
15432 285
15433 356
15434 830
15435 22
15436 394
15437 304
15438 368
15439 144
15440 608
15441 53
15442 30
15443 347
15444 177
15445 140
15446 372
15447 66
15448 93
15449 676
15450 168
15451 479
15452 741
15453 609
15454 575
15455 643
15456 899
15457 822
15458 694
15459 487
15460 839
15461 678
15462 556
15463 743
15464 795
15465 512
15466 790
15467 386
15468 961
15469 323
15470 619
15471 908
15472 156
15473 125
15474 222
15475 507
15476 263
15477 911
15478 886
15479 463
15480 302
15481 863
15482 100
15483 6
15484 37
15485 567
15486 838
15487 128
15488 92
15489 829
15490 128
15491 979
15492 187
15493 663
15494 231
15495 26
15496 274
15497 281
15498 588
15499 222
15500 503
15501 829
15502 829
15503 771
15504 329
15505 218
15506 246
15507 143
15508 795
15509 672
15510 23
15511 751
15512 241
15513 141
15514 533
15515 488
15516 341
15517 694
15518 658
15519 418
15520 908
15521 772
15522 542
15523 164
15524 4
15525 960
15526 708
15527 196
15528 746
15529 453
15530 182
15531 368
15532 60
15533 977
15534 553
15535 299
15536 610
15537 829
15538 126
15539 361
15540 5
15541 931
15542 79
15543 598
15544 183
15545 856
15546 334
15547 43
15548 131
15549 119
15550 312
15551 89
15552 475
15553 325
15554 247
15555 943
15556 571
15557 341
15558 175
15559 134
15560 860
15561 815
15562 113
15563 480
15564 887
15565 226
15566 881
15567 938
15568 581
15569 585
15570 890
15571 648
15572 629
15573 661
15574 980
15575 763
15576 550
15577 36
15578 401
15579 110
15580 675
15581 509
15582 5
15583 483
15584 337
15585 452
15586 233
15587 353
15588 199
15589 861
15590 489
15591 102
15592 167
15593 699
15594 830
15595 769
15596 495
15597 131
15598 183
15599 645
15600 680
15601 423
15602 141
15603 911
15604 302
15605 254
15606 104
15607 803
15608 72
15609 441
15610 785
15611 283
15612 429
15613 581
15614 582
15615 695
15616 183
15617 395
15618 362
15619 455
15620 220
15621 101
15622 712
15623 121
15624 674
15625 632
15626 295
15627 115
15628 404
15629 416
15630 939
15631 507
15632 561
15633 344
15634 420
15635 246
15636 201
15637 206
15638 258
15639 435
15640 73
15641 352
15642 793
15643 371
15644 423
15645 588
15646 361
15647 141
15648 735
15649 175
15650 527
15651 703
15652 23
15653 963
15654 472
15655 7
15656 556
15657 303
15658 800
15659 539
15660 283
15661 800
15662 575
15663 27
15664 838
15665 147
15666 604
15667 89
15668 260
15669 945
15670 885
15671 723
15672 222
15673 50
15674 510
15675 101
15676 652
15677 890
15678 125
15679 263
15680 740
15681 812
15682 370
15683 91
15684 70
15685 298
15686 975
15687 224
15688 891
15689 144
15690 624
15691 625
15692 187
15693 414
15694 199
15695 374
15696 840
15697 180
15698 407
15699 689
15700 221
15701 668
15702 950
15703 598
15704 452
15705 135
15706 532
15707 449
15708 84
15709 240
15710 374
15711 223
15712 216
15713 359
15714 189
15715 756
15716 586
15717 537
15718 943
15719 868
15720 216
15721 136
15722 208
15723 415
15724 636
15725 200
15726 972
15727 322
15728 273
15729 606
15730 316
15731 890
15732 687
15733 865
15734 25
15735 25
15736 928
15737 559
15738 275
15739 313
15740 689
15741 565
15742 43
15743 453
15744 263
15745 593
15746 58
15747 151
15748 934
15749 414
15750 800
15751 856
15752 425
15753 674
15754 23
15755 994
15756 608
15757 62
15758 260
15759 250
15760 13
15761 636
15762 50
15763 359
15764 1
15765 218
15766 963
15767 1
15768 771
15769 781
15770 218
15771 431
15772 486
15773 790
15774 45
15775 861
15776 680
15777 692
15778 548
15779 384
15780 913
15781 595
15782 351
15783 110
15784 631
15785 0
15786 785
15787 463
15788 497
15789 963
15790 575
15791 449
15792 517
15793 630
15794 337
15795 450
15796 629
15797 406
15798 470
15799 950
15800 939
15801 680
15802 115
15803 50
15804 914
15805 23
15806 577
15807 544
15808 300
15809 851
15810 707
15811 633
15812 737
15813 538
15814 575
15815 711
15816 854
15817 321
15818 575
15819 23
15820 262
15821 674
15822 411
15823 919
15824 579
15825 252
15826 752
15827 400
15828 25
15829 612
15830 620
15831 48
15832 720
15833 297
15834 271
15835 199
15836 104
15837 120
15838 286
15839 661
15840 439
15841 745
15842 926
15843 625
15844 157
15845 288
15846 210
15847 248
15848 608
15849 434
15850 419
15851 151
15852 158
15853 958
15854 111
15855 483
15856 318
15857 798
15858 566
15859 467
15860 394
15861 10
15862 151
15863 674
15864 287
15865 764
15866 225
15867 358
15868 7
15869 127
15870 545
15871 885
15872 494
15873 770
15874 217
15875 66
15876 862
15877 879
15878 315
15879 235
15880 237
15881 76
15882 181
15883 387
15884 660
15885 111
15886 383
15887 263
15888 938
15889 222
15890 101
15891 831
15892 345
15893 883
15894 127
15895 18
15896 171
15897 599
15898 513
15899 746
15900 458
15901 901
15902 796
15903 30
15904 391
15905 247
15906 7
15907 964
15908 861
15909 532
15910 833
15911 656
15912 177
15913 632
15914 701
15915 995
15916 625
15917 757
15918 305
15919 115
15920 148
15921 734
15922 341
15923 272
15924 15
15925 946
15926 647
15927 102
15928 901
15929 562
15930 995
15931 36
15932 440
15933 242
15934 306
15935 995
15936 222
15937 964
15938 800
15939 428
15940 736
15941 490
15942 231
15943 645
15944 389
15945 304
15946 504
15947 468
15948 895
15949 553
15950 823
15951 93
15952 285
15953 689
15954 946
15955 17
15956 770
15957 724
15958 77
15959 406
15960 995
15961 516
15962 729
15963 348
15964 910
15965 504
15966 487
15967 901
15968 59
15969 656
15970 557
15971 923
15972 789
15973 104
15974 567
15975 336
15976 380
15977 780
15978 679
15979 595
15980 552
15981 917
15982 164
15983 277
15984 702
15985 943
15986 604
15987 633
15988 89
15989 118
15990 352
15991 413
15992 160
15993 30
15994 229
15995 0
15996 801
15997 411
15998 679
15999 342
16000 850
16001 713
16002 728
16003 140
16004 442
16005 588
16006 358
16007 501
16008 13
16009 731
16010 770
16011 885
16012 728
16013 238
16014 964
16015 316
16016 375
16017 200
16018 761
16019 510
16020 536
16021 41
16022 493
16023 470
16024 85
16025 17
16026 629
16027 862
16028 632
16029 298
16030 632
16031 51
16032 377
16033 777
16034 474
16035 59
16036 58
16037 235
16038 317
16039 593
16040 395
16041 769
16042 479
16043 995
16044 692
16045 886
16046 47
16047 365
16048 605
16049 167
16050 789
16051 25
16052 879
16053 704
16054 768
16055 377
16056 820
16057 566
16058 183
16059 190
16060 825
16061 884
16062 540
16063 332
16064 281
16065 672
16066 805
16067 455
16068 409
16069 303
16070 856
16071 244
16072 664
16073 272
16074 799
16075 362
16076 580
16077 253
16078 290
16079 407
16080 904
16081 63
16082 240
16083 216
16084 748
16085 329
16086 32
16087 115
16088 872
16089 159
16090 451
16091 326
16092 133
16093 87
16094 109
16095 216
16096 862
16097 857
16098 301
16099 713
16100 81
16101 890
16102 10
16103 539
16104 736
16105 862
16106 870
16107 483
16108 179
16109 861
16110 856
16111 910
16112 375
16113 642
16114 732
16115 609
16116 247
16117 64
16118 460
16119 536
16120 995
16121 843
16122 11
16123 459
16124 265
16125 185
16126 115
16127 618
16128 386
16129 789
16130 507
16131 167
16132 411
16133 340
16134 637
16135 503
16136 544
16137 36
16138 241
16139 11
16140 521
16141 807
16142 919
16143 494
16144 30
16145 919
16146 577
16147 713
16148 431
16149 49
16150 879
16151 244
16152 160
16153 177
16154 462
16155 40
16156 260
16157 251
16158 684
16159 773
16160 754
16161 496
16162 600
16163 855
16164 680
16165 605
16166 996
16167 88
16168 605
16169 510
16170 81
16171 465
16172 759
16173 17
16174 242
16175 508
16176 211
16177 827
16178 885
16179 445
16180 759
16181 650
16182 530
16183 124
16184 842
16185 865
16186 813
16187 128
16188 620
16189 800
16190 373
16191 463
16192 696
16193 505
16194 175
16195 656
16196 624
16197 125
16198 37
16199 985
16200 70
16201 605
16202 685
16203 106
16204 532
16205 637
16206 331
16207 732
16208 104
16209 465
16210 428
16211 164
16212 707
16213 322
16214 752
16215 789
16216 580
16217 945
16218 414
16219 495
16220 534
16221 768
16222 598
16223 356
16224 494
16225 412
16226 864
16227 800
16228 933
16229 416
16230 70
16231 825
16232 951
16233 590
16234 729
16235 723
16236 80
16237 617
16238 489
16239 512
16240 650
16241 547
16242 878
16243 357
16244 339
16245 974
16246 638
16247 678
16248 272
16249 89
16250 716
16251 806
16252 109
16253 135
16254 597
16255 370
16256 178
16257 99
16258 584
16259 936
16260 294
16261 10
16262 682
16263 897
16264 798
16265 884
16266 445
16267 353
16268 633
16269 187
16270 830
16271 468
16272 713
16273 334
16274 894
16275 746
16276 19
16277 718
16278 854
16279 103
16280 595
16281 412
16282 263
16283 219
16284 735
16285 624
16286 288
16287 341
16288 450
16289 560
16290 729
16291 70
16292 20
16293 123
16294 778
16295 786
16296 312
16297 54
16298 630
16299 703
16300 464
16301 831
16302 805
16303 428
16304 216
16305 161
16306 134
16307 185
16308 796
16309 950
16310 47
16311 907
16312 72
16313 277
16314 78
16315 854
16316 922
16317 473
16318 99
16319 422
16320 203
16321 554
16322 37
16323 37
16324 458
16325 276
16326 463
16327 539
16328 618
16329 344
16330 809
16331 844
16332 232
16333 661
16334 386
16335 724
16336 565
16337 16
16338 806
16339 116
16340 465
16341 854
16342 224
16343 325
16344 930
16345 653
16346 741
16347 340
16348 687
16349 110
16350 379
16351 36
16352 555
16353 123
16354 410
16355 579
16356 876
16357 307
16358 976
16359 720
16360 631
16361 365
16362 386
16363 796
16364 474
16365 166
16366 235
16367 728
16368 398
16369 37
16370 271
16371 31
16372 954
16373 656
16374 668
16375 492
16376 362
16377 816
16378 559
16379 432
16380 12
16381 309
16382 37
16383 233
16384 110
16385 883
16386 59
16387 496
16388 739
16389 17
16390 550
16391 46
16392 619
16393 469
16394 644
16395 495
16396 711
16397 693
16398 179
16399 13
16400 50
16401 279
16402 257
16403 736
16404 506
16405 830
16406 256
16407 680
16408 922
16409 367
16410 70
16411 561
16412 657
16413 957
16414 717
16415 102
16416 211
16417 458
16418 380
16419 339
16420 508
16421 695
16422 130
16423 629
16424 701
16425 188
16426 266
16427 216
16428 91
16429 562
16430 178
16431 350
16432 197
16433 647
16434 250
16435 15
16436 830
16437 463
16438 503
16439 373
16440 236
16441 653
16442 682
16443 191
16444 624
16445 185
16446 983
16447 336
16448 219
16449 174
16450 105
16451 361
16452 149
16453 77
16454 159
16455 134
16456 840
16457 0
16458 789
16459 189
16460 575
16461 948
16462 66
16463 180
16464 261
16465 378
16466 136
16467 547
16468 432
16469 6
16470 496
16471 96
16472 307
16473 724
16474 872
16475 183
16476 765
16477 298
16478 12
16479 582
16480 346
16481 952
16482 431
16483 583
16484 49
16485 180
16486 4
16487 803
16488 83
16489 476
16490 803
16491 904
16492 299
16493 599
16494 854
16495 854
16496 937
16497 531
16498 180
16499 839
16500 104
16501 623
16502 330
16503 268
16504 3
16505 14
16506 173
16507 321
16508 316
16509 581
16510 680
16511 789
16512 243
16513 145
16514 618
16515 561
16516 401
16517 406
16518 770
16519 952
16520 839
16521 637
16522 507
16523 375
16524 560
16525 658
16526 88
16527 500
16528 403
16529 158
16530 742
16531 701
16532 680
16533 679
16534 181
16535 284
16536 311
16537 532
16538 62
16539 800
16540 107
16541 659
16542 731
16543 434
16544 60
16545 643
16546 625
16547 85
16548 687
16549 17
16550 872
16551 486
16552 924
16553 244
16554 633
16555 376
16556 506
16557 366
16558 871
16559 223
16560 525
16561 174
16562 178
16563 105
16564 417
16565 744
16566 682
16567 155
16568 582
16569 682
16570 277
16571 922
16572 636
16573 745
16574 204
16575 235
16576 751
16577 461
16578 810
16579 42
16580 146
16581 642
16582 414
16583 305
16584 384
16585 800
16586 841
16587 475
16588 848
16589 724
16590 907
16591 577
16592 805
16593 731
16594 292
16595 955
16596 824
16597 506
16598 850
16599 724
16600 309
16601 409
16602 175
16603 188
16604 702
16605 619
16606 283
16607 682
16608 280
16609 917
16610 216
16611 784
16612 976
16613 447
16614 676
16615 847
16616 256
16617 393
16618 283
16619 736
16620 889
16621 404
16622 431
16623 528
16624 993
16625 802
16626 181
16627 911
16628 580
16629 139
16630 192
16631 129
16632 780
16633 685
16634 575
16635 218
16636 187
16637 271
16638 584
16639 527
16640 386
16641 686
16642 369
16643 516
16644 500
16645 842
16646 884
16647 912
16648 505
16649 9
16650 544
16651 126
16652 935
16653 539
16654 659
16655 889
16656 9
16657 893
16658 511
16659 422
16660 361
16661 144
16662 95
16663 913
16664 287
16665 803
16666 808
16667 873
16668 423
16669 985
16670 724
16671 632
16672 427
16673 658
16674 89
16675 554
16676 247
16677 326
16678 915
16679 946
16680 45
16681 794
16682 730
16683 382
16684 555
16685 321
16686 118
16687 406
16688 705
16689 66
16690 977
16691 218
16692 348
16693 456
16694 482
16695 549
16696 382
16697 113
16698 244
16699 180
16700 228
16701 44
16702 647
16703 444
16704 899
16705 539
16706 436
16707 150
16708 415
16709 888
16710 376
16711 185
16712 215
16713 680
16714 657
16715 811
16716 175
16717 521
16718 506
16719 708
16720 833
16721 308
16722 512
16723 878
16724 633
16725 803
16726 240
16727 377
16728 882
16729 37
16730 806
16731 322
16732 37
16733 821
16734 376
16735 83
16736 536
16737 508
16738 727
16739 225
16740 258
16741 794
16742 120
16743 962
16744 260
16745 916
16746 769
16747 9
16748 924
16749 369
16750 296
16751 925
16752 396
16753 873
16754 320
16755 808
16756 987
16757 373
16758 198
16759 284
16760 418
16761 413
16762 637
16763 690
16764 491
16765 366
16766 904
16767 911
16768 798
16769 549
16770 81
16771 305
16772 896
16773 244
16774 236
16775 636
16776 573
16777 991
16778 833
16779 357
16780 789
16781 717
16782 423
16783 138
16784 469
16785 521
16786 812
16787 66
16788 452
16789 754
16790 699
16791 926
16792 893
16793 941
16794 106
16795 516
16796 865
16797 854
16798 295
16799 89
16800 714
16801 833
16802 306
16803 179
16804 7
16805 812
16806 440
16807 567
16808 148
16809 282
16810 172
16811 155
16812 930
16813 88
16814 564
16815 680
16816 270
16817 303
16818 711
16819 289
16820 400
16821 344
16822 303
16823 812
16824 247
16825 642
16826 880
16827 797
16828 393
16829 83
16830 715
16831 113
16832 867
16833 452
16834 379
16835 261
16836 540
16837 381
16838 920
16839 283
16840 102
16841 778
16842 337
16843 37
16844 766
16845 582
16846 291
16847 622
16848 790
16849 293
16850 465
16851 994
16852 287
16853 141
16854 92
16855 122
16856 54
16857 88
16858 521
16859 515
16860 706
16861 561
16862 637
16863 219
16864 247
16865 333
16866 351
16867 625
16868 340
16869 37
16870 701
16871 878
16872 340
16873 440
16874 911
16875 911
16876 778
16877 507
16878 419
16879 70
16880 552
16881 130
16882 249
16883 198
16884 182
16885 578
16886 506
16887 893
16888 226
16889 517
16890 54
16891 961
16892 59
16893 670
16894 639
16895 460
16896 812
16897 201
16898 101
16899 287
16900 209
16901 650
16902 382
16903 911
16904 548
16905 237
16906 262
16907 951
16908 60
16909 265
16910 724
16911 825
16912 908
16913 294
16914 984
16915 634
16916 849
16917 587
16918 602
16919 869
16920 190
16921 794
16922 345
16923 195
16924 88
16925 169
16926 820
16927 749
16928 235
16929 311
16930 575
16931 689
16932 844
16933 345
16934 271
16935 794
16936 707
16937 794
16938 264
16939 94
16940 957
16941 141
16942 340
16943 167
16944 366
16945 724
16946 746
16947 285
16948 544
16949 694
16950 37
16951 534
16952 419
16953 850
16954 783
16955 534
16956 869
16957 31
16958 3
16959 918
16960 45
16961 250
16962 648
16963 283
16964 636
16965 205
16966 364
16967 346
16968 924
16969 25
16970 464
16971 444
16972 570
16973 392
16974 201
16975 356
16976 402
16977 910
16978 453
16979 602
16980 659
16981 863
16982 227
16983 615
16984 825
16985 275
16986 735
16987 117
16988 427
16989 208
16990 933
16991 153
16992 530
16993 31
16994 351
16995 206
16996 485
16997 166
16998 597
16999 225
17000 412
17001 322
17002 575
17003 157
17004 525
17005 227
17006 91
17007 513
17008 654
17009 937
17010 372
17011 492
17012 795
17013 558
17014 667
17015 92
17016 557
17017 915
17018 276
17019 692
17020 462
17021 23
17022 327
17023 471
17024 854
17025 66
17026 62
17027 297
17028 370
17029 91
17030 789
17031 724
17032 760
17033 794
17034 575
17035 430
17036 0
17037 879
17038 944
17039 315
17040 848
17041 187
17042 607
17043 786
17044 303
17045 942
17046 359
17047 409
17048 936
17049 218
17050 336
17051 689
17052 522
17053 846
17054 151
17055 640
17056 139
17057 376
17058 716
17059 804
17060 193
17061 47
17062 509
17063 930
17064 200
17065 129
17066 386
17067 555
17068 141
17069 858
17070 498
17071 724
17072 892
17073 921
17074 439
17075 553
17076 326
17077 892
17078 45
17079 832
17080 2
17081 194
17082 952
17083 759
17084 313
17085 963
17086 765
17087 260
17088 428
17089 553
17090 396
17091 455
17092 254
17093 500
17094 905
17095 825
17096 655
17097 670
17098 502
17099 937
17100 120
17101 988
17102 221
17103 881
17104 594
17105 544
17106 107
17107 745
17108 344
17109 940
17110 694
17111 145
17112 243
17113 937
17114 55
17115 149
17116 133
17117 516
17118 303
17119 638
17120 444
17121 832
17122 549
17123 107
17124 333
17125 892
17126 502
17127 109
17128 180
17129 590
17130 51
17131 611
17132 309
17133 627
17134 113
17135 553
17136 114
17137 372
17138 158
17139 542
17140 964
17141 218
17142 436
17143 536
17144 89
17145 794
17146 337
17147 375
17148 17
17149 171
17150 381
17151 85
17152 913
17153 695
17154 853
17155 994
17156 734
17157 58
17158 249
17159 155
17160 777
17161 133
17162 54
17163 346
17164 447
17165 410
17166 639
17167 713
17168 261
17169 165
17170 979
17171 786
17172 591
17173 159
17174 538
17175 597
17176 146
17177 85
17178 951
17179 363
17180 168
17181 636
17182 474
17183 550
17184 166
17185 467
17186 743
17187 655
17188 417
17189 422
17190 963
17191 979
17192 882
17193 395
17194 153
17195 943
17196 249
17197 598
17198 594
17199 248
17200 798
17201 335
17202 761
17203 727
17204 521
17205 698
17206 322
17207 188
17208 937
17209 173
17210 951
17211 206
17212 857
17213 883
17214 390
17215 927
17216 576
17217 676
17218 401
17219 472
17220 899
17221 850
17222 629
17223 835
17224 663
17225 367
17226 938
17227 792
17228 216
17229 639
17230 477
17231 963
17232 431
17233 580
17234 161
17235 751
17236 494
17237 15
17238 678
17239 518
17240 552
17241 97
17242 265
17243 148
17244 766
17245 963
17246 968
17247 785
17248 932
17249 236
17250 380
17251 617
17252 913
17253 491
17254 323
17255 601
17256 361
17257 636
17258 885
17259 45
17260 538
17261 566
17262 143
17263 727
17264 241
17265 772
17266 141
17267 314
17268 241
17269 822
17270 164
17271 355
17272 668
17273 931
17274 963
17275 109
17276 746
17277 485
17278 24
17279 434
17280 111
17281 534
17282 357
17283 794
17284 257
17285 430
17286 370
17287 873
17288 166
17289 862
17290 103
17291 284
17292 670
17293 510
17294 896
17295 897
17296 523
17297 492
17298 797
17299 425
17300 52
17301 349
17302 619
17303 985
17304 837
17305 278
17306 336
17307 24
17308 590
17309 668
17310 311
17311 700
17312 873
17313 770
17314 17
17315 78
17316 319
17317 838
17318 734
17319 830
17320 794
17321 513
17322 85
17323 280
17324 941
17325 903
17326 37
17327 656
17328 425
17329 668
17330 497
17331 734
17332 701
17333 717
17334 884
17335 757
17336 816
17337 644
17338 458
17339 206
17340 403
17341 249
17342 109
17343 236
17344 84
17345 108
17346 37
17347 622
17348 40
17349 597
17350 557
17351 908
17352 759
17353 592
17354 507
17355 815
17356 326
17357 334
17358 199
17359 770
17360 554
17361 704
17362 459
17363 416
17364 850
17365 89
17366 974
17367 559
17368 581
17369 748
17370 253
17371 391
17372 640
17373 347
17374 220
17375 0
17376 752
17377 236
17378 972
17379 500
17380 512
17381 774
17382 731
17383 609
17384 727
17385 491
17386 983
17387 436
17388 99
17389 678
17390 929
17391 607
17392 884
17393 519
17394 852
17395 461
17396 797
17397 119
17398 914
17399 141
17400 963
17401 709
17402 334
17403 794
17404 511
17405 769
17406 83
17407 860
17408 530
17409 740
17410 285
17411 544
17412 125
17413 458
17414 365
17415 268
17416 591
17417 395
17418 135
17419 261
17420 9
17421 131
17422 64
17423 408
17424 101
17425 698
17426 534
17427 940
17428 226
17429 670
17430 404
17431 96
17432 722
17433 988
17434 619
17435 611
17436 639
17437 241
17438 309
17439 781
17440 450
17441 298
17442 183
17443 410
17444 434
17445 310
17446 200
17447 330
17448 303
17449 161
17450 576
17451 283
17452 909
17453 220
17454 760
17455 801
17456 438
17457 141
17458 344
17459 669
17460 912
17461 295
17462 414
17463 774
17464 670
17465 17
17466 252
17467 965
17468 216
17469 670
17470 10
17471 816
17472 596
17473 633
17474 237
17475 127
17476 116
17477 731
17478 459
17479 901
17480 85
17481 615
17482 536
17483 241
17484 203
17485 368
17486 424
17487 349
17488 231
17489 816
17490 183
17491 612
17492 438
17493 147
17494 383
17495 659
17496 851
17497 764
17498 579
17499 977
17500 556
17501 348
17502 378
17503 260
17504 797
17505 829
17506 219
17507 477
17508 453
17509 540
17510 764
17511 795
17512 556
17513 286
17514 727
17515 524
17516 927
17517 937
17518 929
17519 213
17520 779
17521 665
17522 356
17523 619
17524 391
17525 102
17526 835
17527 668
17528 908
17529 654
17530 797
17531 503
17532 765
17533 40
17534 7
17535 529
17536 364
17537 945
17538 950
17539 378
17540 531
17541 285
17542 797
17543 632
17544 812
17545 532
17546 241
17547 751
17548 468
17549 349
17550 503
17551 826
17552 874
17553 797
17554 325
17555 23
17556 428
17557 425
17558 857
17559 983
17560 797
17561 669
17562 715
17563 938
17564 315
17565 831
17566 695
17567 439
17568 528
17569 386
17570 714
17571 264
17572 215
17573 962
17574 386
17575 997
17576 494
17577 460
17578 434
17579 650
17580 609
17581 702
17582 323
17583 564
17584 639
17585 205
17586 109
17587 745
17588 624
17589 413
17590 40
17591 295
17592 896
17593 986
17594 375
17595 978
17596 300
17597 796
17598 287
17599 48
17600 175
17601 314
17602 429
17603 128
17604 419
17605 32
17606 871
17607 61
17608 456
17609 281
17610 153
17611 343
17612 466
17613 7
17614 464
17615 564
17616 770
17617 23
17618 74
17619 581
17620 725
17621 178
17622 608
17623 345
17624 91
17625 699
17626 449
17627 203
17628 900
17629 251
17630 932
17631 320
17632 11
17633 557
17634 553
17635 812
17636 777
17637 937
17638 871
17639 866
17640 251
17641 471
17642 609
17643 657
17644 810
17645 816
17646 71
17647 271
17648 547
17649 677
17650 443
17651 399
17652 635
17653 557
17654 646
17655 2
17656 129
17657 401
17658 887
17659 328
17660 878
17661 387
17662 396
17663 429
17664 897
17665 976
17666 225
17667 797
17668 209
17669 697
17670 773
17671 321
17672 386
17673 504
17674 58
17675 895
17676 359
17677 257
17678 481
17679 486
17680 867
17681 457
17682 285
17683 764
17684 864
17685 797
17686 128
17687 659
17688 616
17689 880
17690 368
17691 566
17692 727
17693 11
17694 625
17695 501
17696 502
17697 262
17698 900
17699 195
17700 100
17701 356
17702 532
17703 993
17704 525
17705 466
17706 126
17707 561
17708 624
17709 702
17710 4
17711 928
17712 918
17713 790
17714 467
17715 10
17716 464
17717 933
17718 878
17719 186
17720 670
17721 225
17722 286
17723 797
17724 822
17725 621
17726 846
17727 687
17728 724
17729 280
17730 712
17731 851
17732 813
17733 410
17734 812
17735 417
17736 93
17737 842
17738 512
17739 439
17740 442
17741 150
17742 124
17743 41
17744 19
17745 368
17746 661
17747 752
17748 642
17749 958
17750 353
17751 669
17752 73
17753 767
17754 922
17755 267
17756 579
17757 710
17758 458
17759 861
17760 817
17761 859
17762 64
17763 836
17764 588
17765 560
17766 333
17767 301
17768 365
17769 815
17770 616
17771 878
17772 749
17773 515
17774 327
17775 98
17776 729
17777 524
17778 475
17779 359
17780 751
17781 815
17782 360
17783 116
17784 741
17785 133
17786 588
17787 489
17788 739
17789 805
17790 802
17791 724
17792 578
17793 9
17794 41
17795 633
17796 773
17797 152
17798 759
17799 515
17800 25
17801 552
17802 837
17803 351
17804 85
17805 759
17806 422
17807 620
17808 240
17809 869
17810 201
17811 948
17812 53
17813 404
17814 905
17815 864
17816 286
17817 23
17818 157
17819 629
17820 650
17821 600
17822 522
17823 978
17824 102
17825 268
17826 397
17827 97
17828 326
17829 281
17830 510
17831 3
17832 578
17833 468
17834 525
17835 793
17836 271
17837 174
17838 874
17839 581
17840 103
17841 329
17842 0
17843 106
17844 903
17845 458
17846 882
17847 170
17848 669
17849 790
17850 451
17851 215
17852 613
17853 333
17854 333
17855 342
17856 384
17857 113
17858 696
17859 55
17860 83
17861 574
17862 813
17863 561
17864 472
17865 71
17866 234
17867 388
17868 136
17869 431
17870 458
17871 394
17872 944
17873 773
17874 911
17875 108
17876 218
17877 74
17878 141
17879 125
17880 903
17881 394
17882 10
17883 447
17884 389
17885 768
17886 619
17887 577
17888 385
17889 449
17890 12
17891 486
17892 812
17893 581
17894 884
17895 944
17896 55
17897 557
17898 330
17899 719
17900 297
17901 359
17902 336
17903 639
17904 376
17905 257
17906 880
17907 982
17908 396
17909 66
17910 111
17911 210
17912 705
17913 401
17914 15
17915 45
17916 608
17917 58
17918 166
17919 500
17920 136
17921 900
17922 140
17923 391
17924 803
17925 500
17926 291
17927 79
17928 648
17929 564
17930 562
17931 196
17932 462
17933 465
17934 900
17935 45
17936 912
17937 497
17938 666
17939 307
17940 512
17941 811
17942 818
17943 969
17944 55
17945 886
17946 408
17947 97
17948 942
17949 172
17950 169
17951 350
17952 670
17953 912
17954 731
17955 586
17956 258
17957 947
17958 185
17959 433
17960 326
17961 164
17962 3
17963 623
17964 110
17965 743
17966 389
17967 445
17968 789
17969 910
17970 256
17971 93
17972 355
17973 808
17974 352
17975 466
17976 830
17977 400
17978 205
17979 172
17980 52
17981 843
17982 891
17983 668
17984 839
17985 211
17986 32
17987 548
17988 846
17989 32
17990 293
17991 524
17992 948
17993 210
17994 910
17995 985
17996 691
17997 250
17998 685
17999 637
18000 148
18001 818
18002 169
18003 672
18004 931
18005 92
18006 313
18007 713
18008 932
18009 430
18010 714
18011 757
18012 516
18013 893
18014 633
18015 172
18016 976
18017 216
18018 235
18019 494
18020 812
18021 70
18022 550
18023 262
18024 11
18025 126
18026 330
18027 461
18028 306
18029 155
18030 875
18031 556
18032 236
18033 664
18034 941
18035 332
18036 152
18037 297
18038 727
18039 914
18040 818
18041 47
18042 864
18043 901
18044 268
18045 968
18046 722
18047 606
18048 668
18049 670
18050 32
18051 272
18052 518
18053 26
18054 229
18055 177
18056 307
18057 955
18058 321
18059 494
18060 343
18061 229
18062 329
18063 961
18064 543
18065 601
18066 945
18067 513
18068 337
18069 927
18070 344
18071 518
18072 355
18073 650
18074 826
18075 314
18076 249
18077 556
18078 737
18079 813
18080 75
18081 243
18082 222
18083 987
18084 924
18085 237
18086 416
18087 170
18088 272
18089 395
18090 304
18091 684
18092 331
18093 340
18094 120
18095 638
18096 253
18097 748
18098 680
18099 390
18100 716
18101 863
18102 139
18103 85
18104 678
18105 648
18106 441
18107 238
18108 413
18109 811
18110 757
18111 300
18112 292
18113 288
18114 573
18115 103
18116 808
18117 614
18118 570
18119 381
18120 563
18121 895
18122 798
18123 445
18124 167
18125 741
18126 677
18127 320
18128 777
18129 438
18130 251
18131 827
18132 158
18133 146
18134 369
18135 650
18136 27
18137 773
18138 878
18139 884
18140 799
18141 361
18142 331
18143 268
18144 641
18145 711
18146 229
18147 235
18148 37
18149 532
18150 980
18151 550
18152 756
18153 985
18154 676
18155 750
18156 830
18157 996
18158 979
18159 840
18160 792
18161 625
18162 962
18163 808
18164 623
18165 381
18166 469
18167 495
18168 222
18169 849
18170 518
18171 921
18172 875
18173 847
18174 57
18175 561
18176 37
18177 795
18178 234
18179 852
18180 5
18181 437
18182 838
18183 182
18184 836
18185 369
18186 125
18187 319
18188 250
18189 250
18190 0
18191 433
18192 564
18193 692
18194 766
18195 409
18196 583
18197 779
18198 67
18199 543
18200 441
18201 870
18202 181
18203 979
18204 283
18205 688
18206 512
18207 350
18208 428
18209 751
18210 797
18211 367
18212 282
18213 211
18214 418
18215 126
18216 595
18217 505
18218 836
18219 461
18220 886
18221 130
18222 31
18223 331
18224 255
18225 229
18226 156
18227 164
18228 326
18229 685
18230 413
18231 185
18232 394
18233 45
18234 796
18235 547
18236 565
18237 7
18238 26
18239 227
18240 133
18241 506
18242 582
18243 870
18244 185
18245 130
18246 81
18247 245
18248 886
18249 183
18250 528
18251 940
18252 768
18253 896
18254 466
18255 342
18256 116
18257 687
18258 571
18259 975
18260 224
18261 636
18262 130
18263 67
18264 501
18265 519
18266 641
18267 498
18268 306
18269 958
18270 772
18271 570
18272 600
18273 840
18274 206
18275 760
18276 123
18277 777
18278 547
18279 560
18280 92
18281 769
18282 286
18283 178
18284 691
18285 521
18286 66
18287 238
18288 315
18289 617
18290 258
18291 492
18292 341
18293 206
18294 358
18295 124
18296 856
18297 769
18298 672
18299 169
18300 422
18301 525
18302 256
18303 31
18304 92
18305 908
18306 522
18307 361
18308 586
18309 15
18310 89
18311 560
18312 387
18313 631
18314 799
18315 296
18316 988
18317 296
18318 364
18319 213
18320 808
18321 158
18322 652
18323 736
18324 359
18325 550
18326 47
18327 625
18328 138
18329 365
18330 939
18331 414
18332 272
18333 278
18334 81
18335 590
18336 895
18337 780
18338 608
18339 924
18340 587
18341 79
18342 270
18343 439
18344 85
18345 166
18346 749
18347 205
18348 854
18349 447
18350 231
18351 383
18352 770
18353 328
18354 712
18355 37
18356 334
18357 895
18358 558
18359 196
18360 447
18361 264
18362 167
18363 87
18364 198
18365 524
18366 927
18367 553
18368 293
18369 759
18370 895
18371 311
18372 750
18373 817
18374 719
18375 14
18376 809
18377 703
18378 915
18379 723
18380 910
18381 614
18382 754
18383 88
18384 337
18385 402
18386 564
18387 137
18388 214
18389 687
18390 655
18391 713
18392 116
18393 525
18394 246
18395 579
18396 224
18397 847
18398 456
18399 854
18400 501
18401 286
18402 577
18403 636
18404 95
18405 617
18406 106
18407 55
18408 421
18409 408
18410 670
18411 188
18412 746
18413 277
18414 590
18415 343
18416 78
18417 744
18418 653
18419 61
18420 880
18421 928
18422 941
18423 820
18424 945
18425 762
18426 897
18427 483
18428 900
18429 592
18430 0
18431 325
18432 534
18433 170
18434 585
18435 198
18436 518
18437 840
18438 617
18439 27
18440 220
18441 831
18442 770
18443 633
18444 853
18445 293
18446 23
18447 840
18448 408
18449 849
18450 663
18451 542
18452 32
18453 380
18454 153
18455 439
18456 841
18457 213
18458 93
18459 627
18460 746
18461 670
18462 920
18463 510
18464 687
18465 411
18466 389
18467 517
18468 334
18469 994
18470 584
18471 328
18472 997
18473 851
18474 576
18475 811
18476 424
18477 665
18478 64
18479 772
18480 168
18481 811
18482 920
18483 552
18484 172
18485 133
18486 229
18487 361
18488 191
18489 186
18490 849
18491 272
18492 283
18493 210
18494 977
18495 659
18496 724
18497 412
18498 504
18499 383
18500 45
18501 293
18502 442
18503 286
18504 786
18505 645
18506 37
18507 493
18508 756
18509 158
18510 52
18511 584
18512 915
18513 895
18514 846
18515 503
18516 779
18517 344
18518 81
18519 670
18520 623
18521 817
18522 529
18523 85
18524 849
18525 931
18526 358
18527 430
18528 774
18529 400
18530 258
18531 637
18532 882
18533 605
18534 560
18535 744
18536 670
18537 845
18538 424
18539 982
18540 555
18541 97
18542 977
18543 699
18544 404
18545 414
18546 560
18547 445
18548 248
18549 53
18550 915
18551 622
18552 337
18553 945
18554 37
18555 426
18556 976
18557 125
18558 640
18559 862
18560 569
18561 166
18562 304
18563 125
18564 258
18565 236
18566 202
18567 352
18568 517
18569 123
18570 547
18571 878
18572 455
18573 723
18574 904
18575 500
18576 602
18577 243
18578 202
18579 353
18580 540
18581 109
18582 25
18583 633
18584 496
18585 849
18586 654
18587 685
18588 37
18589 254
18590 118
18591 290
18592 415
18593 95
18594 412
18595 911
18596 471
18597 192
18598 884
18599 94
18600 185
18601 889
18602 667
18603 177
18604 365
18605 627
18606 357
18607 418
18608 784
18609 219
18610 96
18611 334
18612 477
18613 37
18614 135
18615 357
18616 429
18617 832
18618 130
18619 312
18620 392
18621 76
18622 875
18623 234
18624 765
18625 369
18626 872
18627 757
18628 3
18629 299
18630 316
18631 518
18632 174
18633 613
18634 17
18635 527
18636 506
18637 733
18638 563
18639 179
18640 292
18641 315
18642 298
18643 601
18644 650
18645 147
18646 405
18647 382
18648 750
18649 556
18650 484
18651 610
18652 289
18653 547
18654 694
18655 106
18656 148
18657 509
18658 387
18659 501
18660 3
18661 268
18662 197
18663 521
18664 118
18665 840
18666 322
18667 45
18668 684
18669 602
18670 494
18671 633
18672 746
18673 371
18674 846
18675 473
18676 71
18677 120
18678 175
18679 443
18680 732
18681 375
18682 503
18683 719
18684 459
18685 330
18686 172
18687 75
18688 22
18689 664
18690 105
18691 226
18692 936
18693 452
18694 74
18695 560
18696 254
18697 899
18698 161
18699 117
18700 848
18701 945
18702 699
18703 179
18704 87
18705 793
18706 206
18707 539
18708 931
18709 915
18710 704
18711 253
18712 400
18713 997
18714 333
18715 160
18716 414
18717 619
18718 619
18719 483
18720 898
18721 234
18722 570
18723 637
18724 918
18725 669
18726 496
18727 897
18728 266
18729 807
18730 951
18731 754
18732 914
18733 359
18734 652
18735 314
18736 433
18737 639
18738 88
18739 94
18740 169
18741 222
18742 951
18743 349
18744 383
18745 189
18746 898
18747 150
18748 295
18749 95
18750 364
18751 898
18752 235
18753 874
18754 47
18755 659
18756 832
18757 580
18758 809
18759 216
18760 246
18761 688
18762 203
18763 45
18764 471
18765 971
18766 3
18767 544
18768 536
18769 646
18770 77
18771 3
18772 206
18773 768
18774 578
18775 791
18776 206
18777 797
18778 847
18779 614
18780 491
18781 226
18782 772
18783 47
18784 155
18785 447
18786 544
18787 798
18788 271
18789 368
18790 77
18791 340
18792 956
18793 768
18794 275
18795 471
18796 136
18797 678
18798 130
18799 996
18800 737
18801 469
18802 316
18803 492
18804 123
18805 832
18806 45
18807 637
18808 228
18809 922
18810 175
18811 909
18812 395
18813 129
18814 49
18815 402
18816 79
18817 698
18818 471
18819 521
18820 482
18821 437
18822 310
18823 532
18824 744
18825 52
18826 898
18827 891
18828 292
18829 578
18830 510
18831 864
18832 898
18833 643
18834 942
18835 804
18836 226
18837 928
18838 613
18839 618
18840 661
18841 471
18842 531
18843 766
18844 165
18845 40
18846 342
18847 332
18848 821
18849 450
18850 472
18851 381
18852 803
18853 564
18854 887
18855 578
18856 313
18857 110
18858 627
18859 957
18860 951
18861 964
18862 537
18863 631
18864 884
18865 219
18866 58
18867 695
18868 620
18869 270
18870 439
18871 827
18872 423
18873 47
18874 709
18875 115
18876 393
18877 724
18878 887
18879 332
18880 116
18881 286
18882 879
18883 903
18884 617
18885 392
18886 191
18887 650
18888 524
18889 532
18890 891
18891 791
18892 335
18893 945
18894 27
18895 139
18896 695
18897 772
18898 631
18899 324
18900 57
18901 962
18902 887
18903 285
18904 229
18905 663
18906 557
18907 201
18908 74
18909 481
18910 14
18911 144
18912 670
18913 214
18914 773
18915 373
18916 381
18917 440
18918 416
18919 803
18920 24
18921 237
18922 977
18923 406
18924 731
18925 898
18926 871
18927 31
18928 80
18929 108
18930 670
18931 193
18932 76
18933 600
18934 2
18935 950
18936 777
18937 467
18938 440
18939 107
18940 494
18941 177
18942 88
18943 781
18944 601
18945 343
18946 573
18947 300
18948 877
18949 903
18950 764
18951 58
18952 622
18953 894
18954 24
18955 859
18956 91
18957 515
18958 291
18959 695
18960 388
18961 913
18962 267
18963 121
18964 825
18965 193
18966 750
18967 524
18968 578
18969 333
18970 67
18971 37
18972 775
18973 455
18974 654
18975 260
18976 308
18977 822
18978 368
18979 298
18980 988
18981 509
18982 899
18983 213
18984 245
18985 441
18986 803
18987 592
18988 689
18989 415
18990 898
18991 547
18992 510
18993 887
18994 512
18995 920
18996 20
18997 613
18998 932
18999 221
19000 808
19001 106
19002 262
19003 282
19004 15
19005 839
19006 923
19007 595
19008 216
19009 658
19010 852
19011 835
19012 757
19013 979
19014 657
19015 402
19016 700
19017 923
19018 354
19019 648
19020 250
19021 534
19022 425
19023 115
19024 501
19025 864
19026 141
19027 620
19028 633
19029 711
19030 634
19031 994
19032 986
19033 578
19034 495
19035 704
19036 948
19037 2
19038 444
19039 948
19040 262
19041 532
19042 2
19043 262
19044 666
19045 292
19046 762
19047 310
19048 174
19049 94
19050 539
19051 993
19052 732
19053 109
19054 556
19055 769
19056 147
19057 141
19058 344
19059 982
19060 700
19061 472
19062 62
19063 849
19064 306
19065 652
19066 832
19067 670
19068 595
19069 811
19070 267
19071 253
19072 428
19073 855
19074 567
19075 17
19076 130
19077 215
19078 894
19079 432
19080 602
19081 107
19082 440
19083 14
19084 869
19085 305
19086 352
19087 774
19088 650
19089 538
19090 842
19091 436
19092 308
19093 493
19094 190
19095 23
19096 514
19097 782
19098 514
19099 730
19100 874
19101 909
19102 128
19103 344
19104 795
19105 667
19106 386
19107 783
19108 707
19109 136
19110 482
19111 44
19112 496
19113 222
19114 505
19115 832
19116 915
19117 500
19118 105
19119 418
19120 277
19121 184
19122 66
19123 556
19124 629
19125 598
19126 642
19127 140
19128 434
19129 182
19130 986
19131 317
19132 791
19133 406
19134 841
19135 876
19136 5
19137 648
19138 644
19139 796
19140 91
19141 406
19142 634
19143 372
19144 282
19145 458
19146 366
19147 284
19148 117
19149 85
19150 973
19151 606
19152 956
19153 763
19154 44
19155 80
19156 606
19157 69
19158 200
19159 115
19160 182
19161 548
19162 436
19163 313
19164 153
19165 357
19166 902
19167 666
19168 180
19169 877
19170 78
19171 83
19172 95
19173 316
19174 202
19175 233
19176 405
19177 509
19178 144
19179 882
19180 740
19181 62
19182 588
19183 812
19184 585
19185 883
19186 629
19187 646
19188 452
19189 294
19190 165
19191 766
19192 307
19193 791
19194 432
19195 766
19196 305
19197 42
19198 270
19199 290
19200 31
19201 505
19202 582
19203 632
19204 666
19205 890
19206 997
19207 791
19208 14
19209 174
19210 321
19211 210
19212 538
19213 563
19214 102
19215 644
19216 401
19217 248
19218 942
19219 871
19220 57
19221 700
19222 888
19223 119
19224 191
19225 513
19226 362
19227 44
19228 13
19229 374
19230 253
19231 941
19232 670
19233 422
19234 879
19235 806
19236 805
19237 517
19238 680
19239 44
19240 501
19241 975
19242 910
19243 579
19244 985
19245 834
19246 791
19247 348
19248 652
19249 340
19250 583
19251 619
19252 199
19253 689
19254 145
19255 481
19256 885
19257 777
19258 815
19259 667
19260 254
19261 641
19262 789
19263 368
19264 393
19265 52
19266 367
19267 737
19268 585
19269 159
19270 659
19271 900
19272 236
19273 147
19274 44
19275 948
19276 164
19277 451
19278 578
19279 625
19280 614
19281 286
19282 878
19283 727
19284 513
19285 84
19286 204
19287 653
19288 438
19289 654
19290 584
19291 698
19292 804
19293 997
19294 478
19295 173
19296 738
19297 600
19298 997
19299 67
19300 175
19301 223
19302 155
19303 144
19304 821
19305 393
19306 957
19307 291
19308 865
19309 386
19310 62
19311 278
19312 948
19313 367
19314 264
19315 487
19316 923
19317 663
19318 169
19319 314
19320 708
19321 569
19322 702
19323 621
19324 666
19325 883
19326 166
19327 802
19328 886
19329 948
19330 66
19331 948
19332 93
19333 213
19334 402
19335 226
19336 624
19337 149
19338 23
19339 679
19340 62
19341 734
19342 203
19343 773
19344 382
19345 64
19346 169
19347 456
19348 325
19349 198
19350 947
19351 354
19352 861
19353 666
19354 324
19355 813
19356 637
19357 617
19358 928
19359 913
19360 197
19361 559
19362 24
19363 4
19364 79
19365 446
19366 863
19367 55
19368 380
19369 360
19370 238
19371 178
19372 602
19373 859
19374 336
19375 477
19376 736
19377 7
19378 485
19379 825
19380 912
19381 411
19382 592
19383 719
19384 605
19385 761
19386 309
19387 443
19388 669
19389 547
19390 669
19391 689
19392 840
19393 365
19394 708
19395 93
19396 299
19397 925
19398 799
19399 56
19400 547
19401 636
19402 978
19403 857
19404 455
19405 336
19406 560
19407 102
19408 981
19409 937
19410 777
19411 907
19412 928
19413 136
19414 17
19415 109
19416 192
19417 323
19418 792
19419 578
19420 49
19421 120
19422 85
19423 152
19424 681
19425 395
19426 601
19427 712
19428 197
19429 218
19430 253
19431 66
19432 96
19433 670
19434 939
19435 153
19436 917
19437 190
19438 188
19439 448
19440 880
19441 333
19442 187
19443 699
19444 398
19445 498
19446 608
19447 339
19448 731
19449 727
19450 914
19451 763
19452 376
19453 881
19454 347
19455 589
19456 805
19457 129
19458 419
19459 814
19460 449
19461 795
19462 487
19463 518
19464 120
19465 222
19466 761
19467 729
19468 311
19469 928
19470 30
19471 2
19472 581
19473 858
19474 148
19475 347
19476 243
19477 236
19478 400
19479 460
19480 227
19481 858
19482 705
19483 209
19484 773
19485 144
19486 913
19487 143
19488 486
19489 953
19490 44
19491 101
19492 757
19493 539
19494 712
19495 832
19496 499
19497 333
19498 222
19499 622
19500 229
19501 395
19502 229
19503 492
19504 301
19505 755
19506 625
19507 44
19508 923
19509 245
19510 450
19511 403
19512 332
19513 53
19514 344
19515 392
19516 198
19517 428
19518 570
19519 580
19520 913
19521 451
19522 383
19523 223
19524 958
19525 773
19526 835
19527 258
19528 905
19529 233
19530 734
19531 346
19532 149
19533 843
19534 842
19535 512
19536 614
19537 455
19538 874
19539 735
19540 502
19541 777
19542 81
19543 126
19544 31
19545 70
19546 706
19547 703
19548 880
19549 615
19550 509
19551 497
19552 319
19553 686
19554 190
19555 519
19556 444
19557 325
19558 70
19559 609
19560 93
19561 293
19562 157
19563 566
19564 307
19565 514
19566 777
19567 960
19568 361
19569 209
19570 758
19571 624
19572 441
19573 173
19574 881
19575 514
19576 210
19577 669
19578 890
19579 777
19580 898
19581 350
19582 368
19583 438
19584 525
19585 428
19586 525
19587 598
19588 667
19589 768
19590 212
19591 32
19592 629
19593 318
19594 93
19595 110
19596 570
19597 205
19598 954
19599 670
19600 644
19601 625
19602 446
19603 904
19604 77
19605 478
19606 394
19607 877
19608 272
19609 518
19610 44
19611 66
19612 866
19613 594
19614 971
19615 593
19616 713
19617 492
19618 300
19619 612
19620 293
19621 799
19622 712
19623 694
19624 592
19625 499
19626 689
19627 62
19628 10
19629 670
19630 799
19631 85
19632 424
19633 842
19634 463
19635 447
19636 570
19637 676
19638 782
19639 795
19640 666
19641 372
19642 777
19643 631
19644 563
19645 815
19646 185
19647 619
19648 954
19649 73
19650 666
19651 135
19652 957
19653 795
19654 466
19655 559
19656 500
19657 262
19658 143
19659 212
19660 879
19661 189
19662 139
19663 197
19664 825
19665 238
19666 312
19667 420
19668 648
19669 879
19670 321
19671 902
19672 118
19673 737
19674 918
19675 945
19676 574
19677 605
19678 399
19679 160
19680 709
19681 841
19682 171
19683 81
19684 646
19685 143
19686 968
19687 328
19688 260
19689 129
19690 127
19691 454
19692 829
19693 374
19694 67
19695 779
19696 539
19697 461
19698 343
19699 120
19700 696
19701 786
19702 798
19703 80
19704 792
19705 865
19706 56
19707 772
19708 423
19709 314
19710 24
19711 551
19712 17
19713 593
19714 651
19715 75
19716 622
19717 879
19718 401
19719 262
19720 479
19721 170
19722 817
19723 45
19724 70
19725 91
19726 418
19727 951
19728 335
19729 724
19730 322
19731 7
19732 514
19733 973
19734 84
19735 256
19736 51
19737 525
19738 615
19739 138
19740 87
19741 542
19742 654
19743 882
19744 809
19745 629
19746 799
19747 105
19748 850
19749 552
19750 315
19751 444
19752 473
19753 713
19754 221
19755 352
19756 81
19757 600
19758 453
19759 210
19760 195
19761 959
19762 59
19763 752
19764 115
19765 607
19766 145
19767 532
19768 348
19769 985
19770 782
19771 364
19772 994
19773 62
19774 782
19775 343
19776 290
19777 914
19778 268
19779 358
19780 340
19781 534
19782 782
19783 477
19784 568
19785 753
19786 561
19787 148
19788 871
19789 460
19790 799
19791 208
19792 360
19793 859
19794 629
19795 666
19796 160
19797 270
19798 570
19799 241
19800 193
19801 799
19802 534
19803 469
19804 293
19805 749
19806 105
19807 800
19808 379
19809 871
19810 879
19811 386
19812 735
19813 3
19814 354
19815 947
19816 988
19817 66
19818 814
19819 343
19820 980
19821 501
19822 799
19823 211
19824 951
19825 816
19826 799
19827 658
19828 467
19829 438
19830 629
19831 553
19832 155
19833 358
19834 297
19835 178
19836 817
19837 740
19838 605
19839 192
19840 955
19841 484
19842 428
19843 827
19844 484
19845 676
19846 214
19847 731
19848 604
19849 604
19850 181
19851 387
19852 549
19853 256
19854 615
19855 172
19856 99
19857 657
19858 44
19859 494
19860 160
19861 758
19862 270
19863 616
19864 774
19865 381
19866 237
19867 731
19868 781
19869 596
19870 530
19871 203
19872 538
19873 502
19874 742
19875 792
19876 157
19877 540
19878 895
19879 484
19880 432
19881 324
19882 611
19883 71
19884 712
19885 198
19886 32
19887 668
19888 865
19889 209
19890 590
19891 473
19892 341
19893 31
19894 252
19895 775
19896 768
19897 105
19898 718
19899 78
19900 811
19901 31
19902 539
19903 792
19904 496
19905 611
19906 692
19907 462
19908 231
19909 101
19910 432
19911 764
19912 10
19913 66
19914 253
19915 978
19916 530
19917 753
19918 277
19919 447
19920 866
19921 354
19922 611
19923 254
19924 179
19925 549
19926 31
19927 954
19928 237
19929 141
19930 308
19931 525
19932 514
19933 666
19934 667
19935 366
19936 455
19937 335
19938 267
19939 484
19940 701
19941 486
19942 942
19943 942
19944 942
19945 581
19946 666
19947 386
19948 155
19949 236
19950 443
19951 606
19952 260
19953 701
19954 40
19955 141
19956 265
19957 582
19958 336
19959 11
19960 648
19961 139
19962 916
19963 221
19964 567
19965 81
19966 942
19967 155
19968 432
19969 105
19970 515
19971 800
19972 971
19973 666
19974 668
19975 310
19976 884
19977 831
19978 146
19979 741
19980 368
19981 668
19982 525
19983 135
19984 237
19985 994
19986 404
19987 716
19988 532
19989 164
19990 867
19991 478
19992 101
19993 668
19994 477
19995 208
19996 994
19997 13
19998 258
19999 143
20000 938
20001 773
20002 84
20003 49
20004 94
20005 78
20006 643
20007 707
20008 372
20009 41
20010 816
20011 752
20012 823
20013 548
20014 731
20015 84
20016 753
20017 184
20018 386
20019 561
20020 73
20021 994
20022 490
20023 349
20024 712
20025 933
20026 167
20027 620
20028 55
20029 909
20030 958
20031 468
20032 340
20033 592
20034 67
20035 785
20036 502
20037 668
20038 191
20039 64
20040 706
20041 521
20042 174
20043 862
20044 254
20045 374
20046 344
20047 838
20048 666
20049 754
20050 455
20051 801
20052 641
20053 741
20054 779
20055 756
20056 359
20057 429
20058 57
20059 697
20060 534
20061 925
20062 367
20063 666
20064 48
20065 167
20066 101
20067 830
20068 131
20069 866
20070 981
20071 804
20072 993
20073 285
20074 579
20075 449
20076 553
20077 696
20078 782
20079 318
20080 151
20081 782
20082 321
20083 252
20084 849
20085 608
20086 454
20087 748
20088 449
20089 53
20090 729
20091 786
20092 632
20093 383
20094 409
20095 31
20096 894
20097 619
20098 133
20099 324
20100 227
20101 569
20102 79
20103 420
20104 911
20105 782
20106 848
20107 266
20108 135
20109 846
20110 113
20111 544
20112 796
20113 746
20114 409
20115 961
20116 872
20117 556
20118 200
20119 78
20120 300
20121 368
20122 774
20123 329
20124 516
20125 911
20126 927
20127 866
20128 846
20129 44
20130 689
20131 737
20132 813
20133 228
20134 140
20135 834
20136 356
20137 340
20138 981
20139 866
20140 378
20141 70
20142 6
20143 57
20144 435
20145 434
20146 475
20147 960
20148 633
20149 325
20150 237
20151 451
20152 644
20153 149
20154 531
20155 870
20156 856
20157 284
20158 960
20159 233
20160 244
20161 122
20162 710
20163 976
20164 516
20165 305
20166 2
20167 228
20168 661
20169 846
20170 780
20171 7
20172 764
20173 564
20174 497
20175 987
20176 689
20177 738
20178 793
20179 57
20180 139
20181 588
20182 613
20183 186
20184 270
20185 426
20186 107
20187 729
20188 905
20189 67
20190 146
20191 14
20192 704
20193 573
20194 328
20195 14
20196 116
20197 811
20198 429
20199 834
20200 44
20201 951
20202 529
20203 305
20204 383
20205 769
20206 785
20207 426
20208 43
20209 71
20210 714
20211 659
20212 951
20213 208
20214 848
20215 475
20216 621
20217 631
20218 156
20219 716
20220 72
20221 455
20222 111
20223 502
20224 129
20225 618
20226 254
20227 124
20228 613
20229 295
20230 448
20231 363
20232 124
