5000 90
5001 77
5002 58
5003 11
5004 7
5005 79
5006 10
5007 61
5008 70
5009 3
5010 8
5011 62
5012 42
5013 86
5014 82
5015 48
5016 67
5017 60
5018 75
5019 23
5020 11
5021 61
5022 72
5023 73
5024 43
5025 32
5026 65
5027 14
5028 88
5029 0
5030 88
5031 72
5032 18
5033 60
5034 75
5035 80
5036 66
5037 65
5038 28
5039 95
5040 40
5041 65
5042 80
5043 63
5044 20
5045 94
5046 39
5047 62
5048 70
5049 19
5050 82
5051 50
5052 30
5053 23
5054 40
5055 4
5056 88
5057 49
5058 60
5059 92
5060 83
5061 15
5062 57
5063 53
5064 16
5065 16
5066 48
5067 31
5068 34
5069 42
5070 29
5071 99
5072 86
5073 1
5074 93
5075 84
5076 30
5077 28
5078 10
5079 1
5080 16
5081 93
5082 32
5083 46
5084 83
5085 20
5086 92
5087 32
5088 75
5089 5
5090 17
5091 27
5092 19
5093 12
5094 17
5095 37
5096 92
5097 1
5098 58
5099 57
5100 66
5101 95
5102 8
5103 48
5104 51
5105 20
5106 83
5107 82
5108 85
5109 41
5110 88
5111 24
5112 43
5113 11
5114 63
5115 52
5116 14
5117 2
5118 44
5119 83
5120 76
5121 94
5122 92
5123 45
5124 47
5125 45
5126 32
5127 72
5128 21
5129 90
5130 0
5131 85
5132 7
5133 7
5134 94
5135 55
5136 23
5137 47
5138 18
5139 78
5140 78
5141 73
5142 91
5143 47
5144 38
5145 93
5146 46
5147 42
5148 15
5149 58
5150 63
5151 80
5152 90
5153 26
5154 61
5155 3
5156 36
5157 79
5158 36
5159 56
5160 23
5161 87
5162 2
5163 78
5164 76
5165 28
5166 52
5167 10
5168 71
5169 70
5170 51
5171 2
5172 66
5173 61
5174 11
5175 15
5176 33
5177 8
5178 59
5179 0
5180 94
5181 50
5182 4
5183 57
5184 54
5185 34
5186 78
5187 82
5188 8
5189 68
5190 20
5191 50
5192 63
5193 48
5194 23
5195 47
5196 80
5197 30
5198 37
5199 48
5200 52
5201 39
5202 26
5203 70
5204 73
5205 31
5206 62
5207 95
5208 67
5209 50
5210 96
5211 67
5212 33
5213 68
5214 53
5215 11
5216 21
5217 26
5218 95
5219 34
5220 63
5221 39
5222 15
5223 77
5224 91
5225 24
5226 39
5227 54
5228 44
5229 1
5230 69
5231 49
5232 69
5233 56
5234 36
5235 70
5236 58
5237 31
5238 44
5239 21
5240 4
5241 46
5242 77
5243 70
5244 68
5245 93
5246 18
5247 32
5248 9
5249 9
5250 85
5251 43
5252 65
5253 27
5254 80
5255 35
5256 77
5257 91
5258 86
5259 1
5260 54
5261 76
5262 71
5263 35
5264 80
5265 32
5266 95
5267 27
5268 60
5269 17
5270 0
5271 63
5272 9
5273 2
5274 42
5275 80
5276 11
5277 94
5278 2
5279 23
5280 47
5281 27
5282 44
5283 89
5284 35
5285 58
5286 29
5287 41
5288 48
5289 46
5290 62
5291 98
5292 70
5293 87
5294 36
5295 83
5296 82
5297 9
5298 56
5299 83
5300 30
5301 0
5302 67
5303 50
5304 29
5305 16
5306 35
5307 36
5308 15
5309 71
5310 42
5311 1
5312 33
5313 4
5314 63
5315 54
5316 47
5317 54
5318 23
5319 97
5320 26
5321 23
5322 10
5323 16
5324 56
5325 31
5326 4
5327 76
5328 33
5329 98
5330 68
5331 90
5332 35
5333 61
5334 60
5335 91
5336 93
5337 88
5338 17
5339 98
5340 97
5341 48
5342 58
5343 5
5344 76
5345 73
5346 36
5347 92
5348 84
5349 40
5350 48
5351 49
5352 60
5353 39
5354 94
5355 48
5356 92
5357 38
5358 10
5359 94
5360 37
5361 73
5362 47
5363 27
5364 86
5365 83
5366 93
5367 44
5368 54
5369 38
5370 14
5371 40
5372 19
5373 77
5374 87
5375 6
5376 30
5377 11
5378 36
5379 52
5380 44
5381 32
5382 45
5383 85
5384 5
5385 64
5386 69
5387 63
5388 11
5389 39
5390 9
5391 10
5392 45
5393 41
5394 39
5395 70
5396 81
5397 16
5398 88
5399 11
5400 6
5401 43
5402 19
5403 82
5404 9
5405 80
5406 64
5407 17
5408 59
5409 68
5410 7
5411 64
5412 50
5413 17
5414 67
5415 89
5416 54
5417 62
5418 75
5419 18
5420 73
5421 71
5422 61
5423 56
5424 0
5425 6
5426 29
5427 78
5428 16
5429 40
5430 84
5431 74
5432 9
5433 60
5434 89
5435 26
5436 63
5437 64
5438 8
5439 52
5440 15
5441 5
5442 17
5443 67
5444 20
5445 0
5446 55
5447 60
5448 60
5449 34
5450 69
5451 22
5452 73
5453 38
5454 63
5455 99
5456 75
5457 58
5458 40
5459 88
5460 17
5461 18
5462 32
5463 65
5464 9
5465 60
5466 31
5467 46
5468 59
5469 47
5470 34
5471 39
5472 43
5473 41
5474 38
5475 0
5476 77
5477 45
5478 18
5479 70
5480 63
5481 77
5482 53
5483 90
5484 40
5485 9
5486 46
5487 13
5488 85
5489 4
5490 91
5491 22
5492 78
5493 47
5494 80
5495 39
5496 87
5497 87
5498 17
5499 84
5500 16
5501 23
5502 10
5503 63
5504 78
5505 6
5506 52
5507 94
5508 82
5509 78
5510 94
5511 44
5512 51
5513 22
5514 38
5515 61
5516 32
5517 87
5518 20
5519 12
5520 54
5521 20
5522 90
5523 39
5524 37
5525 87
5526 17
5527 78
5528 47
5529 86
5530 91
5531 34
5532 53
5533 70
5534 53
5535 38
5536 22
5537 37
5538 13
5539 93
5540 85
5541 45
5542 65
5543 12
5544 93
5545 8
5546 74
5547 11
5548 61
5549 49
5550 10
5551 66
5552 74
5553 23
5554 77
5555 45
5556 16
5557 24
5558 1
5559 3
5560 17
5561 77
5562 86
5563 96
5564 95
5565 5
5566 7
5567 29
5568 3
5569 80
5570 84
5571 76
5572 62
5573 76
5574 29
5575 50
5576 73
5577 18
5578 69
5579 28
5580 76
5581 21
5582 6
5583 14
5584 79
5585 28
5586 67
5587 85
5588 11
5589 1
5590 52
5591 86
5592 57
5593 77
5594 6
5595 66
5596 54
5597 36
5598 36
5599 86
5600 33
5601 85
5602 35
5603 84
5604 65
5605 2
5606 4
5607 32
5608 60
5609 76
5610 55
5611 16
5612 50
5613 45
5614 62
5615 52
5616 79
5617 51
5618 58
5619 93
5620 49
5621 59
5622 2
5623 25
5624 50
5625 40
5626 90
5627 67
5628 98
5629 76
5630 71
5631 50
5632 32
5633 5
5634 58
5635 47
5636 67
5637 51
5638 14
5639 91
5640 40
5641 12
5642 14
5643 87
5644 46
5645 99
5646 36
5647 64
5648 91
5649 15
5650 16
5651 31
5652 11
5653 59
5654 35
5655 4
5656 76
5657 68
5658 66
5659 30
5660 15
5661 73
5662 33
5663 74
5664 75
5665 44
5666 39
5667 28
5668 14
5669 1
5670 40
5671 30
5672 38
5673 70
5674 67
5675 53
5676 5
5677 69
5678 41
5679 75
5680 18
5681 83
5682 15
5683 62
5684 23
5685 67
5686 82
5687 42
5688 97
5689 35
5690 16
5691 67
5692 10
5693 20
5694 76
5695 51
5696 92
5697 16
5698 41
5699 93
5700 40
5701 24
5702 36
5703 52
5704 91
5705 74
5706 10
5707 48
5708 16
5709 93
5710 94
5711 40
5712 39
5713 81
5714 62
5715 20
5716 69
5717 62
5718 96
5719 38
5720 27
5721 76
5722 87
5723 86
5724 67
5725 54
5726 4
5727 69
5728 3
5729 5
5730 60
5731 74
5732 69
5733 11
5734 60
5735 69
5736 99
5737 67
5738 38
5739 83
5740 48
5741 48
5742 83
5743 85
5744 64
5745 59
5746 90
5747 48
5748 37
5749 75
5750 54
5751 44
5752 17
5753 33
5754 64
5755 79
5756 49
5757 80
5758 90
5759 75
5760 7
5761 49
5762 90
5763 82
5764 19
5765 89
5766 62
5767 12
5768 90
5769 5
5770 9
5771 19
5772 87
5773 45
5774 22
5775 39
5776 27
5777 25
5778 71
5779 97
5780 26
5781 68
5782 31
5783 0
5784 96
5785 23
5786 26
5787 46
5788 94
5789 18
5790 32
5791 20
5792 74
5793 69
5794 65
5795 94
5796 45
5797 67
5798 53
5799 39
5800 84
5801 84
5802 87
5803 44
5804 48
5805 57
5806 68
5807 75
5808 0
5809 95
5810 64
5811 15
5812 28
5813 40
5814 52
5815 69
5816 73
5817 15
5818 30
5819 33
5820 11
5821 22
5822 64
5823 11
5824 27
5825 39
5826 66
5827 98
5828 99
5829 29
5830 62
5831 27
5832 15
5833 57
5834 75
5835 41
5836 1
5837 63
5838 91
5839 55
5840 66
5841 15
5842 34
5843 12
5844 0
5845 13
5846 42
5847 56
5848 86
5849 39
5850 8
5851 22
5852 40
5853 37
5854 47
5855 1
5856 20
5857 37
5858 16
5859 88
5860 47
5861 54
5862 97
5863 30
5864 79
5865 37
5866 67
5867 55
5868 66
5869 80
5870 69
5871 11
5872 33
5873 48
5874 69
5875 78
5876 7
5877 30
5878 23
5879 23
5880 78
5881 6
5882 44
5883 30
5884 8
5885 69
5886 10
5887 82
5888 26
5889 39
5890 1
5891 27
5892 61
5893 90
5894 70
5895 66
5896 75
5897 31
5898 81
5899 43
5900 54
5901 98
5902 23
5903 15
5904 36
5905 39
5906 88
5907 59
5908 51
5909 45
5910 77
5911 95
5912 74
5913 37
5914 17
5915 24
5916 58
5917 8
5918 40
5919 32
5920 85
5921 43
5922 11
5923 82
5924 2
5925 62
5926 63
5927 93
5928 54
5929 40
5930 2
5931 87
5932 22
5933 41
5934 97
5935 74
5936 4
5937 1
5938 64
5939 35
5940 57
5941 51
5942 76
5943 64
5944 55
5945 4
5946 43
5947 79
5948 32
5949 0
5950 74
5951 85
5952 93
5953 46
5954 95
5955 27
5956 80
5957 89
5958 85
5959 62
5960 44
5961 13
5962 87
5963 97
5964 39
5965 5
5966 85
5967 15
5968 5
5969 96
5970 25
5971 27
5972 33
5973 7
5974 5
5975 3
5976 31
5977 29
5978 66
5979 1
5980 77
5981 27
5982 35
5983 27
5984 37
5985 64
5986 47
5987 36
5988 49
5989 59
5990 62
5991 45
5992 66
5993 10
5994 91
5995 21
5996 85
5997 52
5998 89
5999 86
6000 25
6001 82
6002 17
6003 29
6004 94
6005 87
6006 39
6007 51
6008 71
6009 46
6010 4
6011 16
6012 85
6013 14
6014 49
6015 74
6016 52
6017 52
6018 79
6019 5
6020 29
6021 68
6022 33
6023 41
6024 36
6025 11
6026 89
6027 47
6028 79
6029 65
6030 90
6031 88
6032 78
6033 17
6034 82
6035 33
6036 3
6037 86
6038 81
6039 61
6040 36
6041 60
6042 86
6043 38
6044 41
6045 17
6046 40
6047 93
6048 31
6049 31
6050 45
6051 55
6052 61
6053 14
6054 51
6055 71
6056 40
6057 71
6058 39
6059 67
6060 56
6061 8
6062 13
6063 53
6064 7
6065 54
6066 27
6067 69
6068 0
6069 2
6070 70
6071 20
6072 7
6073 63
6074 52
6075 60
6076 99
6077 39
6078 42
6079 84
6080 84
6081 83
6082 47
6083 31
6084 26
6085 15
6086 45
6087 60
6088 5
6089 63
6090 97
6091 39
6092 61
6093 2
6094 32
6095 27
6096 56
6097 41
6098 31
6099 49
6100 91
6101 20
6102 55
6103 93
6104 42
6105 53
6106 25
6107 24
6108 18
6109 58
6110 79
6111 33
6112 83
6113 67
6114 64
6115 61
6116 90
6117 1
6118 53
6119 1
6120 61
6121 2
6122 97
6123 66
6124 88
6125 15
6126 73
6127 64
6128 64
6129 8
6130 74
6131 80
6132 3
6133 58
6134 76
6135 53
6136 87
6137 65
6138 87
6139 58
6140 18
6141 36
6142 54
6143 61
6144 29
6145 90
6146 47
6147 18
6148 25
6149 33
6150 64
6151 34
6152 26
6153 6
6154 12
6155 63
6156 93
6157 52
6158 30
6159 7
6160 0
6161 82
6162 94
6163 56
6164 52
6165 4
6166 55
6167 59
6168 37
6169 95
6170 73
6171 9
6172 56
6173 82
6174 1
6175 39
6176 48
6177 4
6178 85
6179 45
6180 53
6181 76
6182 73
6183 5
6184 32
6185 49
6186 13
6187 42
6188 47
6189 90
6190 47
6191 7
6192 93
6193 99
6194 63
6195 63
6196 76
6197 93
6198 9
6199 37
6200 20
6201 72
6202 78
6203 75
6204 38
6205 49
6206 70
6207 12
6208 94
6209 20
6210 20
6211 98
6212 49
6213 50
6214 28
6215 98
6216 99
6217 56
6218 99
6219 69
6220 39
6221 90
6222 32
6223 9
6224 22
6225 31
6226 67
6227 83
6228 96
6229 28
6230 79
6231 88
6232 70
6233 9
6234 78
6235 89
6236 14
6237 27
6238 99
6239 11
6240 49
6241 55
6242 31
6243 95
6244 38
6245 22
6246 13
6247 35
6248 86
6249 88
6250 25
6251 69
6252 47
6253 96
6254 29
6255 46
6256 75
6257 1
6258 31
6259 6
6260 10
6261 59
6262 43
6263 50
6264 34
6265 91
6266 38
6267 94
6268 93
6269 47
6270 39
6271 16
6272 11
6273 56
6274 83
6275 46
6276 81
6277 16
6278 51
6279 81
6280 6
6281 22
6282 25
6283 42
6284 7
6285 36
6286 16
6287 36
6288 84
6289 59
6290 75
6291 32
6292 84
6293 82
6294 57
6295 12
6296 26
6297 39
6298 42
6299 73
6300 4
6301 31
6302 46
6303 25
6304 25
6305 22
6306 71
6307 54
6308 80
6309 74
6310 80
6311 2
6312 57
6313 4
6314 71
6315 40
6316 9
6317 33
6318 53
6319 25
6320 78
6321 9
6322 86
6323 85
6324 5
6325 4
6326 31
6327 78
6328 37
6329 36
6330 44
6331 38
6332 29
6333 51
6334 70
6335 31
6336 6
6337 60
6338 12
6339 41
6340 47
6341 53
6342 88
6343 7
6344 89
6345 52
6346 48
6347 45
6348 58
6349 86
6350 8
6351 70
6352 22
6353 88
6354 20
6355 46
6356 4
6357 8
6358 22
6359 97
6360 67
6361 79
6362 51
6363 91
6364 84
6365 1
6366 21
6367 10
6368 15
6369 18
6370 54
6371 11
6372 84
6373 89
6374 61
6375 6
6376 28
6377 48
6378 42
6379 61
6380 30
6381 42
6382 64
6383 83
6384 90
6385 10
6386 48
6387 99
6388 53
6389 51
6390 3
6391 33
6392 64
6393 73
6394 79
6395 81
6396 32
6397 58
6398 38
6399 1
6400 76
6401 54
6402 8
6403 82
6404 1
6405 12
6406 89
6407 55
6408 43
6409 71
6410 99
6411 92
6412 52
6413 63
6414 69
6415 42
6416 95
6417 37
6418 34
6419 72
6420 60
6421 17
6422 63
6423 4
6424 34
6425 49
6426 57
6427 19
6428 49
6429 7
6430 32
6431 37
6432 15
6433 78
6434 40
6435 55
6436 32
6437 76
6438 79
6439 8
6440 27
6441 53
6442 32
6443 42
6444 35
6445 82
6446 58
6447 95
6448 6
6449 37
6450 50
6451 60
6452 31
6453 75
6454 79
6455 51
6456 58
6457 6
6458 99
6459 1
6460 26
6461 58
6462 18
6463 45
6464 79
6465 58
6466 15
6467 51
6468 16
6469 40
6470 85
6471 83
6472 15
6473 68
6474 37
6475 75
6476 54
6477 27
6478 36
6479 89
6480 77
6481 73
6482 23
6483 69
6484 61
6485 38
6486 13
6487 34
6488 50
6489 17
6490 81
6491 43
6492 85
6493 83
6494 92
6495 61
6496 54
6497 93
6498 92
6499 6
6500 41
6501 16
6502 0
6503 79
6504 14
6505 17
6506 4
6507 54
6508 88
6509 35
6510 27
6511 45
6512 48
6513 95
6514 91
6515 33
6516 38
6517 79
6518 63
6519 52
6520 20
6521 21
6522 50
6523 21
6524 35
6525 91
6526 8
6527 40
6528 49
6529 57
6530 4
6531 37
6532 97
6533 30
6534 68
6535 67
6536 70
6537 73
6538 75
6539 5
6540 33
6541 93
6542 83
6543 41
6544 70
6545 90
6546 55
6547 83
6548 58
6549 73
6550 32
6551 10
6552 94
6553 24
6554 98
6555 83
6556 71
6557 60
6558 44
6559 62
6560 58
6561 97
6562 89
6563 67
6564 49
6565 77
6566 21
6567 55
6568 35
6569 34
6570 94
6571 6
6572 4
6573 5
6574 16
6575 99
6576 60
6577 56
6578 91
6579 9
6580 79
6581 40
6582 53
6583 24
6584 32
6585 23
6586 47
6587 72
6588 43
6589 81
6590 20
6591 52
6592 56
6593 36
6594 97
6595 54
6596 4
6597 36
6598 34
6599 76
6600 32
6601 21
6602 92
6603 98
6604 60
6605 15
6606 80
6607 6
6608 91
6609 26
6610 55
6611 61
6612 12
6613 39
6614 29
6615 11
6616 35
6617 69
6618 55
6619 78
6620 55
6621 78
6622 61
6623 84
6624 37
6625 12
6626 87
6627 68
6628 47
6629 35
6630 90
6631 31
6632 56
6633 15
6634 97
6635 11
6636 82
6637 16
6638 5
6639 33
6640 71
6641 83
6642 75
6643 30
6644 53
6645 17
6646 62
6647 72
6648 92
6649 84
6650 10
6651 55
6652 40
6653 94
6654 59
6655 69
6656 54
6657 37
6658 44
6659 13
6660 61
6661 24
6662 17
6663 14
6664 56
6665 61
6666 60
6667 65
6668 27
6669 39
6670 71
6671 37
6672 70
6673 18
6674 61
6675 94
6676 83
6677 72
6678 49
6679 82
6680 2
6681 47
6682 55
6683 2
6684 74
6685 56
6686 43
6687 65
6688 33
6689 78
6690 67
6691 93
6692 62
6693 55
6694 86
6695 89
6696 83
6697 67
6698 39
6699 67
6700 71
6701 78
6702 38
6703 51
6704 50
6705 84
6706 35
6707 45
6708 86
6709 6
6710 19
6711 45
6712 41
6713 16
6714 80
6715 70
6716 52
6717 0
6718 58
6719 77
6720 91
6721 67
6722 56
6723 0
6724 17
6725 96
6726 42
6727 9
6728 71
6729 91
6730 65
6731 33
6732 19
6733 30
6734 76
6735 41
6736 61
6737 10
6738 17
6739 29
6740 1
6741 83
6742 63
6743 53
6744 48
6745 13
6746 6
6747 54
6748 3
6749 19
6750 82
6751 22
6752 92
6753 37
6754 50
6755 21
6756 0
6757 92
6758 89
6759 1
6760 0
6761 68
6762 34
6763 11
6764 36
6765 24
6766 40
6767 18
6768 77
6769 73
6770 24
6771 4
6772 89
6773 12
6774 25
6775 41
6776 60
6777 20
6778 17
6779 55
6780 67
6781 9
6782 85
6783 99
6784 88
6785 54
6786 76
6787 88
6788 7
6789 8
6790 33
6791 37
6792 75
6793 71
6794 84
6795 13
6796 45
6797 21
6798 48
6799 49
6800 90
6801 70
6802 75
6803 58
6804 62
6805 97
6806 65
6807 51
6808 20
6809 70
6810 0
6811 62
6812 52
6813 28
6814 58
6815 1
6816 0
6817 19
6818 16
6819 87
6820 98
6821 29
6822 70
6823 20
6824 55
6825 78
6826 7
6827 8
6828 55
6829 79
6830 22
6831 88
6832 68
6833 55
6834 18
6835 45
6836 62
6837 39
6838 29
6839 52
6840 21
6841 7
6842 14
6843 37
6844 62
6845 35
6846 90
6847 77
6848 23
6849 57
6850 21
6851 92
6852 26
6853 42
6854 33
6855 61
6856 3
6857 21
6858 6
6859 6
6860 96
6861 83
6862 31
6863 20
6864 62
6865 34
6866 51
6867 68
6868 25
6869 26
6870 31
6871 52
6872 53
6873 81
6874 59
6875 58
6876 63
6877 55
6878 91
6879 99
6880 30
6881 9
6882 27
6883 41
6884 40
6885 39
6886 6
6887 22
6888 29
6889 95
6890 16
6891 42
6892 92
6893 62
6894 47
6895 62
6896 24
6897 49
6898 0
6899 93
6900 88
6901 54
6902 63
6903 87
6904 0
6905 16
6906 80
6907 78
6908 50
6909 71
6910 75
6911 73
6912 12
6913 96
6914 58
6915 51
6916 44
6917 79
6918 64
6919 68
6920 14
6921 76
6922 93
6923 10
6924 32
6925 52
6926 91
6927 31
6928 63
6929 20
6930 0
6931 7
6932 97
6933 66
6934 74
6935 28
6936 76
6937 51
6938 10
6939 17
6940 57
6941 76
6942 42
6943 4
6944 81
6945 81
6946 9
6947 36
6948 76
6949 9
6950 41
6951 63
6952 65
6953 87
6954 46
6955 42
6956 59
6957 6
6958 12
6959 56
6960 91
6961 97
6962 21
6963 84
6964 73
6965 98
6966 14
6967 87
6968 31
6969 65
6970 89
6971 95
6972 13
6973 32
6974 86
6975 59
6976 0
6977 12
6978 57
6979 90
6980 90
6981 33
6982 69
6983 48
6984 95
6985 22
6986 50
6987 61
6988 80
6989 27
6990 42
6991 95
6992 19
6993 19
6994 8
6995 8
6996 31
6997 95
6998 67
6999 59
7000 37
7001 46
7002 35
7003 51
7004 82
7005 26
7006 36
7007 67
7008 80
7009 53
7010 49
7011 23
7012 12
7013 39
7014 34
7015 30
7016 88
7017 75
7018 65
7019 13
7020 96
7021 36
7022 78
7023 78
7024 92
7025 48
7026 31
7027 36
7028 91
7029 45
7030 54
7031 81
7032 68
7033 45
7034 27
7035 3
7036 23
7037 95
7038 10
7039 65
7040 79
7041 34
7042 38
7043 83
7044 31
7045 18
7046 26
7047 2
7048 15
7049 22
7050 40
7051 10
7052 68
7053 98
7054 41
7055 22
7056 8
7057 46
7058 55
7059 11
7060 31
7061 44
7062 81
7063 29
7064 58
7065 6
7066 13
7067 86
7068 57
7069 51
7070 92
7071 48
7072 25
7073 66
7074 7
7075 44
7076 3
7077 83
7078 14
7079 18
7080 86
7081 28
7082 6
7083 8
7084 16
7085 72
7086 88
7087 8
7088 98
7089 31
7090 22
7091 87
7092 3
7093 22
7094 17
7095 16
7096 66
7097 91
7098 27
7099 24
7100 89
7101 35
7102 70
7103 90
7104 68
7105 38
7106 47
7107 27
7108 54
7109 77
7110 35
7111 47
7112 96
7113 58
7114 22
7115 28
7116 22
7117 0
7118 95
7119 93
7120 76
7121 37
7122 46
7123 71
7124 72
7125 71
7126 27
7127 23
7128 36
7129 74
7130 90
7131 48
7132 67
7133 2
7134 86
7135 77
7136 70
7137 74
7138 50
7139 92
7140 14
7141 51
7142 10
7143 40
7144 7
7145 18
7146 94
7147 9
7148 97
7149 91
7150 92
7151 57
7152 28
7153 46
7154 5
7155 11
7156 53
7157 17
7158 85
7159 17
7160 62
7161 69
7162 0
7163 76
7164 55
7165 69
7166 64
7167 39
7168 19
7169 44
7170 19
7171 14
7172 14
7173 3
7174 66
7175 70
7176 4
7177 11
7178 12
7179 5
7180 34
7181 47
7182 15
7183 81
7184 77
7185 6
7186 71
7187 28
7188 11
7189 19
7190 84
7191 4
7192 4
7193 96
7194 40
7195 45
7196 18
7197 2
7198 6
7199 64
7200 84
7201 20
7202 45
7203 75
7204 10
7205 94
7206 92
7207 28
7208 36
7209 67
7210 63
7211 44
7212 79
7213 89
7214 37
7215 16
7216 52
7217 15
7218 41
7219 81
7220 56
7221 31
7222 73
7223 77
7224 11
7225 70
7226 36
7227 90
7228 35
7229 52
7230 15
7231 93
7232 24
7233 36
7234 88
7235 16
7236 17
7237 30
7238 21
7239 92
7240 21
7241 57
7242 46
7243 86
7244 41
7245 2
7246 9
7247 65
7248 13
7249 67
7250 52
7251 98
7252 36
7253 17
7254 58
7255 60
7256 15
7257 71
7258 3
7259 30
7260 63
7261 18
7262 50
7263 89
7264 48
7265 94
7266 11
7267 0
7268 68
7269 72
7270 89
7271 23
7272 71
7273 83
7274 82
7275 3
7276 82
7277 10
7278 5
7279 34
7280 2
7281 70
7282 46
7283 97
7284 89
7285 28
7286 57
7287 94
7288 2
7289 13
7290 33
7291 13
7292 36
7293 81
7294 2
7295 37
7296 5
7297 98
7298 70
7299 50
7300 47
7301 51
7302 83
7303 68
7304 6
7305 21
7306 55
7307 82
7308 46
7309 31
7310 5
7311 14
7312 33
7313 75
7314 59
7315 42
7316 41
7317 97
7318 36
7319 45
7320 56
7321 49
7322 99
7323 14
7324 57
7325 71
7326 62
7327 74
7328 98
7329 64
7330 13
7331 13
7332 33
7333 65
7334 6
7335 43
7336 0
7337 75
7338 52
7339 95
7340 58
7341 96
7342 21
7343 77
7344 6
7345 20
7346 53
7347 29
7348 17
7349 94
7350 52
7351 65
7352 7
7353 19
7354 23
7355 12
7356 88
7357 21
7358 97
7359 45
7360 15
7361 17
7362 41
7363 35
7364 73
7365 33
7366 88
7367 34
7368 9
7369 21
7370 53
7371 45
7372 88
7373 85
7374 40
7375 53
7376 73
7377 73
7378 34
7379 81
7380 12
7381 16
7382 78
7383 70
7384 57
7385 54
7386 81
7387 97
7388 57
7389 25
7390 29
7391 6
7392 92
7393 22
7394 48
7395 78
7396 64
7397 38
7398 57
7399 70
7400 49
7401 2
7402 26
7403 70
7404 80
7405 60
7406 97
7407 71
7408 45
7409 12
7410 92
7411 87
7412 25
7413 5
7414 27
7415 39
7416 21
7417 98
7418 32
7419 54
7420 10
7421 40
7422 55
7423 96
7424 40
7425 78
7426 17
7427 64
7428 81
7429 19
7430 13
7431 56
7432 66
7433 63
7434 0
7435 51
7436 35
7437 11
7438 38
7439 12
7440 73
7441 76
7442 27
7443 65
7444 37
7445 86
7446 64
7447 44
7448 22
7449 8
7450 82
7451 30
7452 16
7453 39
7454 78
7455 87
7456 44
7457 66
7458 97
7459 36
7460 33
7461 69
7462 42
7463 32
7464 75
7465 84
7466 21
7467 92
7468 70
7469 55
7470 56
7471 26
7472 2
7473 45
7474 13
7475 51
7476 58
7477 81
7478 70
7479 67
7480 18
7481 73
7482 40
7483 93
7484 7
7485 93
7486 15
7487 30
7488 33
7489 34
7490 9
7491 59
7492 10
7493 17
7494 3
7495 15
7496 42
7497 71
7498 0
7499 49
7500 73
7501 24
7502 61
7503 35
7504 62
7505 73
7506 92
7507 30
7508 4
7509 3
7510 42
7511 7
7512 93
7513 11
7514 62
7515 69
7516 60
7517 0
7518 7
7519 37
7520 18
7521 17
7522 11
7523 32
7524 68
7525 31
7526 82
7527 19
7528 45
7529 7
7530 78
7531 95
7532 97
7533 82
7534 22
7535 75
7536 81
7537 92
7538 46
7539 6
7540 77
7541 10
7542 95
7543 77
7544 28
7545 35
7546 99
7547 98
7548 55
7549 27
7550 56
7551 4
7552 57
7553 86
7554 70
7555 94
7556 29
7557 69
7558 72
7559 59
7560 47
7561 56
7562 50
7563 17
7564 40
7565 95
7566 85
7567 51
7568 2
7569 83
7570 49
7571 90
7572 63
7573 58
7574 56
7575 2
7576 55
7577 0
7578 6
7579 66
7580 65
7581 94
7582 69
7583 41
7584 76
7585 32
7586 66
7587 13
7588 7
7589 3
7590 14
7591 90
7592 78
7593 45
7594 80
7595 73
7596 37
7597 42
7598 44
7599 98
7600 61
7601 59
7602 24
7603 65
7604 98
7605 96
7606 73
7607 70
7608 92
7609 84
7610 36
7611 3
7612 75
7613 83
7614 92
7615 89
7616 20
7617 88
7618 12
7619 42
7620 10
7621 78
7622 98
7623 25
7624 55
7625 88
7626 28
7627 73
7628 36
7629 1
7630 0
7631 83
7632 73
7633 12
7634 27
7635 26
7636 34
7637 34
7638 22
7639 97
7640 49
7641 75
7642 90
7643 48
7644 87
7645 2
7646 96
7647 17
7648 64
7649 6
7650 62
7651 31
7652 66
7653 27
7654 46
7655 40
7656 77
7657 21
7658 30
7659 9
7660 3
7661 94
7662 23
7663 83
7664 96
7665 95
7666 22
7667 57
7668 35
7669 72
7670 32
7671 47
7672 23
7673 89
7674 65
7675 86
7676 76
7677 32
7678 23
7679 26
7680 22
7681 58
7682 35
7683 19
7684 61
7685 20
7686 87
7687 99
7688 69
7689 2
7690 87
7691 85
7692 63
7693 66
7694 58
7695 89
7696 33
7697 43
7698 32
7699 33
7700 99
7701 63
7702 99
7703 7
7704 40
7705 42
7706 3
7707 20
7708 70
7709 15
7710 93
7711 75
7712 92
7713 54
7714 57
7715 80
7716 94
7717 58
7718 28
7719 6
7720 19
7721 25
7722 72
7723 98
7724 96
7725 21
7726 23
7727 65
7728 27
7729 13
7730 97
7731 4
7732 19
7733 24
7734 4
7735 78
7736 81
7737 19
7738 55
7739 83
7740 14
7741 91
7742 1
7743 40
7744 45
7745 2
7746 21
7747 85
7748 46
7749 15
7750 39
7751 64
7752 85
7753 35
7754 17
7755 22
7756 52
7757 54
7758 50
7759 30
7760 33
7761 78
7762 85
7763 2
7764 92
7765 55
7766 2
7767 8
7768 19
7769 89
7770 18
7771 82
7772 35
7773 61
7774 43
7775 56
7776 90
7777 38
7778 22
7779 29
7780 63
7781 32
7782 47
7783 60
7784 60
7785 18
7786 73
7787 78
7788 58
7789 82
7790 22
7791 19
7792 55
7793 44
7794 22
7795 14
7796 85
7797 39
7798 23
7799 21
7800 41
7801 50
7802 56
7803 97
7804 22
7805 97
7806 85
7807 87
7808 57
7809 76
7810 13
7811 5
7812 69
7813 60
7814 78
7815 23
7816 18
7817 93
7818 93
7819 36
7820 54
7821 95
7822 74
7823 28
7824 87
7825 35
7826 19
7827 55
7828 38
7829 85
7830 78
7831 27
7832 58
7833 40
7834 83
7835 84
7836 17
7837 70
7838 79
7839 63
7840 94
7841 61
7842 45
7843 60
7844 75
7845 16
7846 10
7847 74
7848 84
7849 30
7850 96
7851 91
7852 61
7853 40
7854 38
7855 35
7856 44
7857 85
7858 9
7859 11
7860 0
7861 78
7862 17
7863 43
7864 84
7865 54
7866 94
7867 52
7868 95
7869 88
7870 44
7871 39
7872 28
7873 71
7874 61
7875 31
7876 66
7877 45
7878 2
7879 14
7880 20
7881 2
7882 62
7883 56
7884 65
7885 87
7886 42
7887 68
7888 53
7889 66
7890 46
7891 66
7892 93
7893 87
7894 17
7895 0
7896 76
7897 68
7898 23
7899 51
7900 81
7901 80
7902 85
7903 54
7904 10
7905 9
7906 95
7907 47
7908 34
7909 27
7910 17
7911 15
7912 44
7913 78
7914 48
7915 8
7916 45
7917 28
7918 78
7919 29
7920 91
7921 10
7922 13
7923 48
7924 78
7925 29
7926 34
7927 42
7928 33
7929 57
7930 28
7931 66
7932 86
7933 69
7934 64
7935 69
7936 29
7937 80
7938 0
7939 65
7940 76
7941 10
7942 19
7943 16
7944 9
7945 81
7946 7
7947 31
7948 20
7949 64
7950 51
7951 22
7952 61
7953 79
7954 28
7955 16
7956 69
7957 98
7958 14
7959 75
7960 77
7961 43
7962 70
7963 57
7964 82
7965 3
7966 43
7967 30
7968 86
7969 32
7970 61
7971 0
7972 46
7973 30
7974 78
7975 32
7976 15
7977 6
7978 51
7979 96
7980 64
7981 89
7982 11
7983 13
7984 16
7985 18
7986 74
7987 29
7988 59
7989 18
7990 39
7991 54
7992 15
7993 18
7994 93
7995 4
7996 5
7997 33
7998 84
7999 65
8000 94
8001 5
8002 27
8003 51
8004 89
8005 73
8006 2
8007 20
8008 90
8009 71
8010 88
8011 58
8012 77
8013 60
8014 67
8015 56
8016 95
8017 96
8018 6
8019 9
8020 20
8021 40
8022 64
8023 41
8024 58
8025 88
8026 56
8027 95
8028 43
8029 46
8030 18
8031 51
8032 4
8033 84
8034 52
8035 49
8036 16
8037 55
8038 72
8039 66
8040 39
8041 82
8042 12
8043 62
8044 59
8045 71
8046 4
8047 29
8048 14
8049 20
8050 45
8051 8
8052 95
8053 53
8054 28
8055 49
8056 51
8057 81
8058 2
8059 57
8060 4
8061 88
8062 5
8063 77
8064 19
8065 15
8066 81
8067 3
8068 51
8069 69
8070 67
8071 54
8072 96
8073 87
8074 40
8075 17
8076 34
8077 89
8078 3
8079 22
8080 41
8081 8
8082 0
8083 5
8084 62
8085 97
8086 88
8087 13
8088 60
8089 0
8090 84
8091 49
8092 49
8093 84
8094 1
8095 46
8096 11
8097 56
8098 25
8099 47
8100 34
8101 2
8102 63
8103 30
8104 84
8105 70
8106 1
8107 48
8108 90
8109 70
8110 26
8111 50
8112 68
8113 86
8114 28
8115 36
8116 54
8117 36
8118 31
8119 67
8120 37
8121 43
8122 29
8123 86
8124 41
8125 65
8126 29
8127 53
8128 26
8129 83
8130 1
8131 36
8132 10
8133 73
8134 91
8135 36
8136 51
8137 36
8138 45
8139 65
8140 46
8141 69
8142 1
8143 12
8144 93
8145 30
8146 50
8147 49
8148 72
8149 29
8150 96
8151 27
8152 34
8153 97
8154 51
8155 86
8156 42
8157 8
8158 59
8159 16
8160 66
8161 46
8162 61
8163 60
8164 16
8165 36
8166 45
8167 59
8168 77
8169 43
8170 5
8171 33
8172 78
8173 30
8174 59
8175 86
8176 96
8177 30
8178 46
8179 71
8180 74
8181 61
8182 14
8183 63
8184 23
8185 50
8186 45
8187 51
8188 92
8189 73
8190 55
8191 22
8192 34
8193 75
8194 21
8195 62
8196 82
8197 35
8198 60
8199 59
8200 29
8201 17
8202 85
8203 25
8204 27
8205 25
8206 54
8207 69
8208 97
8209 96
8210 66
8211 30
8212 56
8213 26
8214 82
8215 82
8216 24
8217 95
8218 12
8219 97
8220 90
8221 76
8222 17
8223 55
8224 67
8225 70
8226 1
8227 83
8228 66
8229 45
8230 3
8231 68
8232 61
8233 39
8234 90
8235 82
8236 53
8237 60
8238 32
8239 20
8240 4
8241 79
8242 34
8243 15
8244 77
8245 81
8246 42
8247 93
8248 81
8249 10
8250 48
8251 20
8252 44
8253 73
8254 57
8255 86
8256 81
8257 68
8258 23
8259 19
8260 80
8261 96
8262 80
8263 90
8264 34
8265 74
8266 98
8267 33
8268 32
8269 3
8270 22
8271 77
8272 42
8273 72
8274 44
8275 98
8276 92
8277 43
8278 41
8279 56
8280 42
8281 62
8282 4
8283 3
8284 42
8285 20
8286 94
8287 32
8288 48
8289 99
8290 67
8291 14
8292 94
8293 26
8294 6
8295 44
8296 29
8297 18
8298 15
8299 66
8300 53
8301 79
8302 90
8303 28
8304 30
8305 14
8306 81
8307 68
8308 16
8309 53
8310 75
8311 89
8312 90
8313 55
8314 94
8315 82
8316 90
8317 81
8318 48
8319 82
8320 89
8321 3
8322 14
8323 96
8324 38
8325 76
8326 68
8327 94
8328 69
8329 67
8330 52
8331 30
8332 50
8333 50
8334 37
8335 21
8336 34
8337 32
8338 92
8339 55
8340 46
8341 92
8342 3
8343 67
8344 17
8345 82
8346 38
8347 72
8348 24
8349 91
8350 58
8351 15
8352 69
8353 29
8354 58
8355 14
8356 43
8357 50
8358 96
8359 21
8360 92
8361 86
8362 75
8363 55
8364 57
8365 22
8366 88
8367 33
8368 99
8369 38
8370 65
8371 22
8372 58
8373 75
8374 52
8375 38
8376 90
8377 16
8378 46
8379 21
8380 76
8381 55
8382 60
8383 16
8384 96
8385 25
8386 81
8387 53
8388 10
8389 67
8390 36
8391 22
8392 42
8393 13
8394 47
8395 0
8396 79
8397 11
8398 31
8399 22
8400 19
8401 67
8402 90
8403 39
8404 45
8405 97
8406 96
8407 99
8408 62
8409 20
8410 3
8411 66
8412 16
8413 17
8414 23
8415 10
8416 63
8417 86
8418 71
8419 25
8420 5
8421 9
8422 23
8423 20
8424 95
8425 14
8426 22
8427 18
8428 25
8429 32
8430 67
8431 4
8432 14
8433 69
8434 58
8435 26
8436 96
8437 99
8438 38
8439 62
8440 87
8441 54
8442 48
8443 97
8444 28
8445 28
8446 53
8447 94
8448 8
8449 37
8450 2
8451 48
8452 19
8453 46
8454 38
8455 16
8456 46
8457 69
8458 96
8459 50
8460 47
8461 42
8462 71
8463 49
8464 78
8465 41
8466 60
8467 34
8468 37
8469 61
8470 93
8471 48
8472 95
8473 20
8474 76
8475 4
8476 27
8477 59
8478 33
8479 9
8480 18
8481 58
8482 4
8483 69
8484 22
8485 60
8486 28
8487 88
8488 48
8489 5
8490 2
8491 6
8492 40
8493 98
8494 46
8495 5
8496 43
8497 45
8498 56
8499 53
8500 39
8501 9
8502 17
8503 25
8504 13
8505 44
8506 9
8507 99
8508 58
8509 26
8510 20
8511 30
8512 30
8513 54
8514 54
8515 40
8516 99
8517 69
8518 23
8519 68
8520 92
8521 37
8522 97
8523 68
8524 76
8525 40
8526 66
8527 63
8528 80
8529 91
8530 49
8531 42
8532 19
8533 46
8534 15
8535 54
8536 79
8537 55
8538 68
8539 42
8540 42
8541 86
8542 77
8543 2
8544 24
8545 22
8546 79
8547 54
8548 65
8549 93
8550 32
8551 55
8552 80
8553 3
8554 46
8555 3
8556 45
8557 12
8558 78
8559 50
8560 9
8561 72
8562 86
8563 54
8564 63
8565 54
8566 68
8567 11
8568 54
8569 95
8570 88
8571 27
8572 83
8573 55
8574 95
8575 25
8576 56
8577 13
8578 33
8579 30
8580 45
8581 38
8582 69
8583 78
8584 2
8585 9
8586 53
8587 28
8588 3
8589 98
8590 21
8591 11
8592 29
8593 44
8594 5
8595 73
8596 52
8597 29
8598 92
8599 61
8600 73
8601 47
8602 85
8603 73
8604 39
8605 53
8606 14
8607 59
8608 6
8609 4
8610 11
8611 65
8612 65
8613 69
8614 97
8615 55
8616 71
8617 9
8618 52
8619 5
8620 58
8621 13
8622 21
8623 37
8624 49
8625 80
8626 4
8627 82
8628 53
8629 16
8630 57
8631 77
8632 55
8633 39
8634 37
8635 40
8636 29
8637 30
8638 84
8639 10
8640 8
8641 67
8642 12
8643 80
8644 36
8645 54
8646 83
8647 5
8648 58
8649 46
8650 11
8651 43
8652 59
8653 35
8654 95
8655 63
8656 45
8657 84
8658 28
8659 85
8660 29
8661 64
8662 21
8663 15
8664 85
8665 66
8666 69
8667 81
8668 40
8669 84
8670 33
8671 0
8672 84
8673 33
8674 23
8675 75
8676 2
8677 14
8678 4
8679 79
8680 3
8681 26
8682 1
8683 8
8684 11
8685 98
8686 85
8687 36
8688 63
8689 20
8690 83
8691 25
8692 23
8693 7
8694 51
8695 76
8696 80
8697 77
8698 41
8699 47
8700 49
8701 53
8702 28
8703 78
8704 21
8705 42
8706 46
8707 44
8708 49
8709 5
8710 75
8711 62
8712 22
8713 97
8714 44
8715 78
8716 98
8717 16
8718 21
8719 37
8720 0
8721 79
8722 81
8723 59
8724 20
8725 86
8726 65
8727 22
8728 64
8729 69
8730 26
8731 27
8732 98
8733 12
8734 64
8735 88
8736 91
8737 29
8738 73
8739 26
8740 76
8741 79
8742 20
8743 8
8744 92
8745 34
8746 52
8747 92
8748 86
8749 41
8750 80
8751 96
8752 33
8753 35
8754 66
8755 67
8756 18
8757 44
8758 47
8759 56
8760 61
8761 76
8762 10
8763 84
8764 23
8765 96
8766 95
8767 6
8768 41
8769 25
8770 32
8771 84
8772 88
8773 25
8774 21
8775 60
8776 84
8777 87
8778 48
8779 75
8780 40
8781 43
8782 4
8783 37
8784 86
8785 63
8786 67
8787 85
8788 7
8789 55
8790 99
8791 58
8792 72
8793 35
8794 91
8795 41
8796 2
8797 93
8798 43
8799 99
8800 92
8801 14
8802 27
8803 65
8804 65
8805 52
8806 84
8807 80
8808 33
8809 29
8810 33
8811 74
8812 95
8813 42
8814 86
8815 31
8816 68
8817 16
8818 58
8819 87
8820 61
8821 89
8822 17
8823 65
8824 6
8825 66
8826 68
8827 97
8828 65
8829 26
8830 95
8831 59
8832 76
8833 53
8834 11
8835 14
8836 96
8837 58
8838 64
8839 43
8840 11
8841 95
8842 2
8843 58
8844 25
8845 21
8846 82
8847 56
8848 29
8849 37
8850 78
8851 20
8852 22
8853 14
8854 78
8855 1
8856 94
8857 61
8858 3
8859 77
8860 66
8861 83
8862 62
8863 34
8864 26
8865 37
8866 27
8867 1
8868 52
8869 90
8870 84
8871 4
8872 74
8873 29
8874 23
8875 51
8876 90
8877 61
8878 12
8879 64
8880 21
8881 39
8882 68
8883 98
8884 39
8885 24
8886 14
8887 9
8888 36
8889 89
8890 73
8891 54
8892 10
8893 10
8894 97
8895 90
8896 40
8897 95
8898 4
8899 37
8900 83
8901 63
8902 85
8903 92
8904 22
8905 95
8906 74
8907 8
8908 56
8909 72
8910 72
8911 26
8912 97
8913 35
8914 33
8915 75
8916 87
8917 66
8918 90
8919 88
8920 14
8921 33
8922 35
8923 75
8924 82
8925 70
8926 68
8927 19
8928 33
8929 89
8930 15
8931 10
8932 91
8933 84
8934 20
8935 97
8936 69
8937 87
8938 52
8939 7
8940 93
8941 59
8942 33
8943 61
8944 36
8945 43
8946 11
8947 48
8948 97
8949 45
8950 62
8951 51
8952 3
8953 78
8954 21
8955 67
8956 1
8957 44
8958 22
8959 10
8960 48
8961 30
8962 12
8963 34
8964 74
8965 6
8966 21
8967 29
8968 22
8969 82
8970 71
8971 84
8972 40
8973 91
8974 36
8975 19
8976 68
8977 58
8978 60
8979 69
8980 52
8981 14
8982 73
8983 91
8984 75
8985 30
8986 51
8987 77
8988 8
8989 26
8990 88
8991 80
8992 40
8993 36
8994 72
8995 65
8996 54
8997 42
8998 98
8999 45
9000 31
9001 23
9002 25
9003 65
9004 6
9005 5
9006 65
9007 75
9008 90
9009 44
9010 29
9011 4
9012 25
9013 39
9014 31
9015 68
9016 77
9017 36
9018 81
9019 55
9020 44
9021 22
9022 26
9023 23
9024 89
9025 84
9026 19
9027 77
9028 92
9029 13
9030 3
9031 97
9032 32
9033 61
9034 57
9035 65
9036 83
9037 31
9038 49
9039 87
9040 52
9041 47
9042 35
9043 0
9044 65
9045 77
9046 96
9047 69
9048 79
9049 16
9050 44
9051 56
9052 46
9053 63
9054 50
9055 17
9056 31
9057 15
9058 87
9059 84
9060 15
9061 46
9062 70
9063 41
9064 98
9065 87
9066 1
9067 35
9068 33
9069 58
9070 71
9071 74
9072 5
9073 71
9074 80
9075 2
9076 87
9077 29
9078 25
9079 65
9080 7
9081 28
9082 40
9083 30
9084 21
9085 31
9086 54
9087 24
9088 3
9089 34
9090 62
9091 2
9092 25
9093 8
9094 85
9095 46
9096 7
9097 24
9098 87
9099 90
9100 49
9101 6
9102 51
9103 61
9104 27
9105 89
9106 38
9107 17
9108 74
9109 18
9110 86
9111 72
9112 6
9113 6
9114 85
9115 96
9116 6
9117 16
9118 35
9119 84
9120 18
9121 5
9122 71
9123 7
9124 28
9125 63
9126 30
9127 36
9128 81
9129 81
9130 42
9131 7
9132 8
9133 79
9134 30
9135 38
9136 32
9137 33
9138 28
9139 49
9140 34
9141 73
9142 40
9143 76
9144 45
9145 42
9146 11
9147 48
9148 44
9149 38
9150 47
9151 58
9152 8
9153 80
9154 61
9155 69
9156 35
9157 23
9158 76
9159 32
9160 64
9161 26
9162 81
9163 14
9164 72
9165 5
9166 57
9167 67
9168 76
9169 77
9170 11
9171 61
9172 32
9173 41
9174 3
9175 17
9176 47
9177 94
9178 35
9179 24
9180 68
9181 17
9182 95
9183 58
9184 46
9185 63
9186 87
9187 11
9188 74
9189 56
9190 42
9191 97
9192 45
9193 25
9194 95
9195 51
9196 85
9197 7
9198 73
9199 28
9200 39
9201 22
9202 89
9203 48
9204 48
9205 93
9206 70
9207 93
9208 46
9209 18
9210 21
9211 75
9212 41
9213 64
9214 67
9215 42
9216 2
9217 88
9218 99
9219 47
9220 2
9221 16
9222 39
9223 42
9224 34
9225 65
9226 6
9227 31
9228 99
9229 7
9230 8
9231 25
9232 79
9233 55
9234 2
9235 47
9236 41
9237 98
9238 75
9239 96
9240 8
9241 92
9242 39
9243 17
9244 73
9245 10
9246 74
9247 75
9248 88
9249 57
9250 39
9251 15
9252 62
9253 84
9254 20
9255 53
9256 55
9257 30
9258 17
9259 88
9260 39
9261 77
9262 50
9263 31
9264 6
9265 82
9266 5
9267 65
9268 47
9269 68
9270 88
9271 14
9272 95
9273 0
9274 76
9275 76
9276 5
9277 15
9278 69
9279 61
9280 3
9281 28
9282 34
9283 95
9284 63
9285 36
9286 16
9287 77
9288 24
9289 75
9290 41
9291 72
9292 14
9293 62
9294 36
9295 50
9296 30
9297 11
9298 22
9299 12
9300 69
9301 40
9302 33
9303 49
9304 38
9305 71
9306 79
9307 18
9308 18
9309 14
9310 7
9311 37
9312 5
9313 0
9314 21
9315 48
9316 12
9317 25
9318 13
9319 13
9320 56
9321 56
9322 90
9323 92
9324 86
9325 8
9326 23
9327 27
9328 64
9329 20
9330 19
9331 31
9332 94
9333 8
9334 14
9335 26
9336 10
9337 14
9338 64
9339 35
9340 28
9341 7
9342 99
9343 2
9344 71
9345 84
9346 20
9347 31
9348 97
9349 81
9350 92
9351 60
9352 65
9353 22
9354 56
9355 32
9356 70
9357 93
9358 71
9359 23
9360 97
9361 47
9362 18
9363 90
9364 94
9365 60
9366 13
9367 82
9368 23
9369 35
9370 19
9371 7
9372 49
9373 61
9374 46
9375 15
9376 30
9377 61
9378 37
9379 83
9380 28
9381 94
9382 83
9383 55
9384 23
9385 7
9386 42
9387 74
9388 74
9389 27
9390 92
9391 74
9392 12
9393 70
9394 47
9395 86
9396 94
9397 90
9398 34
9399 31
9400 52
9401 15
9402 72
9403 67
9404 87
9405 17
9406 10
9407 25
9408 69
9409 23
9410 62
9411 20
9412 68
9413 63
9414 48
9415 20
9416 53
9417 51
9418 1
9419 23
9420 62
9421 88
9422 78
9423 11
9424 68
9425 22
9426 29
9427 76
9428 79
9429 24
9430 87
9431 89
9432 12
9433 83
9434 10
9435 67
9436 8
9437 39
9438 51
9439 56
9440 72
9441 87
9442 62
9443 96
9444 49
9445 92
9446 37
9447 32
9448 89
9449 5
9450 84
9451 83
9452 31
9453 38
9454 59
9455 57
9456 95
9457 45
9458 29
9459 32
9460 86
9461 92
9462 55
9463 36
9464 43
9465 64
9466 22
9467 71
9468 84
9469 61
9470 88
9471 14
9472 82
9473 14
9474 40
9475 80
9476 25
9477 25
9478 86
9479 49
9480 23
9481 7
9482 83
9483 69
9484 46
9485 13
9486 30
9487 77
9488 75
9489 76
9490 68
9491 27
9492 40
9493 82
9494 9
9495 98
9496 3
9497 91
9498 60
9499 11
9500 15
9501 14
9502 91
9503 52
9504 60
9505 57
9506 33
9507 12
9508 32
9509 23
9510 88
9511 55
9512 30
9513 28
9514 24
9515 35
9516 20
9517 54
9518 23
9519 91
9520 80
9521 79
9522 24
9523 54
9524 61
9525 32
9526 55
9527 20
9528 94
9529 95
9530 56
9531 26
9532 69
9533 45
9534 30
9535 17
9536 2
9537 90
9538 50
9539 26
9540 31
9541 96
9542 27
9543 29
9544 28
9545 76
9546 97
9547 30
9548 30
9549 72
9550 65
9551 93
9552 16
9553 9
9554 16
9555 5
9556 12
9557 13
9558 30
9559 94
9560 71
9561 83
9562 28
9563 54
9564 33
9565 81
9566 60
9567 0
9568 4
9569 0
9570 56
9571 81
9572 56
9573 65
9574 78
9575 62
9576 95
9577 61
9578 12
9579 50
9580 27
9581 61
9582 82
9583 57
9584 41
9585 10
9586 99
9587 82
9588 65
9589 45
9590 1
9591 10
9592 78
9593 78
9594 7
9595 81
9596 63
9597 30
9598 81
9599 73
9600 92
9601 52
9602 79
9603 2
9604 38
9605 73
9606 90
9607 18
9608 52
9609 25
9610 20
9611 17
9612 4
9613 23
9614 60
9615 44
9616 20
9617 97
9618 1
9619 8
9620 37
9621 58
9622 94
9623 15
9624 79
9625 4
9626 12
9627 71
9628 99
9629 41
9630 61
9631 46
9632 87
9633 64
9634 15
9635 48
9636 43
9637 29
9638 19
9639 92
9640 50
9641 90
9642 97
9643 59
9644 50
9645 79
9646 8
9647 68
9648 17
9649 28
9650 84
9651 38
9652 94
9653 50
9654 49
9655 79
9656 55
9657 23
9658 43
9659 95
9660 64
9661 35
9662 50
9663 0
9664 16
9665 13
9666 93
9667 5
9668 17
9669 22
9670 75
9671 13
9672 91
9673 46
9674 71
9675 58
9676 22
9677 87
9678 76
9679 90
9680 35
9681 47
9682 56
9683 30
9684 67
9685 29
9686 64
9687 73
9688 65
9689 73
9690 79
9691 20
9692 83
9693 59
9694 85
9695 79
9696 62
9697 97
9698 36
9699 35
9700 43
9701 67
9702 80
9703 47
9704 94
9705 59
9706 26
9707 49
9708 41
9709 90
9710 76
9711 28
9712 9
9713 10
9714 89
9715 21
9716 3
9717 90
9718 82
9719 69
9720 80
9721 34
9722 25
9723 97
9724 72
9725 1
9726 58
9727 28
9728 66
9729 0
9730 1
9731 54
9732 16
9733 77
9734 65
9735 96
9736 36
9737 49
9738 79
9739 8
9740 39
9741 99
9742 94
9743 26
9744 32
9745 61
9746 63
9747 72
9748 2
9749 72
9750 97
9751 30
9752 51
9753 67
9754 40
9755 78
9756 5
9757 71
9758 77
9759 31
9760 44
9761 51
9762 8
9763 42
9764 60
9765 1
9766 89
9767 24
9768 88
9769 74
9770 70
9771 95
9772 40
9773 12
9774 62
9775 52
9776 76
9777 78
9778 0
9779 7
9780 1
9781 82
9782 71
9783 39
9784 81
9785 67
9786 6
9787 88
9788 57
9789 35
9790 79
9791 57
9792 25
9793 5
9794 0
9795 29
9796 65
9797 39
9798 74
9799 17
9800 32
9801 77
9802 57
9803 3
9804 11
9805 67
9806 52
9807 41
9808 71
9809 10
9810 83
9811 10
9812 92
9813 50
9814 40
9815 98
9816 9
9817 7
9818 26
9819 24
9820 8
9821 46
9822 91
9823 54
9824 57
9825 1
9826 81
9827 93
9828 8
9829 24
9830 50
9831 77
9832 24
9833 25
9834 65
9835 50
9836 8
9837 67
9838 51
9839 52
9840 71
9841 49
9842 98
9843 74
9844 75
9845 91
9846 75
9847 30
9848 30
9849 14
9850 66
9851 64
9852 45
9853 84
9854 60
9855 2
9856 32
9857 78
9858 96
9859 30
9860 66
9861 6
9862 8
9863 29
9864 98
9865 26
9866 39
9867 87
9868 29
9869 78
9870 47
9871 97
9872 33
9873 80
9874 0
9875 61
9876 67
9877 41
9878 48
9879 46
9880 0
9881 33
9882 10
9883 41
9884 34
9885 8
9886 55
9887 79
9888 39
9889 89
9890 78
9891 60
9892 68
9893 64
9894 17
9895 86
9896 66
9897 37
9898 86
9899 1
9900 14
9901 96
9902 66
9903 40
9904 93
9905 76
9906 57
9907 11
9908 85
9909 55
9910 47
9911 32
9912 64
9913 52
9914 81
9915 98
9916 61
9917 76
9918 96
9919 77
9920 89
9921 42
9922 12
9923 57
9924 50
9925 37
9926 51
9927 10
9928 5
9929 13
9930 8
9931 56
9932 48
9933 81
9934 75
9935 26
9936 94
9937 91
9938 97
9939 98
9940 64
9941 71
9942 28
9943 68
9944 90
9945 29
9946 59
9947 96
9948 36
9949 46
9950 29
9951 69
9952 5
9953 31
9954 7
9955 95
9956 73
9957 73
9958 63
9959 72
9960 12
9961 30
9962 90
9963 42
9964 58
9965 6
9966 66
9967 50
9968 1
9969 38
9970 48
9971 52
9972 77
9973 49
9974 4
9975 25
9976 3
9977 12
9978 60
9979 70
9980 75
9981 36
9982 85
9983 98
9984 85
9985 66
9986 72
9987 85
9988 84
9989 31
9990 88
9991 13
9992 86
9993 23
9994 46
9995 81
9996 27
9997 19
9998 64
9999 94
