15000 88
15001 3
15002 42
15003 0
15004 93
15005 68
15006 65
15007 14
15008 36
15009 86
15010 31
15011 14
15012 92
15013 89
15014 8
15015 72
15016 98
15017 28
15018 67
15019 9
15020 97
15021 88
15022 50
15023 28
15024 63
15025 4
15026 92
15027 54
15028 93
15029 62
15030 81
15031 76
15032 44
15033 41
15034 81
15035 52
15036 24
15037 63
15038 79
15039 40
15040 65
15041 81
15042 65
15043 70
15044 96
15045 52
15046 48
15047 85
15048 69
15049 11
15050 49
15051 71
15052 78
15053 66
15054 94
15055 37
15056 8
15057 26
15058 72
15059 19
15060 13
15061 12
15062 14
15063 54
15064 35
15065 63
15066 88
15067 59
15068 91
15069 51
15070 59
15071 47
15072 82
15073 21
15074 2
15075 25
15076 52
15077 62
15078 61
15079 52
15080 27
15081 45
15082 81
15083 95
15084 68
15085 97
15086 27
15087 62
15088 78
15089 96
15090 98
15091 12
15092 2
15093 56
15094 20
15095 85
15096 3
15097 82
15098 95
15099 96
15100 59
15101 86
15102 37
15103 48
15104 81
15105 64
15106 77
15107 20
15108 28
15109 29
15110 23
15111 71
15112 35
15113 53
15114 79
15115 58
15116 35
15117 32
15118 8
15119 16
15120 34
15121 60
15122 22
15123 21
15124 64
15125 45
15126 38
15127 38
15128 16
15129 12
15130 33
15131 83
15132 26
15133 93
15134 89
15135 52
15136 81
15137 31
15138 27
15139 93
15140 66
15141 38
15142 94
15143 4
15144 7
15145 50
15146 87
15147 91
15148 56
15149 52
15150 5
15151 28
15152 93
15153 38
15154 42
15155 69
15156 35
15157 39
15158 41
15159 98
15160 28
15161 12
15162 45
15163 97
15164 22
15165 17
15166 72
15167 44
15168 37
15169 75
15170 36
15171 14
15172 20
15173 11
15174 81
15175 0
15176 55
15177 32
15178 3
15179 67
15180 78
15181 56
15182 38
15183 79
15184 54
15185 76
15186 62
15187 95
15188 49
15189 12
15190 86
15191 26
15192 28
15193 70
15194 87
15195 44
15196 13
15197 84
15198 50
15199 44
15200 22
15201 89
15202 39
15203 15
15204 94
15205 51
15206 12
15207 82
15208 22
15209 1
15210 86
15211 67
15212 44
15213 70
15214 99
15215 22
15216 47
15217 21
15218 65
15219 9
15220 9
15221 81
15222 36
15223 19
15224 51
15225 14
15226 79
15227 95
15228 62
15229 45
15230 82
15231 62
15232 82
15233 41
15234 27
15235 28
15236 32
15237 67
15238 89
15239 13
15240 31
15241 90
15242 12
15243 82
15244 29
15245 6
15246 57
15247 32
15248 33
15249 96
15250 23
15251 84
15252 77
15253 69
15254 55
15255 75
15256 23
15257 11
15258 12
15259 4
15260 31
15261 28
15262 4
15263 85
15264 82
15265 0
15266 81
15267 71
15268 13
15269 23
15270 38
15271 12
15272 63
15273 78
15274 48
15275 6
15276 83
15277 63
15278 52
15279 78
15280 66
15281 3
15282 92
15283 87
15284 92
15285 9
15286 91
15287 93
15288 59
15289 85
15290 54
15291 96
15292 97
15293 54
15294 50
15295 53
15296 61
15297 37
15298 76
15299 76
15300 77
15301 65
15302 30
15303 8
15304 84
15305 32
15306 31
15307 59
15308 27
15309 52
15310 50
15311 88
15312 70
15313 23
15314 86
15315 45
15316 44
15317 46
15318 67
15319 19
15320 98
15321 54
15322 14
15323 10
15324 9
15325 3
15326 3
15327 60
15328 84
15329 54
15330 4
15331 5
15332 31
15333 12
15334 84
15335 61
15336 14
15337 58
15338 39
15339 67
15340 60
15341 68
15342 30
15343 20
15344 45
15345 33
15346 16
15347 64
15348 92
15349 69
15350 8
15351 33
15352 96
15353 70
15354 10
15355 7
15356 86
15357 47
15358 45
15359 30
15360 52
15361 97
15362 76
15363 26
15364 18
15365 77
15366 88
15367 51
15368 15
15369 17
15370 88
15371 32
15372 44
15373 42
15374 59
15375 94
15376 2
15377 72
15378 62
15379 25
15380 19
15381 18
15382 55
15383 76
15384 62
15385 48
15386 7
15387 65
15388 72
15389 8
15390 44
15391 84
15392 25
15393 15
15394 96
15395 22
15396 44
15397 18
15398 83
15399 26
15400 22
15401 84
15402 3
15403 57
15404 28
15405 56
15406 68
15407 8
15408 47
15409 36
15410 47
15411 64
15412 2
15413 36
15414 24
15415 8
15416 4
15417 28
15418 88
15419 91
15420 61
15421 78
15422 92
15423 17
15424 25
15425 72
15426 75
15427 69
15428 18
15429 67
15430 86
15431 26
15432 97
15433 66
15434 91
15435 93
15436 29
15437 34
15438 65
15439 25
15440 13
15441 23
15442 92
15443 57
15444 51
15445 64
15446 62
15447 1
15448 15
15449 79
15450 50
15451 41
15452 1
15453 71
15454 82
15455 80
15456 68
15457 56
15458 21
15459 27
15460 62
15461 80
15462 10
15463 79
15464 69
15465 5
15466 19
15467 22
15468 87
15469 69
15470 0
15471 45
15472 49
15473 81
15474 31
15475 82
15476 53
15477 90
15478 95
15479 27
15480 37
15481 24
15482 34
15483 54
15484 9
15485 86
15486 6
15487 8
15488 9
15489 94
15490 33
15491 13
15492 25
15493 87
15494 28
15495 29
15496 63
15497 71
15498 82
15499 90
15500 82
15501 94
15502 56
15503 57
15504 32
15505 49
15506 30
15507 39
15508 75
15509 80
15510 34
15511 36
15512 36
15513 25
15514 23
15515 31
15516 63
15517 65
15518 99
15519 2
15520 75
15521 15
15522 6
15523 52
15524 54
15525 87
15526 37
15527 58
15528 14
15529 35
15530 91
15531 69
15532 49
15533 19
15534 1
15535 42
15536 79
15537 56
15538 36
15539 97
15540 13
15541 94
15542 9
15543 22
15544 44
15545 43
15546 97
15547 16
15548 39
15549 61
15550 37
15551 7
15552 72
15553 73
15554 46
15555 62
15556 80
15557 97
15558 38
15559 25
15560 61
15561 34
15562 17
15563 41
15564 92
15565 58
15566 74
15567 18
15568 87
15569 97
15570 55
15571 51
15572 11
15573 76
15574 93
15575 15
15576 19
15577 12
15578 62
15579 14
15580 90
15581 2
15582 13
15583 79
15584 60
15585 64
15586 45
15587 57
15588 56
15589 48
15590 37
15591 29
15592 81
15593 17
15594 43
15595 65
15596 53
15597 60
15598 40
15599 5
15600 14
15601 26
15602 26
15603 91
15604 37
15605 55
15606 14
15607 78
15608 41
15609 90
15610 79
15611 98
15612 40
15613 87
15614 85
15615 23
15616 44
15617 63
15618 70
15619 66
15620 35
15621 32
15622 24
15623 16
15624 46
15625 35
15626 69
15627 41
15628 64
15629 28
15630 93
15631 94
15632 10
15633 70
15634 57
15635 45
15636 25
15637 68
15638 74
15639 68
15640 68
15641 63
15642 77
15643 65
15644 69
15645 81
15646 97
15647 25
15648 5
15649 47
15650 0
15651 15
15652 34
15653 77
15654 99
15655 57
15656 2
15657 33
15658 43
15659 10
15660 71
15661 78
15662 84
15663 32
15664 6
15665 25
15666 60
15667 19
15668 74
15669 24
15670 76
15671 87
15672 90
15673 58
15674 1
15675 37
15676 11
15677 98
15678 8
15679 95
15680 9
15681 73
15682 48
15683 42
15684 44
15685 85
15686 98
15687 58
15688 59
15689 49
15690 22
15691 50
15692 25
15693 56
15694 36
15695 73
15696 77
15697 92
15698 28
15699 22
15700 47
15701 68
15702 26
15703 83
15704 58
15705 51
15706 11
15707 64
15708 17
15709 26
15710 73
15711 26
15712 12
15713 77
15714 39
15715 49
15716 76
15717 63
15718 93
15719 20
15720 14
15721 53
15722 35
15723 53
15724 21
15725 30
15726 58
15727 68
15728 96
15729 86
15730 36
15731 55
15732 46
15733 76
15734 81
15735 9
15736 16
15737 9
15738 58
15739 69
15740 23
15741 72
15742 27
15743 36
15744 88
15745 20
15746 57
15747 53
15748 87
15749 47
15750 6
15751 43
15752 48
15753 80
15754 34
15755 62
15756 77
15757 35
15758 14
15759 50
15760 32
15761 63
15762 44
15763 52
15764 52
15765 39
15766 77
15767 52
15768 59
15769 96
15770 39
15771 36
15772 18
15773 42
15774 45
15775 84
15776 32
15777 11
15778 10
15779 0
15780 91
15781 1
15782 70
15783 61
15784 27
15785 29
15786 79
15787 58
15788 91
15789 77
15790 83
15791 67
15792 24
15793 16
15794 21
15795 66
15796 47
15797 8
15798 42
15799 48
15800 18
15801 80
15802 91
15803 58
15804 64
15805 39
15806 93
15807 4
15808 62
15809 36
15810 33
15811 95
15812 92
15813 2
15814 83
15815 2
15816 24
15817 73
15818 86
15819 34
15820 32
15821 79
15822 39
15823 33
15824 95
15825 41
15826 80
15827 64
15828 81
15829 82
15830 83
15831 21
15832 11
15833 93
15834 68
15835 14
15836 26
15837 18
15838 72
15839 46
15840 58
15841 1
15842 75
15843 50
15844 25
15845 99
15846 13
15847 49
15848 59
15849 92
15850 55
15851 30
15852 39
15853 77
15854 8
15855 54
15856 66
15857 41
15858 74
15859 27
15860 35
15861 90
15862 26
15863 88
15864 56
15865 95
15866 58
15867 87
15868 13
15869 21
15870 24
15871 23
15872 31
15873 15
15874 80
15875 13
15876 24
15877 42
15878 72
15879 38
15880 30
15881 63
15882 14
15883 10
15884 99
15885 38
15886 62
15887 53
15888 18
15889 15
15890 34
15891 84
15892 73
15893 95
15894 52
15895 13
15896 30
15897 22
15898 15
15899 14
15900 46
15901 82
15902 42
15903 57
15904 64
15905 30
15906 57
15907 6
15908 67
15909 2
15910 15
15911 27
15912 25
15913 10
15914 68
15915 65
15916 50
15917 13
15918 9
15919 41
15920 30
15921 5
15922 63
15923 82
15924 25
15925 91
15926 79
15927 40
15928 59
15929 3
15930 46
15931 18
15932 49
15933 51
15934 34
15935 82
15936 90
15937 48
15938 43
15939 50
15940 5
15941 47
15942 28
15943 10
15944 43
15945 33
15946 80
15947 26
15948 59
15949 12
15950 66
15951 40
15952 55
15953 15
15954 91
15955 38
15956 97
15957 12
15958 17
15959 8
15960 56
15961 95
15962 23
15963 72
15964 42
15965 1
15966 27
15967 59
15968 71
15969 90
15970 3
15971 94
15972 81
15973 45
15974 95
15975 32
15976 85
15977 53
15978 93
15979 1
15980 16
15981 65
15982 25
15983 53
15984 68
15985 93
15986 60
15987 50
15988 33
15989 31
15990 69
15991 49
15992 28
15993 92
15994 33
15995 29
15996 38
15997 28
15998 47
15999 66
16000 36
16001 24
16002 22
16003 31
16004 99
16005 95
16006 73
16007 86
16008 67
16009 22
16010 15
16011 43
16012 22
16013 91
16014 63
16015 63
16016 91
16017 26
16018 14
16019 8
16020 10
16021 80
16022 30
16023 39
16024 16
16025 16
16026 47
16027 60
16028 14
16029 95
16030 15
16031 14
16032 26
16033 53
16034 42
16035 37
16036 29
16037 96
16038 70
16039 82
16040 63
16041 57
16042 34
16043 64
16044 45
16045 98
16046 87
16047 71
16048 69
16049 61
16050 82
16051 81
16052 12
16053 33
16054 57
16055 60
16056 19
16057 94
16058 38
16059 47
16060 48
16061 73
16062 25
16063 40
16064 17
16065 43
16066 78
16067 27
16068 32
16069 12
16070 65
16071 46
16072 58
16073 96
16074 3
16075 70
16076 85
16077 53
16078 55
16079 28
16080 86
16081 98
16082 51
16083 25
16084 15
16085 11
16086 7
16087 7
16088 51
16089 27
16090 66
16091 73
16092 26
16093 19
16094 15
16095 13
16096 84
16097 23
16098 95
16099 86
16100 17
16101 95
16102 35
16103 2
16104 5
16105 46
16106 84
16107 54
16108 14
16109 64
16110 61
16111 20
16112 68
16113 32
16114 23
16115 59
16116 39
16117 61
16118 58
16119 5
16120 91
16121 57
16122 90
16123 59
16124 17
16125 31
16126 5
16127 95
16128 8
16129 75
16130 91
16131 88
16132 39
16133 54
16134 8
16135 83
16136 11
16137 47
16138 36
16139 35
16140 54
16141 18
16142 33
16143 32
16144 92
16145 90
16146 9
16147 90
16148 28
16149 32
16150 12
16151 21
16152 27
16153 47
16154 57
16155 17
16156 97
16157 50
16158 2
16159 67
16160 89
16161 47
16162 8
16163 89
16164 34
16165 72
16166 51
16167 39
16168 71
16169 4
16170 16
16171 4
16172 94
16173 7
16174 51
16175 76
16176 8
16177 3
16178 43
16179 89
16180 98
16181 48
16182 4
16183 18
16184 79
16185 76
16186 24
16187 71
16188 35
16189 43
16190 70
16191 67
16192 22
16193 6
16194 64
16195 70
16196 79
16197 64
16198 89
16199 77
16200 89
16201 72
16202 88
16203 16
16204 2
16205 47
16206 36
16207 31
16208 58
16209 67
16210 18
16211 25
16212 34
16213 73
16214 20
16215 82
16216 76
16217 24
16218 67
16219 52
16220 4
16221 57
16222 22
16223 66
16224 35
16225 45
16226 93
16227 78
16228 87
16229 28
16230 0
16231 1
16232 48
16233 93
16234 22
16235 12
16236 0
16237 85
16238 41
16239 10
16240 79
16241 2
16242 33
16243 73
16244 80
16245 65
16246 11
16247 47
16248 96
16249 0
16250 96
16251 20
16252 59
16253 26
16254 83
16255 73
16256 34
16257 89
16258 97
16259 20
16260 97
16261 35
16262 16
16263 58
16264 75
16265 92
16266 44
16267 72
16268 96
16269 61
16270 79
16271 26
16272 2
16273 97
16274 64
16275 14
16276 40
16277 22
16278 87
16279 98
16280 96
16281 27
16282 95
16283 21
16284 80
16285 84
16286 63
16287 80
16288 26
16289 10
16290 23
16291 9
16292 65
16293 48
16294 89
16295 78
16296 34
16297 34
16298 82
16299 80
16300 26
16301 84
16302 78
16303 8
16304 25
16305 27
16306 52
16307 51
16308 42
16309 48
16310 91
16311 97
16312 98
16313 35
16314 9
16315 76
16316 93
16317 30
16318 46
16319 61
16320 45
16321 84
16322 5
16323 18
16324 58
16325 63
16326 67
16327 1
16328 2
16329 59
16330 20
16331 66
16332 38
16333 80
16334 35
16335 2
16336 95
16337 25
16338 81
16339 30
16340 59
16341 87
16342 38
16343 62
16344 21
16345 90
16346 21
16347 91
16348 50
16349 8
16350 28
16351 47
16352 0
16353 16
16354 45
16355 85
16356 26
16357 42
16358 97
16359 2
16360 48
16361 71
16362 8
16363 42
16364 68
16365 51
16366 51
16367 86
16368 41
16369 0
16370 62
16371 92
16372 1
16373 11
16374 68
16375 68
16376 70
16377 61
16378 6
16379 67
16380 29
16381 37
16382 76
16383 38
16384 32
16385 92
16386 13
16387 37
16388 6
16389 7
16390 3
16391 61
16392 94
16393 69
16394 43
16395 52
16396 33
16397 32
16398 7
16399 32
16400 10
16401 62
16402 69
16403 5
16404 53
16405 85
16406 94
16407 88
16408 93
16409 71
16410 47
16411 2
16412 98
16413 18
16414 88
16415 76
16416 56
16417 73
16418 38
16419 62
16420 78
16421 20
16422 39
16423 68
16424 28
16425 91
16426 57
16427 80
16428 4
16429 2
16430 25
16431 24
16432 40
16433 88
16434 50
16435 44
16436 91
16437 26
16438 82
16439 57
16440 8
16441 65
16442 5
16443 38
16444 22
16445 14
16446 59
16447 33
16448 29
16449 39
16450 36
16451 74
16452 54
16453 48
16454 91
16455 66
16456 21
16457 29
16458 75
16459 39
16460 84
16461 62
16462 33
16463 45
16464 97
16465 16
16466 51
16467 19
16468 67
16469 54
16470 48
16471 33
16472 33
16473 5
16474 41
16475 92
16476 95
16477 95
16478 54
16479 87
16480 71
16481 81
16482 63
16483 99
16484 14
16485 26
16486 54
16487 78
16488 15
16489 27
16490 78
16491 86
16492 42
16493 94
16494 89
16495 21
16496 51
16497 3
16498 51
16499 45
16500 31
16501 82
16502 73
16503 90
16504 52
16505 29
16506 38
16507 99
16508 11
16509 87
16510 98
16511 23
16512 79
16513 13
16514 52
16515 0
16516 53
16517 58
16518 76
16519 81
16520 45
16521 65
16522 72
16523 41
16524 3
16525 99
16526 0
16527 83
16528 77
16529 50
16530 5
16531 30
16532 24
16533 93
16534 46
16535 95
16536 95
16537 2
16538 57
16539 50
16540 32
16541 99
16542 4
16543 54
16544 13
16545 98
16546 50
16547 16
16548 46
16549 7
16550 56
16551 37
16552 94
16553 44
16554 21
16555 84
16556 86
16557 74
16558 56
16559 25
16560 4
16561 25
16562 35
16563 37
16564 60
16565 67
16566 44
16567 49
16568 85
16569 16
16570 31
16571 93
16572 11
16573 1
16574 58
16575 96
16576 55
16577 38
16578 20
16579 91
16580 4
16581 98
16582 60
16583 50
16584 0
16585 20
16586 51
16587 45
16588 36
16589 12
16590 92
16591 77
16592 78
16593 22
16594 95
16595 97
16596 1
16597 86
16598 36
16599 13
16600 32
16601 38
16602 11
16603 47
16604 2
16605 94
16606 99
16607 6
16608 71
16609 76
16610 44
16611 89
16612 97
16613 66
16614 79
16615 24
16616 94
16617 64
16618 20
16619 5
16620 92
16621 64
16622 36
16623 5
16624 65
16625 78
16626 24
16627 78
16628 85
16629 30
16630 48
16631 27
16632 42
16633 88
16634 94
16635 44
16636 11
16637 68
16638 19
16639 14
16640 22
16641 91
16642 12
16643 0
16644 83
16645 88
16646 92
16647 90
16648 80
16649 29
16650 2
16651 91
16652 82
16653 10
16654 99
16655 92
16656 29
16657 9
16658 4
16659 60
16660 70
16661 49
16662 32
16663 91
16664 56
16665 78
16666 43
16667 46
16668 57
16669 56
16670 91
16671 60
16672 40
16673 99
16674 7
16675 3
16676 40
16677 69
16678 90
16679 48
16680 88
16681 88
16682 86
16683 50
16684 84
16685 71
16686 31
16687 20
16688 89
16689 38
16690 43
16691 58
16692 72
16693 73
16694 51
16695 38
16696 42
16697 17
16698 41
16699 60
16700 61
16701 21
16702 88
16703 59
16704 85
16705 1
16706 45
16707 39
16708 61
16709 87
16710 41
16711 13
16712 91
16713 80
16714 14
16715 20
16716 93
16717 6
16718 86
16719 37
16720 21
16721 34
16722 22
16723 90
16724 95
16725 78
16726 51
16727 85
16728 62
16729 54
16730 75
16731 99
16732 87
16733 78
16734 53
16735 33
16736 19
16737 28
16738 22
16739 38
16740 97
16741 75
16742 18
16743 44
16744 53
16745 2
16746 90
16747 29
16748 94
16749 70
16750 71
16751 75
16752 64
16753 46
16754 71
16755 48
16756 77
16757 70
16758 26
16759 53
16760 3
16761 51
16762 31
16763 22
16764 33
16765 70
16766 87
16767 91
16768 60
16769 14
16770 11
16771 37
16772 59
16773 44
16774 46
16775 21
16776 88
16777 34
16778 20
16779 72
16780 82
16781 88
16782 67
16783 11
16784 43
16785 0
16786 90
16787 13
16788 58
16789 86
16790 83
16791 75
16792 85
16793 98
16794 1
16795 13
16796 76
16797 21
16798 69
16799 26
16800 84
16801 23
16802 56
16803 53
16804 57
16805 73
16806 39
16807 75
16808 33
16809 6
16810 61
16811 31
16812 21
16813 80
16814 8
16815 80
16816 62
16817 9
16818 33
16819 95
16820 69
16821 33
16822 33
16823 79
16824 38
16825 98
16826 42
16827 42
16828 64
16829 17
16830 84
16831 36
16832 12
16833 58
16834 21
16835 72
16836 3
16837 45
16838 48
16839 96
16840 17
16841 97
16842 91
16843 92
16844 61
16845 76
16846 97
16847 82
16848 19
16849 32
16850 4
16851 57
16852 95
16853 25
16854 33
16855 61
16856 13
16857 19
16858 4
16859 82
16860 68
16861 0
16862 6
16863 64
16864 27
16865 72
16866 70
16867 50
16868 54
16869 48
16870 68
16871 90
16872 91
16873 39
16874 83
16875 9
16876 97
16877 84
16878 28
16879 9
16880 7
16881 64
16882 49
16883 13
16884 44
16885 94
16886 82
16887 30
16888 44
16889 76
16890 29
16891 87
16892 92
16893 79
16894 1
16895 59
16896 90
16897 7
16898 32
16899 97
16900 44
16901 37
16902 89
16903 91
16904 97
16905 49
16906 53
16907 20
16908 91
16909 53
16910 24
16911 27
16912 45
16913 97
16914 59
16915 63
16916 40
16917 82
16918 52
16919 60
16920 25
16921 3
16922 70
16923 18
16924 48
16925 26
16926 21
16927 67
16928 12
16929 95
16930 91
16931 91
16932 80
16933 73
16934 62
16935 69
16936 34
16937 88
16938 50
16939 32
16940 18
16941 25
16942 80
16943 98
16944 72
16945 2
16946 14
16947 56
16948 11
16949 22
16950 48
16951 12
16952 57
16953 36
16954 20
16955 1
16956 41
16957 57
16958 52
16959 93
16960 81
16961 50
16962 51
16963 55
16964 63
16965 45
16966 98
16967 62
16968 94
16969 9
16970 26
16971 66
16972 83
16973 20
16974 25
16975 66
16976 62
16977 20
16978 57
16979 60
16980 99
16981 93
16982 24
16983 8
16984 56
16985 63
16986 78
16987 9
16988 40
16989 44
16990 87
16991 31
16992 0
16993 57
16994 81
16995 27
16996 64
16997 60
16998 84
16999 45
17000 40
17001 99
17002 96
17003 26
17004 75
17005 46
17006 17
17007 4
17008 19
17009 10
17010 65
17011 62
17012 75
17013 4
17014 94
17015 15
17016 22
17017 80
17018 15
17019 65
17020 66
17021 30
17022 73
17023 42
17024 89
17025 38
17026 21
17027 65
17028 11
17029 33
17030 81
17031 90
17032 18
17033 10
17034 95
17035 40
17036 29
17037 12
17038 85
17039 72
17040 39
17041 30
17042 85
17043 48
17044 12
17045 55
17046 24
17047 74
17048 20
17049 27
17050 53
17051 23
17052 6
17053 66
17054 49
17055 88
17056 51
17057 30
17058 79
17059 78
17060 38
17061 56
17062 2
17063 21
17064 27
17065 81
17066 8
17067 68
17068 31
17069 96
17070 60
17071 23
17072 81
17073 21
17074 58
17075 10
17076 73
17077 85
17078 18
17079 91
17080 39
17081 44
17082 45
17083 95
17084 58
17085 9
17086 95
17087 97
17088 7
17089 75
17090 64
17091 15
17092 55
17093 83
17094 92
17095 37
17096 76
17097 80
17098 78
17099 67
17100 17
17101 77
17102 39
17103 74
17104 1
17105 3
17106 53
17107 0
17108 57
17109 24
17110 22
17111 30
17112 45
17113 31
17114 32
17115 25
17116 26
17117 6
17118 9
17119 34
17120 36
17121 84
17122 4
17123 30
17124 97
17125 24
17126 95
17127 15
17128 13
17129 1
17130 76
17131 91
17132 10
17133 56
17134 29
17135 1
17136 51
17137 37
17138 39
17139 5
17140 6
17141 44
17142 64
17143 19
17144 9
17145 76
17146 57
17147 63
17148 7
17149 28
17150 89
17151 9
17152 91
17153 23
17154 65
17155 62
17156 5
17157 32
17158 38
17159 30
17160 53
17161 30
17162 7
17163 72
17164 67
17165 41
17166 42
17167 83
17168 97
17169 50
17170 93
17171 18
17172 92
17173 36
17174 3
17175 75
17176 25
17177 16
17178 49
17179 72
17180 50
17181 63
17182 47
17183 4
17184 7
17185 64
17186 79
17187 11
17188 14
17189 55
17190 7
17191 93
17192 62
17193 63
17194 31
17195 6
17196 49
17197 94
17198 96
17199 49
17200 41
17201 95
17202 95
17203 22
17204 0
17205 16
17206 99
17207 44
17208 21
17209 81
17210 45
17211 80
17212 23
17213 79
17214 54
17215 16
17216 83
17217 88
17218 53
17219 41
17220 85
17221 30
17222 23
17223 21
17224 68
17225 71
17226 11
17227 77
17228 7
17229 51
17230 9
17231 81
17232 63
17233 19
17234 61
17235 75
17236 53
17237 44
17238 44
17239 78
17240 0
17241 37
17242 97
17243 54
17244 90
17245 77
17246 18
17247 79
17248 82
17249 51
17250 85
17251 6
17252 91
17253 27
17254 99
17255 86
17256 70
17257 12
17258 16
17259 18
17260 11
17261 94
17262 7
17263 22
17264 36
17265 13
17266 31
17267 53
17268 51
17269 56
17270 50
17271 70
17272 80
17273 94
17274 81
17275 61
17276 14
17277 64
17278 34
17279 37
17280 84
17281 4
17282 73
17283 19
17284 71
17285 40
17286 74
17287 46
17288 51
17289 46
17290 99
17291 55
17292 21
17293 8
17294 59
17295 58
17296 7
17297 68
17298 84
17299 68
17300 89
17301 74
17302 5
17303 77
17304 5
17305 62
17306 97
17307 54
17308 71
17309 80
17310 95
17311 64
17312 46
17313 78
17314 7
17315 47
17316 58
17317 6
17318 23
17319 79
17320 75
17321 4
17322 7
17323 33
17324 59
17325 86
17326 78
17327 90
17328 7
17329 88
17330 25
17331 91
17332 7
17333 88
17334 98
17335 49
17336 47
17337 47
17338 74
17339 27
17340 76
17341 67
17342 16
17343 51
17344 15
17345 33
17346 7
17347 82
17348 80
17349 94
17350 22
17351 45
17352 89
17353 92
17354 85
17355 34
17356 62
17357 72
17358 45
17359 35
17360 3
17361 14
17362 54
17363 53
17364 36
17365 38
17366 65
17367 3
17368 85
17369 51
17370 61
17371 64
17372 89
17373 72
17374 71
17375 29
17376 65
17377 40
17378 59
17379 83
17380 0
17381 85
17382 23
17383 60
17384 22
17385 28
17386 59
17387 64
17388 89
17389 44
17390 48
17391 59
17392 98
17393 0
17394 41
17395 59
17396 42
17397 32
17398 91
17399 25
17400 77
17401 11
17402 72
17403 75
17404 22
17405 65
17406 9
17407 48
17408 4
17409 4
17410 99
17411 3
17412 53
17413 39
17414 70
17415 19
17416 92
17417 63
17418 51
17419 97
17420 29
17421 81
17422 8
17423 47
17424 34
17425 38
17426 0
17427 87
17428 58
17429 34
17430 64
17431 90
17432 5
17433 77
17434 52
17435 94
17436 88
17437 54
17438 89
17439 96
17440 66
17441 62
17442 49
17443 49
17444 74
17445 95
17446 26
17447 66
17448 10
17449 52
17450 83
17451 55
17452 21
17453 71
17454 18
17455 2
17456 39
17457 26
17458 81
17459 46
17460 90
17461 71
17462 67
17463 5
17464 79
17465 33
17466 52
17467 6
17468 81
17469 80
17470 35
17471 15
17472 20
17473 63
17474 31
17475 71
17476 56
17477 22
17478 58
17479 59
17480 3
17481 10
17482 5
17483 46
17484 30
17485 70
17486 67
17487 74
17488 15
17489 61
17490 91
17491 82
17492 49
17493 27
17494 42
17495 99
17496 30
17497 76
17498 15
17499 43
17500 1
17501 74
17502 39
17503 5
17504 42
17505 94
17506 8
17507 9
17508 20
17509 25
17510 95
17511 75
17512 22
17513 95
17514 9
17515 76
17516 16
17517 19
17518 48
17519 46
17520 38
17521 92
17522 12
17523 5
17524 60
17525 38
17526 21
17527 61
17528 45
17529 19
17530 5
17531 83
17532 95
17533 79
17534 57
17535 76
17536 67
17537 24
17538 26
17539 80
17540 4
17541 99
17542 75
17543 13
17544 90
17545 2
17546 54
17547 36
17548 26
17549 74
17550 86
17551 54
17552 41
17553 79
17554 73
17555 30
17556 3
17557 48
17558 23
17559 59
17560 39
17561 46
17562 84
17563 18
17564 11
17565 84
17566 15
17567 39
17568 6
17569 10
17570 84
17571 56
17572 47
17573 6
17574 8
17575 54
17576 17
17577 49
17578 44
17579 67
17580 71
17581 8
17582 97
17583 52
17584 82
17585 58
17586 30
17587 1
17588 95
17589 60
17590 80
17591 69
17592 56
17593 77
17594 63
17595 85
17596 62
17597 42
17598 99
17599 79
17600 7
17601 53
17602 40
17603 15
17604 60
17605 38
17606 55
17607 13
17608 73
17609 37
17610 31
17611 99
17612 60
17613 13
17614 67
17615 82
17616 15
17617 30
17618 68
17619 76
17620 73
17621 35
17622 59
17623 74
17624 0
17625 26
17626 25
17627 26
17628 81
17629 50
17630 82
17631 70
17632 35
17633 6
17634 75
17635 90
17636 88
17637 51
17638 55
17639 9
17640 50
17641 46
17642 60
17643 42
17644 20
17645 61
17646 48
17647 73
17648 4
17649 17
17650 49
17651 66
17652 59
17653 22
17654 21
17655 39
17656 8
17657 53
17658 87
17659 52
17660 47
17661 36
17662 57
17663 40
17664 33
17665 97
17666 14
17667 78
17668 58
17669 46
17670 86
17671 99
17672 30
17673 25
17674 16
17675 90
17676 72
17677 54
17678 16
17679 18
17680 12
17681 73
17682 99
17683 95
17684 49
17685 2
17686 15
17687 99
17688 80
17689 69
17690 69
17691 94
17692 22
17693 35
17694 50
17695 86
17696 82
17697 73
17698 81
17699 48
17700 34
17701 66
17702 1
17703 65
17704 3
17705 26
17706 31
17707 10
17708 95
17709 68
17710 54
17711 16
17712 93
17713 89
17714 67
17715 90
17716 26
17717 87
17718 90
17719 47
17720 79
17721 44
17722 83
17723 42
17724 56
17725 10
17726 19
17727 89
17728 23
17729 56
17730 24
17731 30
17732 20
17733 26
17734 90
17735 41
17736 11
17737 88
17738 56
17739 25
17740 89
17741 88
17742 61
17743 56
17744 65
17745 70
17746 80
17747 18
17748 98
17749 77
17750 72
17751 79
17752 68
17753 9
17754 93
17755 55
17756 78
17757 69
17758 44
17759 48
17760 47
17761 96
17762 38
17763 94
17764 91
17765 10
17766 97
17767 85
17768 71
17769 34
17770 0
17771 90
17772 67
17773 83
17774 73
17775 35
17776 23
17777 4
17778 45
17779 24
17780 79
17781 34
17782 97
17783 56
17784 0
17785 26
17786 95
17787 37
17788 2
17789 78
17790 78
17791 12
17792 88
17793 29
17794 45
17795 95
17796 93
17797 30
17798 95
17799 79
17800 81
17801 3
17802 56
17803 72
17804 7
17805 89
17806 55
17807 83
17808 51
17809 61
17810 45
17811 85
17812 15
17813 19
17814 92
17815 93
17816 83
17817 30
17818 39
17819 10
17820 37
17821 4
17822 6
17823 85
17824 99
17825 90
17826 19
17827 32
17828 19
17829 17
17830 7
17831 41
17832 95
17833 66
17834 5
17835 75
17836 62
17837 38
17838 56
17839 85
17840 98
17841 9
17842 29
17843 50
17844 86
17845 39
17846 74
17847 30
17848 79
17849 89
17850 42
17851 47
17852 95
17853 97
17854 35
17855 73
17856 22
17857 17
17858 10
17859 32
17860 17
17861 72
17862 18
17863 0
17864 55
17865 89
17866 38
17867 76
17868 31
17869 63
17870 66
17871 35
17872 85
17873 79
17874 89
17875 49
17876 79
17877 27
17878 26
17879 39
17880 86
17881 35
17882 35
17883 67
17884 81
17885 57
17886 5
17887 84
17888 76
17889 31
17890 29
17891 18
17892 98
17893 87
17894 98
17895 85
17896 28
17897 22
17898 52
17899 8
17900 65
17901 72
17902 97
17903 93
17904 36
17905 56
17906 42
17907 98
17908 62
17909 44
17910 29
17911 9
17912 33
17913 64
17914 35
17915 29
17916 86
17917 60
17918 88
17919 79
17920 51
17921 81
17922 13
17923 64
17924 78
17925 6
17926 69
17927 33
17928 14
17929 10
17930 1
17931 67
17932 38
17933 58
17934 81
17935 18
17936 90
17937 25
17938 69
17939 34
17940 22
17941 20
17942 21
17943 41
17944 32
17945 18
17946 49
17947 37
17948 12
17949 25
17950 51
17951 58
17952 46
17953 90
17954 22
17955 87
17956 97
17957 93
17958 27
17959 28
17960 19
17961 52
17962 52
17963 83
17964 17
17965 79
17966 43
17967 61
17968 75
17969 20
17970 52
17971 0
17972 70
17973 43
17974 63
17975 34
17976 94
17977 66
17978 58
17979 28
17980 22
17981 17
17982 59
17983 80
17984 45
17985 44
17986 38
17987 68
17988 19
17989 38
17990 72
17991 6
17992 85
17993 13
17994 65
17995 56
17996 1
17997 50
17998 88
17999 11
18000 30
18001 19
18002 38
18003 14
18004 94
18005 7
18006 63
18007 83
18008 94
18009 40
18010 84
18011 69
18012 33
18013 77
18014 63
18015 60
18016 97
18017 44
18018 54
18019 42
18020 20
18021 29
18022 4
18023 53
18024 35
18025 27
18026 23
18027 57
18028 32
18029 29
18030 12
18031 10
18032 44
18033 43
18034 62
18035 63
18036 31
18037 62
18038 22
18039 64
18040 18
18041 17
18042 55
18043 59
18044 30
18045 6
18046 5
18047 86
18048 80
18049 14
18050 7
18051 82
18052 20
18053 32
18054 16
18055 53
18056 34
18057 18
18058 72
18059 11
18060 8
18061 46
18062 73
18063 87
18064 19
18065 8
18066 24
18067 1
18068 57
18069 16
18070 70
18071 4
18072 70
18073 14
18074 54
18075 72
18076 38
18077 2
18078 92
18079 20
18080 17
18081 45
18082 38
18083 77
18084 94
18085 8
18086 28
18087 66
18088 63
18089 63
18090 56
18091 21
18092 40
18093 54
18094 18
18095 96
18096 94
18097 51
18098 88
18099 8
18100 94
18101 24
18102 51
18103 43
18104 80
18105 14
18106 68
18107 38
18108 31
18109 20
18110 39
18111 53
18112 55
18113 20
18114 86
18115 98
18116 48
18117 4
18118 29
18119 39
18120 86
18121 59
18122 60
18123 29
18124 52
18125 80
18126 17
18127 81
18128 53
18129 39
18130 50
18131 37
18132 50
18133 27
18134 69
18135 35
18136 35
18137 0
18138 47
18139 92
18140 41
18141 70
18142 57
18143 30
18144 15
18145 2
18146 51
18147 38
18148 0
18149 3
18150 93
18151 35
18152 77
18153 77
18154 88
18155 36
18156 85
18157 51
18158 93
18159 21
18160 77
18161 50
18162 6
18163 43
18164 83
18165 88
18166 52
18167 53
18168 8
18169 31
18170 0
18171 61
18172 68
18173 24
18174 56
18175 33
18176 48
18177 75
18178 45
18179 41
18180 13
18181 54
18182 6
18183 8
18184 94
18185 72
18186 71
18187 81
18188 50
18189 50
18190 29
18191 28
18192 28
18193 83
18194 22
18195 33
18196 75
18197 97
18198 44
18199 53
18200 0
18201 84
18202 26
18203 93
18204 95
18205 21
18206 22
18207 11
18208 8
18209 36
18210 75
18211 74
18212 72
18213 44
18214 53
18215 38
18216 96
18217 11
18218 94
18219 57
18220 92
18221 64
18222 60
18223 36
18224 55
18225 27
18226 25
18227 61
18228 73
18229 45
18230 67
18231 51
18232 29
18233 47
18234 42
18235 4
18236 97
18237 13
18238 32
18239 25
18240 52
18241 83
18242 85
18243 84
18244 36
18245 28
18246 43
18247 48
18248 18
18249 38
18250 20
18251 59
18252 57
18253 59
18254 26
18255 69
18256 9
18257 46
18258 87
18259 82
18260 38
18261 12
18262 24
18263 19
18264 83
18265 0
18266 47
18267 60
18268 63
18269 77
18270 15
18271 83
18272 78
18273 77
18274 40
18275 33
18276 48
18277 53
18278 3
18279 1
18280 26
18281 90
18282 83
18283 25
18284 23
18285 7
18286 1
18287 51
18288 11
18289 39
18290 39
18291 62
18292 63
18293 35
18294 73
18295 61
18296 36
18297 90
18298 48
18299 30
18300 60
18301 4
18302 48
18303 57
18304 15
18305 93
18306 16
18307 97
18308 19
18309 38
18310 80
18311 3
18312 43
18313 21
18314 41
18315 71
18316 77
18317 73
18318 71
18319 12
18320 43
18321 39
18322 11
18323 5
18324 55
18325 19
18326 48
18327 50
18328 31
18329 71
18330 18
18331 49
18332 64
18333 82
18334 9
18335 19
18336 86
18337 53
18338 77
18339 94
18340 83
18341 7
18342 62
18343 54
18344 29
18345 50
18346 67
18347 45
18348 89
18349 26
18350 28
18351 8
18352 35
18353 15
18354 70
18355 68
18356 72
18357 59
18358 4
18359 42
18360 26
18361 69
18362 67
18363 18
18364 25
18365 6
18366 16
18367 3
18368 53
18369 95
18370 59
18371 95
18372 79
18373 87
18374 5
18375 29
18376 28
18377 94
18378 90
18379 9
18380 20
18381 19
18382 42
18383 39
18384 66
18385 41
18386 26
18387 30
18388 12
18389 89
18390 88
18391 90
18392 75
18393 2
18394 45
18395 19
18396 31
18397 24
18398 66
18399 87
18400 83
18401 21
18402 86
18403 11
18404 33
18405 6
18406 26
18407 15
18408 55
18409 51
18410 80
18411 44
18412 16
18413 71
18414 71
18415 99
18416 19
18417 1
18418 27
18419 15
18420 3
18421 16
18422 18
18423 83
18424 24
18425 79
18426 58
18427 79
18428 97
18429 84
18430 29
18431 73
18432 3
18433 26
18434 84
18435 32
18436 0
18437 6
18438 14
18439 25
18440 71
18441 84
18442 35
18443 63
18444 23
18445 85
18446 30
18447 77
18448 65
18449 30
18450 87
18451 3
18452 7
18453 54
18454 31
18455 58
18456 51
18457 8
18458 7
18459 1
18460 14
18461 79
18462 67
18463 7
18464 50
18465 31
18466 81
18467 0
18468 97
18469 65
18470 76
18471 73
18472 54
18473 30
18474 53
18475 20
18476 63
18477 98
18478 61
18479 15
18480 49
18481 20
18482 48
18483 75
18484 31
18485 26
18486 44
18487 70
18488 44
18489 38
18490 56
18491 82
18492 95
18493 38
18494 19
18495 99
18496 2
18497 40
18498 52
18499 98
18500 17
18501 96
18502 89
18503 83
18504 63
18505 29
18506 12
18507 11
18508 6
18509 28
18510 34
18511 75
18512 80
18513 18
18514 24
18515 83
18516 97
18517 71
18518 16
18519 44
18520 2
18521 21
18522 76
18523 9
18524 84
18525 94
18526 11
18527 40
18528 83
18529 72
18530 97
18531 14
18532 74
18533 71
18534 10
18535 46
18536 80
18537 37
18538 18
18539 99
18540 10
18541 32
18542 43
18543 84
18544 72
18545 60
18546 22
18547 36
18548 51
18549 13
18550 91
18551 82
18552 57
18553 24
18554 44
18555 76
18556 41
18557 64
18558 88
18559 84
18560 78
18561 92
18562 34
18563 71
18564 97
18565 54
18566 28
18567 63
18568 76
18569 65
18570 3
18571 65
18572 64
18573 9
18574 86
18575 83
18576 60
18577 45
18578 45
18579 57
18580 19
18581 9
18582 81
18583 79
18584 25
18585 19
18586 65
18587 45
18588 44
18589 55
18590 62
18591 53
18592 54
18593 37
18594 28
18595 90
18596 42
18597 44
18598 92
18599 32
18600 50
18601 16
18602 80
18603 47
18604 71
18605 23
18606 55
18607 55
18608 85
18609 8
18610 32
18611 97
18612 25
18613 17
18614 26
18615 72
18616 40
18617 91
18618 9
18619 37
18620 60
18621 7
18622 85
18623 38
18624 17
18625 71
18626 41
18627 41
18628 41
18629 34
18630 63
18631 1
18632 80
18633 10
18634 7
18635 4
18636 79
18637 5
18638 83
18639 53
18640 71
18641 72
18642 62
18643 8
18644 22
18645 31
18646 73
18647 53
18648 36
18649 6
18650 30
18651 79
18652 10
18653 3
18654 23
18655 81
18656 29
18657 2
18658 57
18659 86
18660 52
18661 90
18662 89
18663 10
18664 59
18665 69
18666 99
18667 75
18668 21
18669 41
18670 11
18671 29
18672 14
18673 74
18674 66
18675 68
18676 10
18677 48
18678 7
18679 36
18680 83
18681 67
18682 83
18683 10
18684 39
18685 73
18686 50
18687 11
18688 34
18689 76
18690 44
18691 38
18692 20
18693 29
18694 7
18695 10
18696 83
18697 68
18698 81
18699 9
18700 60
18701 24
18702 82
18703 49
18704 33
18705 77
18706 35
18707 10
18708 94
18709 90
18710 34
18711 11
18712 19
18713 54
18714 72
18715 27
18716 27
18717 95
18718 0
18719 25
18720 77
18721 38
18722 94
18723 61
18724 63
18725 79
18726 47
18727 58
18728 57
18729 18
18730 48
18731 53
18732 64
18733 66
18734 14
18735 70
18736 28
18737 56
18738 15
18739 32
18740 36
18741 8
18742 48
18743 72
18744 28
18745 39
18746 77
18747 51
18748 71
18749 34
18750 12
18751 49
18752 96
18753 56
18754 17
18755 99
18756 91
18757 76
18758 28
18759 81
18760 48
18761 13
18762 10
18763 47
18764 66
18765 88
18766 52
18767 3
18768 81
18769 35
18770 42
18771 41
18772 45
18773 59
18774 72
18775 77
18776 40
18777 3
18778 24
18779 19
18780 28
18781 35
18782 15
18783 17
18784 54
18785 27
18786 10
18787 55
18788 62
18789 69
18790 75
18791 65
18792 77
18793 19
18794 8
18795 73
18796 66
18797 44
18798 1
18799 51
18800 92
18801 29
18802 74
18803 68
18804 9
18805 91
18806 61
18807 65
18808 40
18809 93
18810 11
18811 45
18812 72
18813 35
18814 59
18815 53
18816 9
18817 1
18818 36
18819 0
18820 69
18821 39
18822 90
18823 3
18824 1
18825 13
18826 58
18827 59
18828 96
18829 84
18830 1
18831 93
18832 86
18833 98
18834 55
18835 78
18836 38
18837 16
18838 53
18839 95
18840 22
18841 62
18842 18
18843 90
18844 27
18845 7
18846 78
18847 57
18848 78
18849 26
18850 18
18851 30
18852 78
18853 81
18854 76
18855 82
18856 36
18857 38
18858 21
18859 18
18860 48
18861 63
18862 5
18863 65
18864 92
18865 49
18866 48
18867 56
18868 83
18869 62
18870 59
18871 3
18872 69
18873 89
18874 12
18875 51
18876 73
18877 13
18878 87
18879 40
18880 18
18881 83
18882 98
18883 86
18884 12
18885 20
18886 39
18887 15
18888 2
18889 90
18890 59
18891 63
18892 85
18893 24
18894 50
18895 31
18896 22
18897 15
18898 27
18899 72
18900 7
18901 48
18902 46
18903 56
18904 51
18905 87
18906 22
18907 45
18908 7
18909 9
18910 29
18911 7
18912 67
18913 17
18914 5
18915 70
18916 27
18917 49
18918 28
18919 78
18920 57
18921 49
18922 43
18923 18
18924 22
18925 59
18926 3
18927 92
18928 3
18929 93
18930 89
18931 27
18932 70
18933 32
18934 39
18935 48
18936 96
18937 67
18938 59
18939 38
18940 85
18941 25
18942 8
18943 96
18944 8
18945 97
18946 86
18947 62
18948 76
18949 86
18950 95
18951 54
18952 2
18953 64
18954 32
18955 96
18956 30
18957 4
18958 73
18959 65
18960 12
18961 91
18962 55
18963 29
18964 1
18965 47
18966 36
18967 4
18968 82
18969 97
18970 81
18971 17
18972 50
18973 68
18974 11
18975 97
18976 34
18977 56
18978 69
18979 94
18980 77
18981 2
18982 85
18983 12
18984 31
18985 11
18986 78
18987 84
18988 23
18989 91
18990 58
18991 85
18992 76
18993 55
18994 10
18995 48
18996 65
18997 53
18998 94
18999 10
19000 43
19001 15
19002 54
19003 99
19004 0
19005 45
19006 94
19007 96
19008 26
19009 99
19010 21
19011 21
19012 36
19013 13
19014 98
19015 60
19016 9
19017 94
19018 82
19019 98
19020 50
19021 0
19022 69
19023 7
19024 82
19025 93
19026 13
19027 83
19028 63
19029 34
19030 20
19031 57
19032 77
19033 94
19034 37
19035 33
19036 85
19037 39
19038 59
19039 85
19040 53
19041 2
19042 39
19043 72
19044 11
19045 79
19046 40
19047 62
19048 54
19049 35
19050 2
19051 65
19052 23
19053 76
19054 10
19055 20
19056 25
19057 39
19058 80
19059 59
19060 64
19061 89
19062 30
19063 36
19064 72
19065 11
19066 91
19067 79
19068 87
19069 20
19070 55
19071 52
19072 50
19073 89
19074 83
19075 7
19076 12
19077 91
19078 64
19079 13
19080 60
19081 40
19082 58
19083 29
19084 46
19085 12
19086 70
19087 5
19088 37
19089 2
19090 88
19091 46
19092 32
19093 30
19094 38
19095 32
19096 7
19097 59
19098 10
19099 22
19100 41
19101 49
19102 15
19103 70
19104 75
19105 35
19106 8
19107 56
19108 33
19109 51
19110 14
19111 75
19112 25
19113 29
19114 0
19115 91
19116 80
19117 79
19118 44
19119 58
19120 63
19121 49
19122 27
19123 10
19124 47
19125 84
19126 30
19127 25
19128 27
19129 35
19130 77
19131 71
19132 77
19133 60
19134 88
19135 33
19136 13
19137 56
19138 15
19139 42
19140 39
19141 58
19142 35
19143 24
19144 99
19145 39
19146 62
19147 55
19148 9
19149 15
19150 65
19151 59
19152 18
19153 43
19154 54
19155 91
19156 96
19157 61
19158 27
19159 89
19160 44
19161 2
19162 88
19163 12
19164 31
19165 72
19166 23
19167 68
19168 26
19169 90
19170 29
19171 16
19172 1
19173 11
19174 81
19175 65
19176 16
19177 0
19178 31
19179 62
19180 5
19181 40
19182 82
19183 90
19184 78
19185 92
19186 47
19187 51
19188 66
19189 97
19190 51
19191 49
19192 19
19193 89
19194 67
19195 90
19196 12
19197 32
19198 62
19199 69
19200 92
19201 82
19202 87
19203 15
19204 64
19205 92
19206 54
19207 76
19208 30
19209 14
19210 73
19211 9
19212 75
19213 85
19214 38
19215 80
19216 64
19217 49
19218 12
19219 55
19220 61
19221 28
19222 87
19223 45
19224 44
19225 6
19226 70
19227 16
19228 34
19229 73
19230 52
19231 62
19232 46
19233 55
19234 98
19235 75
19236 78
19237 1
19238 80
19239 17
19240 82
19241 98
19242 64
19243 27
19244 77
19245 15
19246 2
19247 72
19248 11
19249 57
19250 75
19251 86
19252 26
19253 23
19254 30
19255 21
19256 43
19257 53
19258 34
19259 88
19260 72
19261 98
19262 23
19263 70
19264 64
19265 48
19266 71
19267 90
19268 84
19269 61
19270 99
19271 81
19272 40
19273 30
19274 43
19275 59
19276 25
19277 27
19278 82
19279 50
19280 19
19281 83
19282 67
19283 13
19284 10
19285 16
19286 58
19287 19
19288 25
19289 19
19290 20
19291 1
19292 78
19293 54
19294 47
19295 38
19296 68
19297 40
19298 54
19299 89
19300 47
19301 44
19302 7
19303 27
19304 78
19305 62
19306 18
19307 80
19308 76
19309 92
19310 71
19311 82
19312 18
19313 71
19314 48
19315 27
19316 94
19317 26
19318 30
19319 53
19320 37
19321 83
19322 5
19323 84
19324 68
19325 79
19326 51
19327 78
19328 18
19329 93
19330 44
19331 82
19332 27
19333 47
19334 28
19335 58
19336 95
19337 25
19338 30
19339 47
19340 38
19341 5
19342 26
19343 13
19344 31
19345 8
19346 25
19347 73
19348 19
19349 32
19350 93
19351 69
19352 84
19353 85
19354 23
19355 20
19356 44
19357 12
19358 16
19359 91
19360 48
19361 9
19362 57
19363 13
19364 16
19365 66
19366 60
19367 29
19368 54
19369 97
19370 58
19371 81
19372 28
19373 23
19374 97
19375 25
19376 5
19377 57
19378 49
19379 1
19380 90
19381 44
19382 92
19383 62
19384 71
19385 95
19386 37
19387 36
19388 31
19389 0
19390 21
19391 22
19392 77
19393 63
19394 20
19395 16
19396 5
19397 75
19398 41
19399 56
19400 33
19401 12
19402 6
19403 23
19404 12
19405 79
19406 10
19407 47
19408 62
19409 19
19410 53
19411 97
19412 16
19413 66
19414 7
19415 1
19416 8
19417 70
19418 65
19419 83
19420 58
19421 48
19422 4
19423 29
19424 90
19425 72
19426 87
19427 70
19428 14
19429 17
19430 69
19431 7
19432 12
19433 44
19434 91
19435 31
19436 97
19437 38
19438 25
19439 27
19440 3
19441 35
19442 14
19443 86
19444 99
19445 60
19446 86
19447 62
19448 23
19449 17
19450 64
19451 43
19452 96
19453 28
19454 71
19455 2
19456 78
19457 35
19458 65
19459 20
19460 73
19461 75
19462 27
19463 4
19464 65
19465 38
19466 84
19467 22
19468 95
19469 16
19470 92
19471 39
19472 87
19473 96
19474 26
19475 69
19476 49
19477 36
19478 72
19479 58
19480 50
19481 76
19482 33
19483 49
19484 15
19485 54
19486 91
19487 30
19488 37
19489 81
19490 75
19491 34
19492 29
19493 81
19494 92
19495 91
19496 31
19497 35
19498 15
19499 2
19500 33
19501 63
19502 50
19503 62
19504 85
19505 83
19506 50
19507 9
19508 94
19509 14
19510 50
19511 30
19512 36
19513 37
19514 71
19515 73
19516 46
19517 77
19518 86
19519 85
19520 91
19521 27
19522 98
19523 10
19524 85
19525 93
19526 48
19527 97
19528 92
19529 10
19530 5
19531 73
19532 27
19533 57
19534 88
19535 69
19536 71
19537 12
19538 56
19539 5
19540 77
19541 53
19542 7
19543 12
19544 92
19545 38
19546 37
19547 7
19548 42
19549 19
19550 76
19551 91
19552 71
19553 14
19554 40
19555 76
19556 36
19557 62
19558 61
19559 60
19560 16
19561 69
19562 28
19563 94
19564 32
19565 1
19566 53
19567 87
19568 74
19569 58
19570 81
19571 3
19572 90
19573 98
19574 43
19575 3
19576 9
19577 46
19578 77
19579 94
19580 86
19581 70
19582 69
19583 49
19584 3
19585 91
19586 0
19587 84
19588 84
19589 57
19590 17
19591 7
19592 0
19593 12
19594 8
19595 8
19596 86
19597 45
19598 18
19599 94
19600 45
19601 50
19602 66
19603 86
19604 13
19605 90
19606 64
19607 39
19608 57
19609 0
19610 48
19611 7
19612 46
19613 1
19614 88
19615 87
19616 44
19617 7
19618 95
19619 82
19620 10
19621 47
19622 24
19623 22
19624 82
19625 31
19626 68
19627 54
19628 35
19629 88
19630 77
19631 9
19632 67
19633 79
19634 67
19635 26
19636 86
19637 79
19638 59
19639 75
19640 21
19641 37
19642 53
19643 66
19644 87
19645 34
19646 61
19647 86
19648 9
19649 28
19650 20
19651 25
19652 18
19653 69
19654 26
19655 6
19656 83
19657 53
19658 52
19659 8
19660 98
19661 42
19662 12
19663 17
19664 1
19665 28
19666 34
19667 55
19668 36
19669 98
19670 99
19671 23
19672 9
19673 92
19674 93
19675 24
19676 95
19677 71
19678 64
19679 28
19680 12
19681 88
19682 28
19683 11
19684 75
19685 7
19686 6
19687 73
19688 97
19689 71
19690 7
19691 67
19692 94
19693 73
19694 19
19695 97
19696 1
19697 59
19698 72
19699 16
19700 22
19701 48
19702 56
19703 47
19704 2
19705 76
19706 51
19707 15
19708 67
19709 69
19710 32
19711 7
19712 7
19713 84
19714 37
19715 17
19716 11
19717 23
19718 63
19719 69
19720 34
19721 25
19722 18
19723 68
19724 91
19725 58
19726 61
19727 41
19728 79
19729 2
19730 68
19731 57
19732 3
19733 65
19734 27
19735 76
19736 22
19737 3
19738 32
19739 27
19740 3
19741 3
19742 20
19743 74
19744 48
19745 0
19746 3
19747 45
19748 36
19749 0
19750 72
19751 59
19752 30
19753 86
19754 58
19755 63
19756 4
19757 87
19758 66
19759 7
19760 18
19761 85
19762 34
19763 48
19764 89
19765 85
19766 52
19767 2
19768 74
19769 77
19770 78
19771 74
19772 62
19773 39
19774 85
19775 99
19776 99
19777 91
19778 36
19779 72
19780 57
19781 10
19782 82
19783 61
19784 83
19785 75
19786 0
19787 31
19788 55
19789 57
19790 43
19791 27
19792 69
19793 96
19794 81
19795 80
19796 39
19797 62
19798 86
19799 46
19800 44
19801 19
19802 1
19803 43
19804 72
19805 67
19806 58
19807 43
19808 67
19809 55
19810 98
19811 8
19812 78
19813 52
19814 69
19815 93
19816 77
19817 27
19818 98
19819 99
19820 93
19821 79
19822 1
19823 0
19824 48
19825 61
19826 43
19827 99
19828 66
19829 49
19830 66
19831 75
19832 31
19833 66
19834 65
19835 26
19836 56
19837 4
19838 71
19839 38
19840 18
19841 68
19842 40
19843 3
19844 39
19845 88
19846 47
19847 23
19848 84
19849 84
19850 53
19851 41
19852 10
19853 89
19854 19
19855 60
19856 34
19857 21
19858 7
19859 35
19860 28
19861 46
19862 62
19863 80
19864 85
19865 36
19866 45
19867 22
19868 96
19869 94
19870 4
19871 26
19872 3
19873 82
19874 5
19875 77
19876 26
19877 11
19878 59
19879 31
19880 67
19881 72
19882 85
19883 0
19884 24
19885 49
19886 16
19887 46
19888 76
19889 49
19890 83
19891 52
19892 55
19893 92
19894 52
19895 9
19896 59
19897 38
19898 19
19899 53
19900 20
19901 92
19902 3
19903 77
19904 47
19905 94
19906 19
19907 49
19908 41
19909 89
19910 26
19911 60
19912 35
19913 27
19914 94
19915 6
19916 16
19917 75
19918 67
19919 26
19920 76
19921 70
19922 97
19923 97
19924 66
19925 4
19926 92
19927 18
19928 31
19929 31
19930 89
19931 0
19932 5
19933 98
19934 31
19935 74
19936 66
19937 73
19938 55
19939 72
19940 15
19941 18
19942 19
19943 36
19944 16
19945 85
19946 80
19947 76
19948 7
19949 46
19950 40
19951 86
19952 2
19953 28
19954 17
19955 31
19956 53
19957 85
19958 9
19959 90
19960 51
19961 51
19962 27
19963 39
19964 83
19965 17
19966 6
19967 31
19968 21
19969 45
19970 11
19971 43
19972 59
19973 80
19974 37
19975 11
19976 98
19977 84
19978 25
19979 80
19980 70
19981 89
19982 1
19983 52
19984 51
19985 57
19986 19
19987 84
19988 2
19989 52
19990 12
19991 27
19992 89
19993 34
19994 29
19995 60
19996 82
19997 34
19998 97
19999 30
20000 18
20001 48
20002 15
20003 15
20004 37
20005 1
20006 43
20007 33
20008 37
20009 17
20010 61
20011 65
20012 66
20013 12
20014 9
20015 16
20016 55
20017 53
20018 9
20019 10
20020 68
20021 62
20022 58
20023 74
20024 5
20025 87
20026 28
20027 83
20028 32
20029 19
20030 85
20031 66
20032 57
20033 75
20034 11
20035 82
20036 84
20037 55
20038 25
20039 44
20040 0
20041 0
20042 25
20043 46
20044 72
20045 73
20046 80
20047 79
20048 80
20049 53
20050 66
20051 12
20052 98
20053 80
20054 7
20055 40
20056 12
20057 40
20058 31
20059 23
20060 0
20061 75
20062 71
20063 80
20064 56
20065 98
20066 34
20067 91
20068 71
20069 14
20070 58
20071 78
20072 62
20073 83
20074 95
20075 64
20076 3
20077 23
20078 89
20079 72
20080 26
20081 82
20082 69
20083 52
20084 31
20085 87
20086 66
20087 15
20088 26
20089 46
20090 22
20091 22
20092 11
20093 89
20094 52
20095 92
20096 64
20097 86
20098 52
20099 69
20100 27
20101 78
20102 9
20103 60
20104 89
20105 89
20106 39
20107 57
20108 25
20109 19
20110 17
20111 10
20112 42
20113 14
20114 37
20115 87
20116 46
20117 6
20118 45
20119 35
20120 62
20121 70
20122 85
20123 67
20124 76
20125 91
20126 16
20127 46
20128 41
20129 75
20130 65
20131 92
20132 20
20133 35
20134 15
20135 15
20136 12
20137 69
20138 62
20139 76
20140 0
20141 91
20142 54
20143 47
20144 41
20145 63
20146 43
20147 87
20148 79
20149 73
20150 45
20151 26
20152 14
20153 39
20154 4
20155 84
20156 41
20157 20
20158 27
20159 28
20160 44
20161 48
20162 76
20163 41
20164 1
20165 32
20166 39
20167 51
20168 99
20169 87
20170 13
20171 57
20172 60
20173 67
20174 91
20175 77
20176 22
20177 68
20178 77
20179 41
20180 36
20181 77
20182 95
20183 25
20184 62
20185 36
20186 15
20187 22
20188 92
20189 91
20190 11
20191 29
20192 79
20193 59
20194 73
20195 29
20196 12
20197 20
20198 40
20199 47
20200 18
20201 18
20202 76
20203 8
20204 8
20205 90
20206 79
20207 96
20208 18
20209 91
20210 77
20211 99
20212 21
20213 44
20214 40
20215 72
20216 52
20217 27
20218 49
20219 96
20220 98
20221 68
20222 27
20223 83
20224 38
20225 79
20226 74
20227 61
20228 10
20229 69
20230 66
20231 66
20232 17
