0 34
1 47
2 18
3 67
4 94
5 7
6 66
7 31
8 77
9 49
10 72
11 97
12 55
13 49
14 88
15 28
16 59
17 12
18 8
19 40
20 9
21 66
22 9
23 90
24 69
25 48
26 76
27 30
28 48
29 57
30 83
31 60
32 76
33 20
34 14
35 8
36 47
37 51
38 24
39 32
40 90
41 34
42 2
43 56
44 91
45 67
46 41
47 91
48 36
49 41
50 24
51 58
52 17
53 58
54 91
55 10
56 13
57 18
58 24
59 6
60 40
61 82
62 16
63 38
64 82
65 24
66 2
67 13
68 52
69 2
70 62
71 47
72 62
73 79
74 78
75 69
76 1
77 90
78 33
79 88
80 41
81 29
82 42
83 44
84 21
85 72
86 87
87 13
88 48
89 62
90 60
91 47
92 28
93 24
94 99
95 62
96 8
97 88
98 58
99 48
100 25
101 0
102 5
103 41
104 88
105 62
106 49
107 89
108 56
109 84
110 62
111 51
112 55
113 66
114 40
115 46
116 57
117 24
118 11
119 72
120 50
121 19
122 34
123 49
124 91
125 50
126 89
127 36
128 81
129 29
130 29
131 57
132 93
133 94
134 1
135 13
136 36
137 51
138 34
139 5
140 74
141 83
142 40
143 71
144 0
145 99
146 66
147 19
148 66
149 60
150 5
151 20
152 53
153 19
154 11
155 82
156 75
157 52
158 7
159 48
160 73
161 57
162 93
163 40
164 48
165 86
166 35
167 38
168 38
169 84
170 85
171 76
172 44
173 36
174 79
175 77
176 72
177 6
178 44
179 79
180 17
181 17
182 19
183 77
184 29
185 62
186 72
187 2
188 10
189 25
190 16
191 16
192 37
193 79
194 64
195 64
196 80
197 67
198 88
199 32
200 20
201 10
202 91
203 51
204 90
205 40
206 51
207 42
208 95
209 48
210 48
211 68
212 42
213 12
214 41
215 53
216 91
217 39
218 69
219 28
220 64
221 57
222 4
223 52
224 27
225 22
226 66
227 60
228 47
229 65
230 73
231 27
232 51
233 22
234 33
235 46
236 73
237 65
238 10
239 95
240 41
241 40
242 0
243 67
244 96
245 15
246 62
247 46
248 51
249 58
250 1
251 96
252 96
253 67
254 83
255 21
256 82
257 41
258 72
259 96
260 21
261 53
262 40
263 23
264 56
265 55
266 28
267 15
268 58
269 2
270 66
271 76
272 4
273 96
274 66
275 50
276 49
277 98
278 67
279 17
280 70
281 24
282 46
283 37
284 49
285 73
286 15
287 79
288 74
289 51
290 17
291 55
292 11
293 41
294 27
295 24
296 1
297 13
298 55
299 89
300 2
301 6
302 54
303 30
304 21
305 12
306 43
307 5
308 74
309 98
310 90
311 20
312 0
313 20
314 33
315 66
316 79
317 70
318 52
319 11
320 86
321 72
322 48
323 78
324 61
325 87
326 15
327 91
328 63
329 28
330 62
331 21
332 17
333 99
334 59
335 44
336 91
337 30
338 22
339 29
340 81
341 91
342 3
343 71
344 76
345 34
346 35
347 78
348 77
349 53
350 78
351 10
352 10
353 33
354 13
355 38
356 82
357 42
358 77
359 13
360 86
361 60
362 82
363 21
364 59
365 3
366 35
367 47
368 81
369 3
370 65
371 14
372 73
373 55
374 25
375 93
376 41
377 57
378 9
379 67
380 99
381 34
382 66
383 34
384 37
385 55
386 37
387 25
388 43
389 35
390 91
391 88
392 51
393 42
394 30
395 85
396 51
397 74
398 39
399 13
400 81
401 61
402 77
403 88
404 39
405 18
406 25
407 64
408 84
409 22
410 47
411 83
412 42
413 73
414 71
415 24
416 6
417 35
418 83
419 0
420 80
421 75
422 83
423 45
424 97
425 5
426 45
427 63
428 86
429 81
430 22
431 80
432 98
433 26
434 45
435 17
436 21
437 79
438 67
439 75
440 10
441 55
442 41
443 35
444 76
445 2
446 94
447 20
448 18
449 38
450 77
451 63
452 54
453 54
454 4
455 35
456 31
457 58
458 19
459 56
460 22
461 69
462 80
463 89
464 8
465 26
466 39
467 13
468 12
469 28
470 26
471 92
472 65
473 7
474 1
475 11
476 24
477 59
478 93
479 93
480 65
481 16
482 11
483 46
484 19
485 20
486 14
487 69
488 63
489 60
490 14
491 94
492 59
493 24
494 36
495 6
496 36
497 94
498 30
499 95
500 37
501 19
502 0
503 9
504 67
505 30
506 95
507 49
508 77
509 12
510 50
511 46
512 2
513 83
514 63
515 67
516 62
517 56
518 53
519 70
520 27
521 78
522 66
523 22
524 3
525 33
526 99
527 32
528 14
529 8
530 52
531 33
532 64
533 64
534 61
535 89
536 16
537 91
538 45
539 97
540 85
541 34
542 94
543 26
544 28
545 63
546 45
547 75
548 98
549 80
550 70
551 90
552 8
553 52
554 47
555 38
556 37
557 40
558 89
559 81
560 19
561 86
562 21
563 38
564 37
565 94
566 13
567 41
568 53
569 23
570 96
571 21
572 68
573 40
574 18
575 67
576 47
577 49
578 9
579 1
580 5
581 18
582 49
583 1
584 6
585 43
586 69
587 1
588 91
589 93
590 6
591 71
592 50
593 62
594 33
595 45
596 54
597 36
598 17
599 14
600 47
601 98
602 12
603 62
604 23
605 62
606 28
607 62
608 13
609 65
610 45
611 86
612 68
613 59
614 27
615 40
616 56
617 34
618 71
619 8
620 69
621 99
622 59
623 40
624 58
625 55
626 40
627 49
628 36
629 66
630 49
631 36
632 7
633 90
634 64
635 4
636 94
637 27
638 21
639 42
640 51
641 85
642 65
643 99
644 67
645 42
646 37
647 26
648 1
649 47
650 12
651 29
652 21
653 37
654 79
655 0
656 56
657 80
658 29
659 34
660 42
661 36
662 80
663 61
664 71
665 79
666 1
667 61
668 33
669 41
670 63
671 44
672 85
673 41
674 79
675 54
676 52
677 23
678 11
679 65
680 93
681 83
682 66
683 83
684 87
685 88
686 28
687 25
688 56
689 50
690 52
691 87
692 85
693 62
694 1
695 72
696 54
697 0
698 76
699 54
700 17
701 67
702 89
703 83
704 29
705 8
706 25
707 75
708 19
709 87
710 29
711 24
712 94
713 52
714 72
715 82
716 41
717 94
718 5
719 49
720 81
721 66
722 96
723 88
724 49
725 17
726 37
727 19
728 62
729 94
730 1
731 51
732 64
733 1
734 75
735 15
736 13
737 93
738 34
739 95
740 7
741 81
742 43
743 83
744 80
745 44
746 57
747 19
748 72
749 17
750 67
751 42
752 3
753 79
754 52
755 77
756 39
757 9
758 27
759 83
760 8
761 83
762 57
763 31
764 17
765 34
766 80
767 56
768 17
769 71
770 19
771 71
772 58
773 87
774 61
775 41
776 33
777 78
778 32
779 93
780 4
781 7
782 79
783 69
784 31
785 29
786 93
787 5
788 37
789 47
790 33
791 19
792 80
793 26
794 86
795 75
796 30
797 45
798 91
799 95
800 50
801 0
802 53
803 37
804 23
805 87
806 82
807 2
808 32
809 19
810 75
811 4
812 19
813 33
814 83
815 56
816 37
817 3
818 12
819 9
820 61
821 71
822 69
823 62
824 45
825 62
826 35
827 91
828 84
829 79
830 18
831 80
832 96
833 16
834 94
835 64
836 86
837 49
838 78
839 8
840 0
841 3
842 22
843 37
844 20
845 5
846 98
847 29
848 23
849 38
850 29
851 26
852 53
853 25
854 97
855 81
856 26
857 50
858 9
859 71
860 65
861 17
862 54
863 38
864 17
865 29
866 19
867 94
868 89
869 18
870 39
871 94
872 1
873 96
874 88
875 8
876 7
877 89
878 6
879 12
880 80
881 46
882 22
883 94
884 6
885 47
886 57
887 38
888 16
889 71
890 45
891 0
892 85
893 33
894 31
895 28
896 87
897 17
898 47
899 27
900 35
901 46
902 72
903 12
904 57
905 38
906 7
907 34
908 87
909 89
910 23
911 38
912 26
913 31
914 16
915 0
916 33
917 25
918 9
919 63
920 32
921 55
922 23
923 34
924 2
925 23
926 11
927 56
928 55
929 78
930 46
931 13
932 6
933 23
934 66
935 15
936 29
937 50
938 73
939 40
940 80
941 35
942 95
943 34
944 29
945 42
946 90
947 26
948 31
949 41
950 52
951 77
952 13
953 94
954 66
955 65
956 5
957 31
958 6
959 24
960 4
961 87
962 95
963 71
964 1
965 28
966 15
967 73
968 96
969 28
970 52
971 99
972 44
973 78
974 22
975 97
976 39
977 50
978 97
979 10
980 10
981 30
982 51
983 1
984 96
985 92
986 67
987 73
988 65
989 93
990 26
991 84
992 18
993 38
994 84
995 13
996 85
997 4
998 0
999 83
1000 20
1001 39
1002 30
1003 93
1004 63
1005 41
1006 54
1007 81
1008 39
1009 59
1010 30
1011 28
1012 3
1013 9
1014 34
1015 32
1016 23
1017 9
1018 6
1019 50
1020 31
1021 79
1022 32
1023 44
1024 61
1025 57
1026 82
1027 29
1028 50
1029 98
1030 19
1031 23
1032 89
1033 27
1034 57
1035 49
1036 63
1037 92
1038 76
1039 64
1040 47
1041 29
1042 74
1043 3
1044 48
1045 22
1046 33
1047 45
1048 12
1049 74
1050 71
1051 47
1052 5
1053 56
1054 53
1055 66
1056 5
1057 29
1058 5
1059 11
1060 99
1061 95
1062 76
1063 97
1064 37
1065 46
1066 11
1067 19
1068 6
1069 25
1070 96
1071 11
1072 74
1073 46
1074 14
1075 13
1076 93
1077 46
1078 81
1079 81
1080 60
1081 82
1082 66
1083 42
1084 32
1085 33
1086 25
1087 19
1088 98
1089 96
1090 78
1091 88
1092 73
1093 65
1094 71
1095 20
1096 66
1097 37
1098 36
1099 3
1100 25
1101 61
1102 73
1103 62
1104 14
1105 11
1106 37
1107 90
1108 60
1109 51
1110 32
1111 97
1112 84
1113 57
1114 52
1115 50
1116 14
1117 18
1118 56
1119 75
1120 54
1121 78
1122 42
1123 46
1124 29
1125 79
1126 53
1127 9
1128 73
1129 18
1130 68
1131 34
1132 36
1133 96
1134 84
1135 84
1136 55
1137 32
1138 76
1139 37
1140 50
1141 77
1142 10
1143 51
1144 38
1145 21
1146 0
1147 3
1148 52
1149 12
1150 48
1151 19
1152 57
1153 11
1154 84
1155 55
1156 7
1157 34
1158 93
1159 60
1160 18
1161 31
1162 18
1163 66
1164 85
1165 61
1166 48
1167 98
1168 10
1169 10
1170 35
1171 89
1172 92
1173 14
1174 96
1175 46
1176 70
1177 44
1178 81
1179 22
1180 62
1181 32
1182 75
1183 62
1184 69
1185 95
1186 33
1187 40
1188 77
1189 25
1190 20
1191 85
1192 95
1193 65
1194 36
1195 84
1196 52
1197 66
1198 39
1199 55
1200 77
1201 99
1202 81
1203 17
1204 57
1205 89
1206 90
1207 76
1208 69
1209 60
1210 83
1211 67
1212 66
1213 22
1214 14
1215 23
1216 48
1217 63
1218 83
1219 4
1220 94
1221 10
1222 50
1223 49
1224 34
1225 93
1226 93
1227 31
1228 55
1229 66
1230 3
1231 6
1232 75
1233 28
1234 71
1235 69
1236 26
1237 91
1238 3
1239 86
1240 66
1241 40
1242 57
1243 47
1244 63
1245 56
1246 40
1247 14
1248 71
1249 30
1250 81
1251 39
1252 79
1253 67
1254 16
1255 99
1256 80
1257 91
1258 75
1259 30
1260 23
1261 4
1262 39
1263 88
1264 11
1265 3
1266 87
1267 52
1268 63
1269 54
1270 93
1271 55
1272 34
1273 83
1274 72
1275 73
1276 63
1277 30
1278 78
1279 39
1280 67
1281 86
1282 79
1283 29
1284 36
1285 14
1286 67
1287 44
1288 40
1289 44
1290 38
1291 32
1292 64
1293 41
1294 99
1295 64
1296 70
1297 12
1298 77
1299 1
1300 84
1301 53
1302 56
1303 66
1304 98
1305 85
1306 49
1307 72
1308 80
1309 19
1310 50
1311 58
1312 91
1313 55
1314 82
1315 20
1316 55
1317 10
1318 3
1319 30
1320 97
1321 98
1322 94
1323 65
1324 56
1325 33
1326 33
1327 33
1328 75
1329 40
1330 3
1331 9
1332 61
1333 36
1334 11
1335 39
1336 86
1337 68
1338 17
1339 70
1340 4
1341 21
1342 30
1343 69
1344 78
1345 99
1346 75
1347 3
1348 78
1349 29
1350 38
1351 57
1352 90
1353 59
1354 67
1355 34
1356 32
1357 82
1358 66
1359 79
1360 75
1361 2
1362 12
1363 97
1364 25
1365 56
1366 17
1367 10
1368 12
1369 63
1370 71
1371 65
1372 32
1373 64
1374 92
1375 72
1376 96
1377 17
1378 87
1379 78
1380 30
1381 47
1382 14
1383 11
1384 88
1385 77
1386 28
1387 74
1388 72
1389 89
1390 87
1391 8
1392 26
1393 72
1394 26
1395 44
1396 40
1397 33
1398 53
1399 34
1400 57
1401 7
1402 18
1403 48
1404 97
1405 83
1406 19
1407 16
1408 13
1409 31
1410 30
1411 56
1412 67
1413 2
1414 88
1415 53
1416 39
1417 14
1418 78
1419 30
1420 53
1421 45
1422 46
1423 13
1424 58
1425 25
1426 74
1427 17
1428 22
1429 93
1430 52
1431 93
1432 72
1433 0
1434 65
1435 88
1436 82
1437 14
1438 31
1439 50
1440 1
1441 30
1442 13
1443 35
1444 16
1445 82
1446 68
1447 59
1448 20
1449 80
1450 33
1451 69
1452 83
1453 19
1454 18
1455 37
1456 46
1457 60
1458 78
1459 5
1460 5
1461 67
1462 85
1463 46
1464 33
1465 27
1466 42
1467 59
1468 94
1469 24
1470 32
1471 29
1472 41
1473 76
1474 9
1475 78
1476 92
1477 52
1478 21
1479 31
1480 77
1481 53
1482 29
1483 39
1484 52
1485 20
1486 61
1487 27
1488 82
1489 11
1490 22
1491 26
1492 46
1493 21
1494 56
1495 13
1496 93
1497 42
1498 45
1499 57
1500 85
1501 63
1502 24
1503 18
1504 78
1505 31
1506 26
1507 82
1508 33
1509 84
1510 29
1511 15
1512 7
1513 78
1514 28
1515 41
1516 61
1517 24
1518 56
1519 50
1520 16
1521 78
1522 84
1523 31
1524 30
1525 1
1526 14
1527 11
1528 13
1529 19
1530 96
1531 30
1532 67
1533 45
1534 40
1535 96
1536 43
1537 66
1538 60
1539 32
1540 69
1541 49
1542 3
1543 83
1544 33
1545 75
1546 74
1547 94
1548 50
1549 29
1550 9
1551 84
1552 86
1553 57
1554 50
1555 42
1556 96
1557 5
1558 74
1559 79
1560 19
1561 58
1562 98
1563 84
1564 85
1565 84
1566 59
1567 9
1568 9
1569 34
1570 77
1571 44
1572 5
1573 60
1574 80
1575 21
1576 54
1577 51
1578 26
1579 61
1580 40
1581 25
1582 31
1583 93
1584 54
1585 12
1586 53
1587 35
1588 83
1589 16
1590 79
1591 5
1592 0
1593 59
1594 66
1595 28
1596 60
1597 1
1598 35
1599 37
1600 52
1601 59
1602 49
1603 4
1604 34
1605 50
1606 83
1607 55
1608 8
1609 23
1610 9
1611 63
1612 17
1613 25
1614 30
1615 16
1616 91
1617 13
1618 71
1619 65
1620 84
1621 82
1622 17
1623 9
1624 52
1625 98
1626 15
1627 47
1628 59
1629 1
1630 30
1631 4
1632 91
1633 13
1634 74
1635 88
1636 76
1637 80
1638 71
1639 15
1640 21
1641 73
1642 40
1643 35
1644 65
1645 53
1646 4
1647 48
1648 95
1649 86
1650 77
1651 46
1652 27
1653 59
1654 44
1655 46
1656 22
1657 71
1658 35
1659 24
1660 24
1661 42
1662 14
1663 86
1664 38
1665 81
1666 31
1667 73
1668 91
1669 7
1670 64
1671 69
1672 14
1673 59
1674 97
1675 40
1676 21
1677 91
1678 51
1679 18
1680 48
1681 49
1682 45
1683 89
1684 3
1685 32
1686 28
1687 73
1688 68
1689 46
1690 13
1691 16
1692 43
1693 26
1694 7
1695 30
1696 14
1697 70
1698 13
1699 15
1700 71
1701 31
1702 0
1703 97
1704 42
1705 84
1706 61
1707 26
1708 44
1709 92
1710 70
1711 98
1712 9
1713 17
1714 64
1715 84
1716 98
1717 87
1718 86
1719 15
1720 6
1721 20
1722 69
1723 33
1724 62
1725 26
1726 44
1727 86
1728 69
1729 82
1730 50
1731 7
1732 59
1733 96
1734 47
1735 71
1736 3
1737 70
1738 89
1739 57
1740 61
1741 93
1742 41
1743 66
1744 71
1745 93
1746 42
1747 84
1748 68
1749 64
1750 93
1751 80
1752 95
1753 79
1754 15
1755 15
1756 2
1757 98
1758 94
1759 26
1760 88
1761 38
1762 79
1763 70
1764 86
1765 19
1766 73
1767 78
1768 94
1769 66
1770 96
1771 4
1772 87
1773 53
1774 4
1775 94
1776 49
1777 74
1778 63
1779 75
1780 8
1781 61
1782 30
1783 92
1784 80
1785 11
1786 93
1787 7
1788 97
1789 56
1790 2
1791 66
1792 63
1793 85
1794 25
1795 39
1796 50
1797 1
1798 89
1799 33
1800 17
1801 44
1802 34
1803 39
1804 18
1805 55
1806 6
1807 70
1808 11
1809 81
1810 60
1811 71
1812 62
1813 61
1814 53
1815 68
1816 30
1817 15
1818 61
1819 90
1820 49
1821 14
1822 95
1823 49
1824 51
1825 64
1826 3
1827 81
1828 2
1829 45
1830 26
1831 3
1832 40
1833 27
1834 54
1835 40
1836 44
1837 92
1838 61
1839 55
1840 71
1841 3
1842 14
1843 87
1844 95
1845 97
1846 54
1847 35
1848 72
1849 58
1850 87
1851 6
1852 3
1853 83
1854 57
1855 2
1856 28
1857 7
1858 0
1859 79
1860 76
1861 88
1862 99
1863 86
1864 48
1865 10
1866 82
1867 45
1868 1
1869 50
1870 64
1871 1
1872 59
1873 74
1874 73
1875 62
1876 95
1877 76
1878 53
1879 62
1880 49
1881 56
1882 65
1883 40
1884 51
1885 78
1886 77
1887 5
1888 59
1889 12
1890 75
1891 97
1892 27
1893 14
1894 8
1895 94
1896 11
1897 5
1898 12
1899 16
1900 91
1901 30
1902 72
1903 55
1904 98
1905 0
1906 40
1907 98
1908 29
1909 70
1910 85
1911 68
1912 26
1913 27
1914 13
1915 75
1916 61
1917 56
1918 10
1919 92
1920 13
1921 71
1922 18
1923 78
1924 89
1925 84
1926 6
1927 13
1928 35
1929 0
1930 21
1931 40
1932 95
1933 51
1934 76
1935 34
1936 54
1937 28
1938 59
1939 8
1940 4
1941 77
1942 59
1943 18
1944 91
1945 36
1946 26
1947 40
1948 13
1949 11
1950 41
1951 39
1952 29
1953 20
1954 2
1955 56
1956 18
1957 14
1958 11
1959 95
1960 19
1961 41
1962 35
1963 29
1964 6
1965 95
1966 90
1967 10
1968 68
1969 2
1970 46
1971 50
1972 20
1973 13
1974 19
1975 72
1976 55
1977 32
1978 64
1979 33
1980 68
1981 16
1982 57
1983 89
1984 77
1985 86
1986 86
1987 7
1988 38
1989 77
1990 56
1991 44
1992 65
1993 50
1994 92
1995 83
1996 86
1997 42
1998 88
1999 35
2000 27
2001 15
2002 16
2003 52
2004 13
2005 26
2006 23
2007 46
2008 7
2009 11
2010 13
2011 58
2012 27
2013 33
2014 73
2015 5
2016 65
2017 61
2018 91
2019 78
2020 89
2021 41
2022 73
2023 78
2024 20
2025 89
2026 24
2027 48
2028 32
2029 50
2030 63
2031 28
2032 68
2033 16
2034 3
2035 79
2036 48
2037 83
2038 98
2039 83
2040 32
2041 28
2042 84
2043 58
2044 94
2045 61
2046 8
2047 18
2048 79
2049 9
2050 16
2051 75
2052 53
2053 14
2054 84
2055 37
2056 20
2057 63
2058 53
2059 79
2060 16
2061 33
2062 94
2063 40
2064 4
2065 17
2066 50
2067 28
2068 45
2069 50
2070 56
2071 66
2072 9
2073 93
2074 92
2075 23
2076 39
2077 42
2078 74
2079 35
2080 14
2081 17
2082 43
2083 33
2084 15
2085 15
2086 15
2087 40
2088 55
2089 54
2090 41
2091 74
2092 30
2093 52
2094 15
2095 4
2096 18
2097 2
2098 51
2099 84
2100 68
2101 68
2102 12
2103 45
2104 58
2105 28
2106 3
2107 13
2108 44
2109 31
2110 85
2111 35
2112 80
2113 44
2114 53
2115 81
2116 44
2117 14
2118 6
2119 75
2120 20
2121 95
2122 91
2123 65
2124 25
2125 98
2126 29
2127 79
2128 4
2129 93
2130 18
2131 23
2132 14
2133 52
2134 94
2135 78
2136 91
2137 38
2138 79
2139 31
2140 88
2141 81
2142 84
2143 95
2144 60
2145 42
2146 75
2147 67
2148 91
2149 56
2150 76
2151 2
2152 30
2153 26
2154 1
2155 2
2156 65
2157 1
2158 28
2159 51
2160 57
2161 95
2162 92
2163 86
2164 61
2165 52
2166 55
2167 81
2168 59
2169 13
2170 79
2171 97
2172 10
2173 80
2174 0
2175 43
2176 18
2177 41
2178 66
2179 25
2180 69
2181 26
2182 6
2183 25
2184 96
2185 78
2186 61
2187 59
2188 35
2189 91
2190 15
2191 88
2192 45
2193 40
2194 0
2195 70
2196 93
2197 75
2198 64
2199 87
2200 19
2201 9
2202 90
2203 75
2204 92
2205 26
2206 44
2207 92
2208 84
2209 29
2210 47
2211 54
2212 92
2213 40
2214 56
2215 99
2216 80
2217 14
2218 56
2219 59
2220 98
2221 4
2222 14
2223 1
2224 82
2225 48
2226 12
2227 1
2228 78
2229 6
2230 22
2231 50
2232 72
2233 50
2234 77
2235 87
2236 67
2237 3
2238 19
2239 89
2240 55
2241 33
2242 38
2243 86
2244 50
2245 55
2246 34
2247 58
2248 26
2249 27
2250 40
2251 89
2252 64
2253 9
2254 61
2255 82
2256 55
2257 12
2258 29
2259 6
2260 38
2261 95
2262 51
2263 54
2264 83
2265 20
2266 81
2267 63
2268 12
2269 22
2270 67
2271 57
2272 14
2273 66
2274 71
2275 30
2276 45
2277 99
2278 79
2279 92
2280 1
2281 93
2282 31
2283 82
2284 46
2285 93
2286 47
2287 37
2288 76
2289 16
2290 25
2291 56
2292 42
2293 60
2294 28
2295 66
2296 41
2297 94
2298 45
2299 67
2300 56
2301 94
2302 78
2303 26
2304 53
2305 46
2306 6
2307 96
2308 60
2309 91
2310 46
2311 23
2312 41
2313 69
2314 0
2315 93
2316 0
2317 79
2318 42
2319 81
2320 61
2321 44
2322 85
2323 76
2324 81
2325 12
2326 95
2327 31
2328 2
2329 77
2330 64
2331 86
2332 58
2333 40
2334 58
2335 87
2336 41
2337 50
2338 70
2339 42
2340 17
2341 25
2342 28
2343 87
2344 90
2345 30
2346 85
2347 78
2348 21
2349 8
2350 46
2351 88
2352 75
2353 41
2354 18
2355 81
2356 96
2357 8
2358 86
2359 27
2360 78
2361 80
2362 6
2363 99
2364 18
2365 45
2366 24
2367 77
2368 51
2369 10
2370 58
2371 87
2372 62
2373 15
2374 46
2375 69
2376 25
2377 85
2378 75
2379 26
2380 52
2381 31
2382 42
2383 8
2384 1
2385 41
2386 97
2387 63
2388 83
2389 85
2390 75
2391 42
2392 99
2393 94
2394 36
2395 46
2396 81
2397 0
2398 57
2399 18
2400 93
2401 39
2402 57
2403 69
2404 28
2405 85
2406 39
2407 95
2408 28
2409 63
2410 15
2411 90
2412 16
2413 43
2414 73
2415 80
2416 3
2417 88
2418 93
2419 95
2420 26
2421 43
2422 88
2423 76
2424 33
2425 80
2426 25
2427 26
2428 64
2429 25
2430 82
2431 86
2432 46
2433 43
2434 13
2435 66
2436 57
2437 50
2438 25
2439 4
2440 34
2441 66
2442 38
2443 83
2444 12
2445 47
2446 88
2447 26
2448 82
2449 66
2450 82
2451 91
2452 34
2453 2
2454 68
2455 49
2456 32
2457 12
2458 97
2459 24
2460 38
2461 98
2462 8
2463 38
2464 43
2465 19
2466 28
2467 59
2468 81
2469 75
2470 11
2471 12
2472 86
2473 46
2474 10
2475 62
2476 71
2477 13
2478 20
2479 96
2480 66
2481 66
2482 23
2483 88
2484 79
2485 46
2486 56
2487 79
2488 69
2489 78
2490 76
2491 28
2492 76
2493 79
2494 71
2495 31
2496 23
2497 2
2498 88
2499 92
2500 27
2501 62
2502 40
2503 10
2504 30
2505 30
2506 72
2507 87
2508 52
2509 37
2510 94
2511 63
2512 90
2513 42
2514 38
2515 30
2516 37
2517 82
2518 19
2519 15
2520 9
2521 56
2522 38
2523 39
2524 4
2525 58
2526 52
2527 10
2528 49
2529 46
2530 87
2531 22
2532 12
2533 91
2534 4
2535 89
2536 80
2537 3
2538 39
2539 48
2540 46
2541 65
2542 84
2543 80
2544 93
2545 60
2546 60
2547 11
2548 13
2549 2
2550 88
2551 35
2552 35
2553 32
2554 75
2555 4
2556 49
2557 83
2558 58
2559 10
2560 33
2561 64
2562 37
2563 29
2564 92
2565 14
2566 35
2567 67
2568 36
2569 55
2570 68
2571 37
2572 1
2573 65
2574 67
2575 3
2576 82
2577 50
2578 72
2579 5
2580 86
2581 26
2582 43
2583 47
2584 60
2585 7
2586 64
2587 92
2588 10
2589 1
2590 68
2591 73
2592 54
2593 65
2594 8
2595 0
2596 21
2597 76
2598 44
2599 36
2600 66
2601 54
2602 65
2603 53
2604 56
2605 1
2606 67
2607 36
2608 66
2609 93
2610 90
2611 42
2612 86
2613 45
2614 65
2615 63
2616 68
2617 8
2618 4
2619 2
2620 74
2621 17
2622 91
2623 58
2624 53
2625 52
2626 51
2627 54
2628 75
2629 22
2630 2
2631 20
2632 81
2633 95
2634 94
2635 54
2636 21
2637 78
2638 74
2639 79
2640 31
2641 75
2642 33
2643 57
2644 35
2645 7
2646 86
2647 87
2648 27
2649 70
2650 22
2651 5
2652 33
2653 83
2654 57
2655 72
2656 57
2657 91
2658 52
2659 7
2660 19
2661 84
2662 55
2663 25
2664 42
2665 75
2666 98
2667 17
2668 80
2669 17
2670 69
2671 49
2672 69
2673 13
2674 85
2675 22
2676 73
2677 54
2678 76
2679 51
2680 27
2681 44
2682 47
2683 88
2684 86
2685 17
2686 87
2687 74
2688 37
2689 0
2690 97
2691 57
2692 96
2693 18
2694 81
2695 77
2696 48
2697 75
2698 13
2699 40
2700 79
2701 58
2702 80
2703 25
2704 77
2705 53
2706 68
2707 3
2708 99
2709 21
2710 80
2711 44
2712 12
2713 83
2714 33
2715 53
2716 53
2717 43
2718 93
2719 94
2720 53
2721 91
2722 89
2723 29
2724 12
2725 41
2726 74
2727 68
2728 83
2729 6
2730 10
2731 65
2732 49
2733 90
2734 8
2735 92
2736 98
2737 96
2738 61
2739 70
2740 53
2741 30
2742 96
2743 26
2744 50
2745 95
2746 54
2747 82
2748 10
2749 35
2750 21
2751 73
2752 29
2753 47
2754 6
2755 64
2756 55
2757 45
2758 31
2759 70
2760 6
2761 48
2762 73
2763 66
2764 2
2765 42
2766 95
2767 58
2768 73
2769 78
2770 4
2771 87
2772 66
2773 53
2774 42
2775 46
2776 94
2777 12
2778 41
2779 56
2780 7
2781 16
2782 93
2783 63
2784 12
2785 73
2786 73
2787 55
2788 94
2789 31
2790 81
2791 36
2792 64
2793 10
2794 78
2795 1
2796 88
2797 60
2798 94
2799 88
2800 65
2801 20
2802 16
2803 83
2804 50
2805 99
2806 46
2807 85
2808 37
2809 42
2810 17
2811 29
2812 45
2813 31
2814 9
2815 4
2816 40
2817 0
2818 83
2819 24
2820 9
2821 45
2822 62
2823 7
2824 6
2825 5
2826 34
2827 32
2828 80
2829 35
2830 53
2831 78
2832 28
2833 83
2834 76
2835 98
2836 11
2837 28
2838 44
2839 72
2840 33
2841 22
2842 66
2843 12
2844 52
2845 50
2846 66
2847 33
2848 77
2849 41
2850 54
2851 17
2852 13
2853 20
2854 29
2855 20
2856 13
2857 70
2858 86
2859 13
2860 27
2861 40
2862 35
2863 60
2864 55
2865 62
2866 17
2867 62
2868 68
2869 67
2870 58
2871 30
2872 37
2873 47
2874 52
2875 98
2876 29
2877 63
2878 96
2879 50
2880 9
2881 1
2882 32
2883 20
2884 76
2885 98
2886 59
2887 94
2888 9
2889 2
2890 61
2891 52
2892 28
2893 41
2894 77
2895 82
2896 55
2897 68
2898 11
2899 75
2900 8
2901 62
2902 76
2903 72
2904 96
2905 20
2906 57
2907 45
2908 27
2909 44
2910 33
2911 75
2912 78
2913 57
2914 22
2915 50
2916 27
2917 88
2918 25
2919 82
2920 66
2921 23
2922 1
2923 76
2924 28
2925 82
2926 86
2927 89
2928 32
2929 33
2930 98
2931 16
2932 13
2933 87
2934 84
2935 79
2936 65
2937 66
2938 51
2939 92
2940 56
2941 98
2942 46
2943 35
2944 67
2945 97
2946 41
2947 21
2948 5
2949 67
2950 97
2951 17
2952 32
2953 29
2954 46
2955 66
2956 64
2957 67
2958 74
2959 12
2960 4
2961 6
2962 88
2963 82
2964 50
2965 22
2966 79
2967 42
2968 16
2969 77
2970 61
2971 79
2972 87
2973 34
2974 32
2975 7
2976 22
2977 9
2978 83
2979 98
2980 47
2981 94
2982 1
2983 88
2984 46
2985 43
2986 11
2987 22
2988 88
2989 57
2990 58
2991 0
2992 28
2993 4
2994 71
2995 0
2996 40
2997 68
2998 62
2999 57
3000 19
3001 69
3002 89
3003 20
3004 48
3005 15
3006 94
3007 31
3008 64
3009 46
3010 19
3011 5
3012 30
3013 82
3014 25
3015 75
3016 41
3017 6
3018 49
3019 16
3020 0
3021 80
3022 30
3023 16
3024 76
3025 85
3026 93
3027 4
3028 6
3029 26
3030 88
3031 75
3032 38
3033 70
3034 55
3035 4
3036 66
3037 11
3038 23
3039 86
3040 47
3041 63
3042 60
3043 9
3044 78
3045 49
3046 38
3047 35
3048 1
3049 30
3050 32
3051 70
3052 84
3053 61
3054 17
3055 48
3056 60
3057 90
3058 52
3059 26
3060 66
3061 6
3062 11
3063 63
3064 69
3065 6
3066 19
3067 76
3068 10
3069 31
3070 39
3071 10
3072 21
3073 68
3074 65
3075 85
3076 15
3077 7
3078 15
3079 93
3080 24
3081 10
3082 64
3083 18
3084 37
3085 93
3086 94
3087 22
3088 96
3089 45
3090 98
3091 18
3092 90
3093 70
3094 17
3095 15
3096 42
3097 34
3098 95
3099 28
3100 57
3101 69
3102 47
3103 20
3104 43
3105 51
3106 99
3107 28
3108 86
3109 39
3110 37
3111 89
3112 53
3113 93
3114 39
3115 72
3116 9
3117 48
3118 2
3119 14
3120 75
3121 90
3122 33
3123 82
3124 42
3125 28
3126 45
3127 49
3128 88
3129 72
3130 10
3131 1
3132 36
3133 1
3134 19
3135 48
3136 37
3137 59
3138 53
3139 10
3140 9
3141 60
3142 13
3143 87
3144 98
3145 17
3146 44
3147 97
3148 76
3149 74
3150 96
3151 27
3152 72
3153 61
3154 15
3155 96
3156 74
3157 75
3158 81
3159 79
3160 4
3161 71
3162 52
3163 49
3164 21
3165 60
3166 63
3167 12
3168 7
3169 85
3170 94
3171 11
3172 88
3173 39
3174 95
3175 84
3176 5
3177 82
3178 45
3179 49
3180 60
3181 82
3182 84
3183 98
3184 51
3185 82
3186 26
3187 76
3188 0
3189 78
3190 88
3191 75
3192 61
3193 55
3194 70
3195 9
3196 48
3197 49
3198 57
3199 53
3200 0
3201 55
3202 89
3203 51
3204 21
3205 53
3206 56
3207 96
3208 14
3209 16
3210 86
3211 4
3212 88
3213 5
3214 22
3215 72
3216 79
3217 52
3218 99
3219 23
3220 76
3221 1
3222 67
3223 57
3224 22
3225 19
3226 33
3227 41
3228 99
3229 15
3230 13
3231 49
3232 16
3233 34
3234 46
3235 39
3236 44
3237 75
3238 8
3239 83
3240 6
3241 83
3242 87
3243 88
3244 81
3245 84
3246 54
3247 17
3248 6
3249 77
3250 44
3251 27
3252 16
3253 70
3254 7
3255 64
3256 20
3257 45
3258 26
3259 25
3260 6
3261 34
3262 80
3263 11
3264 88
3265 42
3266 80
3267 66
3268 6
3269 70
3270 9
3271 55
3272 23
3273 89
3274 63
3275 62
3276 58
3277 32
3278 40
3279 51
3280 20
3281 88
3282 74
3283 99
3284 40
3285 54
3286 23
3287 23
3288 23
3289 8
3290 62
3291 60
3292 93
3293 90
3294 46
3295 8
3296 93
3297 54
3298 27
3299 64
3300 34
3301 44
3302 74
3303 4
3304 7
3305 44
3306 73
3307 81
3308 93
3309 16
3310 5
3311 78
3312 31
3313 5
3314 69
3315 37
3316 35
3317 53
3318 95
3319 63
3320 27
3321 61
3322 49
3323 55
3324 96
3325 7
3326 32
3327 19
3328 9
3329 69
3330 86
3331 98
3332 41
3333 6
3334 7
3335 37
3336 83
3337 70
3338 39
3339 74
3340 67
3341 2
3342 37
3343 17
3344 38
3345 69
3346 53
3347 6
3348 67
3349 69
3350 44
3351 51
3352 4
3353 41
3354 52
3355 10
3356 37
3357 63
3358 29
3359 9
3360 39
3361 41
3362 90
3363 18
3364 78
3365 14
3366 34
3367 52
3368 89
3369 64
3370 15
3371 65
3372 86
3373 76
3374 92
3375 11
3376 60
3377 67
3378 16
3379 41
3380 89
3381 25
3382 79
3383 23
3384 25
3385 90
3386 27
3387 13
3388 34
3389 15
3390 54
3391 55
3392 59
3393 97
3394 32
3395 44
3396 60
3397 98
3398 48
3399 95
3400 51
3401 5
3402 90
3403 74
3404 72
3405 67
3406 43
3407 92
3408 69
3409 41
3410 83
3411 0
3412 54
3413 30
3414 82
3415 87
3416 57
3417 65
3418 12
3419 25
3420 25
3421 89
3422 12
3423 72
3424 28
3425 8
3426 64
3427 5
3428 15
3429 20
3430 76
3431 27
3432 51
3433 79
3434 30
3435 9
3436 67
3437 86
3438 40
3439 48
3440 31
3441 95
3442 13
3443 66
3444 45
3445 73
3446 49
3447 39
3448 75
3449 24
3450 91
3451 60
3452 31
3453 92
3454 81
3455 87
3456 49
3457 73
3458 11
3459 70
3460 65
3461 69
3462 40
3463 96
3464 7
3465 5
3466 1
3467 82
3468 12
3469 80
3470 68
3471 92
3472 66
3473 0
3474 32
3475 49
3476 41
3477 51
3478 92
3479 42
3480 60
3481 19
3482 87
3483 17
3484 20
3485 13
3486 26
3487 22
3488 19
3489 63
3490 87
3491 58
3492 38
3493 35
3494 95
3495 77
3496 79
3497 19
3498 46
3499 63
3500 15
3501 59
3502 71
3503 96
3504 17
3505 47
3506 24
3507 36
3508 72
3509 59
3510 98
3511 25
3512 29
3513 29
3514 90
3515 4
3516 84
3517 94
3518 0
3519 48
3520 35
3521 6
3522 2
3523 15
3524 31
3525 27
3526 4
3527 42
3528 18
3529 95
3530 84
3531 84
3532 13
3533 17
3534 98
3535 11
3536 31
3537 56
3538 80
3539 84
3540 85
3541 55
3542 99
3543 77
3544 14
3545 59
3546 84
3547 61
3548 30
3549 93
3550 26
3551 88
3552 92
3553 46
3554 80
3555 96
3556 29
3557 63
3558 85
3559 27
3560 82
3561 17
3562 16
3563 35
3564 49
3565 5
3566 84
3567 16
3568 65
3569 85
3570 24
3571 48
3572 63
3573 45
3574 37
3575 12
3576 90
3577 24
3578 12
3579 45
3580 69
3581 70
3582 90
3583 52
3584 8
3585 38
3586 95
3587 15
3588 24
3589 34
3590 75
3591 42
3592 20
3593 87
3594 61
3595 30
3596 44
3597 12
3598 63
3599 18
3600 56
3601 19
3602 51
3603 47
3604 86
3605 1
3606 22
3607 57
3608 79
3609 70
3610 48
3611 35
3612 48
3613 22
3614 62
3615 44
3616 99
3617 46
3618 47
3619 67
3620 34
3621 10
3622 89
3623 91
3624 79
3625 79
3626 18
3627 35
3628 42
3629 67
3630 44
3631 98
3632 31
3633 28
3634 0
3635 75
3636 53
3637 40
3638 68
3639 32
3640 2
3641 50
3642 18
3643 57
3644 97
3645 5
3646 26
3647 37
3648 90
3649 77
3650 41
3651 98
3652 21
3653 38
3654 1
3655 56
3656 92
3657 60
3658 40
3659 63
3660 64
3661 11
3662 37
3663 64
3664 48
3665 23
3666 46
3667 84
3668 7
3669 91
3670 41
3671 54
3672 78
3673 6
3674 37
3675 99
3676 57
3677 71
3678 33
3679 43
3680 63
3681 20
3682 12
3683 76
3684 9
3685 3
3686 38
3687 34
3688 6
3689 72
3690 83
3691 38
3692 44
3693 60
3694 91
3695 98
3696 87
3697 35
3698 69
3699 26
3700 20
3701 33
3702 70
3703 59
3704 30
3705 84
3706 61
3707 68
3708 42
3709 68
3710 62
3711 96
3712 9
3713 88
3714 16
3715 81
3716 74
3717 12
3718 89
3719 58
3720 71
3721 62
3722 28
3723 10
3724 83
3725 1
3726 77
3727 88
3728 18
3729 99
3730 80
3731 58
3732 79
3733 89
3734 28
3735 86
3736 5
3737 59
3738 58
3739 17
3740 50
3741 16
3742 9
3743 85
3744 79
3745 81
3746 62
3747 31
3748 68
3749 18
3750 66
3751 61
3752 66
3753 30
3754 80
3755 79
3756 50
3757 77
3758 55
3759 64
3760 11
3761 14
3762 68
3763 6
3764 82
3765 56
3766 7
3767 28
3768 56
3769 22
3770 52
3771 19
3772 98
3773 4
3774 21
3775 36
3776 10
3777 41
3778 41
3779 13
3780 86
3781 72
3782 45
3783 0
3784 13
3785 64
3786 3
3787 80
3788 16
3789 10
3790 65
3791 30
3792 26
3793 58
3794 62
3795 78
3796 36
3797 28
3798 87
3799 40
3800 86
3801 61
3802 11
3803 19
3804 32
3805 25
3806 93
3807 24
3808 58
3809 46
3810 89
3811 64
3812 23
3813 14
3814 83
3815 83
3816 9
3817 16
3818 5
3819 58
3820 31
3821 73
3822 2
3823 42
3824 93
3825 10
3826 34
3827 55
3828 58
3829 87
3830 46
3831 71
3832 86
3833 83
3834 44
3835 81
3836 13
3837 47
3838 61
3839 27
3840 14
3841 18
3842 28
3843 77
3844 72
3845 7
3846 21
3847 84
3848 79
3849 69
3850 76
3851 92
3852 89
3853 96
3854 83
3855 49
3856 76
3857 83
3858 17
3859 15
3860 61
3861 17
3862 89
3863 29
3864 16
3865 63
3866 4
3867 48
3868 67
3869 31
3870 48
3871 21
3872 77
3873 36
3874 16
3875 1
3876 90
3877 35
3878 69
3879 75
3880 74
3881 64
3882 3
3883 97
3884 93
3885 18
3886 56
3887 92
3888 92
3889 53
3890 99
3891 83
3892 74
3893 44
3894 43
3895 80
3896 50
3897 18
3898 69
3899 47
3900 42
3901 11
3902 87
3903 5
3904 95
3905 99
3906 25
3907 48
3908 69
3909 5
3910 84
3911 15
3912 31
3913 47
3914 80
3915 14
3916 24
3917 51
3918 25
3919 20
3920 38
3921 21
3922 57
3923 44
3924 12
3925 84
3926 49
3927 40
3928 3
3929 29
3930 63
3931 30
3932 31
3933 66
3934 96
3935 56
3936 36
3937 97
3938 69
3939 1
3940 12
3941 7
3942 92
3943 90
3944 41
3945 14
3946 15
3947 79
3948 40
3949 55
3950 18
3951 55
3952 71
3953 80
3954 76
3955 64
3956 75
3957 0
3958 46
3959 31
3960 89
3961 70
3962 88
3963 27
3964 11
3965 96
3966 22
3967 84
3968 69
3969 32
3970 57
3971 1
3972 92
3973 91
3974 14
3975 93
3976 22
3977 43
3978 46
3979 21
3980 58
3981 1
3982 94
3983 17
3984 40
3985 95
3986 58
3987 19
3988 52
3989 87
3990 41
3991 81
3992 95
3993 59
3994 57
3995 95
3996 51
3997 2
3998 13
3999 25
4000 37
4001 0
4002 55
4003 17
4004 12
4005 13
4006 80
4007 79
4008 96
4009 73
4010 63
4011 63
4012 55
4013 82
4014 23
4015 65
4016 2
4017 7
4018 64
4019 4
4020 15
4021 29
4022 68
4023 54
4024 72
4025 40
4026 97
4027 42
4028 54
4029 59
4030 86
4031 59
4032 12
4033 32
4034 55
4035 95
4036 10
4037 57
4038 84
4039 60
4040 45
4041 90
4042 33
4043 80
4044 60
4045 77
4046 36
4047 0
4048 42
4049 49
4050 36
4051 41
4052 75
4053 3
4054 15
4055 83
4056 80
4057 51
4058 25
4059 55
4060 63
4061 38
4062 88
4063 24
4064 2
4065 88
4066 56
4067 90
4068 51
4069 37
4070 86
4071 3
4072 85
4073 68
4074 85
4075 91
4076 46
4077 48
4078 56
4079 28
4080 37
4081 40
4082 14
4083 46
4084 55
4085 15
4086 79
4087 72
4088 87
4089 48
4090 10
4091 70
4092 17
4093 63
4094 92
4095 42
4096 94
4097 35
4098 21
4099 58
4100 65
4101 59
4102 63
4103 20
4104 7
4105 6
4106 12
4107 77
4108 23
4109 11
4110 51
4111 64
4112 89
4113 8
4114 76
4115 59
4116 81
4117 95
4118 85
4119 68
4120 43
4121 40
4122 65
4123 47
4124 48
4125 9
4126 63
4127 51
4128 36
4129 56
4130 7
4131 4
4132 34
4133 21
4134 87
4135 64
4136 26
4137 11
4138 81
4139 77
4140 59
4141 50
4142 67
4143 8
4144 10
4145 98
4146 20
4147 82
4148 14
4149 95
4150 9
4151 76
4152 15
4153 51
4154 84
4155 69
4156 84
4157 79
4158 37
4159 97
4160 84
4161 26
4162 15
4163 94
4164 32
4165 29
4166 73
4167 55
4168 83
4169 28
4170 48
4171 15
4172 23
4173 8
4174 8
4175 57
4176 19
4177 95
4178 14
4179 24
4180 19
4181 14
4182 87
4183 28
4184 76
4185 21
4186 80
4187 14
4188 53
4189 64
4190 76
4191 61
4192 10
4193 89
4194 34
4195 55
4196 8
4197 78
4198 68
4199 28
4200 77
4201 97
4202 73
4203 47
4204 4
4205 59
4206 82
4207 66
4208 43
4209 38
4210 1
4211 85
4212 86
4213 94
4214 55
4215 18
4216 65
4217 47
4218 91
4219 29
4220 17
4221 72
4222 28
4223 24
4224 28
4225 93
4226 40
4227 35
4228 51
4229 41
4230 10
4231 92
4232 22
4233 25
4234 36
4235 11
4236 25
4237 78
4238 60
4239 49
4240 94
4241 8
4242 1
4243 67
4244 44
4245 70
4246 12
4247 59
4248 94
4249 45
4250 83
4251 0
4252 82
4253 12
4254 8
4255 78
4256 23
4257 78
4258 24
4259 46
4260 93
4261 96
4262 27
4263 60
4264 32
4265 5
4266 77
4267 63
4268 2
4269 17
4270 45
4271 51
4272 49
4273 33
4274 1
4275 30
4276 41
4277 67
4278 66
4279 1
4280 36
4281 48
4282 96
4283 45
4284 89
4285 87
4286 6
4287 97
4288 71
4289 93
4290 78
4291 60
4292 84
4293 41
4294 29
4295 88
4296 90
4297 88
4298 20
4299 10
4300 35
4301 69
4302 2
4303 61
4304 41
4305 97
4306 2
4307 40
4308 51
4309 66
4310 12
4311 54
4312 75
4313 5
4314 38
4315 10
4316 60
4317 26
4318 64
4319 41
4320 71
4321 34
4322 97
4323 58
4324 39
4325 71
4326 71
4327 57
4328 81
4329 53
4330 97
4331 74
4332 21
4333 13
4334 23
4335 96
4336 4
4337 34
4338 82
4339 16
4340 18
4341 7
4342 32
4343 82
4344 80
4345 59
4346 89
4347 55
4348 65
4349 80
4350 19
4351 25
4352 48
4353 46
4354 88
4355 75
4356 36
4357 21
4358 0
4359 78
4360 52
4361 42
4362 4
4363 7
4364 64
4365 17
4366 21
4367 71
4368 95
4369 79
4370 96
4371 55
4372 30
4373 42
4374 53
4375 36
4376 70
4377 87
4378 77
4379 10
4380 42
4381 94
4382 9
4383 42
4384 56
4385 73
4386 89
4387 15
4388 25
4389 23
4390 10
4391 78
4392 3
4393 73
4394 37
4395 80
4396 59
4397 25
4398 59
4399 79
4400 45
4401 70
4402 65
4403 32
4404 5
4405 14
4406 46
4407 14
4408 91
4409 13
4410 67
4411 45
4412 4
4413 74
4414 85
4415 20
4416 29
4417 12
4418 59
4419 79
4420 35
4421 72
4422 82
4423 47
4424 79
4425 43
4426 79
4427 55
4428 50
4429 36
4430 20
4431 68
4432 44
4433 81
4434 88
4435 58
4436 0
4437 28
4438 37
4439 77
4440 1
4441 19
4442 1
4443 80
4444 36
4445 37
4446 60
4447 82
4448 55
4449 27
4450 13
4451 2
4452 75
4453 75
4454 78
4455 54
4456 83
4457 30
4458 45
4459 82
4460 96
4461 42
4462 70
4463 33
4464 11
4465 16
4466 82
4467 84
4468 93
4469 28
4470 4
4471 93
4472 16
4473 26
4474 3
4475 8
4476 11
4477 78
4478 29
4479 25
4480 58
4481 68
4482 37
4483 65
4484 89
4485 45
4486 15
4487 33
4488 55
4489 21
4490 52
4491 63
4492 27
4493 14
4494 96
4495 82
4496 31
4497 82
4498 49
4499 53
4500 32
4501 72
4502 5
4503 49
4504 73
4505 46
4506 24
4507 95
4508 33
4509 2
4510 4
4511 39
4512 11
4513 50
4514 36
4515 31
4516 0
4517 6
4518 44
4519 94
4520 68
4521 43
4522 27
4523 54
4524 42
4525 65
4526 22
4527 55
4528 33
4529 76
4530 58
4531 28
4532 18
4533 81
4534 75
4535 85
4536 47
4537 21
4538 57
4539 88
4540 21
4541 68
4542 57
4543 54
4544 45
4545 10
4546 80
4547 1
4548 90
4549 92
4550 76
4551 86
4552 89
4553 51
4554 87
4555 88
4556 9
4557 38
4558 46
4559 75
4560 97
4561 66
4562 53
4563 36
4564 87
4565 53
4566 39
4567 80
4568 93
4569 17
4570 16
4571 73
4572 59
4573 23
4574 12
4575 57
4576 89
4577 75
4578 27
4579 10
4580 99
4581 46
4582 19
4583 48
4584 27
4585 82
4586 31
4587 80
4588 22
4589 90
4590 29
4591 85
4592 65
4593 17
4594 82
4595 76
4596 65
4597 89
4598 95
4599 16
4600 43
4601 31
4602 72
4603 52
4604 75
4605 59
4606 64
4607 15
4608 0
4609 60
4610 87
4611 2
4612 60
4613 43
4614 47
4615 20
4616 83
4617 54
4618 31
4619 35
4620 95
4621 83
4622 55
4623 52
4624 80
4625 33
4626 10
4627 62
4628 26
4629 20
4630 21
4631 52
4632 39
4633 81
4634 65
4635 71
4636 8
4637 80
4638 77
4639 21
4640 35
4641 36
4642 89
4643 44
4644 64
4645 4
4646 53
4647 70
4648 10
4649 62
4650 4
4651 22
4652 35
4653 5
4654 34
4655 29
4656 71
4657 37
4658 1
4659 16
4660 92
4661 12
4662 83
4663 26
4664 31
4665 62
4666 70
4667 38
4668 14
4669 96
4670 71
4671 91
4672 4
4673 61
4674 63
4675 48
4676 72
4677 37
4678 70
4679 83
4680 85
4681 73
4682 76
4683 51
4684 70
4685 73
4686 85
4687 10
4688 93
4689 91
4690 27
4691 28
4692 9
4693 63
4694 81
4695 93
4696 97
4697 53
4698 76
4699 1
4700 99
4701 47
4702 86
4703 65
4704 32
4705 31
4706 52
4707 17
4708 20
4709 13
4710 81
4711 45
4712 53
4713 38
4714 21
4715 77
4716 9
4717 80
4718 37
4719 99
4720 96
4721 25
4722 65
4723 8
4724 43
4725 90
4726 60
4727 89
4728 15
4729 55
4730 73
4731 31
4732 35
4733 37
4734 27
4735 28
4736 56
4737 68
4738 4
4739 79
4740 80
4741 99
4742 1
4743 84
4744 13
4745 5
4746 91
4747 18
4748 36
4749 26
4750 27
4751 76
4752 0
4753 23
4754 27
4755 39
4756 12
4757 59
4758 74
4759 80
4760 70
4761 65
4762 18
4763 22
4764 88
4765 72
4766 76
4767 77
4768 13
4769 8
4770 41
4771 42
4772 67
4773 26
4774 46
4775 51
4776 69
4777 20
4778 34
4779 65
4780 47
4781 81
4782 99
4783 11
4784 28
4785 7
4786 49
4787 92
4788 34
4789 40
4790 38
4791 16
4792 80
4793 58
4794 5
4795 96
4796 44
4797 32
4798 44
4799 86
4800 41
4801 96
4802 9
4803 45
4804 59
4805 50
4806 51
4807 12
4808 2
4809 55
4810 96
4811 78
4812 45
4813 58
4814 81
4815 27
4816 7
4817 76
4818 87
4819 80
4820 99
4821 50
4822 93
4823 91
4824 43
4825 81
4826 66
4827 7
4828 89
4829 11
4830 87
4831 29
4832 25
4833 7
4834 64
4835 4
4836 13
4837 50
4838 38
4839 10
4840 79
4841 70
4842 89
4843 75
4844 79
4845 3
4846 18
4847 39
4848 97
4849 16
4850 62
4851 1
4852 55
4853 66
4854 13
4855 81
4856 40
4857 87
4858 23
4859 17
4860 2
4861 48
4862 14
4863 13
4864 51
4865 38
4866 63
4867 44
4868 69
4869 49
4870 45
4871 36
4872 94
4873 49
4874 99
4875 23
4876 6
4877 98
4878 91
4879 47
4880 63
4881 43
4882 53
4883 73
4884 76
4885 91
4886 15
4887 64
4888 97
4889 35
4890 39
4891 12
4892 85
4893 71
4894 41
4895 55
4896 30
4897 47
4898 61
4899 38
4900 6
4901 32
4902 3
4903 41
4904 80
4905 9
4906 31
4907 94
4908 76
4909 8
4910 22
4911 49
4912 35
4913 51
4914 27
4915 42
4916 83
4917 54
4918 37
4919 32
4920 17
4921 5
4922 82
4923 87
4924 75
4925 4
4926 80
4927 17
4928 64
4929 72
4930 23
4931 70
4932 44
4933 60
4934 69
4935 44
4936 18
4937 86
4938 26
4939 2
4940 7
4941 42
4942 54
4943 73
4944 0
4945 57
4946 98
4947 45
4948 37
4949 42
4950 34
4951 66
4952 4
4953 27
4954 25
4955 72
4956 46
4957 80
4958 26
4959 76
4960 11
4961 61
4962 5
4963 54
4964 33
4965 28
4966 47
4967 77
4968 36
4969 6
4970 13
4971 32
4972 69
4973 28
4974 22
4975 55
4976 70
4977 21
4978 5
4979 11
4980 4
4981 61
4982 10
4983 5
4984 59
4985 0
4986 53
4987 91
4988 27
4989 17
4990 18
4991 11
4992 58
4993 20
4994 0
4995 86
4996 31
4997 9
4998 1
4999 9
