10000 11
10001 63
10002 63
10003 63
10004 241
10005 161
10006 239
10007 241
10008 161
10009 104
10010 357
10011 80
10012 391
10013 301
10014 396
10015 254
10016 392
10017 189
10018 189
10019 19
10020 72
10021 45
10022 125
10023 122
10024 350
10025 86
10026 397
10027 188
10028 403
10029 403
10030 140
10031 397
10032 310
10033 308
10034 333
10035 75
10036 44
10037 75
10038 221
10039 193
10040 193
10041 197
10042 197
10043 197
10044 363
10045 355
10046 13
10047 152
10048 58
10049 58
10050 262
10051 330
10052 225
10053 262
10054 262
10055 362
10056 262
10057 155
10058 90
10059 125
10060 10
10061 195
10062 90
10063 260
10064 155
10065 10
10066 25
10067 60
10068 141
10069 141
10070 21
10071 21
10072 426
10073 426
10074 19
10075 181
10076 181
10077 181
10078 16
10079 76
10080 7
10081 31
10082 31
10083 12
10084 31
10085 372
10086 381
10087 396
10088 396
10089 345
10090 345
10091 377
10092 345
10093 220
10094 105
10095 365
10096 338
10097 409
10098 409
10099 267
10100 267
10101 267
10102 388
10103 388
10104 374
10105 388
10106 47
10107 328
10108 47
10109 75
10110 368
10111 75
10112 75
10113 318
10114 90
10115 417
10116 335
10117 196
10118 335
10119 350
10120 354
10121 253
10122 253
10123 220
10124 226
10125 220
10126 11
10127 118
10128 14
10129 293
10130 240
10131 114
10132 84
10133 240
10134 84
10135 135
10136 135
10137 135
10138 135
10139 135
10140 135
10141 135
10142 110
10143 110
10144 110
10145 312
10146 387
10147 312
10148 292
10149 292
10150 17
10151 92
10152 320
10153 364
10154 67
10155 67
10156 67
10157 408
10158 41
10159 408
10160 326
10161 350
10162 9
10163 344
10164 350
10165 182
10166 182
10167 40
10168 40
10169 276
10170 77
10171 39
10172 39
10173 296
10174 386
10175 364
10176 314
10177 364
10178 414
10179 414
10180 414
10181 29
10182 29
10183 32
10184 29
10185 98
10186 425
10187 98
10188 425
10189 98
10190 398
10191 315
10192 373
10193 373
10194 371
10195 47
10196 382
10197 361
10198 371
10199 373
10200 127
10201 364
10202 127
10203 375
10204 412
10205 78
10206 412
10207 368
10208 368
10209 284
10210 368
10211 338
10212 284
10213 284
10214 49
10215 386
10216 49
10217 49
10218 5
10219 386
10220 371
10221 178
10222 290
10223 230
10224 230
10225 230
10226 250
10227 250
10228 230
10229 289
10230 92
10231 19
10232 214
10233 365
10234 272
10235 374
10236 310
10237 19
10238 425
10239 425
10240 418
10241 5
10242 266
10243 246
10244 86
10245 99
10246 86
10247 109
10248 418
10249 418
10250 71
10251 71
10252 24
10253 24
10254 71
10255 115
10256 90
10257 412
10258 257
10259 412
10260 312
10261 312
10262 415
10263 415
10264 312
10265 186
10266 186
10267 186
10268 41
10269 272
10270 272
10271 272
10272 272
10273 396
10274 80
10275 12
10276 403
10277 403
10278 109
10279 109
10280 109
10281 246
10282 246
10283 228
10284 328
10285 203
10286 292
10287 292
10288 292
10289 346
10290 78
10291 173
10292 346
10293 346
10294 416
10295 405
10296 405
10297 204
10298 171
10299 171
10300 204
10301 285
10302 285
10303 21
10304 175
10305 175
10306 201
10307 201
10308 201
10309 201
10310 214
10311 15
10312 200
10313 167
10314 167
10315 167
10316 167
10317 167
10318 167
10319 167
10320 185
10321 185
10322 136
10323 136
10324 136
10325 136
10326 136
10327 136
10328 259
10329 376
10330 376
10331 259
10332 20
10333 75
10334 47
10335 378
10336 18
10337 378
10338 381
10339 378
10340 274
10341 34
10342 398
10343 34
10344 401
10345 364
10346 356
10347 356
10348 25
10349 86
10350 86
10351 87
10352 123
10353 123
10354 245
10355 236
10356 236
10357 236
10358 236
10359 61
10360 350
10361 326
10362 278
10363 400
10364 400
10365 37
10366 409
10367 409
10368 12
10369 409
10370 200
10371 427
10372 427
10373 427
10374 353
10375 353
10376 354
10377 18
10378 6
10379 353
10380 220
10381 28
10382 263
10383 263
10384 148
10385 240
10386 130
10387 130
10388 117
10389 355
10390 180
10391 355
10392 336
10393 336
10394 401
10395 336
10396 133
10397 132
10398 133
10399 74
10400 132
10401 133
10402 133
10403 307
10404 355
10405 307
10406 67
10407 333
10408 200
10409 200
10410 373
10411 373
10412 373
10413 191
10414 191
10415 133
10416 117
10417 64
10418 192
10419 192
10420 357
10421 357
10422 353
10423 69
10424 69
10425 69
10426 71
10427 69
10428 69
10429 6
10430 180
10431 69
10432 54
10433 359
10434 94
10435 94
10436 41
10437 377
10438 17
10439 17
10440 288
10441 118
10442 288
10443 288
10444 153
10445 153
10446 273
10447 365
10448 273
10449 365
10450 245
10451 397
10452 16
10453 405
10454 301
10455 241
10456 190
10457 241
10458 88
10459 350
10460 311
10461 311
10462 234
10463 311
10464 311
10465 311
10466 311
10467 417
10468 11
10469 22
10470 23
10471 101
10472 401
10473 414
10474 401
10475 232
10476 309
10477 309
10478 139
10479 139
10480 94
10481 252
10482 422
10483 415
10484 252
10485 252
10486 348
10487 348
10488 12
10489 2
10490 262
10491 141
10492 46
10493 60
10494 46
10495 25
10496 60
10497 271
10498 271
10499 271
10500 175
10501 153
10502 5
10503 73
10504 73
10505 187
10506 73
10507 73
10508 189
10509 189
10510 189
10511 189
10512 311
10513 311
10514 311
10515 139
10516 139
10517 113
10518 259
10519 208
10520 259
10521 236
10522 199
10523 7
10524 199
10525 7
10526 352
10527 141
10528 356
10529 128
10530 261
10531 261
10532 261
10533 426
10534 151
10535 151
10536 289
10537 289
10538 289
10539 338
10540 425
10541 330
10542 67
10543 309
10544 261
10545 106
10546 106
10547 12
10548 132
10549 132
10550 129
10551 132
10552 132
10553 132
10554 345
10555 345
10556 119
10557 20
10558 63
10559 375
10560 302
10561 375
10562 120
10563 120
10564 281
10565 265
10566 398
10567 181
10568 87
10569 41
10570 367
10571 367
10572 157
10573 157
10574 407
10575 407
10576 262
10577 396
10578 396
10579 398
10580 396
10581 79
10582 79
10583 79
10584 79
10585 38
10586 161
10587 146
10588 198
10589 198
10590 198
10591 78
10592 192
10593 192
10594 349
10595 418
10596 381
10597 23
10598 381
10599 18
10600 391
10601 76
10602 391
10603 18
10604 23
10605 383
10606 14
10607 280
10608 383
10609 14
10610 383
10611 391
10612 414
10613 280
10614 383
10615 383
10616 383
10617 362
10618 344
10619 84
10620 330
10621 362
10622 239
10623 239
10624 239
10625 235
10626 226
10627 289
10628 239
10629 43
10630 389
10631 120
10632 87
10633 253
10634 120
10635 125
10636 16
10637 242
10638 248
10639 414
10640 354
10641 53
10642 19
10643 84
10644 84
10645 88
10646 88
10647 223
10648 223
10649 223
10650 229
10651 223
10652 223
10653 307
10654 223
10655 247
10656 247
10657 9
10658 3
10659 281
10660 425
10661 170
10662 170
10663 170
10664 361
10665 423
10666 92
10667 132
10668 421
10669 273
10670 261
10671 261
10672 124
10673 255
10674 277
10675 3
10676 277
10677 255
10678 373
10679 410
10680 52
10681 45
10682 423
10683 423
10684 367
10685 231
10686 134
10687 129
10688 132
10689 134
10690 129
10691 132
10692 352
10693 352
10694 397
10695 397
10696 397
10697 175
10698 175
10699 175
10700 361
10701 422
10702 422
10703 72
10704 389
10705 72
10706 200
10707 70
10708 69
10709 69
10710 69
10711 43
10712 43
10713 43
10714 189
10715 189
10716 189
10717 170
10718 170
10719 170
10720 170
10721 344
10722 322
10723 235
10724 344
10725 167
10726 167
10727 167
10728 292
10729 292
10730 105
10731 104
10732 297
10733 425
10734 422
10735 357
10736 360
10737 359
10738 387
10739 49
10740 375
10741 375
10742 49
10743 73
10744 388
10745 73
10746 127
10747 108
10748 253
10749 111
10750 127
10751 127
10752 127
10753 108
10754 230
10755 230
10756 230
10757 204
10758 361
10759 230
10760 230
10761 90
10762 90
10763 90
10764 158
10765 18
10766 348
10767 342
10768 369
10769 348
10770 348
10771 348
10772 342
10773 256
10774 256
10775 371
10776 371
10777 130
10778 130
10779 208
10780 208
10781 70
10782 211
10783 211
10784 211
10785 12
10786 12
10787 164
10788 164
10789 164
10790 337
10791 340
10792 105
10793 97
10794 8
10795 8
10796 330
10797 110
10798 352
10799 352
10800 352
10801 225
10802 196
10803 138
10804 261
10805 323
10806 200
10807 199
10808 51
10809 185
10810 64
10811 185
10812 388
10813 25
10814 185
10815 185
10816 185
10817 185
10818 136
10819 139
10820 136
10821 136
10822 136
10823 136
10824 136
10825 224
10826 224
10827 5
10828 224
10829 196
10830 148
10831 148
10832 113
10833 113
10834 113
10835 192
10836 13
10837 12
10838 87
10839 87
10840 294
10841 411
10842 254
10843 180
10844 180
10845 180
10846 273
10847 273
10848 273
10849 357
10850 319
10851 175
10852 319
10853 319
10854 319
10855 36
10856 148
10857 13
10858 199
10859 199
10860 302
10861 301
10862 302
10863 302
10864 59
10865 403
10866 403
10867 403
10868 329
10869 329
10870 240
10871 303
10872 421
10873 353
10874 326
10875 353
10876 232
10877 232
10878 147
10879 248
10880 107
10881 9
10882 327
10883 387
10884 5
10885 309
10886 309
10887 102
10888 310
10889 310
10890 259
10891 251
10892 341
10893 398
10894 429
10895 70
10896 416
10897 376
10898 117
10899 117
10900 203
10901 203
10902 203
10903 402
10904 402
10905 402
10906 402
10907 47
10908 88
10909 47
10910 335
10911 228
10912 228
10913 213
10914 213
10915 6
10916 255
10917 91
10918 91
10919 64
10920 58
10921 64
10922 123
10923 70
10924 256
10925 77
10926 312
10927 312
10928 265
10929 8
10930 265
10931 265
10932 265
10933 225
10934 10
10935 339
10936 43
10937 43
10938 158
10939 26
10940 158
10941 189
10942 193
10943 189
10944 189
10945 189
10946 57
10947 57
10948 57
10949 57
10950 373
10951 373
10952 373
10953 373
10954 380
10955 225
10956 275
10957 72
10958 400
10959 199
10960 400
10961 319
10962 319
10963 4
10964 387
10965 371
10966 387
10967 104
10968 355
10969 355
10970 11
10971 24
10972 251
10973 337
10974 315
10975 31
10976 399
10977 399
10978 196
10979 196
10980 196
10981 416
10982 251
10983 344
10984 251
10985 329
10986 239
10987 35
10988 239
10989 426
10990 127
10991 36
10992 375
10993 108
10994 117
10995 108
10996 3
10997 240
10998 240
10999 49
11000 168
11001 49
11002 88
11003 88
11004 88
11005 42
11006 42
11007 42
11008 128
11009 128
11010 128
11011 308
11012 308
11013 220
11014 101
11015 122
11016 122
11017 122
11018 127
11019 309
11020 370
11021 370
11022 377
11023 408
11024 330
11025 378
11026 378
11027 378
11028 337
11029 16
11030 391
11031 391
11032 362
11033 391
11034 365
11035 199
11036 104
11037 365
11038 199
11039 84
11040 84
11041 16
11042 44
11043 249
11044 188
11045 188
11046 140
11047 191
11048 140
11049 140
11050 134
11051 267
11052 16
11053 267
11054 125
11055 94
11056 10
11057 190
11058 190
11059 205
11060 190
11061 190
11062 420
11063 317
11064 420
11065 420
11066 328
11067 238
11068 413
11069 236
11070 238
11071 278
11072 287
11073 278
11074 179
11075 165
11076 165
11077 33
11078 14
11079 7
11080 344
11081 344
11082 357
11083 36
11084 117
11085 355
11086 256
11087 282
11088 308
11089 305
11090 256
11091 160
11092 356
11093 265
11094 265
11095 338
11096 338
11097 154
11098 341
11099 338
11100 279
11101 279
11102 279
11103 371
11104 254
11105 348
11106 216
11107 166
11108 166
11109 166
11110 166
11111 166
11112 206
11113 21
11114 328
11115 121
11116 328
11117 196
11118 327
11119 36
11120 36
11121 311
11122 195
11123 311
11124 26
11125 186
11126 186
11127 288
11128 235
11129 421
11130 186
11131 308
11132 104
11133 137
11134 92
11135 132
11136 73
11137 383
11138 6
11139 340
11140 342
11141 405
11142 71
11143 71
11144 380
11145 191
11146 191
11147 225
11148 225
11149 46
11150 87
11151 325
11152 325
11153 395
11154 371
11155 13
11156 371
11157 179
11158 222
11159 100
11160 179
11161 240
11162 240
11163 396
11164 240
11165 337
11166 240
11167 318
11168 21
11169 318
11170 21
11171 172
11172 172
11173 4
11174 11
11175 172
11176 272
11177 232
11178 232
11179 12
11180 233
11181 236
11182 235
11183 281
11184 281
11185 16
11186 16
11187 159
11188 159
11189 411
11190 411
11191 411
11192 411
11193 411
11194 176
11195 176
11196 176
11197 176
11198 176
11199 176
11200 278
11201 47
11202 254
11203 254
11204 260
11205 15
11206 15
11207 362
11208 373
11209 184
11210 373
11211 416
11212 373
11213 273
11214 407
11215 387
11216 398
11217 260
11218 19
11219 14
11220 38
11221 260
11222 227
11223 227
11224 165
11225 227
11226 128
11227 402
11228 38
11229 411
11230 411
11231 411
11232 143
11233 143
11234 376
11235 376
11236 376
11237 100
11238 226
11239 422
11240 226
11241 12
11242 375
11243 375
11244 353
11245 416
11246 384
11247 39
11248 39
11249 201
11250 201
11251 294
11252 426
11253 426
11254 426
11255 220
11256 426
11257 45
11258 10
11259 327
11260 265
11261 168
11262 42
11263 168
11264 168
11265 168
11266 380
11267 62
11268 62
11269 62
11270 206
11271 83
11272 83
11273 83
11274 83
11275 11
11276 83
11277 271
11278 271
11279 271
11280 271
11281 157
11282 273
11283 269
11284 157
11285 32
11286 32
11287 32
11288 32
11289 32
11290 161
11291 161
11292 161
11293 161
11294 104
11295 227
11296 227
11297 227
11298 422
11299 220
11300 220
11301 220
11302 61
11303 307
11304 307
11305 96
11306 195
11307 307
11308 96
11309 340
11310 340
11311 340
11312 128
11313 287
11314 335
11315 148
11316 148
11317 290
11318 290
11319 314
11320 384
11321 314
11322 88
11323 24
11324 58
11325 58
11326 58
11327 58
11328 58
11329 58
11330 414
11331 391
11332 20
11333 181
11334 247
11335 181
11336 122
11337 310
11338 310
11339 310
11340 53
11341 324
11342 324
11343 186
11344 148
11345 148
11346 410
11347 158
11348 158
11349 106
11350 106
11351 106
11352 26
11353 106
11354 87
11355 38
11356 384
11357 20
11358 19
11359 188
11360 41
11361 186
11362 186
11363 186
11364 168
11365 364
11366 46
11367 214
11368 399
11369 298
11370 172
11371 298
11372 7
11373 427
11374 109
11375 419
11376 427
11377 295
11378 48
11379 427
11380 427
11381 377
11382 73
11383 377
11384 244
11385 244
11386 244
11387 244
11388 244
11389 355
11390 355
11391 355
11392 355
11393 355
11394 268
11395 73
11396 280
11397 391
11398 280
11399 269
11400 14
11401 250
11402 250
11403 13
11404 301
11405 104
11406 301
11407 104
11408 35
11409 35
11410 35
11411 285
11412 283
11413 348
11414 285
11415 285
11416 393
11417 285
11418 176
11419 12
11420 11
11421 36
11422 286
11423 283
11424 366
11425 328
11426 339
11427 107
11428 268
11429 6
11430 268
11431 268
11432 139
11433 141
11434 139
11435 139
11436 138
11437 140
11438 139
11439 164
11440 164
11441 164
11442 164
11443 400
11444 165
11445 164
11446 164
11447 164
11448 156
11449 156
11450 156
11451 199
11452 164
11453 128
11454 125
11455 269
11456 332
11457 332
11458 269
11459 269
11460 172
11461 172
11462 172
11463 156
11464 252
11465 156
11466 84
11467 199
11468 310
11469 310
11470 292
11471 281
11472 206
11473 281
11474 15
11475 322
11476 15
11477 322
11478 15
11479 226
11480 374
11481 374
11482 374
11483 427
11484 427
11485 427
11486 306
11487 117
11488 340
11489 386
11490 340
11491 340
11492 159
11493 375
11494 385
11495 388
11496 133
11497 346
11498 23
11499 271
11500 271
11501 271
11502 271
11503 191
11504 191
11505 191
11506 191
11507 191
11508 191
11509 108
11510 334
11511 333
11512 334
11513 214
11514 42
11515 90
11516 90
11517 338
11518 90
11519 90
11520 392
11521 415
11522 5
11523 247
11524 247
11525 261
11526 23
11527 217
11528 335
11529 7
11530 385
11531 385
11532 323
11533 115
11534 95
11535 111
11536 115
11537 61
11538 80
11539 61
11540 421
11541 421
11542 421
11543 132
11544 132
11545 132
11546 257
11547 257
11548 257
11549 87
11550 87
11551 152
11552 152
11553 314
11554 314
11555 344
11556 361
11557 397
11558 361
11559 384
11560 210
11561 31
11562 31
11563 87
11564 347
11565 347
11566 51
11567 302
11568 382
11569 39
11570 36
11571 360
11572 79
11573 7
11574 241
11575 17
11576 281
11577 296
11578 13
11579 299
11580 177
11581 299
11582 299
11583 69
11584 142
11585 142
11586 140
11587 311
11588 317
11589 278
11590 105
11591 333
11592 311
11593 322
11594 269
11595 310
11596 406
11597 36
11598 406
11599 362
11600 362
11601 79
11602 361
11603 79
11604 204
11605 204
11606 244
11607 244
11608 335
11609 244
11610 244
11611 244
11612 280
11613 280
11614 335
11615 159
11616 335
11617 335
11618 335
11619 335
11620 335
11621 304
11622 41
11623 304
11624 239
11625 304
11626 310
11627 231
11628 231
11629 387
11630 231
11631 380
11632 376
11633 377
11634 376
11635 269
11636 269
11637 388
11638 175
11639 270
11640 270
11641 329
11642 329
11643 20
11644 20
11645 20
11646 20
11647 307
11648 307
11649 190
11650 362
11651 362
11652 181
11653 334
11654 8
11655 27
11656 27
11657 27
11658 27
11659 27
11660 27
11661 27
11662 250
11663 250
11664 396
11665 84
11666 84
11667 67
11668 371
11669 338
11670 225
11671 216
11672 216
11673 141
11674 52
11675 323
11676 381
11677 428
11678 374
11679 244
11680 161
11681 107
11682 9
11683 157
11684 266
11685 266
11686 266
11687 342
11688 349
11689 344
11690 344
11691 170
11692 120
11693 120
11694 249
11695 65
11696 65
11697 401
11698 12
11699 352
11700 131
11701 20
11702 139
11703 389
11704 119
11705 319
11706 144
11707 127
11708 127
11709 188
11710 132
11711 223
11712 278
11713 278
11714 278
11715 410
11716 276
11717 410
11718 276
11719 132
11720 21
11721 262
11722 121
11723 21
11724 47
11725 132
11726 421
11727 421
11728 421
11729 386
11730 421
11731 387
11732 421
11733 179
11734 83
11735 83
11736 293
11737 293
11738 293
11739 293
11740 98
11741 13
11742 293
11743 213
11744 213
11745 330
11746 328
11747 378
11748 18
11749 361
11750 181
11751 181
11752 280
11753 260
11754 260
11755 260
11756 97
11757 97
11758 97
11759 92
11760 411
11761 36
11762 92
11763 219
11764 219
11765 182
11766 11
11767 18
11768 253
11769 253
11770 79
11771 82
11772 115
11773 115
11774 115
11775 115
11776 356
11777 42
11778 361
11779 377
11780 404
11781 377
11782 404
11783 281
11784 253
11785 253
11786 227
11787 227
11788 15
11789 356
11790 209
11791 173
11792 322
11793 322
11794 100
11795 327
11796 56
11797 56
11798 31
11799 31
11800 209
11801 209
11802 156
11803 338
11804 172
11805 172
11806 5
11807 185
11808 185
11809 73
11810 73
11811 73
11812 73
11813 32
11814 32
11815 29
11816 123
11817 21
11818 21
11819 74
11820 354
11821 74
11822 269
11823 269
11824 269
11825 237
11826 237
11827 220
11828 398
11829 237
11830 237
11831 161
11832 161
11833 351
11834 121
11835 351
11836 351
11837 351
11838 125
11839 127
11840 127
11841 222
11842 222
11843 98
11844 98
11845 227
11846 294
11847 10
11848 285
11849 285
11850 285
11851 233
11852 282
11853 207
11854 221
11855 5
11856 221
11857 155
11858 155
11859 66
11860 228
11861 43
11862 43
11863 428
11864 130
11865 12
11866 12
11867 423
11868 334
11869 219
11870 303
11871 160
11872 183
11873 183
11874 95
11875 164
11876 164
11877 166
11878 302
11879 174
11880 163
11881 216
11882 216
11883 26
11884 260
11885 216
11886 314
11887 314
11888 314
11889 190
11890 245
11891 255
11892 335
11893 92
11894 281
11895 78
11896 314
11897 253
11898 314
11899 314
11900 101
11901 63
11902 84
11903 201
11904 83
11905 84
11906 60
11907 63
11908 63
11909 61
11910 61
11911 61
11912 109
11913 335
11914 199
11915 181
11916 238
11917 8
11918 206
11919 33
11920 238
11921 260
11922 335
11923 233
11924 335
11925 5
11926 52
11927 52
11928 185
11929 66
11930 66
11931 66
11932 295
11933 77
11934 147
11935 427
11936 77
11937 77
11938 77
11939 217
11940 217
11941 217
11942 217
11943 217
11944 252
11945 252
11946 401
11947 252
11948 159
11949 101
11950 101
11951 169
11952 169
11953 169
11954 219
11955 169
11956 169
11957 174
11958 111
11959 111
11960 242
11961 267
11962 395
11963 395
11964 55
11965 56
11966 55
11967 223
11968 328
11969 321
11970 223
11971 21
11972 181
11973 121
11974 42
11975 42
11976 41
11977 113
11978 42
11979 115
11980 115
11981 117
11982 115
11983 115
11984 287
11985 287
11986 85
11987 304
11988 304
11989 381
11990 323
11991 4
11992 306
11993 306
11994 245
11995 306
11996 373
11997 420
11998 420
11999 346
12000 346
12001 290
12002 343
12003 346
12004 346
12005 155
12006 328
12007 10
12008 7
12009 383
12010 407
12011 383
12012 383
12013 407
12014 293
12015 279
12016 278
12017 276
12018 389
12019 414
12020 307
12021 59
12022 184
12023 184
12024 184
12025 134
12026 35
12027 61
12028 35
12029 35
12030 398
12031 134
12032 259
12033 259
12034 259
12035 288
12036 259
12037 259
12038 259
12039 360
12040 67
12041 188
12042 90
12043 90
12044 131
12045 293
12046 115
12047 293
12048 293
12049 290
12050 121
12051 371
12052 97
12053 97
12054 159
12055 289
12056 289
12057 94
12058 92
12059 8
12060 290
12061 222
12062 222
12063 7
12064 247
12065 37
12066 211
12067 163
12068 163
12069 163
12070 158
12071 158
12072 93
12073 241
12074 241
12075 101
12076 251
12077 255
12078 251
12079 295
12080 422
12081 422
12082 422
12083 18
12084 195
12085 173
12086 195
12087 195
12088 173
12089 280
12090 280
12091 206
12092 206
12093 193
12094 351
12095 351
12096 187
12097 351
12098 351
12099 149
12100 52
12101 52
12102 51
12103 4
12104 51
12105 327
12106 20
12107 87
12108 403
12109 305
12110 419
12111 5
12112 38
12113 305
12114 419
12115 307
12116 76
12117 307
12118 307
12119 307
12120 145
12121 87
12122 195
12123 67
12124 410
12125 410
12126 5
12127 423
12128 380
12129 181
12130 48
12131 348
12132 194
12133 348
12134 348
12135 397
12136 350
12137 115
12138 118
12139 115
12140 115
12141 115
12142 204
12143 50
12144 204
12145 204
12146 204
12147 204
12148 214
12149 202
12150 214
12151 136
12152 125
12153 136
12154 136
12155 290
12156 62
12157 120
12158 259
12159 259
12160 259
12161 416
12162 64
12163 46
12164 424
12165 106
12166 106
12167 402
12168 402
12169 402
12170 6
12171 373
12172 373
12173 135
12174 340
12175 196
12176 196
12177 196
12178 214
12179 162
12180 162
12181 162
12182 162
12183 206
12184 206
12185 337
12186 221
12187 337
12188 127
12189 421
12190 384
12191 421
12192 264
12193 12
12194 105
12195 178
12196 360
12197 360
12198 37
12199 134
12200 311
12201 311
12202 311
12203 256
12204 261
12205 23
12206 99
12207 2
12208 411
12209 99
12210 224
12211 224
12212 224
12213 224
12214 226
12215 15
12216 238
12217 118
12218 179
12219 179
12220 201
12221 176
12222 42
12223 213
12224 42
12225 42
12226 43
12227 394
12228 42
12229 239
12230 94
12231 426
12232 28
12233 28
12234 28
12235 32
12236 32
12237 28
12238 325
12239 205
12240 325
12241 53
12242 245
12243 296
12244 18
12245 225
12246 225
12247 225
12248 39
12249 282
12250 15
12251 39
12252 20
12253 282
12254 354
12255 39
12256 152
12257 167
12258 379
12259 379
12260 379
12261 380
12262 416
12263 44
12264 144
12265 248
12266 248
12267 243
12268 290
12269 268
12270 9
12271 9
12272 246
12273 25
12274 25
12275 329
12276 259
12277 4
12278 32
12279 32
12280 6
12281 395
12282 392
12283 239
12284 239
12285 239
12286 210
12287 4
12288 272
12289 87
12290 19
12291 19
12292 392
12293 392
12294 392
12295 83
12296 83
12297 245
12298 161
12299 71
12300 336
12301 341
12302 242
12303 360
12304 300
12305 360
12306 364
12307 360
12308 360
12309 78
12310 343
12311 70
12312 5
12313 70
12314 194
12315 405
12316 10
12317 6
12318 405
12319 257
12320 257
12321 257
12322 25
12323 257
12324 273
12325 273
12326 273
12327 273
12328 273
12329 132
12330 73
12331 71
12332 152
12333 125
12334 353
12335 353
12336 353
12337 353
12338 303
12339 303
12340 362
12341 362
12342 362
12343 313
12344 313
12345 265
12346 93
12347 265
12348 265
12349 265
12350 52
12351 265
12352 41
12353 265
12354 397
12355 300
12356 371
12357 342
12358 89
12359 89
12360 263
12361 246
12362 266
12363 263
12364 249
12365 243
12366 329
12367 329
12368 329
12369 321
12370 214
12371 120
12372 214
12373 93
12374 93
12375 82
12376 101
12377 284
12378 82
12379 336
12380 82
12381 380
12382 9
12383 218
12384 218
12385 218
12386 221
12387 218
12388 339
12389 132
12390 125
12391 142
12392 132
12393 352
12394 356
12395 243
12396 352
12397 295
12398 249
12399 290
12400 281
12401 375
12402 283
12403 281
12404 247
12405 281
12406 196
12407 78
12408 287
12409 36
12410 404
12411 52
12412 222
12413 90
12414 90
12415 33
12416 33
12417 114
12418 206
12419 206
12420 347
12421 90
12422 90
12423 19
12424 242
12425 304
12426 242
12427 304
12428 158
12429 145
12430 247
12431 158
12432 252
12433 380
12434 252
12435 235
12436 5
12437 235
12438 116
12439 116
12440 85
12441 85
12442 85
12443 112
12444 112
12445 112
12446 322
12447 322
12448 303
12449 53
12450 315
12451 105
12452 105
12453 274
12454 18
12455 274
12456 276
12457 269
12458 7
12459 173
12460 173
12461 279
12462 279
12463 5
12464 279
12465 291
12466 188
12467 154
12468 106
12469 106
12470 220
12471 220
12472 220
12473 220
12474 220
12475 247
12476 74
12477 182
12478 182
12479 415
12480 44
12481 415
12482 415
12483 415
12484 415
12485 259
12486 259
12487 192
12488 12
12489 192
12490 19
12491 363
12492 374
12493 194
12494 164
12495 194
12496 194
12497 76
12498 77
12499 146
12500 146
12501 146
12502 146
12503 210
12504 210
12505 210
12506 92
12507 83
12508 92
12509 422
12510 422
12511 422
12512 101
12513 84
12514 84
12515 94
12516 244
12517 244
12518 244
12519 327
12520 221
12521 221
12522 418
12523 367
12524 416
12525 153
12526 153
12527 19
12528 376
12529 376
12530 185
12531 263
12532 232
12533 236
12534 236
12535 281
12536 281
12537 281
12538 316
12539 316
12540 94
12541 71
12542 39
12543 39
12544 172
12545 172
12546 172
12547 162
12548 231
12549 231
12550 231
12551 231
12552 231
12553 276
12554 317
12555 276
12556 17
12557 417
12558 417
12559 408
12560 408
12561 191
12562 191
12563 191
12564 41
12565 39
12566 251
12567 305
12568 305
12569 390
12570 27
12571 308
12572 257
12573 136
12574 136
12575 303
12576 136
12577 136
12578 50
12579 100
12580 100
12581 202
12582 202
12583 235
12584 235
12585 78
12586 363
12587 220
12588 220
12589 220
12590 231
12591 220
12592 397
12593 381
12594 403
12595 310
12596 111
12597 3
12598 91
12599 12
12600 111
12601 7
12602 80
12603 80
12604 80
12605 84
12606 78
12607 41
12608 87
12609 223
12610 223
12611 223
12612 223
12613 223
12614 425
12615 343
12616 175
12617 399
12618 293
12619 175
12620 399
12621 293
12622 289
12623 289
12624 289
12625 93
12626 24
12627 386
12628 140
12629 235
12630 235
12631 235
12632 158
12633 137
12634 104
12635 84
12636 359
12637 359
12638 302
12639 137
12640 359
12641 359
12642 427
12643 427
12644 427
12645 428
12646 117
12647 427
12648 427
12649 383
12650 424
12651 390
12652 417
12653 383
12654 60
12655 60
12656 176
12657 176
12658 176
12659 176
12660 34
12661 34
12662 54
12663 54
12664 54
12665 54
12666 54
12667 54
12668 54
12669 175
12670 167
12671 175
12672 103
12673 3
12674 390
12675 343
12676 238
12677 103
12678 283
12679 93
12680 93
12681 176
12682 289
12683 93
12684 48
12685 93
12686 93
12687 93
12688 93
12689 259
12690 22
12691 259
12692 323
12693 279
12694 222
12695 373
12696 157
12697 157
12698 157
12699 134
12700 134
12701 371
12702 343
12703 342
12704 338
12705 65
12706 65
12707 90
12708 64
12709 65
12710 156
12711 217
12712 156
12713 115
12714 115
12715 115
12716 291
12717 408
12718 291
12719 291
12720 122
12721 122
12722 121
12723 121
12724 121
12725 91
12726 353
12727 81
12728 81
12729 32
12730 32
12731 28
12732 28
12733 32
12734 33
12735 102
12736 102
12737 102
12738 256
12739 102
12740 31
12741 383
12742 49
12743 49
12744 54
12745 54
12746 54
12747 54
12748 363
12749 25
12750 207
12751 11
12752 120
12753 405
12754 405
12755 132
12756 355
12757 340
12758 35
12759 355
12760 355
12761 229
12762 229
12763 229
12764 364
12765 352
12766 261
12767 261
12768 249
12769 100
12770 362
12771 77
12772 362
12773 10
12774 104
12775 269
12776 103
12777 104
12778 45
12779 45
12780 45
12781 148
12782 34
12783 34
12784 34
12785 34
12786 412
12787 46
12788 412
12789 65
12790 33
12791 33
12792 70
12793 70
12794 70
12795 342
12796 113
12797 113
12798 183
12799 183
12800 390
12801 390
12802 390
12803 390
12804 271
12805 271
12806 271
12807 272
12808 271
12809 100
12810 146
12811 100
12812 101
12813 146
12814 264
12815 264
12816 48
12817 48
12818 379
12819 233
12820 379
12821 242
12822 206
12823 67
12824 307
12825 318
12826 318
12827 318
12828 253
12829 359
12830 359
12831 242
12832 304
12833 304
12834 304
12835 304
12836 385
12837 276
12838 385
12839 385
12840 290
12841 290
12842 290
12843 51
12844 355
12845 355
12846 276
12847 82
12848 376
12849 82
12850 23
12851 82
12852 163
12853 163
12854 163
12855 163
12856 163
12857 299
12858 299
12859 299
12860 165
12861 165
12862 166
12863 290
12864 285
12865 285
12866 285
12867 285
12868 319
12869 66
12870 66
12871 66
12872 280
12873 262
12874 262
12875 16
12876 93
12877 11
12878 262
12879 408
12880 404
12881 425
12882 332
12883 236
12884 425
12885 194
12886 364
12887 194
12888 194
12889 14
12890 194
12891 131
12892 183
12893 183
12894 183
12895 36
12896 36
12897 258
12898 83
12899 45
12900 84
12901 180
12902 180
12903 164
12904 161
12905 161
12906 262
12907 262
12908 348
12909 262
12910 125
12911 125
12912 125
12913 127
12914 175
12915 400
12916 347
12917 189
12918 46
12919 180
12920 46
12921 128
12922 46
12923 180
12924 76
12925 76
12926 177
12927 48
12928 48
12929 75
12930 75
12931 110
12932 75
12933 110
12934 121
12935 343
12936 221
12937 343
12938 221
12939 13
12940 221
12941 242
12942 235
12943 242
12944 242
12945 87
12946 87
12947 87
12948 74
12949 159
12950 157
12951 98
12952 115
12953 115
12954 172
12955 172
12956 330
12957 410
12958 228
12959 228
12960 91
12961 306
12962 306
12963 306
12964 239
12965 239
12966 194
12967 194
12968 313
12969 94
12970 256
12971 256
12972 256
12973 316
12974 316
12975 71
12976 71
12977 71
12978 71
12979 31
12980 31
12981 33
12982 33
12983 30
12984 165
12985 165
12986 165
12987 202
12988 8
12989 8
12990 416
12991 416
12992 380
12993 418
12994 10
12995 202
12996 202
12997 421
12998 421
12999 421
13000 386
13001 76
13002 78
13003 76
13004 137
13005 137
13006 74
13007 393
13008 302
13009 244
13010 302
13011 42
13012 188
13013 302
13014 94
13015 3
13016 234
13017 234
13018 150
13019 134
13020 134
13021 405
13022 16
13023 251
13024 405
13025 331
13026 387
13027 405
13028 174
13029 16
13030 159
13031 159
13032 159
13033 126
13034 159
13035 126
13036 159
13037 166
13038 199
13039 199
13040 419
13041 419
13042 237
13043 229
13044 297
13045 237
13046 398
13047 243
13048 95
13049 266
13050 78
13051 101
13052 101
13053 208
13054 26
13055 146
13056 206
13057 208
13058 208
13059 316
13060 232
13061 316
13062 316
13063 428
13064 232
13065 209
13066 11
13067 165
13068 209
13069 190
13070 324
13071 324
13072 149
13073 324
13074 411
13075 411
13076 12
13077 402
13078 260
13079 260
13080 260
13081 263
13082 73
13083 366
13084 366
13085 229
13086 229
13087 229
13088 78
13089 78
13090 78
13091 248
13092 204
13093 78
13094 50
13095 23
13096 23
13097 23
13098 23
13099 126
13100 13
13101 220
13102 220
13103 342
13104 407
13105 363
13106 220
13107 336
13108 58
13109 382
13110 112
13111 112
13112 112
13113 130
13114 332
13115 10
13116 262
13117 262
13118 309
13119 308
13120 146
13121 360
13122 360
13123 230
13124 20
13125 230
13126 230
13127 135
13128 135
13129 135
13130 222
13131 46
13132 299
13133 396
13134 396
13135 344
13136 344
13137 344
13138 224
13139 224
13140 224
13141 226
13142 224
13143 175
13144 401
13145 401
13146 133
13147 282
13148 184
13149 168
13150 184
13151 166
13152 166
13153 131
13154 156
13155 126
13156 131
13157 131
13158 407
13159 407
13160 148
13161 407
13162 100
13163 100
13164 100
13165 312
13166 318
13167 312
13168 287
13169 40
13170 273
13171 287
13172 107
13173 45
13174 107
13175 32
13176 32
13177 32
13178 181
13179 252
13180 321
13181 181
13182 181
13183 102
13184 94
13185 161
13186 161
13187 296
13188 176
13189 176
13190 176
13191 176
13192 15
13193 348
13194 128
13195 284
13196 217
13197 287
13198 228
13199 160
13200 160
13201 358
13202 358
13203 358
13204 361
13205 364
13206 361
13207 274
13208 43
13209 274
13210 274
13211 369
13212 369
13213 235
13214 111
13215 111
13216 111
13217 111
13218 77
13219 18
13220 233
13221 241
13222 233
13223 233
13224 233
13225 233
13226 423
13227 121
13228 102
13229 102
13230 306
13231 306
13232 306
13233 220
13234 220
13235 94
13236 341
13237 59
13238 59
13239 428
13240 253
13241 423
13242 310
13243 310
13244 238
13245 249
13246 420
13247 17
13248 17
13249 356
13250 17
13251 78
13252 247
13253 247
13254 123
13255 123
13256 123
13257 300
13258 258
13259 300
13260 300
13261 212
13262 212
13263 212
13264 307
13265 307
13266 226
13267 345
13268 226
13269 226
13270 157
13271 157
13272 391
13273 250
13274 12
13275 4
13276 205
13277 205
13278 57
13279 113
13280 156
13281 142
13282 156
13283 144
13284 142
13285 339
13286 339
13287 339
13288 339
13289 339
13290 339
13291 339
13292 339
13293 340
13294 340
13295 400
13296 369
13297 152
13298 152
13299 260
13300 260
13301 260
13302 259
13303 259
13304 7
13305 12
13306 281
13307 281
13308 197
13309 403
13310 403
13311 239
13312 20
13313 47
13314 337
13315 44
13316 339
13317 47
13318 41
13319 413
13320 413
13321 413
13322 87
13323 368
13324 374
13325 108
13326 108
13327 184
13328 182
13329 182
13330 154
13331 179
13332 182
13333 302
13334 302
13335 302
13336 302
13337 302
13338 413
13339 13
13340 349
13341 413
13342 92
13343 49
13344 49
13345 76
13346 76
13347 363
13348 76
13349 19
13350 71
13351 71
13352 71
13353 186
13354 71
13355 67
13356 137
13357 145
13358 43
13359 244
13360 44
13361 155
13362 280
13363 206
13364 280
13365 390
13366 390
13367 390
13368 390
13369 46
13370 331
13371 331
13372 397
13373 331
13374 248
13375 248
13376 356
13377 9
13378 356
13379 356
13380 356
13381 102
13382 102
13383 148
13384 146
13385 101
13386 282
13387 282
13388 96
13389 317
13390 154
13391 356
13392 390
13393 5
13394 37
13395 5
13396 37
13397 390
13398 153
13399 52
13400 40
13401 61
13402 61
13403 61
13404 54
13405 49
13406 49
13407 195
13408 195
13409 171
13410 99
13411 195
13412 409
13413 126
13414 126
13415 165
13416 155
13417 119
13418 327
13419 327
13420 327
13421 248
13422 235
13423 327
13424 98
13425 98
13426 44
13427 418
13428 418
13429 33
13430 418
13431 289
13432 289
13433 174
13434 26
13435 78
13436 195
13437 128
13438 133
13439 203
13440 409
13441 409
13442 186
13443 159
13444 74
13445 159
13446 401
13447 146
13448 130
13449 208
13450 208
13451 10
13452 162
13453 162
13454 162
13455 162
13456 162
13457 234
13458 234
13459 350
13460 82
13461 82
13462 366
13463 366
13464 33
13465 123
13466 372
13467 21
13468 372
13469 21
13470 99
13471 172
13472 100
13473 99
13474 288
13475 288
13476 276
13477 279
13478 279
13479 273
13480 257
13481 121
13482 257
13483 74
13484 257
13485 121
13486 65
13487 66
13488 65
13489 65
13490 35
13491 47
13492 85
13493 78
13494 116
13495 81
13496 389
13497 389
13498 110
13499 110
13500 110
13501 363
13502 6
13503 251
13504 179
13505 209
13506 251
13507 53
13508 13
13509 296
13510 296
13511 263
13512 296
13513 294
13514 294
13515 185
13516 207
13517 207
13518 327
13519 327
13520 327
13521 308
13522 60
13523 426
13524 324
13525 426
13526 144
13527 144
13528 43
13529 143
13530 143
13531 334
13532 381
13533 273
13534 8
13535 8
13536 296
13537 321
13538 139
13539 139
13540 139
13541 139
13542 390
13543 390
13544 159
13545 187
13546 187
13547 187
13548 187
13549 187
13550 239
13551 11
13552 93
13553 255
13554 93
13555 255
13556 90
13557 403
13558 403
13559 331
13560 6
13561 21
13562 331
13563 331
13564 70
13565 369
13566 299
13567 314
13568 314
13569 314
13570 314
13571 314
13572 314
13573 212
13574 105
13575 212
13576 212
13577 281
13578 270
13579 391
13580 184
13581 174
13582 388
13583 174
13584 371
13585 249
13586 36
13587 226
13588 210
13589 36
13590 36
13591 15
13592 121
13593 113
13594 121
13595 138
13596 362
13597 362
13598 161
13599 8
13600 234
13601 415
13602 234
13603 347
13604 347
13605 373
13606 261
13607 373
13608 72
13609 50
13610 356
13611 300
13612 300
13613 300
13614 300
13615 275
13616 151
13617 284
13618 284
13619 310
13620 284
13621 99
13622 388
13623 99
13624 148
13625 101
13626 148
13627 94
13628 388
13629 46
13630 208
13631 327
13632 36
13633 208
13634 209
13635 53
13636 15
13637 53
13638 15
13639 106
13640 106
13641 26
13642 141
13643 360
13644 371
13645 360
13646 360
13647 94
13648 268
13649 204
13650 242
13651 39
13652 195
13653 334
13654 308
13655 334
13656 334
13657 26
13658 89
13659 89
13660 126
13661 126
13662 362
13663 362
13664 44
13665 394
13666 86
13667 12
13668 338
13669 15
13670 15
13671 117
13672 117
13673 117
13674 193
13675 362
13676 127
13677 346
13678 346
13679 346
13680 346
13681 210
13682 210
13683 210
13684 245
13685 394
13686 131
13687 285
13688 236
13689 236
13690 236
13691 236
13692 294
13693 142
13694 142
13695 239
13696 122
13697 122
13698 318
13699 273
13700 336
13701 336
13702 49
13703 336
13704 336
13705 199
13706 199
13707 363
13708 363
13709 317
13710 404
13711 317
13712 90
13713 20
13714 200
13715 115
13716 115
13717 131
13718 200
13719 200
13720 278
13721 278
13722 283
13723 278
13724 180
13725 286
13726 139
13727 422
13728 180
13729 177
13730 177
13731 128
13732 128
13733 207
13734 207
13735 35
13736 26
13737 268
13738 268
13739 268
13740 370
13741 308
13742 370
13743 365
13744 308
13745 111
13746 419
13747 111
13748 317
13749 317
13750 321
13751 256
13752 256
13753 34
13754 34
13755 312
13756 74
13757 74
13758 74
13759 281
13760 281
13761 207
13762 214
13763 249
13764 12
13765 414
13766 414
13767 414
13768 413
13769 414
13770 31
13771 31
13772 31
13773 31
13774 35
13775 35
13776 126
13777 126
13778 381
13779 187
13780 354
13781 289
13782 301
13783 293
13784 286
13785 357
13786 126
13787 126
13788 126
13789 236
13790 38
13791 372
13792 372
13793 372
13794 374
13795 374
13796 22
13797 22
13798 67
13799 273
13800 348
13801 283
13802 273
13803 86
13804 273
13805 235
13806 273
13807 388
13808 388
13809 388
13810 419
13811 419
13812 184
13813 184
13814 123
13815 369
13816 369
13817 47
13818 107
13819 107
13820 24
13821 107
13822 407
13823 407
13824 407
13825 139
13826 139
13827 130
13828 139
13829 124
13830 124
13831 124
13832 420
13833 420
13834 369
13835 369
13836 425
13837 350
13838 425
13839 261
13840 261
13841 365
13842 365
13843 342
13844 400
13845 365
13846 289
13847 79
13848 307
13849 65
13850 65
13851 199
13852 199
13853 199
13854 396
13855 11
13856 396
13857 396
13858 396
13859 394
13860 24
13861 11
13862 405
13863 356
13864 356
13865 20
13866 299
13867 53
13868 53
13869 223
13870 236
13871 223
13872 225
13873 114
13874 312
13875 312
13876 37
13877 391
13878 312
13879 298
13880 298
13881 298
13882 38
13883 190
13884 66
13885 104
13886 342
13887 342
13888 354
13889 354
13890 354
13891 24
13892 390
13893 24
13894 148
13895 148
13896 211
13897 15
13898 148
13899 174
13900 18
13901 207
13902 121
13903 121
13904 3
13905 166
13906 307
13907 166
13908 166
13909 174
13910 85
13911 155
13912 155
13913 127
13914 252
13915 243
13916 252
13917 409
13918 39
13919 316
13920 47
13921 311
13922 311
13923 11
13924 311
13925 391
13926 391
13927 347
13928 347
13929 24
13930 24
13931 24
13932 24
13933 195
13934 135
13935 195
13936 195
13937 40
13938 195
13939 135
13940 195
13941 362
13942 12
13943 426
13944 426
13945 426
13946 426
13947 428
13948 341
13949 391
13950 391
13951 221
13952 138
13953 221
13954 331
13955 331
13956 85
13957 159
13958 39
13959 159
13960 127
13961 153
13962 321
13963 141
13964 149
13965 149
13966 335
13967 335
13968 335
13969 398
13970 335
13971 398
13972 335
13973 264
13974 264
13975 264
13976 154
13977 234
13978 384
13979 145
13980 63
13981 63
13982 89
13983 104
13984 424
13985 54
13986 54
13987 54
13988 54
13989 57
13990 54
13991 54
13992 189
13993 34
13994 189
13995 189
13996 189
13997 189
13998 222
13999 222
14000 200
14001 222
14002 336
14003 21
14004 179
14005 179
14006 411
14007 411
14008 79
14009 145
14010 145
14011 86
14012 86
14013 86
14014 394
14015 394
14016 403
14017 403
14018 403
14019 70
14020 70
14021 40
14022 208
14023 47
14024 76
14025 76
14026 197
14027 197
14028 26
14029 197
14030 187
14031 17
14032 17
14033 176
14034 242
14035 176
14036 181
14037 27
14038 110
14039 110
14040 196
14041 196
14042 196
14043 60
14044 57
14045 57
14046 320
14047 320
14048 424
14049 46
14050 32
14051 32
14052 32
14053 116
14054 132
14055 113
14056 329
14057 329
14058 293
14059 293
14060 8
14061 108
14062 79
14063 197
14064 178
14065 178
14066 178
14067 178
14068 146
14069 47
14070 146
14071 79
14072 79
14073 123
14074 352
14075 24
14076 335
14077 352
14078 24
14079 352
14080 331
14081 331
14082 256
14083 422
14084 331
14085 417
14086 410
14087 417
14088 417
14089 404
14090 73
14091 164
14092 17
14093 17
14094 63
14095 306
14096 64
14097 64
14098 18
14099 403
14100 403
14101 193
14102 70
14103 333
14104 365
14105 365
14106 365
14107 379
14108 379
14109 379
14110 379
14111 379
14112 379
14113 80
14114 125
14115 80
14116 252
14117 33
14118 125
14119 420
14120 204
14121 417
14122 331
14123 50
14124 331
14125 331
14126 81
14127 317
14128 253
14129 81
14130 274
14131 386
14132 211
14133 211
14134 263
14135 5
14136 5
14137 216
14138 155
14139 234
14140 179
14141 234
14142 234
14143 234
14144 291
14145 295
14146 68
14147 79
14148 68
14149 11
14150 257
14151 68
14152 11
14153 68
14154 33
14155 68
14156 40
14157 372
14158 372
14159 210
14160 210
14161 17
14162 18
14163 155
14164 17
14165 31
14166 97
14167 180
14168 119
14169 180
14170 180
14171 235
14172 129
14173 8
14174 129
14175 191
14176 191
14177 360
14178 360
14179 360
14180 165
14181 165
14182 39
14183 80
14184 24
14185 416
14186 39
14187 69
14188 69
14189 69
14190 74
14191 74
14192 335
14193 335
14194 40
14195 322
14196 316
14197 356
14198 128
14199 128
14200 155
14201 263
14202 299
14203 221
14204 221
14205 221
14206 74
14207 221
14208 221
14209 60
14210 159
14211 50
14212 18
14213 50
14214 55
14215 55
14216 55
14217 55
14218 410
14219 23
14220 410
14221 23
14222 196
14223 9
14224 92
14225 92
14226 92
14227 331
14228 331
14229 331
14230 185
14231 12
14232 185
14233 32
14234 32
14235 402
14236 402
14237 407
14238 228
14239 407
14240 252
14241 313
14242 342
14243 342
14244 370
14245 293
14246 293
14247 194
14248 194
14249 194
14250 279
14251 116
14252 421
14253 101
14254 235
14255 235
14256 26
14257 347
14258 427
14259 347
14260 11
14261 367
14262 365
14263 106
14264 240
14265 286
14266 168
14267 4
14268 420
14269 277
14270 277
14271 277
14272 277
14273 226
14274 310
14275 86
14276 150
14277 229
14278 111
14279 203
14280 203
14281 203
14282 380
14283 141
14284 217
14285 317
14286 84
14287 315
14288 24
14289 350
14290 350
14291 249
14292 386
14293 97
14294 386
14295 386
14296 386
14297 162
14298 97
14299 196
14300 196
14301 196
14302 419
14303 288
14304 288
14305 331
14306 331
14307 314
14308 314
14309 313
14310 411
14311 313
14312 313
14313 188
14314 288
14315 201
14316 18
14317 351
14318 351
14319 22
14320 397
14321 22
14322 100
14323 101
14324 94
14325 11
14326 44
14327 333
14328 323
14329 349
14330 353
14331 353
14332 410
14333 353
14334 357
14335 375
14336 384
14337 62
14338 62
14339 62
14340 268
14341 268
14342 268
14343 159
14344 49
14345 85
14346 49
14347 49
14348 159
14349 241
14350 188
14351 188
14352 391
14353 286
14354 426
14355 426
14356 413
14357 413
14358 413
14359 194
14360 194
14361 194
14362 194
14363 194
14364 194
14365 386
14366 386
14367 386
14368 45
14369 203
14370 375
14371 161
14372 134
14373 217
14374 217
14375 163
14376 327
14377 163
14378 163
14379 226
14380 246
14381 11
14382 204
14383 204
14384 205
14385 124
14386 299
14387 124
14388 124
14389 124
14390 375
14391 288
14392 406
14393 406
14394 406
14395 97
14396 406
14397 191
14398 191
14399 191
14400 104
14401 31
14402 31
14403 33
14404 31
14405 112
14406 112
14407 112
14408 8
14409 154
14410 140
14411 267
14412 15
14413 267
14414 9
14415 326
14416 326
14417 421
14418 326
14419 326
14420 37
14421 111
14422 52
14423 111
14424 111
14425 257
14426 257
14427 257
14428 263
14429 11
14430 13
14431 263
14432 121
14433 121
14434 161
14435 136
14436 136
14437 130
14438 125
14439 130
14440 80
14441 80
14442 11
14443 250
14444 250
14445 238
14446 11
14447 238
14448 238
14449 269
14450 51
14451 249
14452 205
14453 205
14454 214
14455 205
14456 205
14457 214
14458 205
14459 123
14460 123
14461 123
14462 78
14463 201
14464 194
14465 92
14466 92
14467 92
14468 156
14469 196
14470 196
14471 303
14472 264
14473 264
14474 264
14475 264
14476 313
14477 39
14478 39
14479 171
14480 171
14481 355
14482 355
14483 355
14484 355
14485 201
14486 375
14487 201
14488 75
14489 75
14490 75
14491 75
14492 356
14493 75
14494 160
14495 246
14496 160
14497 123
14498 188
14499 188
14500 265
14501 265
14502 265
14503 384
14504 22
14505 22
14506 186
14507 186
14508 261
14509 132
14510 31
14511 375
14512 371
14513 375
14514 91
14515 213
14516 64
14517 64
14518 178
14519 245
14520 257
14521 245
14522 71
14523 71
14524 71
14525 280
14526 71
14527 394
14528 394
14529 112
14530 112
14531 112
14532 78
14533 4
14534 4
14535 240
14536 44
14537 239
14538 351
14539 351
14540 351
14541 351
14542 364
14543 364
14544 364
14545 275
14546 275
14547 20
14548 273
14549 20
14550 18
14551 275
14552 242
14553 242
14554 218
14555 242
14556 267
14557 267
14558 39
14559 354
14560 7
14561 178
14562 382
14563 39
14564 39
14565 193
14566 193
14567 228
14568 248
14569 253
14570 341
14571 341
14572 71
14573 71
14574 178
14575 307
14576 219
14577 178
14578 178
14579 229
14580 229
14581 386
14582 42
14583 181
14584 181
14585 181
14586 182
14587 198
14588 198
14589 198
14590 198
14591 188
14592 197
14593 64
14594 370
14595 408
14596 53
14597 408
14598 248
14599 286
14600 286
14601 286
14602 133
14603 133
14604 133
14605 17
14606 90
14607 90
14608 90
14609 98
14610 54
14611 54
14612 54
14613 46
14614 46
14615 335
14616 370
14617 423
14618 25
14619 335
14620 335
14621 70
14622 107
14623 107
14624 184
14625 178
14626 184
14627 196
14628 177
14629 177
14630 177
14631 277
14632 21
14633 256
14634 390
14635 390
14636 390
14637 58
14638 58
14639 92
14640 137
14641 268
14642 137
14643 88
14644 55
14645 55
14646 396
14647 396
14648 319
14649 26
14650 280
14651 234
14652 86
14653 86
14654 101
14655 86
14656 291
14657 291
14658 291
14659 291
14660 236
14661 90
14662 240
14663 90
14664 146
14665 24
14666 326
14667 326
14668 326
14669 157
14670 157
14671 157
14672 108
14673 132
14674 175
14675 175
14676 275
14677 19
14678 67
14679 415
14680 275
14681 71
14682 71
14683 69
14684 72
14685 9
14686 152
14687 152
14688 271
14689 271
14690 48
14691 302
14692 176
14693 33
14694 176
14695 176
14696 209
14697 209
14698 206
14699 206
14700 206
14701 206
14702 343
14703 51
14704 51
14705 41
14706 52
14707 384
14708 52
14709 295
14710 275
14711 52
14712 384
14713 147
14714 6
14715 200
14716 218
14717 218
14718 10
14719 218
14720 218
14721 218
14722 359
14723 359
14724 359
14725 140
14726 140
14727 140
14728 78
14729 2
14730 176
14731 405
14732 151
14733 405
14734 151
14735 241
14736 9
14737 16
14738 16
14739 368
14740 370
14741 368
14742 370
14743 363
14744 415
14745 363
14746 195
14747 123
14748 195
14749 312
14750 298
14751 93
14752 93
14753 25
14754 345
14755 345
14756 345
14757 282
14758 254
14759 112
14760 112
14761 7
14762 112
14763 112
14764 204
14765 116
14766 116
14767 257
14768 98
14769 142
14770 88
14771 142
14772 415
14773 371
14774 344
14775 315
14776 222
14777 301
14778 173
14779 222
14780 301
14781 44
14782 36
14783 128
14784 246
14785 418
14786 418
14787 119
14788 119
14789 334
14790 375
14791 338
14792 338
14793 338
14794 182
14795 127
14796 99
14797 50
14798 195
14799 27
14800 27
14801 412
14802 387
14803 387
14804 387
14805 387
14806 387
14807 410
14808 221
14809 221
14810 328
14811 328
14812 342
14813 19
14814 16
14815 328
14816 342
14817 127
14818 127
14819 182
14820 182
14821 177
14822 87
14823 177
14824 177
14825 177
14826 12
14827 406
14828 14
14829 72
14830 72
14831 72
14832 227
14833 71
14834 148
14835 326
14836 245
14837 87
14838 209
14839 245
14840 121
14841 316
14842 207
14843 257
14844 188
14845 257
14846 257
14847 257
14848 224
14849 224
14850 281
14851 382
14852 245
14853 154
14854 94
14855 94
14856 377
14857 23
14858 327
14859 330
14860 327
14861 327
14862 327
14863 172
14864 172
14865 172
14866 172
14867 172
14868 394
14869 394
14870 305
14871 137
14872 137
14873 423
14874 25
14875 382
14876 43
14877 423
14878 193
14879 423
14880 388
14881 372
14882 348
14883 372
14884 348
14885 341
14886 24
14887 341
14888 67
14889 22
14890 67
14891 67
14892 76
14893 57
14894 22
14895 414
14896 67
14897 165
14898 165
14899 165
14900 165
14901 241
14902 241
14903 418
14904 418
14905 403
14906 21
14907 403
14908 332
14909 293
14910 332
14911 332
14912 332
14913 90
14914 332
14915 188
14916 120
14917 188
14918 326
14919 326
14920 62
14921 326
14922 421
14923 421
14924 133
14925 133
14926 253
14927 16
14928 253
14929 247
14930 175
14931 287
14932 275
14933 111
14934 5
14935 375
14936 57
14937 228
14938 256
14939 66
14940 18
14941 18
14942 18
14943 14
14944 14
14945 157
14946 24
14947 173
14948 198
14949 198
14950 198
14951 198
14952 137
14953 137
14954 137
14955 144
14956 315
14957 315
14958 23
14959 370
14960 13
14961 18
14962 122
14963 122
14964 150
14965 150
14966 150
14967 198
14968 198
14969 198
14970 52
14971 343
14972 65
14973 65
14974 65
14975 65
14976 65
14977 185
14978 343
14979 185
14980 231
14981 20
14982 186
14983 242
14984 376
14985 376
14986 376
14987 376
14988 376
14989 376
14990 352
14991 352
14992 230
14993 230
14994 322
14995 288
14996 322
14997 5
14998 322
14999 273
15000 273
15001 53
15002 102
15003 102
15004 55
15005 55
15006 56
15007 55
15008 268
15009 268
15010 372
15011 337
15012 372
15013 388
15014 56
15015 56
15016 161
15017 71
15018 71
15019 281
15020 281
15021 267
15022 267
15023 267
15024 255
15025 158
15026 111
15027 380
15028 255
15029 255
15030 255
15031 114
15032 188
15033 113
15034 129
15035 129
15036 371
15037 74
15038 226
15039 342
15040 8
15041 189
15042 335
15043 283
15044 335
15045 406
15046 283
15047 21
15048 399
15049 399
15050 380
15051 8
15052 417
15053 95
15054 397
15055 262
15056 51
15057 229
15058 397
15059 345
15060 345
15061 129
15062 61
15063 129
15064 129
15065 108
15066 415
15067 343
15068 203
15069 203
15070 293
15071 203
15072 103
15073 103
15074 103
15075 77
15076 169
15077 169
15078 191
15079 268
15080 181
15081 423
15082 261
15083 196
15084 196
15085 209
15086 196
15087 349
15088 349
15089 219
15090 343
15091 313
15092 313
15093 343
15094 182
15095 188
15096 120
15097 25
15098 5
15099 419
15100 25
15101 316
15102 179
15103 316
15104 361
15105 361
15106 343
15107 71
15108 94
15109 329
15110 242
15111 368
15112 242
15113 342
15114 342
15115 428
15116 227
15117 222
15118 94
15119 422
15120 422
15121 422
15122 422
15123 422
15124 180
15125 175
15126 175
15127 180
15128 316
15129 282
15130 282
15131 282
15132 137
15133 4
15134 141
15135 281
15136 281
15137 331
15138 331
15139 331
15140 331
15141 100
15142 100
15143 141
15144 146
15145 86
15146 146
15147 371
15148 284
15149 284
15150 290
15151 290
15152 131
15153 131
15154 131
15155 86
15156 131
15157 131
15158 155
15159 130
15160 130
15161 342
15162 377
15163 342
15164 342
15165 342
15166 199
15167 117
15168 117
15169 285
15170 285
15171 285
15172 357
15173 161
15174 46
15175 46
15176 46
15177 138
15178 138
15179 138
15180 138
15181 138
15182 138
15183 321
15184 321
15185 406
15186 119
15187 119
15188 46
15189 46
15190 173
15191 173
15192 44
15193 281
15194 236
15195 269
15196 269
15197 302
15198 302
15199 52
15200 254
15201 246
15202 363
15203 104
15204 104
15205 101
15206 414
15207 360
15208 342
15209 342
15210 342
15211 136
15212 136
15213 136
15214 136
15215 136
15216 277
15217 282
15218 277
15219 277
15220 277
15221 95
15222 95
15223 95
15224 102
15225 58
15226 58
15227 58
15228 183
15229 183
15230 183
15231 165
15232 165
15233 165
15234 199
15235 199
15236 199
15237 160
15238 316
15239 352
15240 352
15241 268
15242 268
15243 43
15244 43
15245 43
15246 195
15247 195
15248 212
15249 212
15250 212
15251 243
15252 228
15253 243
15254 243
15255 348
15256 348
15257 186
15258 186
15259 349
15260 349
15261 33
15262 310
15263 8
15264 272
15265 187
15266 418
15267 319
15268 425
15269 83
15270 83
15271 83
15272 6
15273 146
15274 307
15275 189
15276 189
15277 362
15278 67
15279 67
15280 331
15281 331
15282 331
15283 331
15284 331
15285 86
15286 357
15287 160
15288 261
15289 145
15290 145
15291 100
15292 22
15293 224
15294 197
15295 224
15296 224
15297 348
15298 269
15299 269
15300 269
15301 324
15302 324
15303 324
15304 327
15305 99
15306 71
15307 71
15308 169
15309 169
15310 353
15311 353
15312 409
15313 409
15314 409
15315 407
15316 405
15317 409
15318 409
15319 387
15320 387
15321 47
15322 6
15323 394
15324 44
15325 44
15326 15
15327 156
15328 156
15329 156
15330 156
15331 156
15332 266
15333 383
15334 266
15335 394
15336 266
15337 329
15338 53
15339 275
15340 12
15341 382
15342 91
15343 91
15344 138
15345 39
15346 206
15347 14
15348 195
15349 301
15350 301
15351 301
15352 301
15353 398
15354 286
15355 301
15356 261
15357 275
15358 283
15359 51
15360 40
15361 48
15362 48
15363 226
15364 78
15365 271
15366 272
15367 271
15368 303
15369 75
15370 75
15371 75
15372 399
15373 354
15374 71
15375 114
15376 71
15377 391
15378 389
15379 391
15380 310
15381 389
15382 389
15383 118
15384 143
15385 105
15386 143
15387 143
15388 170
15389 229
15390 108
15391 229
15392 170
15393 170
15394 170
15395 170
15396 170
15397 229
15398 403
15399 340
15400 229
15401 81
15402 81
15403 81
15404 235
15405 340
15406 112
15407 114
15408 112
15409 112
15410 123
15411 171
15412 171
15413 171
15414 137
15415 137
15416 154
15417 141
15418 137
15419 278
15420 278
15421 278
15422 278
15423 137
15424 137
15425 212
15426 13
15427 212
15428 123
15429 337
15430 123
15431 123
15432 372
15433 134
15434 134
15435 300
15436 300
15437 283
15438 300
15439 67
15440 268
15441 236
15442 268
15443 29
15444 29
15445 29
15446 151
15447 151
15448 351
15449 155
15450 131
15451 131
15452 131
15453 424
15454 317
15455 145
15456 173
15457 173
15458 377
15459 395
15460 33
15461 200
15462 346
15463 356
15464 352
15465 352
15466 354
15467 385
15468 5
15469 354
15470 354
15471 410
15472 40
15473 173
15474 29
15475 250
15476 250
15477 250
15478 250
15479 250
15480 412
15481 412
15482 47
15483 47
15484 187
15485 299
15486 187
15487 240
15488 232
15489 232
15490 232
15491 232
15492 121
15493 39
15494 305
15495 305
15496 74
15497 166
15498 166
15499 166
15500 84
15501 93
15502 226
15503 270
15504 270
15505 421
15506 421
15507 421
15508 421
15509 276
15510 274
15511 286
15512 180
15513 180
15514 180
15515 321
15516 226
15517 321
15518 53
15519 332
15520 118
15521 367
15522 213
15523 300
15524 369
15525 334
15526 50
15527 246
15528 334
15529 334
15530 293
15531 420
15532 419
15533 260
15534 17
15535 419
15536 355
15537 305
15538 371
15539 180
15540 193
15541 24
15542 403
15543 89
15544 23
15545 23
15546 219
15547 219
15548 219
15549 219
15550 43
15551 43
15552 94
15553 94
15554 138
15555 138
15556 407
15557 51
15558 253
15559 253
15560 253
15561 253
15562 306
15563 306
15564 362
15565 362
15566 362
15567 256
15568 61
15569 255
15570 359
15571 115
15572 115
15573 115
15574 115
15575 193
15576 193
15577 193
15578 193
15579 262
15580 262
15581 262
15582 262
15583 173
15584 236
15585 170
15586 170
15587 416
15588 41
15589 41
15590 377
15591 122
15592 122
15593 292
15594 292
15595 249
15596 346
15597 302
15598 302
15599 302
15600 36
15601 378
15602 169
15603 169
15604 169
15605 120
15606 120
15607 227
15608 227
15609 337
15610 222
15611 263
15612 330
15613 263
15614 280
15615 131
15616 323
15617 326
15618 26
15619 80
15620 367
15621 26
15622 236
15623 236
15624 236
15625 236
15626 236
15627 141
15628 141
15629 113
15630 40
15631 313
15632 313
15633 281
15634 178
15635 426
15636 421
15637 421
15638 147
15639 147
15640 144
15641 147
15642 62
15643 157
15644 157
15645 423
15646 157
15647 157
15648 402
15649 402
15650 145
15651 145
15652 35
15653 37
15654 35
15655 189
15656 189
15657 189
15658 204
15659 71
15660 426
15661 129
15662 236
15663 396
15664 212
15665 166
15666 212
15667 212
15668 40
15669 40
15670 415
15671 40
15672 202
15673 415
15674 160
15675 101
15676 101
15677 76
15678 76
15679 76
15680 407
15681 407
15682 386
15683 386
15684 386
15685 389
15686 386
15687 164
15688 153
15689 164
15690 94
15691 18
15692 86
15693 86
15694 18
15695 37
15696 86
15697 105
15698 209
15699 86
15700 53
15701 53
15702 53
15703 91
15704 20
15705 51
15706 334
15707 376
15708 334
15709 173
15710 173
15711 173
15712 208
15713 318
15714 310
15715 310
15716 188
15717 263
15718 389
15719 161
15720 161
15721 161
15722 203
15723 203
15724 203
15725 170
15726 188
15727 170
15728 170
15729 338
15730 342
15731 338
15732 368
15733 343
15734 84
15735 84
15736 17
15737 345
15738 345
15739 345
15740 345
15741 328
15742 328
15743 72
15744 328
15745 63
15746 328
15747 241
15748 286
15749 260
15750 181
15751 181
15752 50
15753 112
15754 110
15755 132
15756 110
15757 387
15758 134
15759 387
15760 370
15761 285
15762 285
15763 285
15764 285
15765 285
15766 23
15767 23
15768 23
15769 295
15770 168
15771 102
15772 199
15773 116
15774 116
15775 116
15776 145
15777 117
15778 170
15779 170
15780 155
15781 155
15782 155
15783 105
15784 130
15785 282
15786 12
15787 327
15788 327
15789 327
15790 327
15791 327
15792 136
15793 136
15794 138
15795 136
15796 136
15797 136
15798 255
15799 255
15800 119
15801 314
15802 314
15803 225
15804 205
15805 205
15806 205
15807 205
15808 111
15809 129
15810 372
15811 383
15812 284
15813 144
15814 372
15815 411
15816 375
15817 355
15818 24
15819 197
15820 10
15821 125
15822 125
15823 125
15824 195
15825 195
15826 195
15827 281
15828 269
15829 86
15830 409
15831 409
15832 246
15833 348
15834 348
15835 16
15836 399
15837 399
15838 99
15839 399
15840 399
15841 376
15842 388
15843 26
15844 389
15845 363
15846 363
15847 357
15848 357
15849 102
15850 58
15851 333
15852 174
15853 221
15854 221
15855 221
15856 221
15857 221
15858 389
15859 405
15860 134
15861 208
15862 166
15863 170
15864 170
15865 170
15866 231
15867 231
15868 123
15869 123
15870 123
15871 338
15872 297
15873 10
15874 289
15875 283
15876 200
15877 289
15878 349
15879 178
15880 283
15881 260
15882 384
15883 260
15884 331
15885 107
15886 116
15887 116
15888 259
15889 116
15890 116
15891 391
15892 391
15893 391
15894 391
15895 391
15896 391
15897 119
15898 394
15899 119
15900 348
15901 119
15902 330
15903 186
15904 186
15905 19
15906 86
15907 177
15908 177
15909 124
15910 268
15911 124
15912 316
15913 377
15914 377
15915 19
15916 19
15917 255
15918 255
15919 119
15920 255
15921 337
15922 243
15923 243
15924 51
15925 51
15926 162
15927 213
15928 162
15929 162
15930 162
15931 145
15932 146
15933 241
15934 259
15935 259
15936 95
15937 95
15938 283
15939 93
15940 361
15941 361
15942 361
15943 361
15944 361
15945 13
15946 230
15947 230
15948 230
15949 230
15950 232
15951 230
15952 51
15953 51
15954 134
15955 181
15956 181
15957 28
15958 181
15959 155
15960 45
15961 45
15962 351
15963 351
15964 351
15965 152
15966 152
15967 152
15968 152
15969 131
15970 131
15971 382
15972 259
15973 259
15974 296
15975 49
15976 49
15977 317
15978 317
15979 185
15980 126
15981 126
15982 126
15983 128
15984 190
15985 419
15986 320
15987 187
15988 216
15989 320
15990 320
15991 216
15992 361
15993 361
15994 409
15995 409
15996 8
15997 301
15998 363
15999 77
16000 77
16001 77
16002 77
16003 77
16004 31
16005 51
16006 85
16007 85
16008 161
16009 21
16010 161
16011 161
16012 361
16013 417
16014 256
16015 100
16016 248
16017 347
16018 347
16019 110
16020 110
16021 244
16022 188
16023 188
16024 68
16025 68
16026 68
16027 115
16028 111
16029 117
16030 115
16031 98
16032 194
16033 194
16034 28
16035 32
16036 28
16037 28
16038 119
16039 120
16040 120
16041 174
16042 86
16043 140
16044 139
16045 140
16046 108
16047 108
16048 108
16049 108
16050 199
16051 363
16052 363
16053 128
16054 376
16055 376
16056 27
16057 27
16058 27
16059 27
16060 200
16061 322
16062 385
16063 93
16064 385
16065 267
16066 350
16067 53
16068 350
16069 53
16070 116
16071 118
16072 116
16073 116
16074 354
16075 63
16076 354
16077 354
16078 408
16079 47
16080 416
16081 364
16082 426
16083 193
16084 193
16085 193
16086 193
16087 85
16088 5
16089 43
16090 260
16091 425
16092 164
16093 164
16094 120
16095 120
16096 120
16097 420
16098 380
16099 420
16100 424
16101 101
16102 173
16103 189
16104 412
16105 412
16106 412
16107 412
16108 240
16109 151
16110 362
16111 357
16112 156
16113 91
16114 91
16115 383
16116 383
16117 383
16118 384
16119 140
16120 397
16121 275
16122 275
16123 397
16124 273
16125 273
16126 375
16127 375
16128 375
16129 244
16130 375
16131 375
16132 375
16133 295
16134 392
16135 240
16136 109
16137 109
16138 18
16139 109
16140 109
16141 138
16142 138
16143 138
16144 201
16145 135
16146 220
16147 220
16148 110
16149 112
16150 114
16151 117
16152 110
16153 337
16154 337
16155 423
16156 212
16157 45
16158 35
16159 151
16160 35
16161 202
16162 214
16163 35
16164 46
16165 36
16166 363
16167 363
16168 376
16169 335
16170 363
16171 167
16172 167
16173 107
16174 86
16175 7
16176 391
16177 107
16178 413
16179 244
16180 244
16181 244
16182 244
16183 243
16184 244
16185 12
16186 12
16187 222
16188 318
16189 153
16190 99
16191 134
16192 113
16193 113
16194 235
16195 185
16196 58
16197 58
16198 58
16199 27
16200 27
16201 27
16202 156
16203 249
16204 47
16205 249
16206 405
16207 414
16208 405
16209 272
16210 246
16211 249
16212 246
16213 246
16214 38
16215 241
16216 255
16217 107
16218 107
16219 247
16220 247
16221 5
16222 329
16223 154
16224 280
16225 333
16226 333
16227 337
16228 333
16229 252
16230 252
16231 252
16232 252
16233 105
16234 288
16235 288
16236 159
16237 159
16238 413
16239 129
16240 129
16241 254
16242 321
16243 321
16244 254
16245 228
16246 176
16247 176
16248 89
16249 2
16250 333
16251 333
16252 333
16253 333
16254 398
16255 333
16256 155
16257 155
16258 160
16259 41
16260 41
16261 41
16262 24
16263 24
16264 271
16265 271
16266 222
16267 260
16268 195
16269 110
16270 318
16271 195
16272 56
16273 56
16274 56
16275 56
16276 56
16277 56
16278 217
16279 398
16280 217
16281 134
16282 78
16283 334
16284 197
16285 69
16286 69
16287 70
16288 69
16289 125
16290 120
16291 262
16292 262
16293 184
16294 184
16295 227
16296 227
16297 269
16298 126
16299 404
16300 126
16301 421
16302 421
16303 322
16304 322
16305 244
16306 52
16307 184
16308 184
16309 65
16310 65
16311 301
16312 376
16313 49
16314 416
16315 256
16316 58
16317 58
16318 30
16319 30
16320 30
16321 30
16322 364
16323 340
16324 424
16325 313
16326 23
16327 316
16328 313
16329 89
16330 89
16331 89
16332 25
16333 384
16334 279
16335 210
16336 210
16337 385
16338 418
16339 424
16340 424
16341 424
16342 304
16343 304
16344 304
16345 100
16346 280
16347 100
16348 11
16349 43
16350 87
16351 107
16352 368
16353 107
16354 39
16355 39
16356 180
16357 175
16358 93
16359 348
16360 300
16361 260
16362 260
16363 20
16364 183
16365 183
16366 183
16367 74
16368 74
16369 74
16370 60
16371 175
16372 66
16373 50
16374 175
16375 203
16376 190
16377 77
16378 268
16379 77
16380 340
16381 10
16382 340
16383 340
16384 385
16385 149
16386 340
16387 198
16388 198
16389 60
16390 74
16391 90
16392 247
16393 90
16394 90
16395 247
16396 241
16397 346
16398 253
16399 26
16400 382
16401 81
16402 31
16403 6
16404 259
16405 209
16406 209
16407 201
16408 322
16409 358
16410 361
16411 358
16412 358
16413 396
16414 396
16415 104
16416 382
16417 382
16418 382
16419 382
16420 234
16421 242
16422 234
16423 234
16424 114
16425 117
16426 309
16427 58
16428 118
16429 203
16430 249
16431 203
16432 203
16433 203
16434 66
16435 394
16436 394
16437 25
16438 66
16439 72
16440 66
16441 66
16442 66
16443 28
16444 28
16445 32
16446 33
16447 28
16448 321
16449 371
16450 336
16451 336
16452 162
16453 162
16454 20
16455 186
16456 365
16457 370
16458 365
16459 368
16460 8
16461 365
16462 365
16463 321
16464 226
16465 288
16466 174
16467 174
16468 174
16469 188
16470 327
16471 68
16472 68
16473 68
16474 349
16475 271
16476 271
16477 271
16478 273
16479 271
16480 271
16481 206
16482 206
16483 206
16484 103
16485 103
16486 103
16487 99
16488 90
16489 274
16490 142
16491 384
16492 46
16493 346
16494 346
16495 135
16496 346
16497 118
16498 340
16499 340
16500 340
16501 324
16502 340
16503 340
16504 298
16505 414
16506 298
16507 298
16508 298
16509 146
16510 146
16511 146
16512 227
16513 227
16514 227
16515 132
16516 207
16517 17
16518 424
16519 424
16520 350
16521 350
16522 350
16523 324
16524 415
16525 324
16526 324
16527 8
16528 415
16529 190
16530 190
16531 190
16532 326
16533 222
16534 326
16535 31
16536 31
16537 31
16538 31
16539 223
16540 223
16541 369
16542 223
16543 225
16544 334
16545 334
16546 334
16547 334
16548 334
16549 341
16550 193
16551 64
16552 101
16553 41
16554 20
16555 41
16556 41
16557 41
16558 121
16559 121
16560 340
16561 244
16562 332
16563 244
16564 244
16565 244
16566 105
16567 105
16568 356
16569 356
16570 296
16571 296
16572 292
16573 33
16574 62
16575 62
16576 153
16577 153
16578 153
16579 8
16580 153
16581 154
16582 227
16583 353
16584 353
16585 353
16586 353
16587 354
16588 156
16589 137
16590 137
16591 44
16592 202
16593 137
16594 235
16595 23
16596 182
16597 247
16598 247
16599 247
16600 229
16601 229
16602 10
16603 267
16604 255
16605 429
16606 279
16607 106
16608 35
16609 35
16610 35
16611 18
16612 153
16613 18
16614 356
16615 248
16616 87
16617 9
16618 264
16619 264
16620 361
16621 264
16622 410
16623 410
16624 364
16625 279
16626 279
16627 279
16628 279
16629 78
16630 361
16631 78
16632 291
16633 291
16634 291
16635 22
16636 291
16637 182
16638 161
16639 127
16640 204
16641 229
16642 46
16643 18
16644 364
16645 364
16646 241
16647 99
16648 376
16649 154
16650 36
16651 36
16652 154
16653 178
16654 154
16655 154
16656 36
16657 48
16658 48
16659 349
16660 280
16661 111
16662 111
16663 111
16664 6
16665 111
16666 137
16667 137
16668 69
16669 69
16670 4
16671 69
16672 262
16673 267
16674 325
16675 325
16676 37
16677 37
16678 249
16679 9
16680 148
16681 144
16682 146
16683 119
16684 119
16685 59
16686 58
16687 58
16688 354
16689 354
16690 354
16691 354
16692 283
16693 181
16694 380
16695 353
16696 380
16697 382
16698 380
16699 34
16700 34
16701 34
16702 284
16703 387
16704 284
16705 281
16706 281
16707 281
16708 316
16709 64
16710 64
16711 185
16712 17
16713 88
16714 88
16715 276
16716 274
16717 276
16718 153
16719 153
16720 153
16721 153
16722 153
16723 177
16724 177
16725 397
16726 131
16727 126
16728 126
16729 411
16730 363
16731 133
16732 327
16733 133
16734 133
16735 190
16736 160
16737 267
16738 416
16739 368
16740 267
16741 357
16742 267
16743 400
16744 400
16745 400
16746 338
16747 309
16748 348
16749 348
16750 372
16751 141
16752 372
16753 372
16754 372
16755 73
16756 73
16757 73
16758 164
16759 409
16760 409
16761 117
16762 104
16763 301
16764 112
16765 148
16766 286
16767 93
16768 410
16769 410
16770 11
16771 263
16772 3
16773 268
16774 33
16775 33
16776 33
16777 119
16778 12
16779 122
16780 122
16781 172
16782 172
16783 282
16784 70
16785 357
16786 172
16787 6
16788 345
16789 93
16790 66
16791 66
16792 73
16793 73
16794 188
16795 134
16796 134
16797 152
16798 263
16799 152
16800 152
16801 152
16802 152
16803 159
16804 159
16805 48
16806 134
16807 48
16808 383
16809 383
16810 383
16811 198
16812 20
16813 386
16814 386
16815 380
16816 386
16817 237
16818 389
16819 426
16820 292
16821 46
16822 61
16823 61
16824 174
16825 174
16826 244
16827 244
16828 244
16829 138
16830 255
16831 138
16832 173
16833 173
16834 38
16835 289
16836 7
16837 270
16838 395
16839 395
16840 187
16841 136
16842 136
16843 281
16844 344
16845 405
16846 360
16847 360
16848 360
16849 362
16850 360
16851 428
16852 63
16853 141
16854 141
16855 271
16856 271
16857 24
16858 250
16859 250
16860 250
16861 250
16862 17
16863 17
16864 85
16865 303
16866 303
16867 303
16868 150
16869 150
16870 300
16871 256
16872 300
16873 131
16874 206
16875 206
16876 131
16877 60
16878 233
16879 233
16880 233
16881 233
16882 186
16883 194
16884 346
16885 91
16886 91
16887 91
16888 357
16889 357
16890 317
16891 226
16892 356
16893 357
16894 83
16895 83
16896 149
16897 132
16898 45
16899 249
16900 110
16901 114
16902 151
16903 151
16904 151
16905 151
16906 109
16907 109
16908 109
16909 278
16910 18
16911 164
16912 112
16913 117
16914 113
16915 112
16916 112
16917 117
16918 113
16919 113
16920 113
16921 112
16922 112
16923 392
16924 392
16925 428
16926 428
16927 231
16928 231
16929 231
16930 231
16931 41
16932 231
16933 231
16934 191
16935 191
16936 280
16937 323
16938 191
16939 87
16940 228
16941 287
16942 79
16943 14
16944 33
16945 140
16946 306
16947 306
16948 306
16949 221
16950 221
16951 216
16952 221
16953 221
16954 221
16955 79
16956 79
16957 351
16958 80
16959 389
16960 389
16961 361
16962 389
16963 357
16964 228
16965 228
16966 228
16967 217
16968 217
16969 325
16970 330
16971 318
16972 325
16973 325
16974 397
16975 15
16976 245
16977 182
16978 10
16979 371
16980 367
16981 301
16982 230
16983 280
16984 230
16985 230
16986 230
16987 384
16988 112
16989 112
16990 112
16991 112
16992 41
16993 41
16994 396
16995 41
16996 410
16997 410
16998 138
16999 80
17000 80
17001 242
17002 242
17003 183
17004 183
17005 183
17006 183
17007 183
17008 183
17009 382
17010 306
17011 60
17012 333
17013 34
17014 186
17015 240
17016 32
17017 27
17018 28
17019 28
17020 290
17021 139
17022 139
17023 139
17024 139
17025 201
17026 358
17027 358
17028 61
17029 292
17030 358
17031 290
17032 396
17033 396
17034 271
17035 91
17036 91
17037 91
17038 55
17039 55
17040 226
17041 226
17042 24
17043 226
17044 226
17045 226
17046 124
17047 124
17048 124
17049 125
17050 397
17051 357
17052 316
17053 266
17054 266
17055 266
17056 266
17057 288
17058 289
17059 23
17060 135
17061 135
17062 135
17063 135
17064 135
17065 135
17066 140
17067 106
17068 106
17069 292
17070 292
17071 292
17072 275
17073 292
17074 370
17075 370
17076 370
17077 220
17078 180
17079 18
17080 180
17081 345
17082 345
17083 345
17084 325
17085 350
17086 52
17087 52
17088 222
17089 222
17090 141
17091 105
17092 6
17093 105
17094 321
17095 193
17096 315
17097 193
17098 285
17099 285
17100 285
17101 168
17102 168
17103 168
17104 52
17105 133
17106 133
17107 402
17108 118
17109 117
17110 117
17111 367
17112 367
17113 367
17114 367
17115 316
17116 316
17117 249
17118 44
17119 260
17120 260
17121 389
17122 386
17123 389
17124 261
17125 386
17126 262
17127 81
17128 317
17129 179
17130 260
17131 317
17132 305
17133 305
17134 305
17135 184
17136 184
17137 161
17138 205
17139 324
17140 234
17141 146
17142 324
17143 320
17144 320
17145 323
17146 210
17147 320
17148 320
17149 249
17150 206
17151 266
17152 40
17153 108
17154 62
17155 334
17156 334
17157 366
17158 74
17159 88
17160 241
17161 355
17162 355
17163 29
17164 29
17165 27
17166 32
17167 29
17168 86
17169 281
17170 281
17171 391
17172 292
17173 198
17174 218
17175 218
17176 122
17177 122
17178 339
17179 349
17180 62
17181 62
17182 62
17183 62
17184 62
17185 62
17186 92
17187 93
17188 13
17189 92
17190 93
17191 214
17192 181
17193 259
17194 287
17195 259
17196 259
17197 354
17198 259
17199 77
17200 247
17201 47
17202 322
17203 322
17204 323
17205 95
17206 31
17207 420
17208 420
17209 409
17210 160
17211 395
17212 267
17213 133
17214 133
17215 114
17216 244
17217 244
17218 243
17219 243
17220 94
17221 146
17222 64
17223 64
17224 328
17225 328
17226 270
17227 227
17228 158
17229 156
17230 156
17231 177
17232 145
17233 145
17234 252
17235 252
17236 179
17237 179
17238 92
17239 221
17240 169
17241 169
17242 169
17243 169
17244 169
17245 79
17246 79
17247 277
17248 277
17249 277
17250 68
17251 68
17252 323
17253 222
17254 222
17255 237
17256 269
17257 237
17258 289
17259 348
17260 289
17261 289
17262 381
17263 15
17264 15
17265 227
17266 227
17267 301
17268 227
17269 127
17270 127
17271 304
17272 304
17273 200
17274 98
17275 247
17276 165
17277 152
17278 67
17279 152
17280 152
17281 135
17282 143
17283 143
17284 143
17285 408
17286 408
17287 346
17288 348
17289 77
17290 348
17291 84
17292 235
17293 283
17294 363
17295 370
17296 292
17297 292
17298 292
17299 292
17300 292
17301 107
17302 108
17303 108
17304 8
17305 329
17306 335
17307 121
17308 121
17309 116
17310 116
17311 228
17312 207
17313 207
17314 365
17315 105
17316 313
17317 370
17318 137
17319 240
17320 221
17321 404
17322 404
17323 80
17324 380
17325 80
17326 245
17327 245
17328 245
17329 168
17330 168
17331 369
17332 166
17333 212
17334 410
17335 344
17336 212
17337 395
17338 216
17339 360
17340 15
17341 272
17342 293
17343 284
17344 284
17345 329
17346 284
17347 284
17348 324
17349 327
17350 324
17351 324
17352 13
17353 8
17354 8
17355 68
17356 399
17357 201
17358 275
17359 400
17360 400
17361 79
17362 79
17363 186
17364 186
17365 120
17366 120
17367 227
17368 227
17369 85
17370 91
17371 114
17372 406
17373 406
17374 406
17375 385
17376 385
17377 385
17378 316
17379 385
17380 61
17381 61
17382 61
17383 56
17384 56
17385 56
17386 56
17387 56
17388 192
17389 56
17390 65
17391 412
17392 412
17393 412
17394 57
17395 256
17396 113
17397 12
17398 169
17399 169
17400 345
17401 277
17402 277
17403 277
17404 277
17405 277
17406 428
17407 428
17408 161
17409 161
17410 428
17411 379
17412 379
17413 379
17414 121
17415 356
17416 356
17417 406
17418 406
17419 159
17420 159
17421 360
17422 21
17423 189
17424 189
17425 189
17426 38
17427 38
17428 183
17429 144
17430 168
17431 181
17432 168
17433 168
17434 57
17435 389
17436 395
17437 341
17438 395
17439 62
17440 383
17441 383
17442 383
17443 311
17444 308
17445 181
17446 401
17447 401
17448 401
17449 337
17450 385
17451 194
17452 194
17453 194
17454 194
17455 194
17456 108
17457 108
17458 108
17459 108
17460 108
17461 124
17462 124
17463 401
17464 126
17465 223
17466 223
17467 223
17468 223
17469 11
17470 158
17471 144
17472 158
17473 287
17474 18
17475 287
17476 362
17477 91
17478 175
17479 367
17480 367
17481 374
17482 297
17483 297
17484 297
17485 297
17486 426
17487 426
17488 25
17489 213
17490 213
17491 347
17492 213
17493 377
17494 234
17495 283
17496 218
17497 127
17498 248
17499 345
17500 386
17501 386
17502 386
17503 386
17504 195
17505 330
17506 330
17507 328
17508 310
17509 301
17510 68
17511 68
17512 158
17513 209
17514 335
17515 275
17516 335
17517 137
17518 137
17519 137
17520 49
17521 49
17522 49
17523 102
17524 102
17525 57
17526 57
17527 57
17528 57
17529 181
17530 181
17531 76
17532 76
17533 76
17534 78
17535 244
17536 22
17537 44
17538 52
17539 52
17540 61
17541 61
17542 330
17543 74
17544 74
17545 74
17546 18
17547 3
17548 128
17549 179
17550 398
17551 179
17552 222
17553 265
17554 262
17555 397
17556 13
17557 155
17558 81
17559 156
17560 329
17561 46
17562 397
17563 362
17564 25
17565 362
17566 51
17567 306
17568 182
17569 178
17570 272
17571 272
17572 272
17573 98
17574 389
17575 98
17576 222
17577 222
17578 219
17579 317
17580 249
17581 249
17582 249
17583 322
17584 253
17585 122
17586 308
17587 222
17588 284
17589 293
17590 293
17591 284
17592 38
17593 38
17594 101
17595 151
17596 45
17597 418
17598 151
17599 164
17600 164
17601 164
17602 397
17603 83
17604 323
17605 323
17606 26
17607 323
17608 419
17609 26
17610 53
17611 26
17612 109
17613 109
17614 109
17615 362
17616 193
17617 362
17618 310
17619 310
17620 38
17621 384
17622 388
17623 386
17624 5
17625 81
17626 178
17627 178
17628 99
17629 99
17630 104
17631 122
17632 122
17633 122
17634 288
17635 9
17636 290
17637 288
17638 262
17639 41
17640 279
17641 279
17642 279
17643 24
17644 324
17645 334
17646 373
17647 417
17648 281
17649 129
17650 179
17651 417
17652 324
17653 324
17654 324
17655 324
17656 144
17657 361
17658 361
17659 390
17660 374
17661 144
17662 286
17663 346
17664 346
17665 130
17666 83
17667 131
17668 131
17669 131
17670 244
17671 244
17672 372
17673 372
17674 372
17675 112
17676 112
17677 114
17678 224
17679 224
17680 225
17681 225
17682 254
17683 210
17684 210
17685 210
17686 73
17687 100
17688 100
17689 100
17690 418
17691 418
17692 226
17693 21
17694 376
17695 21
17696 27
17697 27
17698 32
17699 30
17700 190
17701 190
17702 172
17703 387
17704 387
17705 388
17706 70
17707 274
17708 280
17709 199
17710 104
17711 166
17712 53
17713 252
17714 252
17715 252
17716 363
17717 85
17718 295
17719 252
17720 85
17721 29
17722 32
17723 29
17724 32
17725 193
17726 331
17727 331
17728 331
17729 337
17730 87
17731 20
17732 255
17733 192
17734 192
17735 94
17736 94
17737 282
17738 282
17739 282
17740 320
17741 320
17742 86
17743 235
17744 235
17745 235
17746 171
17747 171
17748 171
17749 171
17750 175
17751 175
17752 171
17753 52
17754 52
17755 180
17756 180
17757 227
17758 354
17759 297
17760 260
17761 222
17762 66
17763 262
17764 260
17765 396
17766 396
17767 358
17768 361
17769 358
17770 361
17771 211
17772 191
17773 191
17774 178
17775 222
17776 222
17777 222
17778 306
17779 306
17780 405
17781 405
17782 405
17783 178
17784 178
17785 178
17786 178
17787 371
17788 415
17789 273
17790 363
17791 363
17792 269
17793 269
17794 293
17795 421
17796 422
17797 421
17798 184
17799 76
17800 40
17801 51
17802 76
17803 186
17804 186
17805 186
17806 52
17807 108
17808 108
17809 111
17810 111
17811 108
17812 290
17813 429
17814 429
17815 429
17816 48
17817 183
17818 183
17819 183
17820 57
17821 57
17822 127
17823 127
17824 146
17825 127
17826 38
17827 345
17828 345
17829 177
17830 177
17831 319
17832 319
17833 346
17834 316
17835 319
17836 319
17837 97
17838 97
17839 97
17840 79
17841 97
17842 234
17843 235
17844 242
17845 234
17846 263
17847 87
17848 158
17849 158
17850 240
17851 240
17852 371
17853 326
17854 38
17855 84
17856 305
17857 84
17858 311
17859 311
17860 311
17861 425
17862 425
17863 73
17864 21
17865 189
17866 189
17867 268
17868 339
17869 350
17870 344
17871 339
17872 339
17873 350
17874 417
17875 417
17876 64
17877 64
17878 80
17879 293
17880 293
17881 95
17882 52
17883 63
17884 66
17885 52
17886 232
17887 269
17888 232
17889 348
17890 125
17891 125
17892 125
17893 343
17894 343
17895 184
17896 144
17897 142
17898 178
17899 87
17900 178
17901 87
17902 370
17903 289
17904 289
17905 290
17906 385
17907 385
17908 385
17909 317
17910 129
17911 111
17912 129
17913 129
17914 209
17915 209
17916 209
17917 209
17918 209
17919 62
17920 321
17921 233
17922 260
17923 260
17924 381
17925 302
17926 302
17927 396
17928 23
17929 328
17930 328
17931 109
17932 109
17933 109
17934 109
17935 330
17936 218
17937 218
17938 406
17939 101
17940 390
17941 339
17942 426
17943 426
17944 103
17945 103
17946 103
17947 103
17948 234
17949 232
17950 400
17951 234
17952 234
17953 69
17954 286
17955 361
17956 69
17957 16
17958 69
17959 293
17960 69
17961 300
17962 300
17963 300
17964 91
17965 45
17966 126
17967 395
17968 283
17969 5
17970 145
17971 145
17972 375
17973 375
17974 376
17975 295
17976 322
17977 57
17978 57
17979 57
17980 57
17981 78
17982 21
17983 78
17984 21
17985 358
17986 358
17987 371
17988 361
17989 358
17990 358
17991 62
17992 201
17993 62
17994 46
17995 46
17996 80
17997 401
17998 80
17999 241
18000 231
18001 274
18002 194
18003 37
18004 246
18005 243
18006 246
18007 246
18008 245
18009 151
18010 151
18011 165
18012 177
18013 105
18014 210
18015 78
18016 105
18017 229
18018 229
18019 229
18020 314
18021 364
18022 364
18023 364
18024 308
18025 161
18026 73
18027 73
18028 378
18029 397
18030 379
18031 378
18032 380
18033 214
18034 381
18035 294
18036 270
18037 270
18038 270
18039 270
18040 275
18041 225
18042 138
18043 225
18044 382
18045 394
18046 382
18047 270
18048 317
18049 270
18050 270
18051 212
18052 182
18053 385
18054 181
18055 134
18056 171
18057 181
18058 181
18059 413
18060 119
18061 415
18062 356
18063 119
18064 127
18065 117
18066 332
18067 64
18068 332
18069 101
18070 134
18071 287
18072 411
18073 410
18074 411
18075 411
18076 30
18077 30
18078 37
18079 37
18080 37
18081 306
18082 407
18083 315
18084 81
18085 36
18086 81
18087 81
18088 57
18089 57
18090 57
18091 84
18092 330
18093 13
18094 403
18095 255
18096 362
18097 150
18098 18
18099 79
18100 79
18101 382
18102 382
18103 292
18104 236
18105 425
18106 382
18107 89
18108 89
18109 378
18110 384
18111 201
18112 384
18113 274
18114 272
18115 274
18116 53
18117 53
18118 242
18119 362
18120 194
18121 334
18122 218
18123 334
18124 334
18125 384
18126 428
18127 110
18128 110
18129 7
18130 116
18131 116
18132 280
18133 191
18134 191
18135 191
18136 126
18137 127
18138 126
18139 127
18140 126
18141 193
18142 128
18143 193
18144 59
18145 331
18146 331
18147 331
18148 407
18149 249
18150 185
18151 153
18152 185
18153 185
18154 271
18155 344
18156 271
18157 240
18158 240
18159 240
18160 53
18161 337
18162 8
18163 219
18164 93
18165 246
18166 249
18167 93
18168 159
18169 159
18170 159
18171 308
18172 308
18173 308
18174 181
18175 198
18176 179
18177 300
18178 300
18179 337
18180 300
18181 300
18182 374
18183 374
18184 25
18185 374
18186 417
18187 417
18188 37
18189 37
18190 80
18191 347
18192 80
18193 209
18194 209
18195 209
18196 278
18197 278
18198 248
18199 248
18200 248
18201 196
18202 117
18203 118
18204 109
18205 109
18206 109
18207 295
18208 283
18209 262
18210 225
18211 249
18212 283
18213 11
18214 21
18215 282
18216 362
18217 416
18218 416
18219 12
18220 179
18221 179
18222 142
18223 364
18224 232
18225 70
18226 153
18227 75
18228 75
18229 48
18230 48
18231 260
18232 337
18233 312
18234 199
18235 187
18236 199
18237 329
18238 329
18239 329
18240 18
18241 18
18242 18
18243 297
18244 414
18245 297
18246 189
18247 297
18248 200
18249 200
18250 92
18251 336
18252 100
18253 18
18254 100
18255 12
18256 12
18257 100
18258 18
18259 420
18260 333
18261 420
18262 171
18263 171
18264 171
18265 133
18266 133
18267 133
18268 119
18269 119
18270 419
18271 419
18272 419
18273 419
18274 192
18275 282
18276 269
18277 67
18278 76
18279 76
18280 314
18281 314
18282 320
18283 341
18284 426
18285 182
18286 50
18287 6
18288 372
18289 372
18290 124
18291 124
18292 71
18293 222
18294 58
18295 58
18296 377
18297 99
18298 99
18299 266
18300 266
18301 266
18302 266
18303 315
18304 266
18305 322
18306 322
18307 312
18308 19
18309 50
18310 50
18311 19
18312 268
18313 230
18314 232
18315 92
18316 336
18317 336
18318 336
18319 336
18320 51
18321 51
18322 397
18323 282
18324 397
18325 119
18326 118
18327 119
18328 121
18329 128
18330 128
18331 128
18332 51
18333 368
18334 368
18335 343
18336 403
18337 33
18338 190
18339 189
18340 266
18341 266
18342 83
18343 83
18344 150
18345 150
18346 150
18347 150
18348 417
18349 139
18350 139
18351 278
18352 343
18353 287
18354 293
18355 278
18356 303
18357 35
18358 88
18359 88
18360 88
18361 369
18362 369
18363 47
18364 167
18365 167
18366 228
18367 228
18368 218
18369 256
18370 249
18371 195
18372 372
18373 372
18374 153
18375 153
18376 153
18377 250
18378 250
18379 225
18380 250
18381 154
18382 219
18383 219
18384 337
18385 39
18386 259
18387 48
18388 48
18389 48
18390 48
18391 241
18392 39
18393 147
18394 132
18395 147
18396 147
18397 147
18398 384
18399 56
18400 56
18401 288
18402 23
18403 348
18404 348
18405 107
18406 107
18407 50
18408 387
18409 387
18410 387
18411 387
18412 46
18413 113
18414 113
18415 113
18416 49
18417 110
18418 376
18419 376
18420 350
18421 350
18422 298
18423 298
18424 298
18425 298
18426 298
18427 224
18428 129
18429 224
18430 224
18431 18
18432 224
18433 162
18434 162
18435 162
18436 168
18437 162
18438 162
18439 241
18440 241
18441 291
18442 155
18443 155
18444 339
18445 356
18446 357
18447 356
18448 238
18449 238
18450 70
18451 70
18452 113
18453 113
18454 377
18455 107
18456 48
18457 48
18458 48
18459 48
18460 48
18461 48
18462 155
18463 132
18464 246
18465 246
18466 246
18467 246
18468 246
18469 251
18470 414
18471 73
18472 368
18473 73
18474 73
18475 73
18476 398
18477 398
18478 398
18479 224
18480 224
18481 334
18482 353
18483 347
18484 353
18485 343
18486 249
18487 77
18488 230
18489 230
18490 230
18491 230
18492 29
18493 29
18494 327
18495 39
18496 108
18497 342
18498 386
18499 386
18500 386
18501 126
18502 17
18503 126
18504 53
18505 53
18506 116
18507 116
18508 45
18509 116
18510 232
18511 232
18512 232
18513 396
18514 377
18515 294
18516 334
18517 367
18518 377
18519 216
18520 247
18521 240
18522 193
18523 122
18524 144
18525 391
18526 111
18527 111
18528 134
18529 134
18530 12
18531 269
18532 385
18533 72
18534 269
18535 396
18536 396
18537 209
18538 369
18539 10
18540 260
18541 225
18542 248
18543 248
18544 28
18545 377
18546 238
18547 238
18548 238
18549 238
18550 295
18551 302
18552 147
18553 202
18554 16
18555 16
18556 16
18557 149
18558 149
18559 149
18560 274
18561 147
18562 201
18563 218
18564 201
18565 292
18566 402
18567 292
18568 293
18569 262
18570 262
18571 326
18572 326
18573 47
18574 420
18575 392
18576 380
18577 357
18578 357
18579 349
18580 349
18581 349
18582 306
18583 252
18584 249
18585 252
18586 252
18587 201
18588 201
18589 97
18590 226
18591 97
18592 97
18593 97
18594 97
18595 289
18596 356
18597 164
18598 164
18599 164
18600 164
18601 188
18602 181
18603 254
18604 252
18605 254
18606 254
18607 357
18608 195
18609 370
18610 340
18611 370
18612 233
18613 370
18614 407
18615 155
18616 70
18617 77
18618 43
18619 43
18620 255
18621 255
18622 326
18623 255
18624 397
18625 5
18626 209
18627 157
18628 157
18629 30
18630 157
18631 236
18632 222
18633 222
18634 50
18635 119
18636 132
18637 185
18638 190
18639 9
18640 212
18641 321
18642 321
18643 236
18644 300
18645 314
18646 332
18647 333
18648 333
18649 364
18650 364
18651 293
18652 372
18653 6
18654 236
18655 236
18656 236
18657 236
18658 267
18659 267
18660 267
18661 267
18662 175
18663 321
18664 358
18665 47
18666 47
18667 135
18668 135
18669 298
18670 330
18671 293
18672 349
18673 337
18674 337
18675 337
18676 428
18677 428
18678 168
18679 268
18680 259
18681 301
18682 250
18683 86
18684 86
18685 69
18686 51
18687 9
18688 60
18689 60
18690 60
18691 300
18692 422
18693 422
18694 422
18695 69
18696 69
18697 351
18698 373
18699 351
18700 357
18701 351
18702 351
18703 313
18704 313
18705 313
18706 255
18707 181
18708 185
18709 181
18710 314
18711 15
18712 291
18713 291
18714 291
18715 325
18716 360
18717 325
18718 353
18719 353
18720 382
18721 263
18722 321
18723 317
18724 178
18725 178
18726 178
18727 369
18728 369
18729 130
18730 130
18731 106
18732 105
18733 374
18734 374
18735 195
18736 357
18737 361
18738 40
18739 367
18740 367
18741 367
18742 293
18743 293
18744 293
18745 131
18746 72
18747 165
18748 165
18749 165
18750 102
18751 208
18752 102
18753 307
18754 317
18755 307
18756 266
18757 266
18758 266
18759 207
18760 309
18761 309
18762 214
18763 214
18764 96
18765 96
18766 96
18767 337
18768 296
18769 416
18770 318
18771 368
18772 306
18773 318
18774 3
18775 318
18776 221
18777 409
18778 310
18779 86
18780 86
18781 153
18782 237
18783 237
18784 237
18785 107
18786 94
18787 94
18788 204
18789 204
18790 204
18791 313
18792 313
18793 313
18794 61
18795 61
18796 61
18797 63
18798 63
18799 291
18800 291
18801 280
18802 219
18803 111
18804 111
18805 111
18806 80
18807 119
18808 36
18809 408
18810 422
18811 408
18812 273
18813 283
18814 114
18815 114
18816 114
18817 374
18818 374
18819 374
18820 44
18821 44
18822 217
18823 217
18824 217
18825 103
18826 128
18827 103
18828 136
18829 136
18830 401
18831 360
18832 360
18833 360
18834 254
18835 254
18836 254
18837 254
18838 254
18839 69
18840 69
18841 373
18842 69
18843 31
18844 35
18845 31
18846 35
18847 119
18848 120
18849 119
18850 119
18851 119
18852 120
18853 121
18854 17
18855 17
18856 416
18857 395
18858 395
18859 329
18860 68
18861 68
18862 32
18863 32
18864 32
18865 336
18866 336
18867 398
18868 105
18869 336
18870 182
18871 64
18872 220
18873 64
18874 206
18875 269
18876 269
18877 46
18878 38
18879 46
18880 46
18881 295
18882 299
18883 31
18884 31
18885 31
18886 95
18887 95
18888 95
18889 375
18890 321
18891 47
18892 52
18893 360
18894 360
18895 360
18896 360
18897 360
18898 360
18899 102
18900 102
18901 263
18902 44
18903 44
18904 222
18905 222
18906 408
18907 408
18908 18
18909 254
18910 334
18911 326
18912 254
18913 333
18914 333
18915 291
18916 293
18917 123
18918 291
18919 291
18920 291
18921 404
18922 91
18923 319
18924 330
18925 322
18926 322
18927 281
18928 322
18929 322
18930 322
18931 343
18932 343
18933 423
18934 423
18935 242
18936 424
18937 424
18938 81
18939 81
18940 370
18941 370
18942 317
18943 317
18944 245
18945 61
18946 61
18947 61
18948 61
18949 160
18950 160
18951 131
18952 259
18953 259
18954 424
18955 54
18956 54
18957 239
18958 72
18959 26
18960 182
18961 247
18962 182
18963 347
18964 398
18965 347
18966 326
18967 128
18968 128
18969 128
18970 292
18971 292
18972 292
18973 292
18974 292
18975 292
18976 292
18977 269
18978 193
18979 193
18980 419
18981 229
18982 347
18983 427
18984 327
18985 41
18986 41
18987 10
18988 81
18989 81
18990 82
18991 111
18992 111
18993 111
18994 256
18995 427
18996 427
18997 206
18998 26
18999 352
19000 352
19001 124
19002 385
19003 98
19004 98
19005 176
19006 176
19007 65
19008 65
19009 35
19010 276
19011 349
19012 294
19013 253
19014 70
19015 103
19016 70
19017 49
19018 188
19019 394
19020 50
19021 49
19022 49
19023 32
19024 382
19025 79
19026 330
19027 254
19028 308
19029 200
19030 200
19031 121
19032 160
19033 217
19034 145
19035 217
19036 217
19037 145
19038 145
19039 145
19040 145
19041 145
19042 421
19043 238
19044 55
19045 55
19046 60
19047 22
19048 22
19049 386
19050 22
19051 375
19052 176
19053 177
19054 176
19055 176
19056 291
19057 291
19058 383
19059 291
19060 291
19061 291
19062 404
19063 354
19064 354
19065 354
19066 56
19067 56
19068 258
19069 258
19070 427
19071 258
19072 258
19073 258
19074 278
19075 51
19076 51
19077 33
19078 25
19079 25
19080 58
19081 246
19082 263
19083 96
19084 52
19085 52
19086 52
19087 171
19088 171
19089 171
19090 304
19091 251
19092 304
19093 251
19094 306
19095 19
19096 91
19097 15
19098 91
19099 157
19100 98
19101 98
19102 98
19103 98
19104 89
19105 89
19106 395
19107 395
19108 369
19109 85
19110 85
19111 85
19112 239
19113 20
19114 329
19115 27
19116 27
19117 27
19118 29
19119 33
19120 27
19121 182
19122 182
19123 330
19124 199
19125 211
19126 167
19127 47
19128 77
19129 77
19130 77
19131 81
19132 81
19133 81
19134 195
19135 75
19136 316
19137 11
19138 136
19139 147
19140 147
19141 136
19142 136
19143 136
19144 22
19145 22
19146 256
19147 368
19148 227
19149 269
19150 299
19151 299
19152 200
19153 410
19154 399
19155 399
19156 403
19157 399
19158 399
19159 399
19160 71
19161 71
19162 71
19163 71
19164 71
19165 259
19166 263
19167 259
19168 259
19169 288
19170 288
19171 288
19172 134
19173 134
19174 27
19175 27
19176 32
19177 27
19178 193
19179 193
19180 396
19181 396
19182 225
19183 225
19184 33
19185 33
19186 42
19187 170
19188 42
19189 296
19190 296
19191 137
19192 140
19193 137
19194 137
19195 138
19196 255
19197 255
19198 255
19199 88
19200 88
19201 14
19202 91
19203 113
19204 113
19205 73
19206 73
19207 73
19208 73
19209 38
19210 266
19211 38
19212 228
19213 228
19214 93
19215 10
19216 264
19217 264
19218 264
19219 395
19220 7
19221 395
19222 395
19223 263
19224 376
19225 383
19226 383
19227 383
19228 383
19229 131
19230 144
19231 144
19232 140
19233 398
19234 398
19235 174
19236 174
19237 174
19238 217
19239 365
19240 411
19241 126
19242 126
19243 148
19244 289
19245 21
19246 273
19247 302
19248 273
19249 72
19250 55
19251 57
19252 55
19253 55
19254 59
19255 57
19256 270
19257 4
19258 270
19259 89
19260 212
19261 60
19262 60
19263 60
19264 148
19265 239
19266 72
19267 213
19268 403
19269 50
19270 50
19271 405
19272 405
19273 414
19274 380
19275 190
19276 190
19277 130
19278 190
19279 356
19280 190
19281 11
19282 190
19283 190
19284 42
19285 42
19286 42
19287 290
19288 219
19289 290
19290 366
19291 290
19292 290
19293 81
19294 81
19295 81
19296 81
19297 81
19298 81
19299 81
19300 83
19301 83
19302 83
19303 17
19304 17
19305 395
19306 395
19307 395
19308 395
19309 177
19310 119
19311 362
19312 254
19313 225
19314 225
19315 225
19316 9
19317 118
19318 118
19319 104
19320 78
19321 78
19322 247
19323 247
19324 247
19325 321
19326 321
19327 70
19328 315
19329 377
19330 318
19331 318
19332 10
19333 423
19334 423
19335 320
19336 326
19337 326
19338 360
19339 423
19340 403
19341 360
19342 421
19343 158
19344 158
19345 158
19346 70
19347 134
19348 134
19349 33
19350 357
19351 40
19352 357
19353 387
19354 325
19355 325
19356 229
19357 225
19358 418
19359 317
19360 317
19361 317
19362 317
19363 43
19364 82
19365 284
19366 280
19367 384
19368 339
19369 82
19370 284
19371 44
19372 339
19373 423
19374 82
19375 31
19376 31
19377 131
19378 131
19379 131
19380 202
19381 355
19382 355
19383 406
19384 131
19385 235
19386 235
19387 150
19388 150
19389 150
19390 214
19391 66
19392 66
19393 263
19394 286
19395 286
19396 280
19397 279
19398 414
19399 414
19400 40
19401 297
19402 297
19403 297
19404 164
19405 163
19406 163
19407 144
19408 18
19409 210
19410 210
19411 47
19412 60
19413 48
19414 79
19415 205
19416 69
19417 69
19418 334
19419 12
19420 307
19421 307
19422 418
19423 382
19424 335
19425 335
19426 415
19427 214
19428 425
19429 422
19430 382
19431 389
19432 299
19433 389
19434 149
19435 207
19436 149
19437 149
19438 149
19439 268
19440 267
19441 278
19442 143
19443 278
19444 278
19445 315
19446 278
19447 206
19448 109
19449 206
19450 109
19451 201
19452 201
19453 165
19454 259
19455 165
19456 165
19457 302
19458 302
19459 302
19460 302
19461 240
19462 265
19463 382
19464 399
19465 228
19466 399
19467 295
19468 342
19469 343
19470 295
19471 269
19472 159
19473 51
19474 411
19475 411
19476 411
19477 386
19478 386
19479 386
19480 32
19481 32
19482 38
19483 38
19484 69
19485 70
19486 151
19487 151
19488 393
19489 403
19490 393
19491 393
19492 272
19493 50
19494 272
19495 272
19496 307
19497 272
19498 272
19499 277
19500 393
19501 393
19502 395
19503 393
19504 393
19505 393
19506 123
19507 169
19508 169
19509 169
19510 169
19511 203
19512 203
19513 174
19514 332
19515 256
19516 174
19517 195
19518 7
19519 196
19520 196
19521 196
19522 196
19523 196
19524 247
19525 247
19526 37
19527 250
19528 250
19529 250
19530 227
19531 227
19532 227
19533 227
19534 247
19535 334
19536 334
19537 179
19538 101
19539 101
19540 428
19541 245
19542 245
19543 199
19544 142
19545 142
19546 142
19547 183
19548 175
19549 175
19550 175
19551 28
19552 28
19553 28
19554 138
19555 197
19556 24
19557 412
19558 412
19559 412
19560 412
19561 322
19562 322
19563 322
19564 148
19565 145
19566 148
19567 148
19568 318
19569 225
19570 318
19571 318
19572 208
19573 318
19574 157
19575 157
19576 330
19577 330
19578 74
19579 74
19580 243
19581 243
19582 243
19583 233
19584 382
19585 243
19586 382
19587 382
19588 326
19589 250
19590 382
19591 292
19592 292
19593 115
19594 428
19595 243
19596 243
19597 208
19598 243
19599 243
19600 243
19601 280
19602 226
19603 221
19604 226
19605 263
19606 427
19607 125
19608 125
19609 47
19610 237
19611 237
19612 130
19613 130
19614 350
19615 212
19616 350
19617 279
19618 333
19619 144
19620 163
19621 60
19622 75
19623 75
19624 75
19625 377
19626 361
19627 390
19628 390
19629 229
19630 386
19631 386
19632 28
19633 28
19634 28
19635 160
19636 160
19637 327
19638 160
19639 296
19640 296
19641 83
19642 87
19643 83
19644 169
19645 169
19646 262
19647 262
19648 382
19649 299
19650 88
19651 89
19652 98
19653 37
19654 103
19655 123
19656 104
19657 103
19658 103
19659 227
19660 378
19661 227
19662 315
19663 315
19664 33
19665 241
19666 241
19667 241
19668 376
19669 351
19670 5
19671 78
19672 100
19673 401
19674 401
19675 341
19676 401
19677 401
19678 149
19679 385
19680 385
19681 384
19682 384
19683 358
19684 362
19685 236
19686 358
19687 360
19688 82
19689 341
19690 76
19691 378
19692 378
19693 378
19694 329
19695 329
19696 394
19697 334
19698 329
19699 229
19700 229
19701 410
19702 274
19703 274
19704 391
19705 391
19706 315
19707 391
19708 338
19709 121
19710 89
19711 51
19712 229
19713 271
19714 108
19715 256
19716 108
19717 108
19718 111
19719 83
19720 83
19721 341
19722 83
19723 83
19724 83
19725 195
19726 414
19727 414
19728 414
19729 141
19730 359
19731 148
19732 325
19733 325
19734 373
19735 73
19736 35
19737 36
19738 35
19739 35
19740 293
19741 85
19742 85
19743 87
19744 119
19745 119
19746 230
19747 230
19748 31
19749 418
19750 148
19751 322
19752 322
19753 322
19754 321
19755 121
19756 134
19757 232
19758 178
19759 20
19760 343
19761 178
19762 170
19763 170
19764 40
19765 30
19766 379
19767 379
19768 379
19769 379
19770 150
19771 150
19772 150
19773 150
19774 150
19775 320
19776 320
19777 320
19778 312
19779 312
19780 312
19781 29
19782 185
19783 185
19784 185
19785 212
19786 212
19787 301
19788 301
19789 332
19790 15
19791 329
19792 329
19793 368
19794 368
19795 368
19796 384
19797 41
19798 41
19799 41
19800 293
19801 264
19802 293
19803 319
19804 319
19805 223
19806 223
19807 223
19808 137
19809 421
19810 421
19811 421
19812 324
19813 330
19814 324
19815 257
19816 257
19817 214
19818 256
19819 213
19820 256
19821 308
19822 152
19823 152
19824 327
19825 318
19826 318
19827 98
19828 98
19829 98
19830 98
19831 110
19832 110
19833 110
19834 105
19835 350
19836 181
19837 181
19838 181
19839 171
19840 173
19841 171
19842 171
19843 171
19844 214
19845 121
19846 116
19847 116
19848 116
19849 133
19850 403
19851 267
19852 403
19853 157
19854 157
19855 157
19856 146
19857 146
19858 146
19859 374
19860 374
19861 374
19862 261
19863 261
19864 351
19865 351
19866 351
19867 351
19868 120
19869 120
19870 120
19871 120
19872 120
19873 120
19874 120
19875 152
19876 152
19877 114
19878 80
19879 374
19880 343
19881 344
19882 343
19883 343
19884 269
19885 50
19886 243
19887 293
19888 293
19889 92
19890 92
19891 52
19892 15
19893 380
19894 52
19895 15
19896 114
19897 399
19898 399
19899 399
19900 336
19901 258
19902 258
19903 374
19904 374
19905 94
19906 84
19907 84
19908 339
19909 422
19910 422
19911 422
19912 308
19913 293
19914 232
19915 426
19916 426
19917 30
19918 30
19919 30
19920 30
19921 159
19922 159
19923 159
19924 131
19925 131
19926 287
19927 190
19928 190
19929 416
19930 416
19931 213
19932 101
19933 152
19934 152
19935 152
19936 235
19937 177
19938 18
19939 117
19940 117
19941 117
19942 226
19943 335
19944 337
19945 337
19946 398
19947 245
19948 229
19949 245
19950 265
19951 265
19952 150
19953 150
19954 150
19955 51
19956 51
19957 320
19958 150
19959 150
19960 150
19961 150
19962 37
19963 333
19964 385
19965 357
19966 352
19967 352
19968 392
19969 392
19970 392
19971 392
19972 230
19973 230
19974 230
19975 251
19976 251
19977 251
19978 251
19979 135
19980 17
19981 135
19982 135
19983 135
19984 373
19985 26
19986 228
19987 373
19988 373
19989 373
19990 320
19991 298
19992 256
19993 99
19994 103
19995 103
19996 214
19997 214
19998 164
19999 164
