0 1214
1 629
2 1214
3 667
4 681
5 634
6 487
7 631
8 2
9 0
10 3675
11 10
12 502
13 3675
14 3675
15 1
16 5
17 14
18 5
19 5
20 1
21 10
22 4365
23 3675
24 3685
25 3062
26 2813
27 690
28 2828
29 3063
30 701
31 6
32 2814
33 4749
34 1074
35 2813
36 2677
37 3062
38 2097
39 1823
40 1858
41 541
42 2097
43 2097
44 2097
45 1
46 0
47 4517
48 2029
49 626
50 662
51 627
52 0
53 2029
54 244
55 1044
56 1093
57 469
58 25
59 3435
60 1
61 0
62 7
63 12
64 469
65 4882
66 3843
67 196
68 4925
69 1669
70 3841
71 25
72 3
73 4730
74 4956
75 1803
76 2219
77 4730
78 3
79 4830
80 2624
81 2624
82 2629
83 2
84 2579
85 1
86 2579
87 16
88 3960
89 4506
90 61
91 3960
92 2389
93 2389
94 160
95 2392
96 1458
97 2
98 12
99 12
100 160
101 2389
102 3002
103 3002
104 3002
105 3002
106 2
107 4228
108 384
109 1416
110 27
111 384
112 3472
113 187
114 818
115 3509
116 3984
117 3472
118 3
119 1
120 2652
121 2650
122 9
123 2650
124 2650
125 2650
126 2691
127 1478
128 62
129 1811
130 1149
131 1478
132 1478
133 642
134 1158
135 1463
136 17
137 62
138 1032
139 874
140 1032
141 1161
142 1032
143 1013
144 700
145 874
146 1205
147 850
148 656
149 631
150 702
151 631
152 527
153 3555
154 3555
155 8
156 19
157 9
158 23
159 3844
160 3844
161 170
162 163
163 0
164 163
165 3508
166 3512
167 3508
168 3508
169 1778
170 2463
171 1346
172 3510
173 2746
174 2710
175 3428
176 3061
177 2746
178 3
179 2809
180 266
181 1793
182 587
183 2185
184 2185
185 379
186 473
187 266
188 166
189 587
190 1588
191 924
192 656
193 694
194 643
195 698
196 640
197 3003
198 103
199 307
200 3659
201 293
202 1868
203 4
204 4546
205 3100
206 428
207 4865
208 4
209 3889
210 3889
211 3107
212 3049
213 3047
214 3107
215 2890
216 0
217 1957
218 1957
219 1957
220 1
221 187
222 314
223 1118
224 33
225 111
226 586
227 4
228 211
229 18
230 4
231 58
232 514
233 478
234 187
235 406
236 504
237 81
238 314
239 591
240 2810
241 5
242 2162
243 919
244 2162
245 691
246 1197
247 1240
248 2162
249 640
250 3
251 2575
252 2575
253 2575
254 2575
255 2576
256 2575
257 2575
258 4393
259 4937
260 4393
261 4393
262 1
263 512
264 177
265 362
266 8
267 10
268 362
269 177
270 2735
271 2787
272 2735
273 9
274 2699
275 7
276 3113
277 3049
278 7
279 2814
280 3113
281 512
282 512
283 203
284 2144
285 2500
286 471
287 4
288 9
289 2500
290 471
291 512
292 2472
293 652
294 4369
295 656
296 718
297 2474
298 1436
299 660
300 4
301 2663
302 3047
303 3107
304 2663
305 2663
306 2
307 3108
308 3
309 14
310 3108
311 3047
312 2666
313 2028
314 2028
315 728
316 3925
317 728
318 33
319 3
320 94
321 64
322 4332
323 2416
324 1724
325 1753
326 1726
327 1724
328 1724
329 1848
330 2189
331 3217
332 1777
333 42
334 1751
335 29
336 42
337 1751
338 2699
339 1775
340 3217
341 2518
342 2559
343 2573
344 2573
345 2537
346 2518
347 2570
348 2248
349 635
350 224
351 2248
352 31
353 235
354 5
355 28
356 635
357 31
358 635
359 583
360 3562
361 235
362 3129
363 3129
364 204
365 2291
366 2291
367 4866
368 2291
369 586
370 4
371 8
372 13
373 58
374 13
375 13
376 28
377 12
378 175
379 4880
380 58
381 586
382 4866
383 2291
384 873
385 626
386 933
387 1841
388 933
389 712
390 873
391 626
392 113
393 2982
394 2816
395 112
396 3
397 2982
398 1193
399 626
400 1193
401 16
402 657
403 7
404 215
405 626
406 1201
407 3626
408 4187
409 422
410 4880
411 3626
412 660
413 661
414 662
415 860
416 15
417 740
418 26
419 740
420 740
421 740
422 2510
423 2983
424 2510
425 3061
426 3080
427 3080
428 1613
429 2198
430 558
431 1621
432 4619
433 4377
434 36
435 1169
436 3128
437 4616
438 36
439 4377
440 926
441 729
442 4636
443 926
444 729
445 2970
446 2970
447 1562
448 1786
449 2970
450 1861
451 1861
452 321
453 289
454 2
455 289
456 2261
457 265
458 608
459 350
460 1084
461 41
462 317
463 416
464 41
465 3651
466 317
467 265
468 2886
469 2914
470 2885
471 2855
472 637
473 2914
474 3989
475 669
476 4059
477 3989
478 7
479 914
480 942
481 942
482 621
483 942
484 942
485 486
486 2167
487 4748
488 2
489 14
490 9
491 1682
492 483
493 90
494 2167
495 2614
496 2614
497 2893
498 2893
499 2893
500 3576
501 2893
502 1772
503 634
504 634
505 629
506 2635
507 1024
508 1520
509 2635
510 4318
511 38
512 28
513 2654
514 2635
515 3465
516 3465
517 1773
518 3465
519 1241
520 1790
521 2
522 3628
523 626
524 653
525 627
526 1214
527 2736
528 1214
529 55
530 40
531 1215
532 55
533 40
534 1215
535 2192
536 3986
537 2188
538 2192
539 4643
540 2
541 2188
542 3057
543 3057
544 18
545 1860
546 153
547 4325
548 1152
549 2944
550 2944
551 2890
552 810
553 1010
554 1894
555 17
556 57
557 810
558 1193
559 0
560 4805
561 508
562 39
563 167
564 16
565 167
566 388
567 508
568 1877
569 1877
570 4897
571 4694
572 65
573 4694
574 1461
575 1461
576 1692
577 4642
578 15
579 14
580 534
581 534
582 4642
583 351
584 1461
585 3092
586 2631
587 2089
588 271
589 8
590 1105
591 958
592 1105
593 1425
594 3430
595 360
596 38
597 382
598 0
599 38
600 382
601 3910
602 4082
603 3910
604 1623
605 3910
606 4082
607 1058
608 332
609 953
610 1532
611 1089
612 1936
613 1217
614 1217
615 640
616 967
617 6
618 640
619 73
620 2299
621 40
622 30
623 25
624 30
625 194
626 40
627 457
628 459
629 92
630 1555
631 2299
632 1040
633 3863
634 1807
635 1863
636 3866
637 3863
638 3863
639 17
640 1807
641 1729
642 1604
643 945
644 2480
645 1831
646 1729
647 1731
648 1733
649 4182
650 4345
651 8
652 1604
653 2486
654 902
655 810
656 2487
657 873
658 902
659 2187
660 706
661 30
662 706
663 1428
664 1427
665 1428
666 2142
667 2199
668 8
669 4008
670 1146
671 1135
672 662
673 636
674 633
675 631
676 3885
677 3614
678 2813
679 82
680 82
681 2813
682 3614
683 4770
684 4702
685 974
686 123
687 7
688 4480
689 71
690 580
691 4480
692 71
693 71
694 4480
695 1233
696 858
697 634
698 1233
699 661
700 1451
701 1451
702 1451
703 6
704 1947
705 4538
706 1947
707 2102
708 551
709 1947
710 5
711 4538
712 4964
713 1326
714 4964
715 4964
716 4780
717 1965
718 1965
719 2087
720 2148
721 4491
722 541
723 540
724 540
725 3680
726 3680
727 50
728 2772
729 2575
730 2536
731 2575
732 2571
733 4180
734 2278
735 2264
736 4180
737 4180
738 4428
739 1855
740 1855
741 158
742 18
743 158
744 2189
745 1504
746 1987
747 1719
748 403
749 4174
750 1987
751 403
752 1719
753 256
754 3168
755 2945
756 4269
757 3168
758 6
759 3168
760 2612
761 2612
762 3491
763 3491
764 19
765 4728
766 716
767 4728
768 4728
769 1218
770 3864
771 3339
772 3867
773 1317
774 3864
775 168
776 3933
777 3340
778 710
779 4866
780 992
781 3097
782 1196
783 710
784 710
785 1180
786 3
787 12
788 28
789 13
790 592
791 710
792 3087
793 992
794 1224
795 3031
796 87
797 87
798 87
799 68
800 1539
801 50
802 13
803 167
804 50
805 3423
806 1540
807 2320
808 538
809 3721
810 2328
811 1618
812 1
813 85
814 391
815 3712
816 2985
817 3209
818 2969
819 3601
820 5
821 2415
822 2416
823 3779
824 2067
825 3779
826 1936
827 284
828 533
829 3779
830 9
831 1115
832 2657
833 2657
834 2718
835 3363
836 51
837 3363
838 7
839 124
840 79
841 513
842 43
843 126
844 46
845 3705
846 43
847 81
848 79
849 46
850 3705
851 513
852 584
853 1941
854 4149
855 2426
856 1720
857 1720
858 2449
859 1734
860 1720
861 2629
862 2629
863 4
864 2761
865 2629
866 341
867 402
868 171
869 183
870 333
871 169
872 14
873 183
874 137
875 402
876 333
877 341
878 3749
879 3695
880 776
881 750
882 777
883 3749
884 632
885 1799
886 3848
887 3848
888 1799
889 503
890 3806
891 119
892 3806
893 28
894 639
895 3610
896 4050
897 6
898 119
899 1735
900 445
901 35
902 81
903 227
904 10
905 4835
906 654
907 1103
908 630
909 1653
910 1653
911 1653
912 2140
913 1526
914 998
915 1526
916 8
917 998
918 3616
919 543
920 813
921 3616
922 3670
923 3464
924 3616
925 5
926 4020
927 1143
928 15
929 4940
930 4020
931 15
932 1169
933 3997
934 4636
935 659
936 3677
937 3951
938 122
939 3677
940 3673
941 3951
942 699
943 635
944 3874
945 699
946 3758
947 3758
948 3466
949 665
950 775
951 32
952 3466
953 3150
954 3618
955 1682
956 4846
957 3667
958 4051
959 2969
960 727
961 2155
962 2155
963 1195
964 172
965 242
966 1266
967 167
968 1266
969 1355
970 4875
971 4033
972 15
973 121
974 121
975 1204
976 38
977 1204
978 4503
979 3114
980 3114
981 3515
982 3750
983 3750
984 53
985 548
986 3841
987 67
988 1625
989 2395
990 2162
991 628
992 630
993 426
994 426
995 426
996 4451
997 4451
998 4451
999 4686
1000 793
1001 1691
1002 793
1003 793
1004 793
1005 8
1006 18
1007 6
1008 16
1009 306
1010 4128
1011 3842
1012 4127
1013 42
1014 544
1015 534
1016 42
1017 3842
1018 1096
1019 1756
1020 641
1021 905
1022 630
1023 905
1024 1096
1025 700
1026 631
1027 4254
1028 4875
1029 2874
1030 2874
1031 2874
1032 2874
1033 2890
1034 2890
1035 3512
1036 4381
1037 21
1038 492
1039 21
1040 492
1041 4171
1042 4171
1043 4171
1044 4171
1045 4172
1046 4175
1047 5
1048 117
1049 117
1050 33
1051 7
1052 17
1053 30
1054 63
1055 663
1056 270
1057 219
1058 4187
1059 586
1060 1401
1061 3125
1062 38
1063 76
1064 3125
1065 124
1066 1266
1067 2733
1068 2733
1069 2699
1070 9
1071 2733
1072 1489
1073 335
1074 1489
1075 99
1076 2270
1077 335
1078 4318
1079 4318
1080 86
1081 618
1082 4318
1083 86
1084 2078
1085 2658
1086 42
1087 692
1088 42
1089 2658
1090 694
1091 2076
1092 2368
1093 707
1094 1121
1095 1847
1096 2368
1097 707
1098 1105
1099 898
1100 1105
1101 631
1102 1105
1103 4942
1104 4717
1105 35
1106 1660
1107 2944
1108 2806
1109 9
1110 35
1111 188
1112 309
1113 1660
1114 3405
1115 3405
1116 3412
1117 3399
1118 4188
1119 109
1120 1377
1121 4188
1122 3457
1123 641
1124 38
1125 109
1126 2436
1127 2081
1128 2081
1129 2081
1130 1934
1131 2085
1132 2081
1133 2977
1134 2978
1135 200
1136 76
1137 3487
1138 699
1139 3487
1140 2541
1141 2835
1142 2577
1143 2541
1144 2541
1145 2541
1146 2525
1147 4760
1148 1136
1149 1253
1150 4040
1151 3850
1152 6
1153 3395
1154 3399
1155 3399
1156 210
1157 33
1158 2283
1159 4226
1160 371
1161 35
1162 3006
1163 2189
1164 138
1165 464
1166 4884
1167 27
1168 561
1169 133
1170 40
1171 2694
1172 11
1173 32
1174 11
1175 40
1176 208
1177 991
1178 994
1179 991
1180 743
1181 4373
1182 4480
1183 4480
1184 4712
1185 4480
1186 4481
1187 2240
1188 628
1189 2087
1190 993
1191 797
1192 127
1193 2955
1194 2814
1195 2955
1196 3147
1197 3553
1198 3553
1199 3147
1200 3147
1201 660
1202 445
1203 445
1204 66
1205 445
1206 4774
1207 445
1208 1156
1209 1185
1210 878
1211 703
1212 634
1213 673
1214 166
1215 2157
1216 166
1217 45
1218 2415
1219 2474
1220 45
1221 153
1222 3261
1223 166
1224 2450
1225 4194
1226 43
1227 1630
1228 4194
1229 43
1230 4224
1231 4226
1232 2788
1233 4224
1234 4389
1235 4389
1236 4013
1237 3916
1238 4013
1239 4013
1240 2089
1241 4031
1242 3993
1243 2691
1244 492
1245 531
1246 4390
1247 4390
1248 18
1249 288
1250 2216
1251 496
1252 70
1253 1890
1254 416
1255 70
1256 1892
1257 296
1258 52
1259 2727
1260 2032
1261 1590
1262 2032
1263 2162
1264 4326
1265 248
1266 21
1267 2032
1268 4326
1269 24
1270 666
1271 2051
1272 665
1273 702
1274 666
1275 3039
1276 469
1277 3580
1278 560
1279 469
1280 4556
1281 4556
1282 653
1283 3893
1284 1059
1285 4873
1286 4873
1287 4975
1288 676
1289 676
1290 676
1291 683
1292 675
1293 683
1294 684
1295 18
1296 675
1297 683
1298 2420
1299 34
1300 2420
1301 4488
1302 4488
1303 4488
1304 2511
1305 2511
1306 1982
1307 2511
1308 3035
1309 3377
1310 2325
1311 2511
1312 4890
1313 112
1314 53
1315 1851
1316 4890
1317 270
1318 270
1319 1049
1320 1049
1321 17
1322 4314
1323 4429
1324 665
1325 641
1326 1109
1327 1910
1328 427
1329 4168
1330 2483
1331 3556
1332 318
1333 75
1334 2264
1335 4295
1336 4295
1337 2159
1338 627
1339 1520
1340 3359
1341 654
1342 632
1343 654
1344 627
1345 626
1346 654
1347 716
1348 3498
1349 716
1350 3479
1351 196
1352 197
1353 196
1354 1219
1355 640
1356 631
1357 2396
1358 1831
1359 55
1360 2396
1361 2454
1362 1513
1363 3327
1364 3689
1365 1513
1366 3815
1367 3815
1368 3815
1369 3306
1370 697
1371 2160
1372 44
1373 3939
1374 3945
1375 3939
1376 3939
1377 1549
1378 1549
1379 1038
1380 1807
1381 3675
1382 2500
1383 92
1384 2697
1385 3675
1386 3675
1387 2500
1388 2186
1389 52
1390 3702
1391 14
1392 18
1393 550
1394 52
1395 2186
1396 4388
1397 4388
1398 4388
1399 58
1400 2563
1401 2563
1402 2563
1403 3412
1404 2563
1405 4882
1406 1107
1407 207
1408 692
1409 703
1410 299
1411 66
1412 967
1413 2316
1414 79
1415 299
1416 3568
1417 79
1418 66
1419 299
1420 1194
1421 3586
1422 779
1423 3851
1424 3851
1425 3851
1426 882
1427 884
1428 887
1429 640
1430 739
1431 4315
1432 2870
1433 2870
1434 3665
1435 3684
1436 3665
1437 1739
1438 4893
1439 1739
1440 1547
1441 1547
1442 1790
1443 972
1444 1395
1445 2270
1446 1925
1447 997
1448 21
1449 1934
1450 2161
1451 3976
1452 3981
1453 3976
1454 3981
1455 16
1456 1001
1457 1001
1458 35
1459 2935
1460 2935
1461 3463
1462 2822
1463 3003
1464 1615
1465 3032
1466 456
1467 675
1468 782
1469 630
1470 1353
1471 1353
1472 1537
1473 1352
1474 1358
1475 1357
1476 2589
1477 193
1478 981
1479 37
1480 3361
1481 36
1482 2589
1483 514
1484 193
1485 3361
1486 980
1487 193
1488 2589
1489 2589
1490 3625
1491 3632
1492 3625
1493 4739
1494 3629
1495 3628
1496 16
1497 65
1498 1108
1499 4854
1500 548
1501 4854
1502 1086
1503 3970
1504 3012
1505 1086
1506 4810
1507 3032
1508 3970
1509 1118
1510 1148
1511 1118
1512 4313
1513 1147
1514 29
1515 416
1516 2368
1517 4063
1518 3401
1519 4063
1520 3418
1521 3401
1522 2336
1523 41
1524 3658
1525 41
1526 4822
1527 4822
1528 478
1529 110
1530 148
1531 27
1532 4822
1533 4822
1534 4784
1535 4784
1536 4784
1537 3944
1538 3548
1539 760
1540 696
1541 914
1542 765
1543 696
1544 4089
1545 2754
1546 2751
1547 2524
1548 80
1549 159
1550 159
1551 68
1552 520
1553 1091
1554 1139
1555 1874
1556 51
1557 659
1558 626
1559 1091
1560 29
1561 22
1562 52
1563 743
1564 560
1565 749
1566 1139
1567 3878
1568 1806
1569 3878
1570 886
1571 8
1572 493
1573 1755
1574 1755
1575 1731
1576 2433
1577 3592
1578 199
1579 160
1580 4033
1581 199
1582 24
1583 160
1584 199
1585 2457
1586 199
1587 3025
1588 3025
1589 2253
1590 4154
1591 3025
1592 2159
1593 1013
1594 2160
1595 3505
1596 676
1597 1013
1598 1895
1599 1895
1600 1895
1601 39
1602 1895
1603 2416
1604 4390
1605 1169
1606 4390
1607 2151
1608 2151
1609 2027
1610 675
1611 636
1612 2222
1613 2222
1614 26
1615 26
1616 611
1617 1152
1618 1224
1619 1151
1620 1126
1621 787
1622 4598
1623 650
1624 663
1625 434
1626 650
1627 3626
1628 644
1629 3626
1630 34
1631 659
1632 3505
1633 6
1634 659
1635 575
1636 692
1637 645
1638 6
1639 1481
1640 645
1641 2828
1642 715
1643 2415
1644 715
1645 4165
1646 1544
1647 1349
1648 1433
1649 1349
1650 2476
1651 320
1652 39
1653 4777
1654 693
1655 320
1656 2939
1657 3125
1658 2939
1659 676
1660 3125
1661 2978
1662 2978
1663 4133
1664 3603
1665 2978
1666 3729
1667 3125
1668 1533
1669 636
1670 632
1671 4559
1672 4559
1673 1092
1674 3766
1675 4564
1676 4559
1677 4559
1678 4864
1679 4864
1680 435
1681 4864
1682 75
1683 549
1684 4465
1685 3535
1686 157
1687 1814
1688 446
1689 13
1690 78
1691 75
1692 592
1693 1626
1694 157
1695 592
1696 1638
1697 549
1698 1814
1699 336
1700 98
1701 336
1702 336
1703 350
1704 97
1705 351
1706 2190
1707 2050
1708 430
1709 2190
1710 3633
1711 231
1712 102
1713 430
1714 2190
1715 237
1716 1786
1717 4721
1718 2208
1719 2324
1720 237
1721 14
1722 2208
1723 1837
1724 1802
1725 50
1726 2269
1727 1848
1728 2328
1729 50
1730 3018
1731 3018
1732 3019
1733 3019
1734 2251
1735 48
1736 515
1737 4182
1738 3792
1739 38
1740 304
1741 1622
1742 1535
1743 2296
1744 4179
1745 1735
1746 2296
1747 1510
1748 551
1749 1735
1750 1510
1751 2296
1752 4015
1753 4015
1754 124
1755 56
1756 3398
1757 4015
1758 1120
1759 103
1760 1120
1761 1120
1762 1211
1763 1136
1764 1826
1765 992
1766 2922
1767 1165
1768 2922
1769 311
1770 4555
1771 537
1772 2647
1773 2922
1774 511
1775 2492
1776 1559
1777 2436
1778 59
1779 3573
1780 511
1781 4
1782 747
1783 4914
1784 747
1785 747
1786 657
1787 1213
1788 1753
1789 4414
1790 4914
1791 2839
1792 3125
1793 2839
1794 3125
1795 1571
1796 1571
1797 1571
1798 113
1799 4538
1800 3670
1801 4538
1802 4537
1803 9
1804 34
1805 2072
1806 2072
1807 609
1808 658
1809 513
1810 3422
1811 3360
1812 4421
1813 3361
1814 1125
1815 3974
1816 1125
1817 1445
1818 167
1819 492
1820 924
1821 3941
1822 924
1823 1137
1824 3559
1825 782
1826 2921
1827 3516
1828 2921
1829 123
1830 30
1831 199
1832 3690
1833 3743
1834 200
1835 3269
1836 28
1837 576
1838 199
1839 3717
1840 240
1841 3690
1842 203
1843 199
1844 3690
1845 3449
1846 2736
1847 3449
1848 1076
1849 3400
1850 74
1851 1076
1852 1076
1853 4307
1854 4307
1855 4307
1856 74
1857 510
1858 96
1859 3539
1860 3614
1861 3030
1862 3539
1863 3620
1864 3614
1865 386
1866 1008
1867 1008
1868 1008
1869 4695
1870 1008
1871 1008
1872 2654
1873 2649
1874 2654
1875 2652
1876 2169
1877 1629
1878 2637
1879 1629
1880 732
1881 657
1882 733
1883 1325
1884 660
1885 1034
1886 3506
1887 551
1888 658
1889 732
1890 1516
1891 4215
1892 1516
1893 426
1894 4788
1895 4788
1896 4788
1897 354
1898 2999
1899 2194
1900 85
1901 89
1902 127
1903 89
1904 1237
1905 860
1906 1091
1907 860
1908 63
1909 829
1910 523
1911 20
1912 58
1913 20
1914 4810
1915 709
1916 4852
1917 674
1918 1196
1919 709
1920 2181
1921 4343
1922 484
1923 2150
1924 1776
1925 4023
1926 2181
1927 2181
1928 2682
1929 2728
1930 2682
1931 2682
1932 2682
1933 2684
1934 2727
1935 4603
1936 89
1937 3522
1938 3516
1939 3516
1940 3426
1941 3643
1942 1079
1943 3643
1944 4213
1945 1541
1946 4213
1947 1879
1948 1759
1949 1879
1950 920
1951 690
1952 659
1953 4335
1954 2920
1955 3420
1956 386
1957 59
1958 467
1959 65
1960 3420
1961 263
1962 467
1963 1135
1964 1245
1965 1135
1966 4096
1967 86
1968 1135
1969 242
1970 45
1971 15
1972 2871
1973 2973
1974 184
1975 45
1976 455
1977 1460
1978 1460
1979 34
1980 3650
1981 969
1982 1154
1983 969
1984 969
1985 15
1986 113
1987 12
1988 764
1989 113
1990 969
1991 383
1992 383
1993 4544
1994 157
1995 4544
1996 4544
1997 157
1998 2443
1999 1726
2000 744
2001 545
2002 3545
2003 1753
2004 744
2005 1004
2006 3560
2007 3560
2008 3546
2009 3541
2010 4641
2011 813
2012 811
2013 813
2014 2705
2015 2310
2016 1907
2017 475
2018 2954
2019 2464
2020 2310
2021 21
2022 1907
2023 2670
2024 4687
2025 1577
2026 3043
2027 3654
2028 17
2029 510
2030 1985
2031 4100
2032 1985
2033 1985
2034 1986
2035 471
2036 518
2037 1892
2038 463
2039 471
2040 518
2041 2167
2042 98
2043 305
2044 4537
2045 2782
2046 2736
2047 2782
2048 2529
2049 2519
2050 2529
2051 2539
2052 2551
2053 4502
2054 4502
2055 123
2056 2678
2057 1615
2058 2384
2059 1615
2060 162
2061 192
2062 2129
2063 162
2064 192
2065 1472
2066 1283
2067 1848
2068 39
2069 1574
2070 1574
2071 3381
2072 428
2073 1110
2074 4139
2075 1101
2076 31
2077 26
2078 118
2079 4648
2080 1806
2081 1874
2082 3861
2083 4784
2084 3861
2085 3861
2086 1320
2087 1320
2088 295
2089 696
2090 1169
2091 643
2092 182
2093 789
2094 1110
2095 2911
2096 2911
2097 34
2098 2130
2099 2130
2100 4769
2101 2789
2102 2085
2103 4769
2104 3560
2105 74
2106 155
2107 4769
2108 4865
2109 202
2110 1658
2111 1658
2112 1658
2113 1658
2114 861
2115 860
2116 652
2117 628
2118 852
2119 4725
2120 1046
2121 4723
2122 1744
2123 94
2124 632
2125 3125
2126 1046
2127 191
2128 103
2129 1118
2130 10
2131 31
2132 10
2133 2907
2134 2818
2135 2909
2136 2915
2137 2907
2138 2908
2139 2907
2140 2818
2141 2907
2142 1945
2143 960
2144 25
2145 960
2146 2417
2147 934
2148 934
2149 2417
2150 3248
2151 3384
2152 3743
2153 3248
2154 3248
2155 944
2156 625
2157 702
2158 1212
2159 944
2160 625
2161 619
2162 55
2163 1755
2164 567
2165 1920
2166 1920
2167 1921
2168 1920
2169 4148
2170 4148
2171 418
2172 474
2173 465
2174 474
2175 418
2176 756
2177 865
2178 1002
2179 629
2180 865
2181 1078
2182 3411
2183 3409
2184 3409
2185 2336
2186 2758
2187 3271
2188 2335
2189 2758
2190 304
2191 4661
2192 2414
2193 1443
2194 140
2195 966
2196 1727
2197 3633
2198 1727
2199 1727
2200 1184
2201 1728
2202 619
2203 1280
2204 4374
2205 2300
2206 698
2207 3095
2208 651
2209 1782
2210 998
2211 4399
2212 2156
2213 173
2214 552
2215 4398
2216 3935
2217 1298
2218 3936
2219 3935
2220 195
2221 4792
2222 590
2223 3582
2224 3640
2225 4626
2226 4386
2227 1719
2228 1380
2229 1380
2230 1769
2231 12
2232 3542
2233 105
2234 105
2235 105
2236 3542
2237 3542
2238 2215
2239 1093
2240 255
2241 2215
2242 255
2243 2977
2244 2977
2245 3225
2246 1597
2247 3225
2248 1898
2249 52
2250 531
2251 3225
2252 1597
2253 1596
2254 1596
2255 2906
2256 2938
2257 581
2258 581
2259 4844
2260 4844
2261 4844
2262 307
2263 1550
2264 1617
2265 55
2266 307
2267 2757
2268 2757
2269 13
2270 2757
2271 2757
2272 2579
2273 2757
2274 2796
2275 2759
2276 2756
2277 4882
2278 4882
2279 664
2280 758
2281 696
2282 3669
2283 3669
2284 3669
2285 2530
2286 2530
2287 2532
2288 752
2289 2406
2290 29
2291 2586
2292 3047
2293 724
2294 2327
2295 16
2296 3047
2297 2373
2298 2373
2299 41
2300 636
2301 563
2302 4439
2303 3945
2304 4676
2305 122
2306 622
2307 636
2308 368
2309 368
2310 1166
2311 368
2312 560
2313 2303
2314 2341
2315 637
2316 3469
2317 3469
2318 3469
2319 3030
2320 3469
2321 3030
2322 1583
2323 507
2324 1583
2325 4535
2326 4535
2327 720
2328 490
2329 313
2330 4237
2331 490
2332 25
2333 313
2334 25
2335 569
2336 804
2337 3480
2338 804
2339 3491
2340 804
2341 633
2342 804
2343 3480
2344 653
2345 1114
2346 41
2347 30
2348 2749
2349 41
2350 2250
2351 1114
2352 212
2353 47
2354 167
2355 44
2356 502
2357 47
2358 44
2359 167
2360 170
2361 1607
2362 2125
2363 651
2364 708
2365 499
2366 708
2367 27
2368 477
2369 708
2370 708
2371 499
2372 147
2373 1271
2374 23
2375 4155
2376 23
2377 4011
2378 80
2379 1636
2380 118
2381 659
2382 4011
2383 2817
2384 4441
2385 202
2386 80
2387 1725
2388 1769
2389 574
2390 1009
2391 1725
2392 1725
2393 133
2394 27
2395 85
2396 1728
2397 12
2398 32
2399 522
2400 1130
2401 3668
2402 3668
2403 1131
2404 4803
2405 4905
2406 4570
2407 4646
2408 773
2409 1197
2410 773
2411 686
2412 959
2413 685
2414 687
2415 1163
2416 629
2417 629
2418 1163
2419 778
2420 947
2421 692
2422 2792
2423 2792
2424 2792
2425 2792
2426 4016
2427 4834
2428 2144
2429 451
2430 4012
2431 18
2432 2972
2433 635
2434 695
2435 698
2436 3741
2437 661
2438 661
2439 1231
2440 635
2441 2972
2442 4179
2443 3659
2444 4700
2445 4888
2446 4438
2447 4700
2448 828
2449 826
2450 1394
2451 828
2452 524
2453 3777
2454 828
2455 830
2456 826
2457 1412
2458 4178
2459 1412
2460 4179
2461 4675
2462 1412
2463 416
2464 2396
2465 80
2466 80
2467 2396
2468 3723
2469 3413
2470 450
2471 3701
2472 643
2473 658
2474 4668
2475 4668
2476 4468
2477 4468
2478 4468
2479 3595
2480 3189
2481 4590
2482 3189
2483 3447
2484 3446
2485 4736
2486 3447
2487 104
2488 4928
2489 4928
2490 4928
2491 3591
2492 3033
2493 2070
2494 1455
2495 487
2496 622
2497 4395
2498 487
2499 486
2500 529
2501 1188
2502 1188
2503 4295
2504 599
2505 4778
2506 4778
2507 1501
2508 1501
2509 1500
2510 735
2511 1501
2512 1501
2513 3719
2514 3719
2515 3548
2516 3719
2517 1403
2518 587
2519 1657
2520 4446
2521 4446
2522 4926
2523 4184
2524 3489
2525 4446
2526 4577
2527 4429
2528 71
2529 148
2530 4429
2531 3541
2532 3541
2533 3328
2534 3541
2535 3541
2536 2271
2537 2271
2538 919
2539 929
2540 919
2541 936
2542 1223
2543 4748
2544 19
2545 4748
2546 1209
2547 4074
2548 4074
2549 4074
2550 4449
2551 2649
2552 4473
2553 4472
2554 1675
2555 1675
2556 1675
2557 965
2558 666
2559 1168
2560 965
2561 965
2562 2185
2563 1929
2564 3998
2565 3998
2566 569
2567 1728
2568 1614
2569 1807
2570 1614
2571 99
2572 492
2573 1574
2574 99
2575 1820
2576 492
2577 1807
2578 3724
2579 3721
2580 3721
2581 4865
2582 591
2583 4865
2584 3150
2585 3150
2586 3108
2587 2518
2588 314
2589 225
2590 225
2591 4161
2592 2518
2593 314
2594 4161
2595 2164
2596 492
2597 2732
2598 2738
2599 2731
2600 2732
2601 2731
2602 2734
2603 2870
2604 1610
2605 1781
2606 332
2607 1610
2608 525
2609 568
2610 1610
2611 568
2612 53
2613 1808
2614 1781
2615 1610
2616 1355
2617 1537
2618 1879
2619 118
2620 1879
2621 434
2622 2350
2623 3615
2624 31
2625 4325
2626 3649
2627 3078
2628 31
2629 4325
2630 1107
2631 1101
2632 19
2633 3732
2634 632
2635 640
2636 4853
2637 3743
2638 643
2639 2473
2640 4210
2641 4923
2642 4210
2643 1002
2644 148
2645 3183
2646 3183
2647 194
2648 3183
2649 1003
2650 996
2651 3183
2652 3183
2653 3954
2654 4020
2655 3954
2656 1106
2657 3954
2658 3979
2659 4020
2660 3944
2661 438
2662 3897
2663 623
2664 3897
2665 170
2666 3897
2667 170
2668 1107
2669 2058
2670 849
2671 1107
2672 1024
2673 1132
2674 2058
2675 3740
2676 58
2677 477
2678 3003
2679 4143
2680 2751
2681 2803
2682 391
2683 504
2684 391
2685 4143
2686 2020
2687 2020
2688 4376
2689 2019
2690 4376
2691 2020
2692 2765
2693 2765
2694 2743
2695 2765
2696 1657
2697 1619
2698 1657
2699 1649
2700 3589
2701 3428
2702 2900
2703 44
2704 43
2705 472
2706 473
2707 2174
2708 2299
2709 162
2710 168
2711 162
2712 472
2713 472
2714 471
2715 3763
2716 3763
2717 1234
2718 1234
2719 1140
2720 519
2721 2365
2722 45
2723 506
2724 2374
2725 113
2726 3739
2727 3739
2728 1676
2729 1223
2730 558
2731 2021
2732 557
2733 1998
2734 1860
2735 477
2736 557
2737 544
2738 558
2739 3232
2740 477
2741 558
2742 557
2743 3042
2744 3042
2745 3632
2746 1088
2747 417
2748 4293
2749 538
2750 571
2751 538
2752 3900
2753 580
2754 1759
2755 2957
2756 4872
2757 2957
2758 2788
2759 31
2760 1615
2761 44
2762 34
2763 1615
2764 2957
2765 2957
2766 2677
2767 2707
2768 2679
2769 3251
2770 3251
2771 3032
2772 1540
2773 1540
2774 1540
2775 2584
2776 2615
2777 2635
2778 2635
2779 2584
2780 2584
2781 4119
2782 15
2783 2243
2784 4119
2785 4119
2786 4119
2787 7
2788 4922
2789 113
2790 4244
2791 4119
2792 838
2793 32
2794 155
2795 2465
2796 2465
2797 2464
2798 599
2799 2198
2800 4276
2801 4277
2802 1543
2803 1740
2804 67
2805 48
2806 1335
2807 98
2808 1543
2809 1335
2810 213
2811 1740
2812 2411
2813 2472
2814 98
2815 4165
2816 2684
2817 4269
2818 4269
2819 1524
2820 1524
2821 52
2822 50
2823 110
2824 110
2825 1410
2826 1410
2827 1410
2828 189
2829 655
2830 684
2831 655
2832 697
2833 1297
2834 1297
2835 1296
2836 1297
2837 1297
2838 1834
2839 102
2840 3598
2841 3172
2842 3331
2843 3603
2844 270
2845 935
2846 767
2847 627
2848 1056
2849 780
2850 2438
2851 20
2852 2459
2853 489
2854 4201
2855 3697
2856 3518
2857 1123
2858 27
2859 2905
2860 637
2861 765
2862 2905
2863 4308
2864 644
2865 643
2866 628
2867 637
2868 4770
2869 2291
2870 51
2871 4770
2872 51
2873 2291
2874 2284
2875 2284
2876 2284
2877 4749
2878 1580
2879 4750
2880 914
2881 4600
2882 4750
2883 4750
2884 33
2885 700
2886 914
2887 4715
2888 3032
2889 4714
2890 376
2891 79
2892 52
2893 53
2894 79
2895 53
2896 359
2897 131
2898 178
2899 495
2900 3729
2901 70
2902 16
2903 3893
2904 4502
2905 4499
2906 4322
2907 885
2908 3369
2909 1646
2910 54
2911 1521
2912 1511
2913 2846
2914 2846
2915 2851
2916 668
2917 668
2918 871
2919 871
2920 779
2921 894
2922 211
2923 4034
2924 4034
2925 4038
2926 4038
2927 69
2928 2996
2929 3000
2930 2999
2931 4313
2932 4313
2933 4249
2934 2421
2935 556
2936 306
2937 2777
2938 622
2939 2777
2940 207
2941 2577
2942 3029
2943 2777
2944 2736
2945 2669
2946 4889
2947 16
2948 640
2949 663
2950 635
2951 1857
2952 1857
2953 1294
2954 1294
2955 1294
2956 2101
2957 3520
2958 3532
2959 2937
2960 633
2961 3742
2962 648
2963 627
2964 4063
2965 648
2966 654
2967 93
2968 2210
2969 269
2970 27
2971 591
2972 2210
2973 2326
2974 216
2975 19
2976 522
2977 2989
2978 2989
2979 175
2980 2715
2981 175
2982 3510
2983 2678
2984 3709
2985 3516
2986 4051
2987 4624
2988 32
2989 2085
2990 1752
2991 80
2992 1730
2993 3090
2994 3271
2995 4377
2996 4378
2997 3730
2998 651
2999 655
3000 693
3001 650
3002 3438
3003 3438
3004 4861
3005 3575
3006 4861
3007 641
3008 2230
3009 4926
3010 4429
3011 885
3012 29
3013 968
3014 968
3015 968
3016 2278
3017 2688
3018 2688
3019 2688
3020 51
3021 161
3022 206
3023 51
3024 160
3025 959
3026 1015
3027 1022
3028 1781
3029 961
3030 959
3031 959
3032 1781
3033 1190
3034 1022
3035 959
3036 959
3037 961
3038 959
3039 991
3040 325
3041 959
3042 1682
3043 784
3044 789
3045 784
3046 3221
3047 4194
3048 183
3049 4133
3050 183
3051 3221
3052 3241
3053 2357
3054 1254
3055 4712
3056 2177
3057 3278
3058 4164
3059 115
3060 1254
3061 2422
3062 2256
3063 2256
3064 844
3065 727
3066 2356
3067 4229
3068 181
3069 181
3070 2635
3071 2618
3072 2618
3073 3600
3074 2999
3075 3867
3076 1795
3077 3880
3078 3867
3079 3867
3080 3867
3081 221
3082 221
3083 1184
3084 47
3085 632
3086 221
3087 4600
3088 414
3089 17
3090 2943
3091 573
3092 1793
3093 2943
3094 4212
3095 4134
3096 657
3097 3719
3098 301
3099 19
3100 69
3101 1756
3102 2942
3103 4472
3104 39
3105 218
3106 611
3107 4472
3108 719
3109 1787
3110 97
3111 719
3112 461
3113 2289
3114 2306
3115 2289
3116 2289
3117 629
3118 3385
3119 3385
3120 3385
3121 3385
3122 216
3123 1172
3124 46
3125 282
3126 4284
3127 4453
3128 214
3129 46
3130 619
3131 4677
3132 1634
3133 1172
3134 1371
3135 1746
3136 1371
3137 1371
3138 470
3139 3914
3140 3914
3141 3914
3142 2319
3143 3914
3144 1759
3145 4399
3146 4399
3147 1813
3148 1693
3149 4399
3150 4399
3151 4857
3152 2555
3153 2559
3154 3086
3155 3086
3156 64
3157 4010
3158 4010
3159 113
3160 450
3161 4010
3162 522
3163 4765
3164 3660
3165 3745
3166 1847
3167 3749
3168 3224
3169 3224
3170 208
3171 208
3172 674
3173 2491
3174 4232
3175 3164
3176 627
3177 674
3178 1531
3179 2113
3180 1540
3181 2046
3182 2379
3183 1531
3184 4566
3185 4565
3186 4565
3187 4566
3188 4566
3189 4565
3190 3905
3191 3905
3192 644
3193 4424
3194 2114
3195 342
3196 4424
3197 4593
3198 4593
3199 184
3200 3448
3201 24
3202 663
3203 3119
3204 3119
3205 318
3206 3595
3207 4577
3208 318
3209 3119
3210 3938
3211 3938
3212 67
3213 294
3214 4911
3215 3809
3216 387
3217 1120
3218 375
3219 93
3220 387
3221 2335
3222 375
3223 387
3224 2755
3225 2755
3226 572
3227 1098
3228 27
3229 1870
3230 3772
3231 3107
3232 1098
3233 3286
3234 518
3235 3286
3236 3286
3237 3136
3238 4223
3239 4231
3240 4223
3241 1941
3242 579
3243 504
3244 2440
3245 43
3246 2375
3247 43
3248 2375
3249 504
3250 826
3251 820
3252 1561
3253 1752
3254 826
3255 2453
3256 637
3257 3078
3258 1994
3259 2453
3260 2453
3261 4541
3262 4541
3263 4541
3264 4541
3265 4533
3266 4541
3267 2365
3268 1138
3269 3989
3270 3496
3271 1138
3272 427
3273 2234
3274 426
3275 1896
3276 1896
3277 375
3278 3519
3279 3571
3280 3520
3281 3519
3282 3519
3283 676
3284 28
3285 678
3286 2778
3287 1864
3288 543
3289 88
3290 2375
3291 2417
3292 2969
3293 56
3294 2969
3295 729
3296 10
3297 2881
3298 97
3299 10
3300 4159
3301 97
3302 3671
3303 640
3304 2736
3305 4347
3306 4236
3307 621
3308 4347
3309 1835
3310 503
3311 1835
3312 1844
3313 1782
3314 191
3315 191
3316 564
3317 2193
3318 2193
3319 2266
3320 564
3321 81
3322 614
3323 173
3324 2266
3325 564
3326 2193
3327 3756
3328 1074
3329 4547
3330 558
3331 3756
3332 805
3333 1826
3334 805
3335 1818
3336 310
3337 3551
3338 1962
3339 797
3340 20
3341 61
3342 363
3343 1962
3344 797
3345 1643
3346 1643
3347 1643
3348 4553
3349 542
3350 1643
3351 2227
3352 2252
3353 2227
3354 2227
3355 2695
3356 2252
3357 2378
3358 4666
3359 2378
3360 2378
3361 878
3362 2058
3363 890
3364 1705
3365 630
3366 630
3367 2058
3368 3311
3369 2331
3370 163
3371 69
3372 4947
3373 441
3374 1610
3375 3087
3376 1176
3377 1363
3378 1176
3379 1683
3380 650
3381 4030
3382 701
3383 1683
3384 637
3385 667
3386 650
3387 1710
3388 1710
3389 4345
3390 4345
3391 900
3392 1126
3393 926
3394 215
3395 56
3396 903
3397 466
3398 900
3399 4517
3400 4514
3401 4513
3402 1091
3403 2406
3404 633
3405 2867
3406 2867
3407 2869
3408 2780
3409 3406
3410 45
3411 3624
3412 821
3413 821
3414 3265
3415 3265
3416 3265
3417 407
3418 3271
3419 3265
3420 3879
3421 3879
3422 609
3423 300
3424 1104
3425 1104
3426 2465
3427 67
3428 2033
3429 2475
3430 2033
3431 4865
3432 607
3433 1882
3434 66
3435 2158
3436 607
3437 1200
3438 1882
3439 262
3440 173
3441 173
3442 3958
3443 644
3444 1166
3445 1839
3446 1639
3447 64
3448 4466
3449 748
3450 118
3451 748
3452 208
3453 118
3454 1109
3455 1135
3456 2360
3457 4301
3458 462
3459 20
3460 4196
3461 1514
3462 2199
3463 1305
3464 2951
3465 1068
3466 2951
3467 2449
3468 2317
3469 2586
3470 2583
3471 2584
3472 2585
3473 4785
3474 1659
3475 4437
3476 4785
3477 4784
3478 327
3479 48
3480 3335
3481 327
3482 523
3483 624
3484 266
3485 2493
3486 4830
3487 1051
3488 2698
3489 2698
3490 594
3491 996
3492 2051
3493 3333
3494 2365
3495 2365
3496 2166
3497 2379
3498 3683
3499 2727
3500 3369
3501 628
3502 4032
3503 89
3504 2294
3505 664
3506 2294
3507 3081
3508 2271
3509 2088
3510 2442
3511 2088
3512 4130
3513 4130
3514 589
3515 1711
3516 1072
3517 1801
3518 35
3519 1801
3520 2665
3521 3887
3522 2665
3523 2664
3524 2381
3525 2665
3526 3673
3527 2732
3528 4864
3529 26
3530 4864
3531 962
3532 382
3533 962
3534 962
3535 962
3536 382
3537 962
3538 3238
3539 3441
3540 3610
3541 3238
3542 3238
3543 3238
3544 3240
3545 3441
3546 1349
3547 3152
3548 3240
3549 1415
3550 1415
3551 1415
3552 1415
3553 1415
3554 3331
3555 1416
3556 2915
3557 2915
3558 2915
3559 141
3560 4753
3561 644
3562 3640
3563 3253
3564 3253
3565 3253
3566 3253
3567 3251
3568 1053
3569 1140
3570 2215
3571 2255
3572 2336
3573 1404
3574 2787
3575 1080
3576 1518
3577 1518
3578 1518
3579 4061
3580 4061
3581 3753
3582 4061
3583 4061
3584 1957
3585 4075
3586 1957
3587 573
3588 3829
3589 4821
3590 3886
3591 2301
3592 2301
3593 1265
3594 1523
3595 1580
3596 4204
3597 1602
3598 1780
3599 1804
3600 1602
3601 1778
3602 1804
3603 3478
3604 2850
3605 767
3606 3478
3607 4457
3608 4457
3609 4504
3610 1106
3611 1106
3612 1106
3613 1392
3614 3233
3615 1065
3616 2382
3617 3548
3618 1392
3619 1065
3620 4088
3621 4088
3622 658
3623 164
3624 1083
3625 4651
3626 4054
3627 1063
3628 901
3629 3015
3630 2938
3631 2938
3632 1836
3633 484
3634 439
3635 1823
3636 1823
3637 1823
3638 1669
3639 360
3640 616
3641 1669
3642 360
3643 3751
3644 3751
3645 732
3646 733
3647 1376
3648 1376
3649 2164
3650 4937
3651 2938
3652 2815
3653 2938
3654 2815
3655 2660
3656 2660
3657 302
3658 4591
3659 37
3660 1137
3661 302
3662 4591
3663 4130
3664 49
3665 3501
3666 82
3667 929
3668 48
3669 82
3670 515
3671 4146
3672 4146
3673 4146
3674 4072
3675 4129
3676 2643
3677 4079
3678 3866
3679 4072
3680 3070
3681 4330
3682 1183
3683 3070
3684 1469
3685 4272
3686 113
3687 1954
3688 2267
3689 1954
3690 2267
3691 1954
3692 4080
3693 20
3694 4720
3695 74
3696 23
3697 4720
3698 2033
3699 1674
3700 2033
3701 2033
3702 75
3703 2393
3704 4446
3705 48
3706 2463
3707 290
3708 4446
3709 4386
3710 128
3711 4776
3712 4386
3713 4386
3714 3965
3715 163
3716 3965
3717 4863
3718 4863
3719 52
3720 477
3721 1811
3722 3232
3723 3148
3724 3232
3725 3232
3726 3919
3727 3919
3728 2634
3729 2630
3730 2634
3731 2630
3732 136
3733 136
3734 169
3735 555
3736 1851
3737 1851
3738 505
3739 1736
3740 504
3741 498
3742 13
3743 1736
3744 502
3745 504
3746 555
3747 2409
3748 1160
3749 4853
3750 1154
3751 73
3752 930
3753 3438
3754 681
3755 921
3756 1227
3757 3438
3758 4213
3759 2754
3760 55
3761 3609
3762 3308
3763 3511
3764 3511
3765 3511
3766 4568
3767 4568
3768 206
3769 3575
3770 3586
3771 3575
3772 1970
3773 1970
3774 1970
3775 796
3776 792
3777 801
3778 796
3779 1046
3780 792
3781 3935
3782 348
3783 3935
3784 4567
3785 4567
3786 4569
3787 1174
3788 1174
3789 1088
3790 695
3791 2244
3792 907
3793 639
3794 3019
3795 3020
3796 3019
3797 2693
3798 3020
3799 3019
3800 94
3801 498
3802 1868
3803 3494
3804 306
3805 310
3806 50
3807 2814
3808 50
3809 194
3810 4154
3811 498
3812 29
3813 1508
3814 1508
3815 1362
3816 4612
3817 1362
3818 4324
3819 2318
3820 2045
3821 2318
3822 22
3823 2108
3824 2045
3825 255
3826 1793
3827 439
3828 2403
3829 1745
3830 1793
3831 2482
3832 1143
3833 3674
3834 11
3835 4271
3836 2276
3837 96
3838 26
3839 4763
3840 114
3841 2410
3842 2410
3843 2961
3844 742
3845 2961
3846 3495
3847 661
3848 863
3849 702
3850 863
3851 1827
3852 933
3853 898
3854 863
3855 933
3856 4593
3857 4634
3858 4593
3859 724
3860 786
3861 3855
3862 724
3863 3457
3864 4622
3865 4621
3866 4621
3867 4622
3868 4868
3869 11
3870 11
3871 4868
3872 982
3873 1770
3874 1608
3875 982
3876 982
3877 1326
3878 405
3879 1579
3880 2165
3881 569
3882 2399
3883 4367
3884 1842
3885 83
3886 509
3887 2419
3888 2419
3889 2419
3890 434
3891 2505
3892 2505
3893 2505
3894 2519
3895 2505
3896 4078
3897 1641
3898 4081
3899 999
3900 1791
3901 3974
3902 4092
3903 97
3904 1010
3905 160
3906 517
3907 160
3908 172
3909 97
3910 4347
3911 1568
3912 33
3913 4256
3914 1025
3915 2674
3916 4256
3917 4127
3918 1099
3919 4616
3920 1099
3921 719
3922 719
3923 719
3924 4121
3925 4196
3926 4185
3927 4196
3928 4121
3929 3212
3930 2157
3931 112
3932 3593
3933 3040
3934 1179
3935 3593
3936 1306
3937 2116
3938 1716
3939 4179
3940 4159
3941 1306
3942 1306
3943 1155
3944 4860
3945 3940
3946 178
3947 3233
3948 1007
3949 2464
3950 178
3951 2733
3952 2699
3953 1019
3954 1019
3955 1019
3956 352
3957 1764
3958 1316
3959 3214
3960 3250
3961 4593
3962 3214
3963 3214
3964 185
3965 833
3966 185
3967 3216
3968 3216
3969 143
3970 529
3971 11
3972 11
3973 162
3974 3574
3975 159
3976 129
3977 3574
3978 456
3979 546
3980 159
3981 254
3982 3090
3983 3336
3984 3336
3985 3882
3986 3882
3987 1198
3988 3881
3989 3882
3990 1874
3991 534
3992 3113
3993 3113
3994 2108
3995 2112
3996 2112
3997 2112
3998 444
3999 2112
4000 72
4001 1591
4002 4031
4003 4031
4004 1591
4005 4952
4006 4952
4007 780
4008 1507
4009 1507
4010 1323
4011 1510
4012 1505
4013 1124
4014 237
4015 4843
4016 667
4017 1124
4018 650
4019 597
4020 2756
4021 667
4022 1124
4023 2107
4024 1122
4025 1122
4026 4271
4027 4271
4028 3090
4029 4362
4030 2316
4031 158
4032 3089
4033 158
4034 916
4035 4314
4036 3042
4037 401
4038 311
4039 401
4040 4314
4041 4314
4042 4314
4043 311
4044 350
4045 4063
4046 350
4047 350
4048 57
4049 57
4050 4063
4051 3347
4052 1284
4053 1168
4054 666
4055 1317
4056 4115
4057 667
4058 847
4059 872
4060 936
4061 463
4062 873
4063 872
4064 769
4065 769
4066 1414
4067 4123
4068 1041
4069 1041
4070 4123
4071 4123
4072 4281
4073 2475
4074 4281
4075 4875
4076 313
4077 1735
4078 313
4079 3720
4080 1067
4081 625
4082 625
4083 1708
4084 1110
4085 1684
4086 1684
4087 1683
4088 2224
4089 3689
4090 4609
4091 656
4092 654
4093 637
4094 4757
4095 4549
4096 4054
4097 4057
4098 127
4099 4137
4100 3652
4101 2940
4102 2940
4103 2171
4104 2171
4105 4345
4106 2289
4107 1843
4108 2501
4109 2501
4110 2501
4111 1305
4112 1305
4113 485
4114 2886
4115 1051
4116 1051
4117 2460
4118 510
4119 4202
4120 1267
4121 3531
4122 4202
4123 4940
4124 3670
4125 4531
4126 4531
4127 3031
4128 597
4129 1676
4130 1661
4131 1679
4132 1648
4133 2405
4134 487
4135 755
4136 455
4137 755
4138 32
4139 4629
4140 710
4141 658
4142 1763
4143 709
4144 710
4145 634
4146 699
4147 4332
4148 4949
4149 4949
4150 4696
4151 3974
4152 3974
4153 1161
4154 2133
4155 1161
4156 1374
4157 3955
4158 1374
4159 1011
4160 1374
4161 212
4162 1041
4163 1043
4164 2118
4165 1245
4166 28
4167 212
4168 1041
4169 1841
4170 212
4171 212
4172 3825
4173 1780
4174 3809
4175 2322
4176 3825
4177 3825
4178 444
4179 3825
4180 3505
4181 2968
4182 44
4183 61
4184 1369
4185 693
4186 4114
4187 1913
4188 1369
4189 1369
4190 1369
4191 693
4192 1723
4193 1001
4194 4011
4195 15
4196 621
4197 1723
4198 1000
4199 3715
4200 60
4201 1521
4202 3715
4203 60
4204 780
4205 679
4206 778
4207 962
4208 1633
4209 679
4210 3473
4211 3101
4212 3101
4213 533
4214 4715
4215 1284
4216 520
4217 4715
4218 1463
4219 1463
4220 1463
4221 354
4222 824
4223 3232
4224 824
4225 1841
4226 824
4227 4674
4228 1264
4229 2270
4230 1264
4231 2269
4232 4232
4233 4232
4234 1240
4235 2358
4236 4091
4237 670
4238 4091
4239 4280
4240 2148
4241 2148
4242 400
4243 400
4244 3051
4245 400
4246 1682
4247 644
4248 3380
4249 3380
4250 211
4251 470
4252 360
4253 14
4254 470
4255 530
4256 229
4257 12
4258 211
4259 59
4260 470
4261 530
4262 211
4263 618
4264 375
4265 4192
4266 530
4267 568
4268 609
4269 360
4270 619
4271 4649
4272 211
4273 1673
4274 1673
4275 180
4276 166
4277 166
4278 1086
4279 1087
4280 1056
4281 770
4282 1704
4283 2602
4284 4780
4285 1377
4286 740
4287 84
4288 4939
4289 692
4290 4937
4291 4156
4292 480
4293 736
4294 480
4295 676
4296 545
4297 545
4298 1335
4299 80
4300 4196
4301 1336
4302 1921
4303 3195
4304 2449
4305 1538
4306 1921
4307 245
4308 252
4309 47
4310 1823
4311 2817
4312 47
4313 1823
4314 4599
4315 4599
4316 4599
4317 1359
4318 1359
4319 1364
4320 1359
4321 4286
4322 2859
4323 4164
4324 4545
4325 4545
4326 139
4327 624
4328 11
4329 81
4330 1076
4331 3387
4332 3619
4333 3387
4334 3387
4335 3387
4336 3639
4337 3639
4338 3639
4339 928
4340 928
4341 666
4342 928
4343 1031
4344 1031
4345 1031
4346 2158
4347 541
4348 623
4349 1031
4350 1031
4351 1031
4352 3295
4353 1757
4354 59
4355 4788
4356 623
4357 465
4358 318
4359 1361
4360 4736
4361 48
4362 318
4363 465
4364 2942
4365 2942
4366 20
4367 612
4368 1576
4369 2104
4370 2367
4371 2104
4372 2104
4373 4351
4374 462
4375 4165
4376 2817
4377 2334
4378 44
4379 36
4380 479
4381 462
4382 4326
4383 2086
4384 2086
4385 2086
4386 3860
4387 2423
4388 3860
4389 3860
4390 3860
4391 1416
4392 1416
4393 4603
4394 4603
4395 3628
4396 3614
4397 3628
4398 3010
4399 3695
4400 1960
4401 608
4402 3695
4403 3370
4404 3370
4405 1779
4406 1534
4407 2883
4408 95
4409 2342
4410 2342
4411 1901
4412 1901
4413 2658
4414 2580
4415 2658
4416 3005
4417 2583
4418 3005
4419 2073
4420 2073
4421 529
4422 4088
4423 4088
4424 1776
4425 4088
4426 4088
4427 717
4428 717
4429 3676
4430 717
4431 878
4432 4888
4433 494
4434 4888
4435 105
4436 2463
4437 105
4438 3641
4439 1836
4440 1836
4441 4933
4442 3895
4443 1836
4444 3733
4445 1625
4446 598
4447 1402
4448 1625
4449 536
4450 3106
4451 3466
4452 2969
4453 3109
4454 2415
4455 3606
4456 109
4457 4860
4458 108
4459 3606
4460 485
4461 484
4462 161
4463 4352
4464 307
4465 179
4466 179
4467 307
4468 4352
4469 4352
4470 1592
4471 226
4472 481
4473 1295
4474 481
4475 158
4476 158
4477 252
4478 481
4479 981
4480 2236
4481 981
4482 1695
4483 4482
4484 228
4485 575
4486 4482
4487 981
4488 1695
4489 2236
4490 2304
4491 2304
4492 2304
4493 2304
4494 103
4495 597
4496 1019
4497 1577
4498 973
4499 1019
4500 108
4501 1020
4502 2446
4503 1019
4504 1025
4505 1575
4506 1636
4507 473
4508 4459
4509 912
4510 4459
4511 1568
4512 4791
4513 1568
4514 3922
4515 3922
4516 3922
4517 222
4518 1973
4519 2690
4520 3922
4521 4229
4522 623
4523 4229
4524 4231
4525 3176
4526 2050
4527 4750
4528 3164
4529 131
4530 2050
4531 2491
4532 2050
4533 2320
4534 2320
4535 426
4536 797
4537 588
4538 3916
4539 523
4540 588
4541 1811
4542 17
4543 171
4544 588
4545 4581
4546 627
4547 818
4548 672
4549 1150
4550 3044
4551 4051
4552 4287
4553 1054
4554 500
4555 2801
4556 1529
4557 2801
4558 2404
4559 585
4560 2805
4561 1529
4562 2608
4563 2647
4564 2608
4565 2608
4566 375
4567 3894
4568 3894
4569 1759
4570 458
4571 4489
4572 1759
4573 4390
4574 1061
4575 4928
4576 92
4577 19
4578 1097
4579 4055
4580 4059
4581 1069
4582 37
4583 1097
4584 4525
4585 4316
4586 3273
4587 3273
4588 2378
4589 395
4590 395
4591 744
4592 744
4593 1803
4594 627
4595 1186
4596 669
4597 1141
4598 826
4599 309
4600 375
4601 2289
4602 787
4603 4584
4604 1168
4605 4411
4606 3650
4607 3650
4608 2289
4609 787
4610 3650
4611 1099
4612 48
4613 48
4614 4661
4615 19
4616 4661
4617 4661
4618 857
4619 4478
4620 2427
4621 251
4622 613
4623 4892
4624 758
4625 750
4626 758
4627 630
4628 2197
4629 2765
4630 2765
4631 2454
4632 2454
4633 2454
4634 2079
4635 2079
4636 2116
4637 853
4638 2174
4639 2420
4640 1978
4641 1978
4642 1978
4643 904
4644 91
4645 914
4646 1691
4647 1288
4648 1691
4649 33
4650 1288
4651 1288
4652 1351
4653 1351
4654 1351
4655 4683
4656 182
4657 2371
4658 4719
4659 532
4660 1351
4661 182
4662 532
4663 1356
4664 2078
4665 2078
4666 1124
4667 1024
4668 899
4669 4321
4670 1024
4671 1016
4672 1147
4673 151
4674 899
4675 3276
4676 1495
4677 105
4678 667
4679 1495
4680 1955
4681 1056
4682 1546
4683 4705
4684 1955
4685 664
4686 690
4687 657
4688 1763
4689 2043
4690 4501
4691 2043
4692 2043
4693 2199
4694 2199
4695 496
4696 526
4697 4501
4698 2043
4699 3346
4700 325
4701 3346
4702 325
4703 620
4704 56
4705 24
4706 2156
4707 896
4708 3158
4709 896
4710 896
4711 4312
4712 4572
4713 2852
4714 2852
4715 2852
4716 3116
4717 3486
4718 3486
4719 1033
4720 953
4721 1033
4722 1561
4723 1561
4724 4288
4725 4288
4726 2473
4727 4290
4728 809
4729 495
4730 3185
4731 3185
4732 4245
4733 4245
4734 312
4735 2221
4736 1509
4737 2784
4738 2784
4739 2577
4740 1924
4741 1924
4742 3801
4743 3801
4744 3801
4745 3801
4746 2374
4747 1155
4748 404
4749 404
4750 404
4751 404
4752 18
4753 408
4754 404
4755 404
4756 2343
4757 219
4758 4175
4759 2071
4760 2907
4761 1404
4762 1358
4763 2889
4764 2881
4765 2906
4766 2906
4767 4789
4768 3951
4769 3955
4770 2153
4771 3951
4772 3955
4773 1225
4774 629
4775 11
4776 1225
4777 2069
4778 679
4779 2069
4780 679
4781 536
4782 508
4783 660
4784 2164
4785 2780
4786 2164
4787 3903
4788 492
4789 2164
4790 2120
4791 2394
4792 2122
4793 2121
4794 2122
4795 2120
4796 2120
4797 2015
4798 2015
4799 2015
4800 1395
4801 2015
4802 4318
4803 4318
4804 700
4805 677
4806 3022
4807 3022
4808 3022
4809 3102
4810 1160
4811 1160
4812 1683
4813 1683
4814 308
4815 3534
4816 2969
4817 4669
4818 4669
4819 4577
4820 4182
4821 4182
4822 4182
4823 1798
4824 4182
4825 2067
4826 2375
4827 2067
4828 3807
4829 3807
4830 3545
4831 3807
4832 3807
4833 3807
4834 1742
4835 1742
4836 1905
4837 1440
4838 3603
4839 1745
4840 4879
4841 4879
4842 3902
4843 81
4844 4117
4845 3367
4846 782
4847 2280
4848 684
4849 4331
4850 4331
4851 4331
4852 220
4853 47
4854 1315
4855 1055
4856 3233
4857 3233
4858 24
4859 296
4860 793
4861 793
4862 3713
4863 109
4864 1064
4865 109
4866 3713
4867 3713
4868 2286
4869 2288
4870 2286
4871 916
4872 546
4873 4059
4874 4059
4875 394
4876 4384
4877 2453
4878 4574
4879 4384
4880 597
4881 4384
4882 3193
4883 3193
4884 1165
4885 1165
4886 3268
4887 2531
4888 2531
4889 2531
4890 2539
4891 2532
4892 1433
4893 1433
4894 61
4895 1362
4896 96
4897 119
4898 466
4899 4833
4900 3721
4901 3436
4902 3721
4903 1873
4904 269
4905 3425
4906 4645
4907 4670
4908 4645
4909 296
4910 496
4911 2009
4912 496
4913 3436
4914 1914
4915 2659
4916 2659
4917 891
4918 3710
4919 2435
4920 892
4921 163
4922 524
4923 1365
4924 555
4925 2366
4926 506
4927 1367
4928 506
4929 1812
4930 2364
4931 83
4932 1664
4933 4155
4934 555
4935 1513
4936 3655
4937 847
4938 4288
4939 925
4940 3030
4941 1250
4942 2304
4943 479
4944 1751
4945 4851
4946 2302
4947 1736
4948 479
4949 4851
4950 2302
4951 2797
4952 2797
4953 3484
4954 3484
4955 1694
4956 3484
4957 3484
4958 125
4959 2329
4960 124
4961 125
4962 4615
4963 4669
4964 4615
4965 4615
4966 4615
4967 2250
4968 502
4969 502
4970 4429
4971 1189
4972 2165
4973 2714
4974 2714
4975 1777
4976 3628
4977 3628
4978 369
4979 369
4980 369
4981 3119
4982 778
4983 3119
4984 562
4985 4257
4986 41
4987 4584
4988 2071
4989 41
4990 3606
4991 934
4992 3417
4993 4308
4994 1886
4995 1886
4996 1077
4997 1886
4998 1887
4999 458
5000 309
5001 1748
5002 1798
5003 927
5004 927
5005 927
5006 4830
5007 4559
5008 533
5009 1176
5010 1176
5011 2142
5012 2144
5013 23
5014 126
5015 459
5016 436
5017 176
5018 52
5019 436
5020 459
5021 453
5022 4360
5023 3813
5024 547
5025 3813
5026 3813
5027 389
5028 533
5029 389
5030 533
5031 3066
5032 4694
5033 458
5034 510
5035 4694
5036 4694
5037 27
5038 458
5039 2388
5040 2371
5041 29
5042 1794
5043 122
5044 4207
5045 4207
5046 743
5047 4564
5048 2333
5049 2337
5050 3266
5051 3266
5052 3266
5053 2671
5054 4428
5055 4570
5056 4561
5057 2386
5058 4561
5059 3453
5060 3453
5061 216
5062 938
5063 64
5064 4288
5065 4252
5066 2241
5067 4252
5068 1707
5069 2440
5070 2241
5071 2440
5072 2576
5073 2526
5074 2526
5075 2559
5076 290
5077 2526
5078 3376
5079 3376
5080 3376
5081 3376
5082 2388
5083 1250
5084 59
5085 560
5086 1251
5087 1605
5088 655
5089 630
5090 1108
5091 22
5092 528
5093 584
5094 528
5095 456
5096 548
5097 562
5098 584
5099 477
5100 22
5101 4135
5102 935
5103 4135
5104 4136
5105 4135
5106 3777
5107 320
5108 3903
5109 3777
5110 2103
5111 320
5112 722
5113 3777
5114 579
5115 178
5116 1188
5117 3728
5118 4283
5119 81
5120 14
5121 81
5122 1579
5123 4380
5124 2164
5125 3384
5126 3388
5127 3388
5128 3391
5129 3457
5130 3384
5131 3384
5132 1442
5133 502
5134 1755
5135 2275
5136 68
5137 470
5138 2962
5139 2961
5140 251
5141 653
5142 628
5143 4335
5144 2407
5145 2420
5146 930
5147 1816
5148 628
5149 4435
5150 4385
5151 2124
5152 4385
5153 3785
5154 3785
5155 1374
5156 3785
5157 827
5158 3697
5159 2464
5160 1295
5161 1295
5162 407
5163 3332
5164 24
5165 113
5166 254
5167 1180
5168 254
5169 2171
5170 241
5171 3163
5172 3162
5173 3238
5174 3696
5175 4851
5176 3163
5177 3163
5178 1069
5179 4879
5180 652
5181 701
5182 866
5183 866
5184 876
5185 866
5186 3490
5187 3490
5188 3490
5189 3490
5190 4673
5191 3488
5192 3490
5193 3478
5194 4364
5195 3478
5196 1873
5197 3479
5198 3459
5199 3624
5200 3459
5201 3221
5202 3459
5203 730
5204 730
5205 730
5206 665
5207 694
5208 4771
5209 1668
5210 2545
5211 2545
5212 2577
5213 2545
5214 3466
5215 3466
5216 1152
5217 355
5218 355
5219 4043
5220 3880
5221 4823
5222 4816
5223 2029
5224 4816
5225 3973
5226 3973
5227 2547
5228 2547
5229 2546
5230 4009
5231 4009
5232 4065
5233 4065
5234 4065
5235 4065
5236 516
5237 4065
5238 2559
5239 2559
5240 2573
5241 2574
5242 2574
5243 4578
5244 4507
5245 4578
5246 4576
5247 1869
5248 2469
5249 1869
5250 319
5251 4482
5252 4482
5253 1263
5254 1263
5255 464
5256 366
5257 366
5258 220
5259 220
5260 3221
5261 220
5262 220
5263 620
5264 495
5265 3050
5266 3050
5267 1738
5268 1738
5269 65
5270 107
5271 4269
5272 3229
5273 3250
5274 4414
5275 3081
5276 22
5277 3868
5278 3868
5279 3868
5280 3413
5281 1636
5282 525
5283 1636
5284 1636
5285 1483
5286 2824
5287 2824
5288 4946
5289 2824
5290 2824
5291 2057
5292 2057
5293 2057
5294 2059
5295 2057
5296 1561
5297 2057
5298 246
5299 2875
5300 2875
5301 2875
5302 2061
5303 1848
5304 2061
5305 3382
5306 3382
5307 479
5308 1586
5309 479
5310 3423
5311 3382
5312 1905
5313 2160
5314 2160
5315 4290
5316 2277
5317 758
5318 484
5319 4872
5320 506
5321 4872
5322 506
5323 3541
5324 3541
5325 3542
5326 3653
5327 1218
5328 3653
5329 464
5330 1963
5331 464
5332 464
5333 435
5334 953
5335 953
5336 628
5337 3129
5338 4175
5339 4175
5340 3129
5341 3054
5342 3054
5343 1475
5344 451
5345 3054
5346 451
5347 926
5348 285
5349 585
5350 690
5351 3594
5352 3594
5353 2273
5354 3594
5355 1306
5356 1174
5357 1006
5358 1174
5359 3260
5360 3255
5361 29
5362 2994
5363 3262
5364 3260
5365 3260
5366 3260
5367 3260
5368 3262
5369 3520
5370 3518
5371 3518
5372 3519
5373 3545
5374 3520
5375 482
5376 482
5377 613
5378 1513
5379 2600
5380 488
5381 2585
5382 544
5383 875
5384 2600
5385 482
5386 3080
5387 4153
5388 575
5389 2818
5390 3080
5391 3457
5392 733
5393 681
5394 3791
5395 3504
5396 4132
5397 491
5398 20
5399 2179
5400 4891
5401 20
5402 4640
5403 155
5404 3319
5405 1123
5406 1154
5407 535
5408 535
5409 4888
5410 4889
5411 4888
5412 4889
5413 4807
5414 4332
5415 4807
5416 3473
5417 3473
5418 844
5419 1612
5420 788
5421 2444
5422 1755
5423 3627
5424 682
5425 578
5426 3965
5427 3965
5428 657
5429 864
5430 1050
5431 662
5432 57
5433 561
5434 1201
5435 2095
5436 801
5437 1901
5438 4030
5439 1901
5440 343
5441 4048
5442 1853
5443 1853
5444 1853
5445 1853
5446 2942
5447 2815
5448 2815
5449 598
5450 2699
5451 4669
5452 2400
5453 2017
5454 2017
5455 1130
5456 4583
5457 2017
5458 2431
5459 1978
5460 2431
5461 1545
5462 2431
5463 3666
5464 2813
5465 3666
5466 2489
5467 2813
5468 2453
5469 542
5470 4391
5471 3400
5472 3406
5473 491
5474 119
5475 573
5476 491
5477 1025
5478 1113
5479 703
5480 1739
5481 21
5482 1765
5483 2312
5484 21
5485 1739
5486 1654
5487 265
5488 1654
5489 1654
5490 915
5491 915
5492 807
5493 1239
5494 4311
5495 454
5496 454
5497 518
5498 82
5499 3500
5500 518
5501 3872
5502 39
5503 4481
5504 3872
5505 36
5506 36
5507 400
5508 122
5509 2672
5510 2672
5511 2924
5512 2672
5513 2674
5514 4210
5515 1181
5516 45
5517 2276
5518 2276
5519 2185
5520 2458
5521 4287
5522 1803
5523 3696
5524 4446
5525 112
5526 4935
5527 1131
5528 2429
5529 254
5530 386
5531 2496
5532 2095
5533 2095
5534 2181
5535 1767
5536 1363
5537 1363
5538 4668
5539 4303
5540 489
5541 489
5542 4590
5543 4801
5544 3994
5545 339
5546 314
5547 339
5548 314
5549 3278
5550 3278
5551 3278
5552 3278
5553 4738
5554 4738
5555 4738
5556 1426
5557 467
5558 318
5559 318
5560 467
5561 1426
5562 2799
5563 4198
5564 4335
5565 4335
5566 4335
5567 2101
5568 1219
5569 4614
5570 927
5571 1480
5572 4614
5573 2250
5574 2250
5575 1484
5576 1483
5577 580
5578 580
5579 4370
5580 4370
5581 975
5582 4611
5583 4370
5584 1308
5585 1704
5586 1308
5587 728
5588 692
5589 2356
5590 4369
5591 4369
5592 657
5593 3374
5594 985
5595 698
5596 1249
5597 4369
5598 4255
5599 2633
5600 86
5601 1151
5602 2480
5603 1818
5604 2464
5605 84
5606 84
5607 761
5608 1151
5609 2644
5610 2646
5611 2646
5612 2628
5613 2631
5614 2628
5615 2631
5616 1145
5617 31
5618 1145
5619 2604
5620 2604
5621 4472
5622 4472
5623 1500
5624 303
5625 198
5626 1540
5627 495
5628 1540
5629 2308
5630 1137
5631 2308
5632 2308
5633 4467
5634 4467
5635 4467
5636 4078
5637 4173
5638 4740
5639 1626
5640 4883
5641 1730
5642 2189
5643 2189
5644 2189
5645 2224
5646 3458
5647 1813
5648 3162
5649 4707
5650 2683
5651 3162
5652 3194
5653 180
5654 1294
5655 1294
5656 373
5657 1265
5658 1265
5659 4202
5660 4202
5661 4097
5662 4202
5663 1192
5664 3592
5665 3518
5666 4924
5667 3858
5668 4952
5669 4952
5670 3552
5671 2914
5672 437
5673 2914
5674 3245
5675 4665
5676 3662
5677 3245
5678 4665
5679 1950
5680 3277
5681 1950
5682 1697
5683 1950
5684 4574
5685 3707
5686 888
5687 1143
5688 522
5689 652
5690 4741
5691 1143
5692 633
5693 1145
5694 972
5695 972
5696 1831
5697 972
5698 699
5699 703
5700 703
5701 4031
5702 4031
5703 4031
5704 4033
5705 3211
5706 2579
5707 2579
5708 87
5709 479
5710 510
5711 1655
5712 231
5713 92
5714 4361
5715 510
5716 698
5717 660
5718 2607
5719 2764
5720 2607
5721 2607
5722 2607
5723 1350
5724 1350
5725 4829
5726 4829
5727 1697
5728 521
5729 2470
5730 943
5731 2288
5732 3334
5733 4880
5734 656
5735 943
5736 3294
5737 3294
5738 3294
5739 3294
5740 4342
5741 4342
5742 2925
5743 2925
5744 4337
5745 916
5746 4278
5747 2925
5748 916
5749 2925
5750 3719
5751 2367
5752 3118
5753 3369
5754 3530
5755 3369
5756 233
5757 3530
5758 3310
5759 4312
5760 3310
5761 3310
5762 3126
5763 3126
5764 3127
5765 2765
5766 3126
5767 3126
5768 1278
5769 1278
5770 1277
5771 1835
5772 1783
5773 1278
5774 3103
5775 3432
5776 697
5777 1877
5778 4216
5779 1058
5780 695
5781 3800
5782 4658
5783 3502
5784 3800
5785 2011
5786 3800
5787 4658
5788 263
5789 526
5790 989
5791 227
5792 227
5793 186
5794 2151
5795 40
5796 40
5797 2151
5798 4140
5799 2488
5800 4158
5801 3109
5802 666
5803 701
5804 4336
5805 2686
5806 3109
5807 1167
5808 1554
5809 2788
5810 1936
5811 1554
5812 58
5813 448
5814 2300
5815 2786
5816 2905
5817 1160
5818 1242
5819 3507
5820 3507
5821 4760
5822 4343
5823 3989
5824 4760
5825 2480
5826 578
5827 103
5828 578
5829 4953
5830 3614
5831 4935
5832 2409
5833 3614
5834 1605
5835 2439
5836 2336
5837 3010
5838 3010
5839 3010
5840 3010
5841 3097
5842 2762
5843 2762
5844 2762
5845 261
5846 261
5847 789
5848 4372
5849 633
5850 4323
5851 3098
5852 3098
5853 117
5854 1774
5855 575
5856 3095
5857 396
5858 17
5859 396
5860 88
5861 88
5862 1774
5863 4266
5864 4266
5865 4266
5866 4266
5867 4168
5868 25
5869 195
5870 2375
5871 1882
5872 1882
5873 1882
5874 1518
5875 3038
5876 1518
5877 1140
5878 1681
5879 4527
5880 1140
5881 1681
5882 930
5883 3926
5884 507
5885 652
5886 3689
5887 1859
5888 3689
5889 2507
5890 2507
5891 2522
5892 2571
5893 2537
5894 2578
5895 2382
5896 2382
5897 32
5898 32
5899 4483
5900 401
5901 3990
5902 3991
5903 3990
5904 4946
5905 237
5906 3759
5907 1945
5908 3759
5909 1945
5910 941
5911 941
5912 941
5913 1042
5914 941
5915 3494
5916 1013
5917 677
5918 882
5919 882
5920 882
5921 2414
5922 57
5923 2414
5924 4654
5925 4654
5926 3389
5927 2998
5928 2997
5929 3389
5930 3074
5931 3389
5932 1129
5933 706
5934 706
5935 1620
5936 1620
5937 124
5938 1620
5939 1852
5940 3886
5941 3887
5942 2925
5943 678
5944 1097
5945 678
5946 678
5947 1185
5948 1069
5949 1097
5950 4277
5951 1348
5952 426
5953 911
5954 2218
5955 2218
5956 323
5957 498
5958 4903
5959 326
5960 4492
5961 4492
5962 452
5963 1195
5964 452
5965 501
5966 4027
5967 2428
5968 2428
5969 501
5970 165
5971 221
5972 165
5973 221
5974 521
5975 3044
5976 233
5977 781
5978 1135
5979 4414
5980 736
5981 736
5982 4350
5983 1560
5984 1560
5985 1560
5986 3460
5987 3458
5988 3462
5989 3650
5990 3615
5991 3458
5992 3462
5993 3281
5994 3460
5995 3458
5996 1170
5997 31
5998 1170
5999 4951
6000 4178
6001 394
6002 1284
6003 168
6004 4951
6005 394
6006 3600
6007 3711
6008 3749
6009 3600
6010 4967
6011 4967
6012 4579
6013 172
6014 4150
6015 4306
6016 1852
6017 1362
6018 1699
6019 1602
6020 1362
6021 483
6022 585
6023 1602
6024 4534
6025 4534
6026 4534
6027 2812
6028 2812
6029 2694
6030 2755
6031 2807
6032 2694
6033 2755
6034 1992
6035 1992
6036 1992
6037 87
6038 87
6039 4825
6040 4470
6041 4470
6042 4473
6043 983
6044 984
6045 1213
6046 984
6047 894
6048 1660
6049 2078
6050 4374
6051 43
6052 43
6053 894
6054 3257
6055 3452
6056 3257
6057 3257
6058 4814
6059 4216
6060 2979
6061 4916
6062 4309
6063 4916
6064 4118
6065 4530
6066 1238
6067 4530
6068 3573
6069 734
6070 734
6071 289
6072 66
6073 2335
6074 4522
6075 2771
6076 3446
6077 2404
6078 4737
6079 1814
6080 1663
6081 3648
6082 3701
6083 4737
6084 2404
6085 3439
6086 3685
6087 3706
6088 3435
6089 2751
6090 2751
6091 3435
6092 1650
6093 13
6094 4332
6095 3981
6096 3981
6097 3112
6098 674
6099 33
6100 666
6101 33
6102 548
6103 2486
6104 696
6105 4233
6106 2486
6107 2779
6108 2779
6109 117
6110 36
6111 168
6112 1030
6113 36
6114 168
6115 2840
6116 2842
6117 3926
6118 654
6119 2840
6120 2869
6121 2650
6122 2616
6123 746
6124 415
6125 747
6126 747
6127 415
6128 875
6129 668
6130 875
6131 891
6132 879
6133 626
6134 668
6135 518
6136 1329
6137 527
6138 518
6139 1329
6140 1105
6141 1105
6142 3869
6143 3887
6144 3905
6145 3869
6146 3869
6147 4783
6148 4783
6149 2424
6150 4414
6151 4396
6152 4414
6153 990
6154 898
6155 37
6156 990
6157 990
6158 4756
6159 4756
6160 111
6161 3854
6162 3854
6163 3769
6164 1214
6165 4964
6166 3769
6167 169
6168 2435
6169 378
6170 379
6171 379
6172 591
6173 202
6174 169
6175 3673
6176 1162
6177 4019
6178 3673
6179 3673
6180 3673
6181 4926
6182 2993
6183 1135
6184 787
6185 154
6186 2323
6187 3819
6188 1454
6189 154
6190 3016
6191 3016
6192 258
6193 1471
6194 259
6195 4006
6196 4006
6197 4006
6198 951
6199 4912
6200 1194
6201 3646
6202 3646
6203 1402
6204 1402
6205 1402
6206 1402
6207 1402
6208 1869
6209 1869
6210 1405
6211 707
6212 341
6213 707
6214 341
6215 580
6216 1867
6217 2263
6218 4375
6219 4375
6220 147
6221 129
6222 1071
6223 3627
6224 1271
6225 3782
6226 3782
6227 3698
6228 4080
6229 60
6230 96
6231 178
6232 175
6233 2351
6234 2351
6235 1179
6236 135
6237 2351
6238 4189
6239 646
6240 1680
6241 298
6242 1261
6243 700
6244 4667
6245 4274
6246 1829
6247 4667
6248 614
6249 4903
6250 1115
6251 4903
6252 4903
6253 1466
6254 1466
6255 2604
6256 2604
6257 407
6258 3023
6259 3627
6260 3977
6261 1291
6262 3961
6263 3977
6264 3984
6265 2424
6266 4789
6267 1759
6268 483
6269 1814
6270 1122
6271 1122
6272 1921
6273 1921
6274 109
6275 98
6276 4276
6277 1751
6278 2389
6279 1927
6280 3041
6281 3659
6282 39
6283 4263
6284 4263
6285 448
6286 122
6287 2585
6288 2596
6289 2585
6290 2585
6291 2597
6292 2571
6293 2571
6294 2571
6295 2574
6296 2571
6297 3165
6298 3165
6299 691
6300 691
6301 4623
6302 4624
6303 4060
6304 3790
6305 3790
6306 699
6307 4484
6308 4484
6309 1854
6310 3613
6311 4803
6312 4803
6313 4803
6314 4533
6315 4937
6316 4533
6317 4533
6318 4937
6319 4868
6320 4868
6321 4868
6322 4435
6323 3350
6324 4435
6325 155
6326 3665
6327 3615
6328 3665
6329 1011
6330 806
6331 3954
6332 4624
6333 3964
6334 4021
6335 3954
6336 2404
6337 30
6338 2007
6339 2007
6340 2007
6341 4153
6342 4153
6343 4153
6344 4153
6345 3290
6346 2817
6347 3286
6348 3871
6349 162
6350 3871
6351 3871
6352 162
6353 231
6354 231
6355 28
6356 1737
6357 1737
6358 102
6359 532
6360 4045
6361 3061
6362 1238
6363 4045
6364 4045
6365 1367
6366 1679
6367 3816
6368 4114
6369 3808
6370 3816
6371 3816
6372 2264
6373 1330
6374 786
6375 1330
6376 1629
6377 786
6378 3024
6379 3024
6380 3024
6381 3024
6382 3024
6383 142
6384 1139
6385 4261
6386 4261
6387 3743
6388 4267
6389 1194
6390 1094
6391 1194
6392 2104
6393 979
6394 2194
6395 35
6396 979
6397 2310
6398 1731
6399 2310
6400 598
6401 2310
6402 3961
6403 4169
6404 311
6405 111
6406 168
6407 773
6408 773
6409 771
6410 3209
6411 3209
6412 1574
6413 3325
6414 3325
6415 3436
6416 2903
6417 2796
6418 3399
6419 3325
6420 3325
6421 1331
6422 1331
6423 1331
6424 1355
6425 1331
6426 3852
6427 3854
6428 3852
6429 3852
6430 1820
6431 1820
6432 34
6433 4149
6434 1393
6435 4909
6436 4909
6437 749
6438 4502
6439 4591
6440 333
6441 333
6442 4125
6443 592
6444 685
6445 1953
6446 685
6447 2266
6448 2266
6449 2266
6450 2274
6451 2266
6452 3206
6453 3206
6454 4178
6455 3267
6456 4178
6457 3414
6458 636
6459 3414
6460 4646
6461 636
6462 3866
6463 468
6464 4191
6465 3866
6466 573
6467 3806
6468 3866
6469 3333
6470 3333
6471 4555
6472 4555
6473 4588
6474 4555
6475 4555
6476 3354
6477 3354
6478 3354
6479 3131
6480 3510
6481 3354
6482 3354
6483 4643
6484 4643
6485 4644
6486 4720
6487 3436
6488 3424
6489 2307
6490 1534
6491 647
6492 4348
6493 1534
6494 1415
6495 647
6496 3754
6497 3754
6498 3754
6499 290
6500 1061
6501 1604
6502 547
6503 570
6504 4655
6505 96
6506 547
6507 717
6508 1024
6509 146
6510 1070
6511 4010
6512 4010
6513 3952
6514 137
6515 906
6516 1284
6517 137
6518 1025
6519 1040
6520 137
6521 576
6522 3202
6523 2455
6524 137
6525 940
6526 137
6527 1184
6528 4617
6529 577
6530 1184
6531 1480
6532 4617
6533 189
6534 191
6535 225
6536 2976
6537 2976
6538 452
6539 452
6540 237
6541 452
6542 4512
6543 4512
6544 1705
6545 1705
6546 1705
6547 2358
6548 1768
6549 2282
6550 1768
6551 3571
6552 642
6553 3591
6554 1527
6555 2356
6556 1527
6557 1527
6558 3166
6559 3166
6560 338
6561 338
6562 338
6563 725
6564 1536
6565 1344
6566 3097
6567 896
6568 325
6569 338
6570 338
6571 1151
6572 637
6573 1151
6574 768
6575 1151
6576 637
6577 3881
6578 103
6579 3881
6580 2181
6581 3881
6582 1010
6583 2397
6584 1944
6585 2397
6586 2397
6587 76
6588 4071
6589 2171
6590 1168
6591 1165
6592 449
6593 2882
6594 3632
6595 2882
6596 4552
6597 191
6598 4552
6599 4552
6600 1171
6601 1168
6602 67
6603 295
6604 1035
6605 2075
6606 1585
6607 643
6608 2853
6609 2853
6610 3081
6611 3696
6612 2849
6613 2853
6614 881
6615 881
6616 881
6617 881
6618 670
6619 4562
6620 1670
6621 4491
6622 4491
6623 4491
6624 1241
6625 82
6626 2966
6627 3408
6628 239
6629 239
6630 2198
6631 2198
6632 2198
6633 4208
6634 4208
6635 552
6636 1853
6637 3499
6638 3584
6639 3499
6640 3568
6641 3499
6642 593
6643 4452
6644 132
6645 888
6646 4434
6647 790
6648 784
6649 784
6650 523
6651 2786
6652 2633
6653 3358
6654 2016
6655 589
6656 2017
6657 1092
6658 2016
6659 182
6660 114
6661 750
6662 159
6663 1592
6664 3755
6665 1592
6666 4032
6667 2924
6668 2924
6669 1752
6670 2474
6671 2925
6672 3479
6673 3479
6674 3479
6675 3492
6676 2946
6677 2946
6678 2948
6679 2700
6680 3661
6681 3322
6682 3661
6683 1155
6684 238
6685 99
6686 76
6687 2353
6688 99
6689 1000
6690 3622
6691 3617
6692 3741
6693 842
6694 842
6695 842
6696 842
6697 4824
6698 2604
6699 2604
6700 3900
6701 22
6702 189
6703 2020
6704 326
6705 326
6706 2997
6707 2997
6708 2997
6709 2996
6710 4020
6711 4021
6712 1081
6713 2793
6714 4162
6715 4788
6716 2470
6717 4886
6718 342
6719 2060
6720 4318
6721 4218
6722 473
6723 498
6724 1379
6725 1016
6726 1086
6727 2436
6728 1379
6729 1016
6730 2663
6731 2662
6732 551
6733 936
6734 1707
6735 999
6736 661
6737 3621
6738 673
6739 273
6740 923
6741 922
6742 676
6743 1612
6744 4229
6745 4230
6746 3958
6747 4229
6748 2614
6749 2614
6750 901
6751 901
6752 2962
6753 643
6754 887
6755 2962
6756 3489
6757 3334
6758 3103
6759 3974
6760 3489
6761 2886
6762 112
6763 2812
6764 4300
6765 4717
6766 4300
6767 4300
6768 231
6769 4717
6770 1647
6771 1647
6772 2745
6773 2745
6774 2747
6775 2747
6776 2747
6777 3371
6778 3816
6779 3233
6780 4113
6781 3371
6782 3372
6783 3094
6784 2913
6785 3358
6786 3031
6787 3094
6788 4174
6789 4174
6790 4173
6791 4210
6792 4174
6793 4174
6794 4173
6795 1002
6796 3087
6797 201
6798 1002
6799 1003
6800 1002
6801 4441
6802 1145
6803 1095
6804 1145
6805 1689
6806 4910
6807 1145
6808 4216
6809 3209
6810 3428
6811 4800
6812 3075
6813 3075
6814 1797
6815 1797
6816 2477
6817 1797
6818 3020
6819 3018
6820 3118
6821 3118
6822 2652
6823 2957
6824 312
6825 249
6826 2203
6827 2203
6828 3338
6829 3338
6830 2816
6831 3338
6832 3338
6833 3338
6834 484
6835 484
6836 484
6837 485
6838 484
6839 778
6840 484
6841 2303
6842 2303
6843 4497
6844 4497
6845 3364
6846 4497
6847 1863
6848 3645
6849 3643
6850 2739
6851 53
6852 4648
6853 3849
6854 3849
6855 3849
6856 4002
6857 4526
6858 1240
6859 2744
6860 2744
6861 2744
6862 4202
6863 4328
6864 4328
6865 3599
6866 3599
6867 2457
6868 2457
6869 26
6870 2788
6871 59
6872 1612
6873 797
6874 907
6875 797
6876 798
6877 798
6878 155
6879 4565
6880 4565
6881 4565
6882 421
6883 421
6884 1956
6885 1956
6886 1956
6887 1956
6888 3863
6889 3863
6890 3863
6891 3863
6892 3863
6893 4359
6894 703
6895 1216
6896 4857
6897 4580
6898 4580
6899 841
6900 845
6901 542
6902 1213
6903 841
6904 841
6905 610
6906 1154
6907 1080
6908 30
6909 76
6910 30
6911 3718
6912 3718
6913 3291
6914 1203
6915 887
6916 112
6917 1871
6918 112
6919 2375
6920 655
6921 663
6922 2375
6923 123
6924 514
6925 3170
6926 1815
6927 1816
6928 1815
6929 1814
6930 1814
6931 1816
6932 1809
6933 238
6934 1198
6935 1581
6936 238
6937 122
6938 26
6939 3488
6940 3488
6941 2638
6942 2640
6943 2638
6944 2453
6945 704
6946 655
6947 704
6948 3100
6949 3100
6950 3032
6951 2763
6952 187
6953 157
6954 1746
6955 253
6956 53
6957 380
6958 608
6959 157
6960 3572
6961 187
6962 2763
6963 4012
6964 4012
6965 653
6966 4012
6967 4445
6968 4445
6969 2358
6970 2358
6971 2358
6972 4795
6973 4795
6974 1407
6975 1407
6976 1408
6977 1030
6978 2105
6979 2105
6980 2243
6981 3604
6982 3604
6983 4550
6984 2090
6985 888
6986 768
6987 4119
6988 2265
6989 1920
6990 1886
6991 1886
6992 1843
6993 1843
6994 168
6995 1727
6996 1727
6997 1598
6998 2608
6999 436
7000 4486
7001 2315
7002 441
7003 612
7004 1162
7005 3580
7006 3580
7007 4327
7008 4327
7009 3914
7010 2209
7011 2400
7012 4965
7013 2209
7014 1412
7015 4867
7016 2209
7017 1379
7018 1380
7019 1379
7020 4098
7021 4037
7022 2363
7023 4099
7024 4098
7025 2735
7026 989
7027 987
7028 1435
7029 989
7030 3004
7031 2960
7032 3004
7033 2219
7034 2212
7035 2088
7036 4314
7037 2553
7038 2567
7039 2554
7040 2571
7041 2549
7042 2553
7043 1982
7044 1981
7045 1981
7046 4091
7047 760
7048 3267
7049 4190
7050 3252
7051 2356
7052 643
7053 3891
7054 3217
7055 4278
7056 469
7057 3217
7058 469
7059 2444
7060 2444
7061 2444
7062 651
7063 4278
7064 1146
7065 4662
7066 1782
7067 1589
7068 1146
7069 4663
7070 1104
7071 1104
7072 1127
7073 4470
7074 4470
7075 467
7076 534
7077 4566
7078 450
7079 1084
7080 1076
7081 956
7082 4060
7083 2065
7084 1228
7085 963
7086 2065
7087 4492
7088 4492
7089 4492
7090 4492
7091 1153
7092 4608
7093 1158
7094 1153
7095 736
7096 2206
7097 3809
7098 2206
7099 2206
7100 2326
7101 1813
7102 605
7103 591
7104 413
7105 2497
7106 958
7107 190
7108 4121
7109 505
7110 190
7111 255
7112 610
7113 4370
7114 4295
7115 1524
7116 1524
7117 1535
7118 812
7119 3899
7120 812
7121 3425
7122 2817
7123 3425
7124 4749
7125 3038
7126 2280
7127 4749
7128 1761
7129 3776
7130 1622
7131 3776
7132 213
7133 3776
7134 1622
7135 3776
7136 3437
7137 4161
7138 3776
7139 1015
7140 3776
7141 3776
7142 137
7143 2862
7144 2862
7145 2862
7146 2862
7147 3786
7148 3786
7149 4825
7150 4582
7151 4582
7152 1865
7153 3988
7154 4640
7155 73
7156 380
7157 155
7158 1228
7159 2441
7160 2140
7161 2140
7162 3032
7163 3032
7164 2993
7165 3249
7166 3249
7167 3249
7168 4810
7169 4138
7170 4138
7171 4138
7172 4444
7173 464
7174 3980
7175 2707
7176 3977
7177 3274
7178 3274
7179 2098
7180 3274
7181 2877
7182 3073
7183 3101
7184 2848
7185 347
7186 347
7187 347
7188 2383
7189 2383
7190 3921
7191 2383
7192 1410
7193 2383
7194 2383
7195 93
7196 2888
7197 2846
7198 1125
7199 4745
7200 1071
7201 4745
7202 3853
7203 4741
7204 4741
7205 3753
7206 1716
7207 898
7208 1716
7209 629
7210 880
7211 1393
7212 880
7213 2012
7214 880
7215 880
7216 1393
7217 1600
7218 1600
7219 4320
7220 1230
7221 3731
7222 3747
7223 759
7224 921
7225 3731
7226 1207
7227 330
7228 3135
7229 1087
7230 3135
7231 947
7232 2102
7233 4605
7234 4529
7235 944
7236 4036
7237 2588
7238 2579
7239 2588
7240 2579
7241 4504
7242 4504
7243 4507
7244 4504
7245 4466
7246 4504
7247 849
7248 1770
7249 1770
7250 935
7251 593
7252 593
7253 349
7254 370
7255 244
7256 1530
7257 179
7258 1085
7259 1085
7260 2999
7261 2850
7262 3038
7263 2999
7264 383
7265 1960
7266 3489
7267 3489
7268 899
7269 3489
7270 3490
7271 934
7272 3489
7273 4798
7274 4798
7275 519
7276 69
7277 1047
7278 1047
7279 4684
7280 4147
7281 4684
7282 517
7283 4685
7284 4146
7285 954
7286 47
7287 954
7288 1047
7289 4879
7290 4638
7291 47
7292 954
7293 954
7294 1827
7295 2494
7296 1827
7297 2094
7298 3457
7299 3137
7300 2716
7301 1401
7302 1401
7303 1146
7304 172
7305 2418
7306 2924
7307 318
7308 511
7309 46
7310 2690
7311 195
7312 46
7313 2690
7314 1182
7315 2695
7316 265
7317 2418
7318 172
7319 817
7320 817
7321 1828
7322 791
7323 817
7324 817
7325 818
7326 1999
7327 2015
7328 2456
7329 817
7330 1039
7331 1025
7332 1040
7333 663
7334 543
7335 4930
7336 4930
7337 559
7338 326
7339 326
7340 1246
7341 328
7342 2690
7343 1396
7344 1396
7345 1396
7346 1826
7347 1396
7348 1396
7349 1396
7350 4303
7351 1397
7352 1396
7353 1396
7354 2495
7355 2495
7356 142
7357 369
7358 528
7359 369
7360 2295
7361 995
7362 2338
7363 4167
7364 4166
7365 4167
7366 2675
7367 2675
7368 90
7369 505
7370 223
7371 2337
7372 1812
7373 90
7374 4336
7375 4336
7376 3464
7377 1690
7378 4874
7379 2194
7380 1978
7381 1978
7382 1246
7383 3232
7384 1978
7385 1914
7386 621
7387 1914
7388 3579
7389 2794
7390 2794
7391 4858
7392 1688
7393 1132
7394 4522
7395 4858
7396 170
7397 314
7398 898
7399 1522
7400 268
7401 534
7402 314
7403 380
7404 2244
7405 380
7406 309
7407 255
7408 214
7409 2211
7410 2481
7411 2211
7412 2077
7413 2466
7414 2077
7415 2099
7416 1014
7417 215
7418 3983
7419 3983
7420 617
7421 617
7422 477
7423 477
7424 2538
7425 2571
7426 2539
7427 2538
7428 2570
7429 793
7430 793
7431 3549
7432 3549
7433 839
7434 840
7435 3726
7436 341
7437 3483
7438 3483
7439 4072
7440 1146
7441 3483
7442 3499
7443 2711
7444 2733
7445 2724
7446 2715
7447 2711
7448 2711
7449 2715
7450 2733
7451 2462
7452 2109
7453 802
7454 2462
7455 3992
7456 194
7457 3851
7458 3853
7459 3851
7460 86
7461 3851
7462 3851
7463 3851
7464 2399
7465 2333
7466 3551
7467 768
7468 3661
7469 3291
7470 1359
7471 1283
7472 4028
7473 1359
7474 3683
7475 1852
7476 3747
7477 3683
7478 1852
7479 2179
7480 1260
7481 2179
7482 1207
7483 451
7484 915
7485 915
7486 898
7487 521
7488 209
7489 58
7490 68
7491 1707
7492 209
7493 969
7494 3221
7495 3542
7496 2793
7497 2793
7498 3542
7499 3542
7500 3542
7501 676
7502 2988
7503 1168
7504 2987
7505 3744
7506 4548
7507 3553
7508 2988
7509 1184
7510 3744
7511 4548
7512 2988
7513 3795
7514 3795
7515 3795
7516 419
7517 419
7518 496
7519 173
7520 109
7521 496
7522 419
7523 23
7524 2318
7525 611
7526 614
7527 2931
7528 2932
7529 2931
7530 2638
7531 2647
7532 2638
7533 2638
7534 2647
7535 3482
7536 160
7537 3644
7538 160
7539 1634
7540 1091
7541 1010
7542 1377
7543 509
7544 3012
7545 1634
7546 3988
7547 2329
7548 3988
7549 3988
7550 3988
7551 1199
7552 1199
7553 1624
7554 1849
7555 1624
7556 2378
7557 2378
7558 94
7559 1530
7560 1222
7561 1981
7562 1820
7563 1981
7564 4367
7565 133
7566 3753
7567 3753
7568 3577
7569 3753
7570 3906
7571 2462
7572 1345
7573 4528
7574 4528
7575 768
7576 4528
7577 3729
7578 4577
7579 4532
7580 482
7581 4532
7582 1566
7583 794
7584 577
7585 1566
7586 1566
7587 142
7588 99
7589 99
7590 3952
7591 271
7592 3952
7593 4100
7594 4272
7595 3952
7596 3964
7597 3953
7598 3964
7599 3952
7600 3952
7601 3952
7602 3091
7603 3091
7604 3091
7605 2454
7606 2454
7607 2454
7608 4333
7609 4354
7610 4014
7611 4333
7612 4604
7613 2990
7614 2991
7615 2990
7616 2990
7617 656
7618 1465
7619 1200
7620 1581
7621 4487
7622 3891
7623 771
7624 3891
7625 1465
7626 279
7627 279
7628 4794
7629 2435
7630 944
7631 944
7632 1086
7633 692
7634 293
7635 4885
7636 1205
7637 1780
7638 3979
7639 2155
7640 3979
7641 2155
7642 1898
7643 1898
7644 1898
7645 1898
7646 1703
7647 595
7648 2334
7649 4598
7650 3640
7651 4598
7652 4604
7653 4596
7654 4598
7655 4561
7656 2329
7657 850
7658 904
7659 1052
7660 2329
7661 4643
7662 100
7663 648
7664 3557
7665 648
7666 105
7667 3929
7668 648
7669 4937
7670 264
7671 2310
7672 4655
7673 4212
7674 4287
7675 492
7676 954
7677 2465
7678 2466
7679 4293
7680 543
7681 543
7682 201
7683 201
7684 613
7685 4197
7686 391
7687 4199
7688 514
7689 4267
7690 613
7691 101
7692 1703
7693 1703
7694 776
7695 3870
7696 3870
7697 3713
7698 1275
7699 1207
7700 1276
7701 604
7702 4801
7703 4801
7704 2433
7705 521
7706 2144
7707 80
7708 2144
7709 741
7710 1222
7711 4336
7712 741
7713 1060
7714 910
7715 2250
7716 2323
7717 1631
7718 2323
7719 1054
7720 3591
7721 3014
7722 3583
7723 248
7724 3014
7725 3657
7726 838
7727 838
7728 3180
7729 3181
7730 1718
7731 911
7732 2403
7733 3564
7734 178
7735 3180
7736 2516
7737 2516
7738 2515
7739 2516
7740 3715
7741 2178
7742 1692
7743 4768
7744 4768
7745 4768
7746 3606
7747 3610
7748 3606
7749 2474
7750 4199
7751 3610
7752 404
7753 465
7754 2048
7755 4018
7756 2048
7757 1039
7758 767
7759 1039
7760 3799
7761 2151
7762 3796
7763 107
7764 3796
7765 2151
7766 4360
7767 3623
7768 2169
7769 2182
7770 2173
7771 2169
7772 1230
7773 2169
7774 2169
7775 1998
7776 1157
7777 485
7778 1208
7779 777
7780 1236
7781 4743
7782 588
7783 4814
7784 4743
7785 3005
7786 316
7787 1875
7788 2963
7789 3005
7790 1875
7791 3005
7792 3005
7793 316
7794 2363
7795 1849
7796 1341
7797 1828
7798 37
7799 1714
7800 37
7801 1927
7802 2241
7803 1728
7804 1927
7805 464
7806 2427
7807 462
7808 510
7809 1930
7810 1927
7811 2241
7812 423
7813 1404
7814 1554
7815 1853
7816 496
7817 4364
7818 4224
7819 2688
7820 2688
7821 2701
7822 2701
7823 1318
7824 237
7825 2651
7826 1434
7827 902
7828 645
7829 902
7830 4695
7831 689
7832 645
7833 902
7834 894
7835 3891
7836 1138
7837 691
7838 3892
7839 1138
7840 2752
7841 3560
7842 2795
7843 2752
7844 3560
7845 2752
7846 2793
7847 171
7848 158
7849 1183
7850 171
7851 413
7852 158
7853 4800
7854 4671
7855 1326
7856 1326
7857 286
7858 2132
7859 2130
7860 2165
7861 461
7862 2165
7863 598
7864 1403
7865 125
7866 774
7867 2306
7868 2785
7869 2788
7870 2785
7871 2785
7872 862
7873 862
7874 2426
7875 1816
7876 3321
7877 3321
7878 3323
7879 3240
7880 3121
7881 3121
7882 2075
7883 2075
7884 925
7885 1009
7886 1367
7887 1251
7888 1251
7889 1445
7890 1433
7891 889
7892 658
7893 906
7894 2492
7895 1741
7896 2492
7897 3834
7898 768
7899 2101
7900 662
7901 603
7902 523
7903 1712
7904 603
7905 514
7906 2350
7907 603
7908 523
7909 603
7910 603
7911 1780
7912 935
7913 735
7914 604
7915 603
7916 975
7917 603
7918 4303
7919 4201
7920 3916
7921 482
7922 4430
7923 4431
7924 4430
7925 2027
7926 4430
7927 4430
7928 3379
7929 3379
7930 3379
7931 4433
7932 4433
7933 4433
7934 3262
7935 1500
7936 170
7937 2743
7938 591
7939 1588
7940 1746
7941 3017
7942 3017
7943 1098
7944 1766
7945 1447
7946 2073
7947 1766
7948 1766
7949 1447
7950 512
7951 1416
7952 1522
7953 3547
7954 1416
7955 4313
7956 3530
7957 383
7958 471
7959 2332
7960 3291
7961 471
7962 3829
7963 455
7964 4913
7965 1270
7966 4913
7967 4913
7968 1270
7969 3332
7970 2654
7971 705
7972 705
7973 4139
7974 3574
7975 1081
7976 4118
7977 4139
7978 768
7979 4139
7980 1147
7981 4805
7982 1010
7983 4763
7984 634
7985 632
7986 993
7987 701
7988 4338
7989 4338
7990 4338
7991 4338
7992 4872
7993 753
7994 4872
7995 100
7996 2455
7997 2364
7998 4876
7999 99
8000 4350
8001 2384
8002 2364
8003 279
8004 2455
8005 3082
8006 2888
8007 2825
8008 3357
8009 3050
8010 4252
8011 4101
8012 167
8013 2818
8014 4509
8015 478
8016 538
8017 538
8018 473
8019 4570
8020 1454
8021 487
8022 42
8023 715
8024 1635
8025 42
8026 3883
8027 4927
8028 3883
8029 1145
8030 3634
8031 3634
8032 4797
8033 4866
8034 4797
8035 1089
8036 4797
8037 4797
8038 3426
8039 4798
8040 4797
8041 4773
8042 4773
8043 4762
8044 1558
8045 1401
8046 1054
8047 1559
8048 1666
8049 2031
8050 1401
8051 2443
8052 173
8053 2322
8054 671
8055 737
8056 671
8057 671
8058 671
8059 3424
8060 74
8061 2569
8062 2549
8063 1833
8064 633
8065 630
8066 1319
8067 1703
8068 3773
8069 3773
8070 3641
8071 384
8072 1717
8073 3590
8074 384
8075 1144
8076 1162
8077 1144
8078 400
8079 241
8080 1066
8081 264
8082 1458
8083 131
8084 377
8085 377
8086 1372
8087 2341
8088 2341
8089 4055
8090 3664
8091 3664
8092 4055
8093 596
8094 67
8095 1732
8096 2153
8097 2036
8098 4865
8099 3402
8100 4110
8101 3402
8102 3691
8103 3691
8104 974
8105 2595
8106 2595
8107 2595
8108 1817
8109 1817
8110 1817
8111 1823
8112 3034
8113 3181
8114 3034
8115 1032
8116 1032
8117 1032
8118 87
8119 1958
8120 2370
8121 48
8122 2721
8123 2721
8124 4706
8125 4706
8126 4706
8127 3384
8128 3383
8129 1908
8130 1908
8131 1908
8132 1425
8133 1425
8134 1425
8135 977
8136 977
8137 3880
8138 2386
8139 509
8140 2386
8141 1749
8142 1753
8143 1749
8144 3419
8145 1757
8146 1749
8147 1757
8148 4961
8149 4961
8150 3528
8151 3529
8152 3528
8153 3527
8154 3528
8155 2728
8156 2728
8157 2722
8158 4709
8159 4709
8160 1798
8161 4978
8162 187
8163 3347
8164 187
8165 4323
8166 1964
8167 548
8168 3990
8169 191
8170 1839
8171 561
8172 2186
8173 2186
8174 4215
8175 616
8176 4215
8177 392
8178 4117
8179 730
8180 3966
8181 3966
8182 3983
8183 4265
8184 4265
8185 3525
8186 3434
8187 3432
8188 2490
8189 2237
8190 1944
8191 3642
8192 3642
8193 922
8194 127
8195 2414
8196 2498
8197 1170
8198 4183
8199 4365
8200 4346
8201 1589
8202 4346
8203 2622
8204 2622
8205 4934
8206 636
8207 838
8208 636
8209 4927
8210 1748
8211 1030
8212 4785
8213 4785
8214 3344
8215 3344
8216 2417
8217 2423
8218 1523
8219 1618
8220 1730
8221 2417
8222 2423
8223 2416
8224 2425
8225 1233
8226 1231
8227 4797
8228 4734
8229 4734
8230 4724
8231 4734
8232 266
8233 1736
8234 1734
8235 1145
8236 911
8237 1241
8238 1842
8239 598
8240 3850
8241 3857
8242 3850
8243 539
8244 595
8245 459
8246 233
8247 2008
8248 631
8249 1094
8250 1578
8251 1578
8252 1578
8253 1578
8254 4954
8255 4483
8256 3242
8257 3242
8258 1282
8259 550
8260 1862
8261 267
8262 3002
8263 1041
8264 3263
8265 3263
8266 3263
8267 703
8268 935
8269 4550
8270 4550
8271 828
8272 828
8273 4028
8274 828
8275 405
8276 3907
8277 405
8278 3907
8279 236
8280 236
8281 3536
8282 236
8283 1911
8284 1904
8285 1911
8286 1911
8287 1910
8288 2418
8289 952
8290 2418
8291 3422
8292 4412
8293 4412
8294 3530
8295 3530
8296 3530
8297 4193
8298 2859
8299 3674
8300 3674
8301 3389
8302 3030
8303 3389
8304 131
8305 2814
8306 3318
8307 3318
8308 3593
8309 4562
8310 4562
8311 3593
8312 1413
8313 1413
8314 1113
8315 1129
8316 1143
8317 3364
8318 3364
8319 1609
8320 182
8321 3364
8322 3739
8323 4362
8324 1751
8325 4027
8326 3762
8327 3762
8328 3762
8329 3762
8330 3411
8331 3411
8332 2834
8333 2721
8334 2834
8335 2463
8336 2463
8337 1212
8338 1212
8339 1051
8340 4145
8341 4145
8342 1412
8343 4309
8344 96
8345 4145
8346 4611
8347 4617
8348 613
8349 4641
8350 4617
8351 4274
8352 4270
8353 4069
8354 2098
8355 4069
8356 932
8357 929
8358 1134
8359 1134
8360 665
8361 4777
8362 214
8363 1820
8364 530
8365 530
8366 214
8367 263
8368 4587
8369 4587
8370 4817
8371 4587
8372 3168
8373 3168
8374 3168
8375 3589
8376 3588
8377 3055
8378 865
8379 763
8380 3055
8381 3055
8382 895
8383 2356
8384 3055
8385 2468
8386 625
8387 625
8388 2468
8389 4536
8390 38
8391 4536
8392 4536
8393 378
8394 2328
8395 378
8396 1370
8397 72
8398 2328
8399 2587
8400 2587
8401 2587
8402 2592
8403 4229
8404 1634
8405 1806
8406 1615
8407 3610
8408 442
8409 1827
8410 217
8411 442
8412 1160
8413 2314
8414 1819
8415 1819
8416 1819
8417 515
8418 662
8419 4600
8420 4600
8421 4600
8422 4600
8423 4600
8424 4669
8425 2110
8426 2110
8427 4904
8428 688
8429 4316
8430 968
8431 3089
8432 3670
8433 690
8434 968
8435 4950
8436 2814
8437 2814
8438 972
8439 1628
8440 4928
8441 932
8442 1108
8443 2484
8444 1211
8445 2821
8446 2821
8447 4638
8448 2143
8449 3711
8450 4638
8451 2194
8452 1234
8453 491
8454 3581
8455 489
8456 4164
8457 670
8458 670
8459 380
8460 4052
8461 497
8462 3535
8463 4053
8464 917
8465 4052
8466 4576
8467 4576
8468 2054
8469 2054
8470 1276
8471 1276
8472 1276
8473 945
8474 945
8475 945
8476 943
8477 125
8478 4308
8479 945
8480 1772
8481 1772
8482 1772
8483 1772
8484 662
8485 1772
8486 1038
8487 2819
8488 2207
8489 3709
8490 3749
8491 4164
8492 1231
8493 4164
8494 1231
8495 3771
8496 2769
8497 3770
8498 3772
8499 3771
8500 410
8501 4950
8502 1114
8503 4828
8504 2693
8505 2693
8506 2693
8507 2183
8508 4183
8509 1474
8510 1474
8511 1787
8512 3208
8513 3618
8514 3208
8515 3208
8516 854
8517 1206
8518 700
8519 674
8520 1143
8521 1204
8522 2485
8523 244
8524 44
8525 244
8526 219
8527 44
8528 239
8529 3422
8530 3422
8531 3422
8532 3422
8533 3279
8534 3279
8535 3279
8536 788
8537 638
8538 4955
8539 4955
8540 188
8541 3962
8542 2460
8543 188
8544 3007
8545 499
8546 952
8547 2519
8548 2519
8549 1808
8550 1060
8551 1807
8552 1808
8553 2377
8554 2337
8555 1833
8556 1807
8557 1060
8558 1471
8559 1835
8560 1808
8561 4103
8562 4104
8563 4120
8564 681
8565 4261
8566 234
8567 1512
8568 19
8569 4189
8570 3795
8571 1795
8572 3797
8573 3795
8574 3797
8575 1655
8576 1795
8577 3796
8578 3795
8579 2872
8580 2872
8581 2749
8582 2430
8583 1406
8584 2841
8585 2595
8586 2759
8587 2595
8588 2596
8589 2595
8590 2595
8591 2620
8592 3003
8593 2759
8594 2757
8595 2169
8596 2169
8597 2379
8598 2169
8599 3545
8600 3545
8601 3545
8602 2785
8603 4763
8604 4763
8605 4584
8606 1148
8607 4584
8608 4584
8609 1270
8610 66
8611 2264
8612 2399
8613 1341
8614 1270
8615 4238
8616 2316
8617 1651
8618 3106
8619 2819
8620 4881
8621 4881
8622 1229
8623 662
8624 656
8625 855
8626 2141
8627 2141
8628 305
8629 2060
8630 917
8631 917
8632 2617
8633 1308
8634 3506
8635 1920
8636 1945
8637 34
8638 1945
8639 3897
8640 3897
8641 547
8642 1962
8643 1962
8644 1962
8645 622
8646 2102
8647 4572
8648 4572
8649 4572
8650 2928
8651 4909
8652 304
8653 366
8654 2127
8655 3588
8656 4629
8657 4629
8658 4629
8659 4629
8660 3985
8661 3985
8662 2331
8663 438
8664 3995
8665 1209
8666 702
8667 3153
8668 3153
8669 632
8670 632
8671 849
8672 1988
8673 1443
8674 600
8675 457
8676 1357
8677 1357
8678 303
8679 3673
8680 451
8681 35
8682 3673
8683 3380
8684 3433
8685 4237
8686 3380
8687 3433
8688 4759
8689 4759
8690 4848
8691 4420
8692 4420
8693 1548
8694 1548
8695 680
8696 1548
8697 4804
8698 4804
8699 3784
8700 3784
8701 4308
8702 3734
8703 3784
8704 4525
8705 4385
8706 4385
8707 3925
8708 3926
8709 3925
8710 3437
8711 2950
8712 2914
8713 3121
8714 2950
8715 2914
8716 4183
8717 749
8718 644
8719 750
8720 749
8721 749
8722 749
8723 3830
8724 2200
8725 1638
8726 3830
8727 4299
8728 4777
8729 4776
8730 4707
8731 2404
8732 4209
8733 4236
8734 2404
8735 2403
8736 4798
8737 4471
8738 4366
8739 594
8740 4471
8741 4650
8742 4650
8743 4061
8744 1618
8745 3526
8746 3526
8747 2982
8748 3687
8749 3006
8750 3112
8751 3006
8752 4620
8753 4620
8754 4620
8755 1272
8756 1272
8757 1272
8758 4331
8759 4331
8760 2509
8761 2505
8762 2507
8763 3587
8764 2527
8765 2505
8766 3099
8767 2862
8768 1541
8769 148
8770 312
8771 566
8772 330
8773 543
8774 330
8775 330
8776 330
8777 177
8778 177
8779 2403
8780 543
8781 1624
8782 3842
8783 3873
8784 1796
8785 1668
8786 1505
8787 2333
8788 1624
8789 1624
8790 1088
8791 703
8792 2265
8793 4759
8794 4826
8795 4826
8796 4048
8797 4048
8798 4048
8799 46
8800 4482
8801 2045
8802 2045
8803 135
8804 1357
8805 3115
8806 4418
8807 3239
8808 3239
8809 311
8810 4226
8811 1047
8812 65
8813 1691
8814 406
8815 1124
8816 1299
8817 3976
8818 1097
8819 4156
8820 3976
8821 1097
8822 3522
8823 3522
8824 3522
8825 3522
8826 3522
8827 2842
8828 2842
8829 2054
8830 478
8831 1310
8832 1310
8833 4653
8834 1566
8835 1640
8836 1566
8837 1848
8838 2431
8839 1566
8840 3751
8841 3751
8842 596
8843 596
8844 726
8845 1421
8846 4479
8847 178
8848 4831
8849 374
8850 178
8851 1454
8852 374
8853 1322
8854 2904
8855 1155
8856 4510
8857 1322
8858 3987
8859 900
8860 754
8861 900
8862 4322
8863 1867
8864 4324
8865 1063
8866 1668
8867 1668
8868 2945
8869 2945
8870 2945
8871 1713
8872 1713
8873 1713
8874 1683
8875 1665
8876 1613
8877 25
8878 1717
8879 4272
8880 933
8881 348
8882 337
8883 511
8884 348
8885 337
8886 1670
8887 1670
8888 1669
8889 1122
8890 255
8891 2761
8892 2760
8893 2760
8894 3332
8895 4541
8896 2782
8897 4541
8898 594
8899 2808
8900 4257
8901 60
8902 1192
8903 282
8904 65
8905 4586
8906 4120
8907 605
8908 2525
8909 2539
8910 2567
8911 2525
8912 2572
8913 2525
8914 429
8915 3750
8916 1245
8917 391
8918 3750
8919 2283
8920 4943
8921 608
8922 3990
8923 237
8924 606
8925 1452
8926 1452
8927 1452
8928 1452
8929 1617
8930 1412
8931 1452
8932 3340
8933 3340
8934 1536
8935 531
8936 1536
8937 2421
8938 2473
8939 4129
8940 4129
8941 4508
8942 3302
8943 3302
8944 3302
8945 3304
8946 3348
8947 2094
8948 3270
8949 2094
8950 2639
8951 2639
8952 2639
8953 2639
8954 4739
8955 54
8956 4425
8957 4425
8958 909
8959 3373
8960 911
8961 909
8962 103
8963 24
8964 4079
8965 2798
8966 2736
8967 2787
8968 2224
8969 4079
8970 2798
8971 3428
8972 3994
8973 4353
8974 3994
8975 3525
8976 4352
8977 4059
8978 3994
8979 4912
8980 4786
8981 4344
8982 4262
8983 4262
8984 1980
8985 1980
8986 1980
8987 1980
8988 1980
8989 1884
8990 1884
8991 1884
8992 1884
8993 2007
8994 2003
8995 2007
8996 4343
8997 3381
8998 3285
8999 3285
9000 3276
9001 3276
9002 4695
9003 230
9004 174
9005 4695
9006 4864
9007 990
9008 4694
9009 1138
9010 1138
9011 1138
9012 2936
9013 2936
9014 3115
9015 4543
9016 1232
9017 4543
9018 2275
9019 2275
9020 2275
9021 4899
9022 4899
9023 4432
9024 4432
9025 2203
9026 668
9027 1165
9028 3653
9029 2958
9030 1158
9031 1158
9032 2032
9033 2032
9034 783
9035 3431
9036 3433
9037 3431
9038 3431
9039 4951
9040 4002
9041 4001
9042 4003
9043 870
9044 870
9045 873
9046 4130
9047 444
9048 870
9049 2293
9050 816
9051 1845
9052 4521
9053 4521
9054 4521
9055 299
9056 1131
9057 623
9058 3786
9059 128
9060 529
9061 1131
9062 2991
9063 119
9064 2991
9065 764
9066 1826
9067 4929
9068 1631
9069 3364
9070 3361
9071 2811
9072 617
9073 3710
9074 2264
9075 3120
9076 3120
9077 536
9078 3239
9079 1716
9080 1716
9081 1364
9082 1364
9083 3905
9084 1364
9085 1742
9086 1364
9087 4110
9088 4110
9089 4808
9090 4110
9091 2434
9092 2434
9093 3535
9094 2957
9095 751
9096 1183
9097 1183
9098 3283
9099 3433
9100 3283
9101 3283
9102 353
9103 4721
9104 3514
9105 4779
9106 1380
9107 4978
9108 308
9109 1877
9110 1875
9111 943
9112 1100
9113 4192
9114 3905
9115 1100
9116 1628
9117 4517
9118 4517
9119 1420
9120 1420
9121 1767
9122 1420
9123 4884
9124 409
9125 4884
9126 2497
9127 697
9128 667
9129 2497
9130 697
9131 1417
9132 1715
9133 1417
9134 1042
9135 1417
9136 597
9137 2284
9138 1617
9139 2220
9140 2270
9141 1073
9142 1073
9143 1073
9144 4091
9145 4091
9146 2790
9147 192
9148 2790
9149 57
9150 2847
9151 3099
9152 4170
9153 3574
9154 252
9155 2011
9156 2011
9157 2011
9158 2011
9159 2443
9160 2626
9161 2627
9162 2626
9163 1048
9164 751
9165 163
9166 185
9167 185
9168 1342
9169 1342
9170 3571
9171 2353
9172 4778
9173 4359
9174 4126
9175 4780
9176 4778
9177 1253
9178 244
9179 4640
9180 2216
9181 1253
9182 264
9183 2365
9184 590
9185 222
9186 2365
9187 2228
9188 708
9189 2228
9190 2228
9191 2231
9192 708
9193 3248
9194 655
9195 495
9196 29
9197 126
9198 655
9199 352
9200 2822
9201 2822
9202 2806
9203 2734
9204 777
9205 1345
9206 777
9207 1019
9208 1211
9209 139
9210 1345
9211 1019
9212 2620
9213 2622
9214 2627
9215 2635
9216 2620
9217 4093
9218 4093
9219 4143
9220 2924
9221 4143
9222 4143
9223 4197
9224 475
9225 2465
9226 86
9227 1149
9228 3298
9229 3298
9230 3301
9231 3298
9232 3299
9233 3298
9234 3298
9235 3300
9236 3651
9237 971
9238 3298
9239 3350
9240 3298
9241 2298
9242 445
9243 808
9244 2298
9245 2296
9246 1638
9247 1638
9248 1638
9249 1638
9250 147
9251 2316
9252 3648
9253 4661
9254 3830
9255 3830
9256 1490
9257 3830
9258 2261
9259 1938
9260 1938
9261 1938
9262 1938
9263 2061
9264 1944
9265 1938
9266 3648
9267 3649
9268 4807
9269 133
9270 1141
9271 2443
9272 1141
9273 271
9274 1109
9275 258
9276 2347
9277 2347
9278 2492
9279 1661
9280 1752
9281 3911
9282 3910
9283 242
9284 3911
9285 3910
9286 3911
9287 3911
9288 1776
9289 1422
9290 870
9291 2294
9292 2294
9293 4939
9294 401
9295 1576
9296 401
9297 4609
9298 1392
9299 4609
9300 515
9301 1199
9302 515
9303 1199
9304 1624
9305 1639
9306 680
9307 202
9308 997
9309 2122
9310 1933
9311 4765
9312 202
9313 1270
9314 1933
9315 997
9316 1153
9317 1153
9318 1878
9319 1878
9320 180
9321 127
9322 3203
9323 176
9324 180
9325 3203
9326 4586
9327 4586
9328 4607
9329 3616
9330 3987
9331 3660
9332 3987
9333 3568
9334 3568
9335 3530
9336 3568
9337 3585
9338 3702
9339 3585
9340 3568
9341 3568
9342 593
9343 2475
9344 2468
9345 1045
9346 58
9347 2468
9348 4256
9349 4885
9350 2928
9351 192
9352 192
9353 835
9354 1298
9355 1040
9356 580
9357 4782
9358 835
9359 835
9360 3345
9361 3345
9362 3345
9363 3345
9364 3345
9365 3345
9366 725
9367 625
9368 725
9369 3091
9370 625
9371 3644
9372 4968
9373 141
9374 4633
9375 4633
9376 4300
9377 877
9378 856
9379 1253
9380 4285
9381 837
9382 1850
9383 837
9384 422
9385 2494
9386 1438
9387 1059
9388 580
9389 422
9390 1173
9391 1004
9392 2428
9393 1175
9394 1180
9395 1959
9396 1173
9397 907
9398 3388
9399 1091
9400 3925
9401 907
9402 4659
9403 4659
9404 4659
9405 2308
9406 775
9407 2308
9408 2695
9409 2581
9410 2610
9411 2610
9412 1726
9413 4292
9414 1726
9415 655
9416 144
9417 1649
9418 4657
9419 537
9420 4005
9421 4108
9422 4005
9423 352
9424 4325
9425 4108
9426 4289
9427 4514
9428 4514
9429 174
9430 1364
9431 1230
9432 2729
9433 2729
9434 2729
9435 4094
9436 4094
9437 97
9438 3469
9439 3474
9440 458
9441 2586
9442 2643
9443 2643
9444 2616
9445 2643
9446 4235
9447 2616
9448 2643
9449 1770
9450 874
9451 1770
9452 1769
9453 4855
9454 4855
9455 2485
9456 4893
9457 2227
9458 1746
9459 2227
9460 1463
9461 2235
9462 1926
9463 1746
9464 1463
9465 2231
9466 2284
9467 2227
9468 3362
9469 3362
9470 3959
9471 91
9472 3611
9473 1076
9474 469
9475 469
9476 91
9477 2529
9478 2529
9479 2529
9480 2573
9481 279
9482 462
9483 3203
9484 3727
9485 3058
9486 3480
9487 3058
9488 2851
9489 2880
9490 2872
9491 1676
9492 2880
9493 2213
9494 2213
9495 1545
9496 1305
9497 524
9498 1110
9499 2340
9500 4119
9501 4119
9502 4802
9503 300
9504 3575
9505 1983
9506 1234
9507 2083
9508 1052
9509 2083
9510 2083
9511 4012
9512 4012
9513 1386
9514 140
9515 2685
9516 63
9517 2022
9518 3479
9519 3479
9520 3479
9521 3236
9522 3238
9523 3238
9524 3236
9525 3236
9526 1187
9527 1187
9528 3408
9529 4930
9530 2064
9531 4798
9532 148
9533 1649
9534 3718
9535 3718
9536 3718
9537 4742
9538 4743
9539 4743
9540 4781
9541 4781
9542 115
9543 772
9544 3499
9545 3499
9546 1221
9547 366
9548 170
9549 170
9550 321
9551 4666
9552 347
9553 1223
9554 347
9555 347
9556 1654
9557 1684
9558 1397
9559 206
9560 111
9561 4104
9562 797
9563 3780
9564 3780
9565 4585
9566 4585
9567 3802
9568 3802
9569 260
9570 415
9571 260
9572 396
9573 2255
9574 2322
9575 396
9576 4514
9577 4514
9578 4722
9579 4456
9580 4722
9581 4147
9582 3565
9583 4972
9584 1266
9585 4247
9586 4147
9587 4224
9588 1737
9589 1731
9590 1802
9591 4224
9592 276
9593 1214
9594 1788
9595 586
9596 1112
9597 1231
9598 1112
9599 4560
9600 1775
9601 4560
9602 1206
9603 1206
9604 4950
9605 67
9606 3435
9607 3763
9608 3026
9609 3974
9610 406
9611 1792
9612 3903
9613 3903
9614 3384
9615 3651
9616 4323
9617 4216
9618 2184
9619 721
9620 3097
9621 1366
9622 721
9623 3411
9624 2598
9625 4844
9626 4844
9627 3635
9628 3635
9629 1242
9630 3635
9631 2880
9632 2880
9633 2366
9634 2366
9635 2366
9636 253
9637 230
9638 234
9639 230
9640 162
9641 162
9642 411
9643 413
9644 401
9645 1756
9646 1756
9647 375
9648 558
9649 745
9650 745
9651 282
9652 588
9653 1140
9654 2701
9655 2699
9656 2701
9657 2701
9658 2705
9659 4626
9660 4626
9661 26
9662 72
9663 4937
9664 1403
9665 78
9666 546
9667 1400
9668 3427
9669 694
9670 1006
9671 1004
9672 2232
9673 3694
9674 508
9675 508
9676 2232
9677 4448
9678 4448
9679 1723
9680 1868
9681 1723
9682 1723
9683 525
9684 3093
9685 525
9686 578
9687 1861
9688 525
9689 2176
9690 1183
9691 1183
9692 3351
9693 3351
9694 3058
9695 367
9696 1208
9697 278
9698 561
9699 278
9700 4358
9701 1551
9702 1741
9703 4358
9704 4358
9705 4358
9706 4069
9707 4358
9708 987
9709 652
9710 4811
9711 2731
9712 2731
9713 2440
9714 2440
9715 2440
9716 1619
9717 1384
9718 1619
9719 1619
9720 171
9721 171
9722 4463
9723 4463
9724 4134
9725 553
9726 3203
9727 3652
9728 2777
9729 3170
9730 3170
9731 3277
9732 713
9733 713
9734 1317
9735 779
9736 3959
9737 713
9738 3231
9739 3231
9740 186
9741 4614
9742 1197
9743 92
9744 2450
9745 157
9746 92
9747 549
9748 294
9749 22
9750 4362
9751 1553
9752 142
9753 38
9754 54
9755 3507
9756 1787
9757 4189
9758 3507
9759 3507
9760 3514
9761 1324
9762 1322
9763 2963
9764 2801
9765 2963
9766 912
9767 4146
9768 4146
9769 1915
9770 4290
9771 4290
9772 4082
9773 1390
9774 799
9775 799
9776 740
9777 799
9778 740
9779 1563
9780 1563
9781 1563
9782 536
9783 1936
9784 1935
9785 1936
9786 3088
9787 3271
9788 1883
9789 1883
9790 3646
9791 3815
9792 3931
9793 447
9794 45
9795 518
9796 1103
9797 634
9798 4604
9799 2624
9800 2624
9801 4605
9802 1330
9803 1413
9804 3978
9805 1434
9806 378
9807 2456
9808 2456
9809 4462
9810 4909
9811 4435
9812 1741
9813 4435
9814 310
9815 360
9816 3646
9817 2995
9818 2995
9819 3033
9820 2982
9821 4536
9822 4536
9823 4536
9824 4536
9825 2847
9826 123
9827 493
9828 493
9829 588
9830 4517
9831 1228
9832 2330
9833 574
9834 4517
9835 1483
9836 1408
9837 1408
9838 3427
9839 4126
9840 3937
9841 4777
9842 3937
9843 4189
9844 3215
9845 2919
9846 1626
9847 101
9848 2919
9849 1204
9850 1202
9851 780
9852 628
9853 4693
9854 4693
9855 4694
9856 1665
9857 1665
9858 3810
9859 3810
9860 537
9861 1064
9862 3195
9863 3195
9864 3195
9865 3346
9866 3202
9867 379
9868 454
9869 378
9870 378
9871 1242
9872 380
9873 453
9874 380
9875 379
9876 688
9877 944
9878 1179
9879 541
9880 1179
9881 944
9882 330
9883 330
9884 450
9885 318
9886 4824
9887 2583
9888 3780
9889 4163
9890 191
9891 1618
9892 520
9893 1818
9894 1618
9895 2178
9896 2178
9897 1901
9898 2367
9899 4280
9900 1901
9901 2211
9902 2211
9903 2367
9904 3588
9905 4410
9906 3588
9907 4720
9908 4519
9909 77
9910 3443
9911 4436
9912 1715
9913 3443
9914 3443
9915 1316
9916 4822
9917 1316
9918 4663
9919 1316
9920 1316
9921 994
9922 994
9923 1013
9924 994
9925 283
9926 410
9927 1626
9928 2094
9929 2109
9930 2094
9931 2172
9932 2094
9933 90
9934 222
9935 1639
9936 2177
9937 3870
9938 3870
9939 1046
9940 1046
9941 1433
9942 4732
9943 4736
9944 4732
9945 4732
9946 4395
9947 4395
9948 2135
9949 1918
9950 2135
9951 2136
9952 4785
9953 647
9954 687
9955 647
9956 819
9957 1816
9958 1197
9959 647
9960 4222
9961 4222
9962 1177
9963 4222
9964 4222
9965 1220
9966 83
9967 82
9968 2642
9969 658
9970 2642
9971 2642
9972 2825
9973 2825
9974 4961
9975 664
9976 4126
9977 4377
9978 520
9979 4377
9980 3321
9981 3321
9982 1275
9983 1275
9984 1275
9985 3838
9986 3837
9987 741
9988 3339
9989 3339
9990 725
9991 3176
9992 2460
9993 4195
9994 4195
9995 4195
9996 3063
9997 1685
9998 1714
9999 1144
