10000 11
10001 149
10002 136
10003 155
10004 13
10005 49
10006 68
10007 140
10008 162
10009 18
10010 94
10011 96
10012 37
10013 90
10014 16
10015 184
10016 121
10017 146
10018 137
10019 179
10020 121
10021 173
10022 4
10023 104
10024 134
10025 10
10026 144
10027 21
10028 193
10029 76
10030 98
10031 28
10032 90
10033 146
10034 178
10035 11
10036 185
10037 66
10038 13
10039 19
10040 137
10041 93
10042 34
10043 167
10044 105
10045 122
10046 158
10047 28
10048 40
10049 186
10050 165
10051 53
10052 173
10053 159
10054 55
10055 80
10056 159
10057 16
10058 90
10059 143
10060 113
10061 186
10062 156
10063 92
10064 118
10065 17
10066 97
10067 114
10068 56
10069 124
10070 77
10071 63
10072 75
10073 26
10074 126
10075 90
10076 29
10077 2
10078 121
10079 40
10080 58
10081 125
10082 87
10083 43
10084 101
10085 76
10086 113
10087 75
10088 2
10089 104
10090 39
10091 170
10092 87
10093 76
10094 188
10095 48
10096 20
10097 96
10098 194
10099 39
10100 45
10101 177
10102 36
10103 143
10104 106
10105 164
10106 65
10107 17
10108 33
10109 118
10110 101
10111 167
10112 136
10113 51
10114 71
10115 63
10116 29
10117 114
10118 43
10119 196
10120 38
10121 13
10122 194
10123 130
10124 99
10125 29
10126 141
10127 36
10128 12
10129 5
10130 28
10131 70
10132 137
10133 37
10134 32
10135 96
10136 139
10137 41
10138 57
10139 160
10140 55
10141 169
10142 199
10143 129
10144 39
10145 7
10146 130
10147 194
10148 117
10149 194
10150 50
10151 95
10152 89
10153 84
10154 189
10155 12
10156 43
10157 18
10158 102
10159 73
10160 191
10161 31
10162 70
10163 9
10164 51
10165 95
10166 74
10167 52
10168 113
10169 17
10170 194
10171 192
10172 59
10173 69
10174 93
10175 179
10176 56
10177 81
10178 87
10179 54
10180 195
10181 33
10182 1
10183 29
10184 116
10185 200
10186 85
10187 124
10188 163
10189 137
10190 164
10191 98
10192 21
10193 55
10194 157
10195 198
10196 17
10197 21
10198 6
10199 64
10200 132
10201 192
10202 174
10203 139
10204 129
10205 149
10206 172
10207 22
10208 156
10209 140
10210 103
10211 81
10212 105
10213 125
10214 105
10215 106
10216 117
10217 101
10218 85
10219 105
10220 111
10221 137
10222 151
10223 187
10224 84
10225 126
10226 145
10227 39
10228 21
10229 28
10230 146
10231 161
10232 94
10233 36
10234 127
10235 121
10236 190
10237 15
10238 139
10239 3
10240 14
10241 164
10242 134
10243 70
10244 5
10245 14
10246 40
10247 177
10248 18
10249 75
10250 32
10251 115
10252 130
10253 75
10254 62
10255 28
10256 63
10257 64
10258 50
10259 85
10260 118
10261 64
10262 79
10263 28
10264 43
10265 27
10266 99
10267 7
10268 110
10269 190
10270 40
10271 24
10272 103
10273 155
10274 181
10275 128
10276 2
10277 85
10278 63
10279 163
10280 58
10281 140
10282 90
10283 196
10284 143
10285 14
10286 176
10287 171
10288 162
10289 86
10290 196
10291 124
10292 20
10293 19
10294 94
10295 66
10296 120
10297 188
10298 85
10299 17
10300 174
10301 45
10302 128
10303 176
10304 74
10305 164
10306 19
10307 36
10308 55
10309 172
10310 38
10311 148
10312 38
10313 21
10314 80
10315 65
10316 64
10317 164
10318 136
10319 10
10320 200
10321 185
10322 42
10323 135
10324 162
10325 165
10326 116
10327 18
10328 36
10329 135
10330 101
10331 33
10332 90
10333 136
10334 189
10335 128
10336 139
10337 99
10338 187
10339 64
10340 80
10341 178
10342 39
10343 142
10344 173
10345 104
10346 173
10347 101
10348 156
10349 128
10350 182
10351 12
10352 1
10353 111
10354 13
10355 114
10356 25
10357 133
10358 163
10359 70
10360 6
10361 98
10362 32
10363 184
10364 109
10365 75
10366 112
10367 44
10368 112
10369 178
10370 78
10371 9
10372 119
10373 116
10374 111
10375 70
10376 117
10377 105
10378 182
10379 124
10380 90
10381 13
10382 176
10383 45
10384 18
10385 163
10386 39
10387 120
10388 149
10389 190
10390 79
10391 96
10392 47
10393 137
10394 127
10395 146
10396 19
10397 51
10398 198
10399 196
10400 143
10401 7
10402 9
10403 193
10404 6
10405 140
10406 76
10407 129
10408 115
10409 94
10410 83
10411 102
10412 67
10413 175
10414 141
10415 168
10416 200
10417 153
10418 183
10419 77
10420 196
10421 128
10422 4
10423 26
10424 37
10425 47
10426 26
10427 108
10428 45
10429 131
10430 180
10431 153
10432 26
10433 20
10434 179
10435 126
10436 87
10437 98
10438 192
10439 64
10440 44
10441 40
10442 134
10443 59
10444 157
10445 180
10446 147
10447 77
10448 96
10449 165
10450 165
10451 93
10452 86
10453 137
10454 146
10455 3
10456 180
10457 60
10458 157
10459 30
10460 169
10461 188
10462 138
10463 168
10464 111
10465 137
10466 75
10467 39
10468 161
10469 201
10470 117
10471 46
10472 158
10473 139
10474 5
10475 88
10476 55
10477 188
10478 145
10479 165
10480 32
10481 57
10482 109
10483 166
10484 83
10485 137
10486 118
10487 34
10488 57
10489 136
10490 141
10491 181
10492 73
10493 153
10494 9
10495 125
10496 10
10497 121
10498 151
10499 36
10500 72
10501 181
10502 73
10503 38
10504 148
10505 192
10506 154
10507 110
10508 146
10509 92
10510 21
10511 171
10512 190
10513 184
10514 69
10515 11
10516 139
10517 95
10518 2
10519 132
10520 124
10521 127
10522 180
10523 28
10524 6
10525 109
10526 28
10527 30
10528 18
10529 38
10530 128
10531 172
10532 98
10533 151
10534 178
10535 161
10536 167
10537 131
10538 144
10539 100
10540 40
10541 55
10542 27
10543 64
10544 123
10545 128
10546 34
10547 187
10548 42
10549 72
10550 143
10551 198
10552 144
10553 116
10554 114
10555 182
10556 16
10557 153
10558 75
10559 52
10560 153
10561 170
10562 40
10563 63
10564 69
10565 104
10566 56
10567 162
10568 64
10569 46
10570 145
10571 29
10572 23
10573 60
10574 11
10575 170
10576 69
10577 95
10578 158
10579 106
10580 106
10581 200
10582 61
10583 105
10584 95
10585 59
10586 6
10587 145
10588 126
10589 138
10590 68
10591 33
10592 81
10593 161
10594 45
10595 24
10596 86
10597 67
10598 87
10599 178
10600 1
10601 196
10602 200
10603 24
10604 104
10605 105
10606 174
10607 36
10608 144
10609 10
10610 133
10611 169
10612 115
10613 32
10614 7
10615 47
10616 102
10617 2
10618 25
10619 65
10620 9
10621 107
10622 27
10623 142
10624 142
10625 87
10626 63
10627 69
10628 186
10629 125
10630 144
10631 116
10632 199
10633 98
10634 34
10635 182
10636 79
10637 73
10638 166
10639 141
10640 147
10641 194
10642 141
10643 112
10644 85
10645 63
10646 186
10647 76
10648 2
10649 141
10650 125
10651 196
10652 197
10653 174
10654 106
10655 198
10656 181
10657 2
10658 194
10659 174
10660 109
10661 106
10662 61
10663 125
10664 53
10665 148
10666 2
10667 59
10668 31
10669 46
10670 137
10671 123
10672 105
10673 96
10674 18
10675 90
10676 24
10677 122
10678 82
10679 169
10680 56
10681 122
10682 171
10683 83
10684 19
10685 116
10686 179
10687 66
10688 129
10689 22
10690 26
10691 75
10692 128
10693 38
10694 181
10695 155
10696 5
10697 60
10698 112
10699 180
10700 82
10701 77
10702 117
10703 99
10704 177
10705 189
10706 123
10707 130
10708 88
10709 26
10710 91
10711 29
10712 200
10713 53
10714 84
10715 98
10716 155
10717 88
10718 171
10719 149
10720 179
10721 91
10722 172
10723 93
10724 141
10725 183
10726 116
10727 168
10728 14
10729 154
10730 16
10731 104
10732 62
10733 72
10734 84
10735 120
10736 114
10737 36
10738 35
10739 38
10740 67
10741 148
10742 168
10743 5
10744 107
10745 41
10746 198
10747 1
10748 135
10749 109
10750 164
10751 20
10752 71
10753 198
10754 29
10755 93
10756 159
10757 171
10758 124
10759 98
10760 99
10761 5
10762 12
10763 52
10764 178
10765 85
10766 182
10767 176
10768 27
10769 39
10770 27
10771 85
10772 79
10773 97
10774 186
10775 25
10776 58
10777 201
10778 124
10779 30
10780 115
10781 40
10782 164
10783 29
10784 43
10785 7
10786 130
10787 125
10788 164
10789 32
10790 143
10791 176
10792 129
10793 156
10794 161
10795 5
10796 94
10797 121
10798 51
10799 30
10800 143
10801 47
10802 39
10803 6
10804 39
10805 175
10806 199
10807 133
10808 162
10809 11
10810 139
10811 57
10812 47
10813 16
10814 143
10815 165
10816 119
10817 14
10818 6
10819 42
10820 106
10821 114
10822 184
10823 152
10824 96
10825 152
10826 74
10827 142
10828 161
10829 5
10830 57
10831 41
10832 194
10833 137
10834 179
10835 76
10836 1
10837 190
10838 113
10839 17
10840 7
10841 132
10842 68
10843 118
10844 165
10845 16
10846 155
10847 199
10848 153
10849 123
10850 5
10851 41
10852 89
10853 129
10854 71
10855 151
10856 118
10857 106
10858 184
10859 35
10860 90
10861 64
10862 129
10863 126
10864 55
10865 177
10866 113
10867 136
10868 177
10869 23
10870 117
10871 29
10872 33
10873 123
10874 77
10875 71
10876 183
10877 134
10878 191
10879 115
10880 16
10881 29
10882 180
10883 138
10884 161
10885 168
10886 173
10887 57
10888 153
10889 180
10890 41
10891 56
10892 28
10893 153
10894 130
10895 119
10896 14
10897 15
10898 128
10899 112
10900 121
10901 26
10902 28
10903 42
10904 35
10905 179
10906 58
10907 174
10908 80
10909 100
10910 45
10911 99
10912 23
10913 66
10914 170
10915 157
10916 12
10917 0
10918 49
10919 88
10920 45
10921 23
10922 199
10923 79
10924 26
10925 47
10926 17
10927 163
10928 34
10929 39
10930 14
10931 143
10932 0
10933 186
10934 49
10935 107
10936 132
10937 146
10938 20
10939 175
10940 131
10941 179
10942 121
10943 155
10944 59
10945 29
10946 72
10947 189
10948 8
10949 31
10950 49
10951 127
10952 15
10953 82
10954 127
10955 125
10956 99
10957 43
10958 174
10959 3
10960 54
10961 201
10962 167
10963 40
10964 6
10965 59
10966 21
10967 103
10968 158
10969 26
10970 77
10971 164
10972 32
10973 185
10974 20
10975 80
10976 52
10977 2
10978 52
10979 74
10980 171
10981 173
10982 150
10983 196
10984 77
10985 90
10986 87
10987 168
10988 36
10989 79
10990 155
10991 10
10992 98
10993 191
10994 39
10995 1
10996 28
10997 11
10998 79
10999 84
11000 44
11001 188
11002 64
11003 184
11004 129
11005 141
11006 73
11007 180
11008 85
11009 102
11010 126
11011 100
11012 60
11013 106
11014 58
11015 195
11016 187
11017 160
11018 169
11019 199
11020 99
11021 183
11022 0
11023 174
11024 81
11025 180
11026 22
11027 64
11028 198
11029 176
11030 106
11031 99
11032 123
11033 146
11034 151
11035 66
11036 160
11037 141
11038 156
11039 57
11040 18
11041 155
11042 182
11043 47
11044 193
11045 72
11046 135
11047 68
11048 133
11049 57
11050 125
11051 23
11052 28
11053 125
11054 122
11055 184
11056 71
11057 41
11058 54
11059 178
11060 76
11061 123
11062 77
11063 29
11064 185
11065 42
11066 16
11067 149
11068 179
11069 188
11070 10
11071 87
11072 116
11073 3
11074 193
11075 25
11076 183
11077 110
11078 5
11079 46
11080 6
11081 84
11082 172
11083 87
11084 147
11085 78
11086 151
11087 122
11088 47
11089 65
11090 1
11091 50
11092 81
11093 96
11094 190
11095 167
11096 194
11097 152
11098 0
11099 99
11100 116
11101 165
11102 193
11103 158
11104 77
11105 61
11106 141
11107 161
11108 173
11109 140
11110 78
11111 192
11112 38
11113 152
11114 112
11115 62
11116 166
11117 81
11118 30
11119 130
11120 64
11121 100
11122 41
11123 120
11124 190
11125 191
11126 117
11127 87
11128 145
11129 32
11130 25
11131 27
11132 39
11133 103
11134 74
11135 108
11136 172
11137 99
11138 14
11139 118
11140 72
11141 113
11142 41
11143 85
11144 107
11145 201
11146 57
11147 41
11148 2
11149 68
11150 23
11151 18
11152 130
11153 120
11154 87
11155 4
11156 39
11157 90
11158 145
11159 61
11160 148
11161 16
11162 134
11163 85
11164 35
11165 137
11166 62
11167 131
11168 39
11169 170
11170 121
11171 114
11172 144
11173 90
11174 123
11175 78
11176 35
11177 167
11178 105
11179 157
11180 163
11181 39
11182 183
11183 177
11184 3
11185 99
11186 90
11187 78
11188 70
11189 55
11190 99
11191 88
11192 126
11193 161
11194 119
11195 194
11196 164
11197 125
11198 96
11199 36
11200 120
11201 78
11202 43
11203 61
11204 46
11205 185
11206 85
11207 4
11208 184
11209 154
11210 133
11211 47
11212 160
11213 18
11214 122
11215 185
11216 99
11217 44
11218 14
11219 53
11220 54
11221 65
11222 191
11223 63
11224 165
11225 13
11226 162
11227 45
11228 145
11229 200
11230 75
11231 128
11232 14
11233 99
11234 41
11235 150
11236 162
11237 79
11238 86
11239 162
11240 61
11241 123
11242 37
11243 197
11244 193
11245 158
11246 78
11247 17
11248 110
11249 159
11250 49
11251 127
11252 77
11253 113
11254 170
11255 175
11256 119
11257 1
11258 3
11259 138
11260 19
11261 149
11262 41
11263 37
11264 9
11265 22
11266 191
11267 28
11268 80
11269 12
11270 51
11271 53
11272 172
11273 170
11274 45
11275 21
11276 20
11277 178
11278 105
11279 200
11280 142
11281 72
11282 65
11283 136
11284 177
11285 157
11286 186
11287 21
11288 11
11289 130
11290 104
11291 92
11292 169
11293 172
11294 1
11295 65
11296 148
11297 13
11298 68
11299 155
11300 52
11301 169
11302 156
11303 189
11304 61
11305 15
11306 143
11307 124
11308 81
11309 168
11310 146
11311 187
11312 114
11313 7
11314 103
11315 28
11316 133
11317 183
11318 177
11319 186
11320 55
11321 173
11322 18
11323 91
11324 160
11325 8
11326 1
11327 11
11328 113
11329 12
11330 101
11331 129
11332 17
11333 95
11334 91
11335 118
11336 43
11337 115
11338 200
11339 118
11340 128
11341 73
11342 117
11343 136
11344 156
11345 122
11346 194
11347 141
11348 156
11349 91
11350 133
11351 176
11352 135
11353 133
11354 80
11355 91
11356 89
11357 54
11358 196
11359 10
11360 106
11361 59
11362 61
11363 6
11364 130
11365 8
11366 30
11367 86
11368 184
11369 4
11370 56
11371 198
11372 177
11373 9
11374 176
11375 26
11376 18
11377 12
11378 199
11379 100
11380 156
11381 82
11382 124
11383 104
11384 94
11385 103
11386 122
11387 61
11388 131
11389 60
11390 161
11391 119
11392 17
11393 200
11394 31
11395 71
11396 130
11397 146
11398 112
11399 168
11400 102
11401 195
11402 174
11403 19
11404 49
11405 160
11406 130
11407 144
11408 76
11409 37
11410 187
11411 172
11412 159
11413 80
11414 85
11415 20
11416 141
11417 91
11418 22
11419 177
11420 155
11421 67
11422 8
11423 201
11424 111
11425 15
11426 75
11427 168
11428 24
11429 57
11430 56
11431 145
11432 62
11433 100
11434 151
11435 100
11436 33
11437 145
11438 105
11439 121
11440 147
11441 46
11442 84
11443 87
11444 20
11445 97
11446 137
11447 99
11448 34
11449 193
11450 200
11451 175
11452 130
11453 163
11454 186
11455 2
11456 68
11457 183
11458 164
11459 16
11460 182
11461 107
11462 78
11463 122
11464 149
11465 116
11466 179
11467 18
11468 98
11469 149
11470 13
11471 108
11472 80
11473 166
11474 152
11475 181
11476 129
11477 147
11478 83
11479 186
11480 90
11481 3
11482 196
11483 167
11484 80
11485 177
11486 152
11487 179
11488 107
11489 158
11490 57
11491 60
11492 44
11493 169
11494 130
11495 127
11496 34
11497 131
11498 69
11499 125
11500 180
11501 162
11502 106
11503 141
11504 31
11505 134
11506 40
11507 55
11508 15
11509 79
11510 117
11511 142
11512 105
11513 199
11514 172
11515 95
11516 4
11517 74
11518 142
11519 184
11520 126
11521 34
11522 73
11523 148
11524 132
11525 124
11526 53
11527 109
11528 96
11529 169
11530 39
11531 28
11532 119
11533 174
11534 47
11535 33
11536 22
11537 133
11538 63
11539 31
11540 31
11541 191
11542 64
11543 46
11544 61
11545 198
11546 45
11547 192
11548 81
11549 137
11550 167
11551 20
11552 69
11553 182
11554 27
11555 174
11556 16
11557 111
11558 194
11559 9
11560 82
11561 156
11562 21
11563 141
11564 148
11565 132
11566 147
11567 170
11568 12
11569 48
11570 96
11571 19
11572 52
11573 200
11574 41
11575 17
11576 177
11577 13
11578 162
11579 88
11580 78
11581 64
11582 167
11583 178
11584 110
11585 201
11586 146
11587 103
11588 159
11589 29
11590 76
11591 166
11592 7
11593 118
11594 120
11595 60
11596 155
11597 35
11598 162
11599 64
11600 118
11601 20
11602 83
11603 29
11604 106
11605 10
11606 49
11607 168
11608 105
11609 145
11610 61
11611 130
11612 142
11613 108
11614 96
11615 80
11616 183
11617 179
11618 171
11619 37
11620 84
11621 79
11622 153
11623 93
11624 156
11625 122
11626 37
11627 75
11628 41
11629 97
11630 41
11631 150
11632 158
11633 137
11634 32
11635 165
11636 178
11637 26
11638 184
11639 11
11640 22
11641 84
11642 135
11643 155
11644 32
11645 35
11646 59
11647 181
11648 169
11649 105
11650 182
11651 164
11652 55
11653 167
11654 84
11655 192
11656 34
11657 41
11658 154
11659 156
11660 151
11661 179
11662 12
11663 116
11664 159
11665 101
11666 120
11667 158
11668 92
11669 25
11670 182
11671 104
11672 147
11673 186
11674 140
11675 61
11676 93
11677 74
11678 8
11679 77
11680 28
11681 127
11682 135
11683 130
11684 37
11685 26
11686 83
11687 150
11688 121
11689 190
11690 150
11691 14
11692 146
11693 57
11694 31
11695 32
11696 64
11697 162
11698 199
11699 123
11700 168
11701 122
11702 127
11703 150
11704 28
11705 62
11706 58
11707 91
11708 155
11709 125
11710 117
11711 30
11712 60
11713 23
11714 167
11715 162
11716 190
11717 36
11718 144
11719 74
11720 17
11721 100
11722 135
11723 38
11724 93
11725 15
11726 171
11727 56
11728 162
11729 170
11730 188
11731 26
11732 190
11733 23
11734 170
11735 25
11736 79
11737 97
11738 168
11739 41
11740 68
11741 163
11742 58
11743 102
11744 23
11745 181
11746 18
11747 99
11748 53
11749 19
11750 132
11751 89
11752 199
11753 103
11754 134
11755 159
11756 100
11757 91
11758 96
11759 195
11760 115
11761 49
11762 95
11763 192
11764 102
11765 189
11766 108
11767 47
11768 11
11769 118
11770 15
11771 118
11772 25
11773 149
11774 83
11775 180
11776 79
11777 33
11778 59
11779 60
11780 0
11781 135
11782 11
11783 194
11784 79
11785 1
11786 42
11787 91
11788 103
11789 191
11790 177
11791 41
11792 7
11793 149
11794 102
11795 141
11796 14
11797 107
11798 192
11799 98
11800 162
11801 139
11802 40
11803 44
11804 12
11805 135
11806 17
11807 131
11808 88
11809 110
11810 83
11811 152
11812 26
11813 3
11814 126
11815 12
11816 76
11817 104
11818 25
11819 112
11820 2
11821 37
11822 163
11823 185
11824 33
11825 193
11826 14
11827 159
11828 140
11829 112
11830 90
11831 17
11832 107
11833 8
11834 68
11835 158
11836 104
11837 84
11838 33
11839 186
11840 78
11841 31
11842 193
11843 97
11844 58
11845 18
11846 82
11847 182
11848 116
11849 133
11850 99
11851 154
11852 20
11853 68
11854 57
11855 138
11856 183
11857 7
11858 131
11859 146
11860 148
11861 193
11862 86
11863 30
11864 147
11865 119
11866 191
11867 76
11868 115
11869 34
11870 96
11871 163
11872 128
11873 4
11874 90
11875 26
11876 33
11877 100
11878 173
11879 27
11880 56
11881 16
11882 79
11883 142
11884 154
11885 25
11886 39
11887 162
11888 132
11889 148
11890 145
11891 42
11892 132
11893 159
11894 37
11895 180
11896 55
11897 141
11898 163
11899 67
11900 64
11901 147
11902 70
11903 87
11904 155
11905 172
11906 32
11907 11
11908 26
11909 105
11910 175
11911 190
11912 51
11913 124
11914 26
11915 131
11916 189
11917 63
11918 130
11919 112
11920 132
11921 153
11922 110
11923 27
11924 133
11925 3
11926 162
11927 107
11928 110
11929 115
11930 77
11931 128
11932 125
11933 65
11934 184
11935 174
11936 98
11937 91
11938 100
11939 94
11940 49
11941 100
11942 18
11943 112
11944 166
11945 94
11946 29
11947 102
11948 39
11949 194
11950 163
11951 130
11952 131
11953 71
11954 36
11955 70
11956 171
11957 137
11958 16
11959 129
11960 154
11961 34
11962 171
11963 126
11964 107
11965 119
11966 82
11967 167
11968 116
11969 195
11970 32
11971 1
11972 86
11973 193
11974 139
11975 87
11976 32
11977 54
11978 198
11979 97
11980 10
11981 201
11982 147
11983 51
11984 196
11985 110
11986 29
11987 107
11988 30
11989 127
11990 22
11991 9
11992 3
11993 21
11994 137
11995 174
11996 87
11997 187
11998 32
11999 147
12000 40
12001 30
12002 188
12003 185
12004 189
12005 142
12006 106
12007 144
12008 45
12009 179
12010 201
12011 117
12012 96
12013 54
12014 165
12015 172
12016 58
12017 157
12018 101
12019 13
12020 153
12021 86
12022 79
12023 64
12024 177
12025 6
12026 184
12027 29
12028 157
12029 58
12030 190
12031 119
12032 141
12033 26
12034 162
12035 14
12036 137
12037 41
12038 40
12039 190
12040 42
12041 97
12042 193
12043 99
12044 135
12045 2
12046 34
12047 15
12048 111
12049 11
12050 123
12051 129
12052 109
12053 193
12054 171
12055 156
12056 74
12057 139
12058 34
12059 184
12060 28
12061 106
12062 40
12063 6
12064 122
12065 184
12066 23
12067 193
12068 29
12069 131
12070 23
12071 9
12072 11
12073 187
12074 76
12075 193
12076 162
12077 15
12078 102
12079 178
12080 18
12081 108
12082 144
12083 123
12084 22
12085 97
12086 201
12087 45
12088 184
12089 189
12090 90
12091 134
12092 112
12093 71
12094 77
12095 48
12096 73
12097 153
12098 143
12099 124
12100 100
12101 196
12102 45
12103 197
12104 102
12105 102
12106 3
12107 0
12108 98
12109 69
12110 129
12111 41
12112 167
12113 9
12114 95
12115 45
12116 33
12117 32
12118 6
12119 80
12120 92
12121 107
12122 94
12123 159
12124 170
12125 12
12126 151
12127 85
12128 26
12129 9
12130 185
12131 102
12132 124
12133 9
12134 166
12135 197
12136 62
12137 30
12138 141
12139 77
12140 47
12141 155
12142 198
12143 154
12144 15
12145 185
12146 77
12147 125
12148 112
12149 6
12150 110
12151 110
12152 108
12153 82
12154 129
12155 187
12156 41
12157 162
12158 53
12159 24
12160 43
12161 84
12162 32
12163 3
12164 118
12165 18
12166 33
12167 75
12168 63
12169 15
12170 81
12171 77
12172 77
12173 19
12174 137
12175 176
12176 98
12177 187
12178 30
12179 85
12180 100
12181 189
12182 23
12183 186
12184 11
12185 190
12186 45
12187 43
12188 131
12189 111
12190 103
12191 151
12192 7
12193 22
12194 59
12195 51
12196 123
12197 69
12198 45
12199 18
12200 199
12201 7
12202 176
12203 66
12204 2
12205 39
12206 2
12207 190
12208 159
12209 140
12210 33
12211 98
12212 139
12213 74
12214 181
12215 109
12216 195
12217 195
12218 158
12219 62
12220 130
12221 12
12222 125
12223 21
12224 131
12225 196
12226 32
12227 159
12228 41
12229 44
12230 176
12231 41
12232 22
12233 110
12234 4
12235 135
12236 46
12237 132
12238 184
12239 183
12240 117
12241 165
12242 172
12243 138
12244 16
12245 134
12246 171
12247 185
12248 42
12249 93
12250 120
12251 120
12252 180
12253 181
12254 158
12255 2
12256 109
12257 188
12258 163
12259 127
12260 104
12261 66
12262 66
12263 198
12264 60
12265 128
12266 115
12267 49
12268 126
12269 199
12270 68
12271 75
12272 4
12273 114
12274 54
12275 129
12276 12
12277 40
12278 188
12279 60
12280 45
12281 156
12282 142
12283 75
12284 14
12285 186
12286 179
12287 177
12288 118
12289 14
12290 163
12291 149
12292 32
12293 120
12294 130
12295 24
12296 144
12297 45
12298 195
12299 32
12300 118
12301 122
12302 117
12303 92
12304 48
12305 113
12306 126
12307 42
12308 138
12309 156
12310 184
12311 38
12312 152
12313 18
12314 152
12315 3
12316 117
12317 10
12318 92
12319 72
12320 23
12321 39
12322 55
12323 35
12324 91
12325 38
12326 154
12327 174
12328 115
12329 10
12330 22
12331 6
12332 71
12333 167
12334 13
12335 179
12336 194
12337 78
12338 114
12339 23
12340 138
12341 197
12342 132
12343 153
12344 191
12345 154
12346 174
12347 125
12348 114
12349 28
12350 45
12351 52
12352 185
12353 176
12354 87
12355 33
12356 70
12357 165
12358 27
12359 20
12360 144
12361 153
12362 31
12363 173
12364 154
12365 63
12366 137
12367 60
12368 159
12369 200
12370 48
12371 170
12372 132
12373 19
12374 164
12375 113
12376 157
12377 127
12378 133
12379 133
12380 153
12381 173
12382 19
12383 156
12384 35
12385 101
12386 160
12387 23
12388 98
12389 59
12390 170
12391 166
12392 83
12393 180
12394 190
12395 47
12396 115
12397 189
12398 0
12399 195
12400 47
12401 104
12402 174
12403 88
12404 22
12405 100
12406 96
12407 67
12408 131
12409 65
12410 8
12411 61
12412 184
12413 150
12414 69
12415 41
12416 32
12417 119
12418 88
12419 6
12420 48
12421 139
12422 96
12423 108
12424 194
12425 112
12426 27
12427 48
12428 165
12429 4
12430 77
12431 186
12432 157
12433 151
12434 183
12435 190
12436 81
12437 109
12438 18
12439 64
12440 12
12441 91
12442 170
12443 8
12444 101
12445 183
12446 101
12447 75
12448 99
12449 41
12450 177
12451 164
12452 40
12453 193
12454 25
12455 110
12456 112
12457 28
12458 73
12459 7
12460 192
12461 184
12462 107
12463 139
12464 66
12465 105
12466 110
12467 13
12468 199
12469 195
12470 143
12471 82
12472 192
12473 29
12474 160
12475 63
12476 34
12477 187
12478 35
12479 140
12480 24
12481 15
12482 146
12483 16
12484 19
12485 15
12486 123
12487 32
12488 77
12489 197
12490 27
12491 29
12492 199
12493 101
12494 120
12495 97
12496 122
12497 119
12498 159
12499 12
12500 102
12501 57
12502 53
12503 45
12504 177
12505 142
12506 125
12507 94
12508 194
12509 77
12510 154
12511 115
12512 166
12513 159
12514 140
12515 136
12516 64
12517 157
12518 173
12519 2
12520 106
12521 41
12522 92
12523 131
12524 68
12525 0
12526 98
12527 94
12528 56
12529 82
12530 94
12531 3
12532 73
12533 107
12534 10
12535 193
12536 176
12537 69
12538 126
12539 118
12540 155
12541 103
12542 77
12543 126
12544 99
12545 46
12546 2
12547 105
12548 20
12549 27
12550 161
12551 133
12552 55
12553 131
12554 62
12555 14
12556 190
12557 2
12558 165
12559 173
12560 190
12561 26
12562 118
12563 48
12564 18
12565 71
12566 42
12567 198
12568 152
12569 72
12570 13
12571 2
12572 69
12573 20
12574 42
12575 49
12576 149
12577 106
12578 82
12579 35
12580 108
12581 70
12582 183
12583 6
12584 36
12585 136
12586 149
12587 17
12588 93
12589 28
12590 18
12591 45
12592 7
12593 36
12594 106
12595 14
12596 142
12597 55
12598 151
12599 72
12600 181
12601 180
12602 65
12603 6
12604 65
12605 27
12606 135
12607 84
12608 164
12609 185
12610 113
12611 15
12612 119
12613 78
12614 165
12615 39
12616 163
12617 183
12618 19
12619 68
12620 166
12621 69
12622 136
12623 88
12624 5
12625 65
12626 40
12627 103
12628 19
12629 67
12630 41
12631 187
12632 178
12633 154
12634 5
12635 143
12636 46
12637 176
12638 89
12639 175
12640 111
12641 85
12642 70
12643 4
12644 183
12645 149
12646 82
12647 49
12648 83
12649 192
12650 29
12651 7
12652 18
12653 51
12654 117
12655 171
12656 200
12657 112
12658 25
12659 165
12660 92
12661 60
12662 34
12663 199
12664 38
12665 126
12666 181
12667 111
12668 190
12669 76
12670 192
12671 14
12672 90
12673 47
12674 39
12675 102
12676 13
12677 184
12678 85
12679 162
12680 143
12681 147
12682 146
12683 40
12684 109
12685 132
12686 139
12687 123
12688 194
12689 97
12690 124
12691 90
12692 2
12693 113
12694 141
12695 87
12696 28
12697 151
12698 99
12699 116
12700 19
12701 134
12702 70
12703 14
12704 4
12705 178
12706 29
12707 173
12708 3
12709 138
12710 138
12711 148
12712 25
12713 31
12714 155
12715 36
12716 56
12717 89
12718 175
12719 156
12720 55
12721 177
12722 12
12723 124
12724 102
12725 7
12726 25
12727 194
12728 82
12729 121
12730 173
12731 99
12732 111
12733 129
12734 82
12735 44
12736 156
12737 46
12738 102
12739 160
12740 147
12741 195
12742 146
12743 201
12744 92
12745 122
12746 187
12747 15
12748 127
12749 188
12750 112
12751 169
12752 179
12753 12
12754 125
12755 169
12756 11
12757 31
12758 133
12759 69
12760 45
12761 186
12762 173
12763 44
12764 154
12765 27
12766 78
12767 43
12768 160
12769 8
12770 39
12771 145
12772 170
12773 186
12774 53
12775 3
12776 57
12777 127
12778 31
12779 67
12780 64
12781 122
12782 7
12783 106
12784 153
12785 80
12786 176
12787 146
12788 187
12789 108
12790 7
12791 131
12792 186
12793 46
12794 127
12795 37
12796 57
12797 100
12798 177
12799 58
12800 78
12801 42
12802 22
12803 138
12804 90
12805 101
12806 171
12807 105
12808 48
12809 183
12810 78
12811 155
12812 129
12813 198
12814 173
12815 67
12816 109
12817 157
12818 176
12819 171
12820 119
12821 131
12822 141
12823 75
12824 95
12825 185
12826 102
12827 34
12828 77
12829 132
12830 195
12831 20
12832 162
12833 89
12834 121
12835 10
12836 77
12837 134
12838 11
12839 171
12840 55
12841 7
12842 111
12843 93
12844 90
12845 109
12846 59
12847 19
12848 79
12849 145
12850 72
12851 172
12852 154
12853 79
12854 200
12855 25
12856 20
12857 135
12858 190
12859 93
12860 51
12861 182
12862 30
12863 4
12864 114
12865 12
12866 131
12867 129
12868 167
12869 115
12870 30
12871 44
12872 32
12873 158
12874 16
12875 69
12876 60
12877 95
12878 90
12879 164
12880 47
12881 103
12882 12
12883 123
12884 12
12885 200
12886 85
12887 74
12888 108
12889 53
12890 114
12891 11
12892 88
12893 174
12894 115
12895 38
12896 135
12897 75
12898 177
12899 16
12900 24
12901 102
12902 130
12903 7
12904 131
12905 70
12906 72
12907 80
12908 101
12909 65
12910 100
12911 184
12912 34
12913 55
12914 103
12915 140
12916 144
12917 110
12918 194
12919 192
12920 164
12921 175
12922 94
12923 122
12924 52
12925 124
12926 50
12927 83
12928 4
12929 42
12930 141
12931 56
12932 192
12933 52
12934 122
12935 155
12936 148
12937 51
12938 55
12939 19
12940 171
12941 72
12942 28
12943 133
12944 90
12945 201
12946 111
12947 23
12948 33
12949 80
12950 72
12951 134
12952 179
12953 62
12954 194
12955 125
12956 32
12957 123
12958 126
12959 192
12960 79
12961 78
12962 28
12963 127
12964 18
12965 120
12966 157
12967 114
12968 97
12969 4
12970 184
12971 117
12972 8
12973 36
12974 153
12975 56
12976 123
12977 91
12978 73
12979 111
12980 105
12981 153
12982 4
12983 36
12984 86
12985 113
12986 170
12987 121
12988 6
12989 122
12990 5
12991 20
12992 53
12993 87
12994 193
12995 14
12996 128
12997 165
12998 84
12999 29
13000 178
13001 162
13002 72
13003 6
13004 165
13005 133
13006 2
13007 32
13008 57
13009 29
13010 106
13011 149
13012 12
13013 110
13014 164
13015 193
13016 142
13017 104
13018 35
13019 141
13020 9
13021 73
13022 69
13023 25
13024 63
13025 88
13026 3
13027 12
13028 187
13029 31
13030 46
13031 55
13032 95
13033 159
13034 37
13035 3
13036 73
13037 22
13038 17
13039 8
13040 91
13041 152
13042 131
13043 77
13044 133
13045 178
13046 25
13047 116
13048 36
13049 40
13050 95
13051 13
13052 54
13053 9
13054 51
13055 100
13056 42
13057 0
13058 11
13059 81
13060 57
13061 126
13062 99
13063 196
13064 142
13065 53
13066 117
13067 27
13068 178
13069 106
13070 26
13071 55
13072 157
13073 83
13074 173
13075 122
13076 42
13077 26
13078 13
13079 119
13080 80
13081 117
13082 177
13083 97
13084 196
13085 96
13086 39
13087 6
13088 68
13089 61
13090 86
13091 168
13092 140
13093 31
13094 125
13095 197
13096 176
13097 76
13098 108
13099 173
13100 130
13101 136
13102 174
13103 98
13104 97
13105 59
13106 122
13107 168
13108 167
13109 0
13110 139
13111 106
13112 101
13113 82
13114 143
13115 167
13116 19
13117 176
13118 44
13119 144
13120 66
13121 141
13122 191
13123 51
13124 195
13125 157
13126 31
13127 165
13128 79
13129 103
13130 139
13131 5
13132 70
13133 160
13134 103
13135 67
13136 198
13137 174
13138 26
13139 165
13140 44
13141 141
13142 97
13143 48
13144 37
13145 90
13146 62
13147 103
13148 193
13149 130
13150 89
13151 177
13152 159
13153 80
13154 122
13155 138
13156 149
13157 20
13158 157
13159 9
13160 191
13161 136
13162 116
13163 100
13164 103
13165 49
13166 159
13167 201
13168 51
13169 120
13170 3
13171 60
13172 75
13173 61
13174 85
13175 113
13176 9
13177 149
13178 150
13179 181
13180 66
13181 135
13182 99
13183 52
13184 139
13185 147
13186 177
13187 8
13188 31
13189 200
13190 96
13191 49
13192 183
13193 37
13194 132
13195 175
13196 75
13197 85
13198 118
13199 21
13200 116
13201 147
13202 154
13203 79
13204 109
13205 179
13206 60
13207 29
13208 14
13209 133
13210 22
13211 169
13212 39
13213 112
13214 10
13215 179
13216 176
13217 65
13218 151
13219 36
13220 78
13221 192
13222 62
13223 160
13224 26
13225 12
13226 175
13227 178
13228 185
13229 126
13230 170
13231 6
13232 34
13233 9
13234 68
13235 68
13236 118
13237 49
13238 118
13239 64
13240 133
13241 132
13242 14
13243 144
13244 133
13245 179
13246 20
13247 39
13248 181
13249 160
13250 29
13251 43
13252 31
13253 72
13254 22
13255 166
13256 36
13257 120
13258 126
13259 137
13260 171
13261 129
13262 103
13263 94
13264 52
13265 46
13266 52
13267 105
13268 174
13269 163
13270 111
13271 84
13272 101
13273 135
13274 0
13275 18
13276 18
13277 102
13278 32
13279 178
13280 143
13281 105
13282 178
13283 49
13284 180
13285 41
13286 68
13287 70
13288 123
13289 200
13290 51
13291 104
13292 194
13293 74
13294 102
13295 161
13296 163
13297 93
13298 171
13299 135
13300 121
13301 127
13302 137
13303 8
13304 12
13305 101
13306 129
13307 196
13308 135
13309 128
13310 149
13311 39
13312 197
13313 94
13314 156
13315 175
13316 54
13317 27
13318 44
13319 103
13320 84
13321 194
13322 117
13323 68
13324 85
13325 78
13326 58
13327 183
13328 158
13329 73
13330 130
13331 104
13332 97
13333 65
13334 179
13335 42
13336 20
13337 127
13338 104
13339 125
13340 65
13341 107
13342 86
13343 5
13344 175
13345 142
13346 76
13347 157
13348 6
13349 13
13350 150
13351 113
13352 170
13353 194
13354 17
13355 144
13356 96
13357 76
13358 78
13359 66
13360 34
13361 179
13362 195
13363 171
13364 94
13365 48
13366 7
13367 176
13368 127
13369 197
13370 146
13371 96
13372 86
13373 192
13374 4
13375 103
13376 189
13377 188
13378 86
13379 41
13380 164
13381 188
13382 107
13383 169
13384 129
13385 151
13386 194
13387 19
13388 95
13389 165
13390 79
13391 101
13392 198
13393 129
13394 143
13395 82
13396 66
13397 35
13398 143
13399 82
13400 102
13401 144
13402 32
13403 54
13404 173
13405 95
13406 81
13407 152
13408 161
13409 103
13410 15
13411 147
13412 142
13413 14
13414 73
13415 48
13416 6
13417 187
13418 22
13419 199
13420 19
13421 118
13422 7
13423 100
13424 36
13425 138
13426 89
13427 63
13428 156
13429 89
13430 65
13431 3
13432 62
13433 73
13434 152
13435 125
13436 25
13437 9
13438 149
13439 127
13440 180
13441 91
13442 67
13443 49
13444 186
13445 191
13446 163
13447 39
13448 198
13449 134
13450 198
13451 175
13452 157
13453 152
13454 185
13455 142
13456 12
13457 4
13458 30
13459 49
13460 178
13461 129
13462 137
13463 18
13464 136
13465 5
13466 100
13467 171
13468 104
13469 146
13470 6
13471 38
13472 145
13473 6
13474 20
13475 154
13476 51
13477 186
13478 14
13479 169
13480 2
13481 197
13482 6
13483 190
13484 87
13485 106
13486 115
13487 90
13488 142
13489 56
13490 44
13491 190
13492 183
13493 45
13494 131
13495 52
13496 171
13497 165
13498 91
13499 140
13500 130
13501 88
13502 163
13503 125
13504 135
13505 114
13506 138
13507 176
13508 153
13509 113
13510 119
13511 128
13512 149
13513 163
13514 57
13515 190
13516 3
13517 2
13518 126
13519 87
13520 61
13521 192
13522 16
13523 174
13524 138
13525 7
13526 32
13527 14
13528 10
13529 45
13530 67
13531 106
13532 119
13533 133
13534 106
13535 179
13536 63
13537 4
13538 130
13539 116
13540 38
13541 57
13542 53
13543 4
13544 105
13545 38
13546 164
13547 73
13548 34
13549 78
13550 70
13551 29
13552 183
13553 145
13554 17
13555 105
13556 189
13557 37
13558 64
13559 66
13560 21
13561 23
13562 123
13563 95
13564 51
13565 103
13566 10
13567 18
13568 37
13569 86
13570 109
13571 187
13572 140
13573 196
13574 85
13575 195
13576 18
13577 59
13578 89
13579 92
13580 103
13581 128
13582 135
13583 60
13584 18
13585 118
13586 197
13587 16
13588 25
13589 120
13590 173
13591 25
13592 23
13593 56
13594 185
13595 183
13596 26
13597 145
13598 118
13599 167
13600 99
13601 21
13602 40
13603 18
13604 49
13605 197
13606 48
13607 107
13608 79
13609 118
13610 137
13611 38
13612 168
13613 5
13614 139
13615 64
13616 43
13617 80
13618 169
13619 106
13620 16
13621 113
13622 87
13623 106
13624 143
13625 177
13626 123
13627 197
13628 116
13629 13
13630 34
13631 54
13632 100
13633 182
13634 27
13635 197
13636 150
13637 154
13638 39
13639 112
13640 177
13641 136
13642 132
13643 76
13644 117
13645 163
13646 3
13647 3
13648 187
13649 54
13650 82
13651 138
13652 19
13653 118
13654 189
13655 166
13656 190
13657 21
13658 85
13659 60
13660 176
13661 171
13662 196
13663 34
13664 116
13665 66
13666 122
13667 108
13668 32
13669 166
13670 53
13671 88
13672 120
13673 38
13674 33
13675 143
13676 51
13677 196
13678 127
13679 40
13680 118
13681 164
13682 109
13683 96
13684 29
13685 54
13686 147
13687 196
13688 200
13689 32
13690 65
13691 175
13692 137
13693 103
13694 164
13695 76
13696 11
13697 158
13698 201
13699 82
13700 88
13701 44
13702 166
13703 136
13704 194
13705 21
13706 168
13707 51
13708 59
13709 62
13710 22
13711 40
13712 76
13713 82
13714 136
13715 32
13716 91
13717 126
13718 81
13719 50
13720 4
13721 95
13722 67
13723 137
13724 22
13725 23
13726 133
13727 74
13728 71
13729 73
13730 167
13731 76
13732 157
13733 134
13734 49
13735 84
13736 125
13737 151
13738 177
13739 161
13740 90
13741 132
13742 19
13743 171
13744 164
13745 180
13746 180
13747 97
13748 35
13749 69
13750 102
13751 28
13752 121
13753 139
13754 48
13755 199
13756 189
13757 56
13758 34
13759 179
13760 88
13761 155
13762 60
13763 144
13764 53
13765 145
13766 108
13767 43
13768 198
13769 120
13770 47
13771 11
13772 148
13773 25
13774 150
13775 98
13776 169
13777 85
13778 141
13779 38
13780 72
13781 165
13782 42
13783 196
13784 117
13785 120
13786 37
13787 130
13788 43
13789 43
13790 121
13791 138
13792 170
13793 146
13794 75
13795 46
13796 26
13797 128
13798 119
13799 192
13800 177
13801 80
13802 148
13803 32
13804 81
13805 75
13806 15
13807 178
13808 154
13809 151
13810 150
13811 63
13812 1
13813 47
13814 151
13815 80
13816 137
13817 119
13818 123
13819 198
13820 126
13821 107
13822 164
13823 21
13824 184
13825 187
13826 72
13827 109
13828 96
13829 121
13830 41
13831 72
13832 43
13833 4
13834 15
13835 14
13836 15
13837 148
13838 39
13839 52
13840 100
13841 200
13842 16
13843 68
13844 44
13845 154
13846 7
13847 33
13848 160
13849 58
13850 14
13851 165
13852 120
13853 69
13854 146
13855 53
13856 188
13857 165
13858 24
13859 175
13860 113
13861 58
13862 186
13863 42
13864 188
13865 89
13866 115
13867 172
13868 75
13869 140
13870 53
13871 196
13872 153
13873 96
13874 21
13875 144
13876 23
13877 68
13878 119
13879 74
13880 8
13881 84
13882 143
13883 43
13884 87
13885 55
13886 109
13887 158
13888 84
13889 10
13890 113
13891 44
13892 111
13893 85
13894 87
13895 185
13896 26
13897 52
13898 5
13899 4
13900 21
13901 101
13902 61
13903 153
13904 114
13905 114
13906 6
13907 157
13908 80
13909 86
13910 105
13911 158
13912 10
13913 79
13914 13
13915 108
13916 58
13917 0
13918 99
13919 113
13920 19
13921 123
13922 93
13923 121
13924 109
13925 64
13926 42
13927 53
13928 56
13929 104
13930 96
13931 41
13932 194
13933 21
13934 107
13935 169
13936 44
13937 59
13938 133
13939 127
13940 22
13941 60
13942 181
13943 193
13944 38
13945 38
13946 0
13947 85
13948 83
13949 44
13950 109
13951 66
13952 90
13953 104
13954 127
13955 170
13956 180
13957 105
13958 147
13959 110
13960 126
13961 106
13962 82
13963 27
13964 163
13965 126
13966 87
13967 54
13968 64
13969 145
13970 178
13971 161
13972 107
13973 87
13974 76
13975 38
13976 167
13977 102
13978 184
13979 8
13980 54
13981 97
13982 105
13983 76
13984 55
13985 137
13986 149
13987 142
13988 24
13989 91
13990 161
13991 169
13992 146
13993 68
13994 104
13995 180
13996 17
13997 41
13998 197
13999 36
14000 53
14001 137
14002 40
14003 167
14004 194
14005 79
14006 93
14007 38
14008 200
14009 160
14010 8
14011 36
14012 163
14013 49
14014 11
14015 55
14016 57
14017 171
14018 159
14019 61
14020 36
14021 4
14022 71
14023 92
14024 84
14025 68
14026 0
14027 179
14028 105
14029 30
14030 146
14031 53
14032 176
14033 139
14034 79
14035 191
14036 20
14037 110
14038 5
14039 83
14040 94
14041 15
14042 138
14043 33
14044 11
14045 144
14046 125
14047 132
14048 85
14049 43
14050 79
14051 119
14052 66
14053 185
14054 36
14055 11
14056 75
14057 29
14058 168
14059 196
14060 157
14061 48
14062 97
14063 36
14064 166
14065 198
14066 16
14067 41
14068 91
14069 100
14070 14
14071 177
14072 108
14073 91
14074 4
14075 5
14076 30
14077 162
14078 88
14079 110
14080 76
14081 86
14082 92
14083 43
14084 151
14085 36
14086 20
14087 173
14088 34
14089 32
14090 98
14091 182
14092 8
14093 81
14094 68
14095 56
14096 182
14097 86
14098 79
14099 8
14100 58
14101 106
14102 18
14103 20
14104 170
14105 46
14106 156
14107 110
14108 164
14109 16
14110 0
14111 124
14112 99
14113 16
14114 12
14115 162
14116 12
14117 175
14118 159
14119 78
14120 28
14121 12
14122 74
14123 143
14124 105
14125 98
14126 113
14127 184
14128 65
14129 194
14130 56
14131 114
14132 127
14133 59
14134 42
14135 151
14136 140
14137 199
14138 180
14139 127
14140 171
14141 115
14142 70
14143 37
14144 172
14145 24
14146 42
14147 6
14148 87
14149 105
14150 172
14151 88
14152 72
14153 125
14154 121
14155 68
14156 11
14157 73
14158 67
14159 35
14160 30
14161 171
14162 8
14163 50
14164 147
14165 176
14166 129
14167 17
14168 13
14169 86
14170 142
14171 116
14172 157
14173 124
14174 153
14175 134
14176 125
14177 75
14178 82
14179 128
14180 178
14181 68
14182 51
14183 42
14184 23
14185 159
14186 169
14187 93
14188 67
14189 74
14190 35
14191 200
14192 144
14193 195
14194 57
14195 198
14196 13
14197 47
14198 179
14199 66
14200 123
14201 45
14202 74
14203 83
14204 9
14205 9
14206 161
14207 118
14208 153
14209 51
14210 32
14211 174
14212 171
14213 87
14214 45
14215 150
14216 158
14217 2
14218 117
14219 18
14220 16
14221 139
14222 20
14223 183
14224 40
14225 154
14226 39
14227 63
14228 199
14229 201
14230 69
14231 119
14232 8
14233 173
14234 118
14235 161
14236 160
14237 108
14238 194
14239 122
14240 48
14241 147
14242 194
14243 46
14244 120
14245 113
14246 36
14247 144
14248 192
14249 147
14250 150
14251 134
14252 136
14253 133
14254 85
14255 107
14256 149
14257 53
14258 88
14259 54
14260 37
14261 126
14262 43
14263 126
14264 145
14265 61
14266 123
14267 184
14268 21
14269 183
14270 114
14271 103
14272 83
14273 143
14274 23
14275 72
14276 74
14277 132
14278 64
14279 16
14280 149
14281 157
14282 159
14283 178
14284 114
14285 13
14286 127
14287 165
14288 23
14289 63
14290 42
14291 147
14292 60
14293 103
14294 199
14295 144
14296 63
14297 49
14298 187
14299 148
14300 1
14301 132
14302 134
14303 86
14304 118
14305 179
14306 62
14307 19
14308 4
14309 85
14310 125
14311 36
14312 143
14313 11
14314 36
14315 166
14316 53
14317 123
14318 186
14319 88
14320 101
14321 15
14322 68
14323 35
14324 121
14325 57
14326 195
14327 197
14328 140
14329 4
14330 165
14331 171
14332 115
14333 187
14334 89
14335 124
14336 89
14337 94
14338 174
14339 96
14340 24
14341 4
14342 119
14343 158
14344 169
14345 15
14346 180
14347 130
14348 43
14349 84
14350 49
14351 174
14352 125
14353 153
14354 23
14355 192
14356 177
14357 160
14358 147
14359 176
14360 79
14361 114
14362 69
14363 27
14364 64
14365 92
14366 13
14367 90
14368 166
14369 170
14370 103
14371 6
14372 165
14373 153
14374 140
14375 145
14376 139
14377 133
14378 71
14379 78
14380 130
14381 156
14382 96
14383 119
14384 139
14385 153
14386 63
14387 109
14388 127
14389 190
14390 98
14391 130
14392 112
14393 106
14394 62
14395 7
14396 52
14397 69
14398 40
14399 178
14400 144
14401 128
14402 161
14403 0
14404 103
14405 112
14406 181
14407 5
14408 90
14409 197
14410 197
14411 93
14412 64
14413 42
14414 146
14415 168
14416 17
14417 184
14418 44
14419 6
14420 10
14421 5
14422 72
14423 0
14424 89
14425 59
14426 150
14427 198
14428 113
14429 125
14430 20
14431 7
14432 164
14433 200
14434 65
14435 102
14436 201
14437 112
14438 166
14439 22
14440 16
14441 151
14442 30
14443 9
14444 64
14445 18
14446 1
14447 27
14448 140
14449 94
14450 113
14451 155
14452 34
14453 170
14454 92
14455 78
14456 190
14457 70
14458 133
14459 192
14460 122
14461 201
14462 196
14463 91
14464 143
14465 161
14466 50
14467 183
14468 43
14469 132
14470 135
14471 149
14472 161
14473 65
14474 46
14475 170
14476 90
14477 94
14478 48
14479 199
14480 53
14481 25
14482 77
14483 62
14484 76
14485 166
14486 70
14487 195
14488 10
14489 69
14490 75
14491 192
14492 2
14493 60
14494 18
14495 92
14496 20
14497 175
14498 99
14499 123
14500 103
14501 45
14502 112
14503 194
14504 50
14505 88
14506 149
14507 1
14508 83
14509 104
14510 187
14511 114
14512 109
14513 35
14514 159
14515 59
14516 52
14517 97
14518 158
14519 77
14520 183
14521 76
14522 74
14523 182
14524 117
14525 24
14526 56
14527 104
14528 169
14529 142
14530 191
14531 40
14532 193
14533 95
14534 69
14535 59
14536 93
14537 47
14538 102
14539 77
14540 4
14541 13
14542 129
14543 7
14544 36
14545 25
14546 14
14547 21
14548 182
14549 45
14550 182
14551 106
14552 110
14553 95
14554 141
14555 16
14556 135
14557 146
14558 160
14559 62
14560 179
14561 79
14562 18
14563 1
14564 139
14565 197
14566 66
14567 176
14568 201
14569 164
14570 111
14571 125
14572 173
14573 170
14574 112
14575 137
14576 105
14577 138
14578 124
14579 66
14580 155
14581 32
14582 18
14583 106
14584 186
14585 194
14586 37
14587 65
14588 17
14589 90
14590 22
14591 52
14592 143
14593 112
14594 58
14595 63
14596 5
14597 60
14598 165
14599 73
14600 96
14601 38
14602 136
14603 180
14604 135
14605 53
14606 135
14607 190
14608 143
14609 190
14610 152
14611 82
14612 189
14613 40
14614 179
14615 196
14616 200
14617 191
14618 54
14619 53
14620 128
14621 191
14622 89
14623 75
14624 94
14625 195
14626 56
14627 65
14628 127
14629 166
14630 1
14631 114
14632 50
14633 86
14634 4
14635 150
14636 157
14637 132
14638 99
14639 78
14640 43
14641 100
14642 198
14643 39
14644 160
14645 18
14646 71
14647 44
14648 27
14649 44
14650 17
14651 156
14652 2
14653 27
14654 188
14655 87
14656 34
14657 21
14658 120
14659 68
14660 33
14661 46
14662 134
14663 149
14664 115
14665 93
14666 40
14667 110
14668 70
14669 108
14670 168
14671 92
14672 192
14673 1
14674 3
14675 57
14676 10
14677 35
14678 45
14679 174
14680 96
14681 80
14682 57
14683 89
14684 75
14685 130
14686 148
14687 157
14688 68
14689 11
14690 0
14691 194
14692 165
14693 146
14694 24
14695 24
14696 57
14697 15
14698 31
14699 63
14700 98
14701 164
14702 18
14703 1
14704 170
14705 24
14706 164
14707 82
14708 121
14709 41
14710 75
14711 49
14712 157
14713 106
14714 37
14715 82
14716 19
14717 127
14718 134
14719 71
14720 37
14721 61
14722 192
14723 114
14724 131
14725 21
14726 69
14727 110
14728 118
14729 0
14730 175
14731 151
14732 197
14733 93
14734 180
14735 147
14736 52
14737 19
14738 130
14739 70
14740 87
14741 90
14742 126
14743 9
14744 115
14745 19
14746 70
14747 163
14748 15
14749 185
14750 166
14751 122
14752 22
14753 107
14754 78
14755 182
14756 27
14757 22
14758 112
14759 191
14760 102
14761 32
14762 101
14763 81
14764 74
14765 117
14766 41
14767 162
14768 84
14769 124
14770 158
14771 2
14772 89
14773 14
14774 7
14775 5
14776 79
14777 121
14778 33
14779 134
14780 120
14781 55
14782 114
14783 176
14784 93
14785 192
14786 4
14787 201
14788 118
14789 49
14790 33
14791 150
14792 189
14793 11
14794 64
14795 117
14796 35
14797 93
14798 195
14799 200
14800 139
14801 24
14802 87
14803 162
14804 85
14805 111
14806 153
14807 48
14808 197
14809 192
14810 186
14811 114
14812 39
14813 56
14814 8
14815 122
14816 37
14817 19
14818 114
14819 192
14820 196
14821 86
14822 55
14823 145
14824 87
14825 86
14826 31
14827 76
14828 198
14829 7
14830 84
14831 116
14832 137
14833 40
14834 30
14835 58
14836 184
14837 60
14838 153
14839 67
14840 167
14841 173
14842 180
14843 138
14844 122
14845 24
14846 84
14847 182
14848 147
14849 160
14850 191
14851 200
14852 28
14853 178
14854 45
14855 196
14856 168
14857 164
14858 37
14859 138
14860 68
14861 2
14862 108
14863 156
14864 134
14865 110
14866 130
14867 138
14868 186
14869 66
14870 129
14871 152
14872 30
14873 105
14874 22
14875 86
14876 12
14877 83
14878 37
14879 42
14880 151
14881 88
14882 157
14883 115
14884 58
14885 20
14886 72
14887 68
14888 7
14889 119
14890 65
14891 166
14892 138
14893 66
14894 195
14895 138
14896 127
14897 196
14898 6
14899 132
14900 141
14901 171
14902 113
14903 130
14904 173
14905 102
14906 133
14907 72
14908 137
14909 98
14910 106
14911 17
14912 189
14913 197
14914 95
14915 7
14916 169
14917 77
14918 64
14919 24
14920 183
14921 112
14922 57
14923 70
14924 181
14925 87
14926 137
14927 165
14928 162
14929 170
14930 9
14931 50
14932 101
14933 82
14934 176
14935 23
14936 152
14937 169
14938 59
14939 17
14940 52
14941 192
14942 47
14943 95
14944 189
14945 15
14946 102
14947 109
14948 154
14949 163
14950 75
14951 39
14952 62
14953 52
14954 112
14955 95
14956 197
14957 83
14958 32
14959 187
14960 10
14961 173
14962 123
14963 167
14964 74
14965 122
14966 164
14967 169
14968 1
14969 102
14970 198
14971 106
14972 23
14973 170
14974 135
14975 136
14976 163
14977 49
14978 110
14979 71
14980 143
14981 141
14982 165
14983 160
14984 139
14985 186
14986 151
14987 201
14988 171
14989 183
14990 142
14991 153
14992 26
14993 125
14994 112
14995 87
14996 69
14997 159
14998 135
14999 70
