15000 170
15001 24
15002 86
15003 13
15004 143
15005 160
15006 83
15007 82
15008 105
15009 195
15010 55
15011 139
15012 149
15013 129
15014 9
15015 125
15016 162
15017 57
15018 35
15019 9
15020 187
15021 161
15022 67
15023 64
15024 89
15025 16
15026 149
15027 62
15028 106
15029 120
15030 114
15031 20
15032 81
15033 75
15034 175
15035 180
15036 24
15037 38
15038 152
15039 59
15040 83
15041 166
15042 35
15043 119
15044 177
15045 54
15046 99
15047 178
15048 113
15049 30
15050 53
15051 37
15052 172
15053 31
15054 179
15055 43
15056 6
15057 98
15058 125
15059 133
15060 0
15061 2
15062 80
15063 181
15064 76
15065 117
15066 147
15067 93
15068 164
15069 71
15070 91
15071 79
15072 199
15073 15
15074 19
15075 2
15076 144
15077 177
15078 163
15079 108
15080 36
15081 77
15082 59
15083 171
15084 160
15085 186
15086 35
15087 110
15088 49
15089 130
15090 32
15091 5
15092 20
15093 148
15094 129
15095 193
15096 14
15097 196
15098 183
15099 184
15100 91
15101 193
15102 23
15103 167
15104 170
15105 134
15106 153
15107 145
15108 56
15109 39
15110 135
15111 121
15112 140
15113 173
15114 38
15115 82
15116 86
15117 42
15118 3
15119 154
15120 106
15121 185
15122 136
15123 30
15124 36
15125 85
15126 80
15127 96
15128 154
15129 162
15130 47
15131 201
15132 65
15133 83
15134 129
15135 116
15136 70
15137 63
15138 72
15139 19
15140 108
15141 87
15142 187
15143 3
15144 154
15145 102
15146 165
15147 164
15148 143
15149 104
15150 136
15151 70
15152 95
15153 88
15154 77
15155 117
15156 108
15157 90
15158 63
15159 48
15160 64
15161 25
15162 71
15163 179
15164 12
15165 45
15166 125
15167 0
15168 42
15169 158
15170 63
15171 3
15172 144
15173 34
15174 49
15175 15
15176 115
15177 56
15178 144
15179 127
15180 172
15181 150
15182 45
15183 159
15184 91
15185 16
15186 188
15187 182
15188 70
15189 37
15190 195
15191 165
15192 74
15193 124
15194 166
15195 82
15196 101
15197 131
15198 73
15199 95
15200 134
15201 96
15202 51
15203 128
15204 187
15205 66
15206 33
15207 196
15208 127
15209 3
15210 193
15211 68
15212 7
15213 119
15214 185
15215 136
15216 160
15217 111
15218 143
15219 25
15220 111
15221 26
15222 67
15223 19
15224 66
15225 139
15226 159
15227 180
15228 146
15229 71
15230 190
15231 120
15232 195
15233 83
15234 40
15235 74
15236 126
15237 127
15238 1
15239 129
15240 59
15241 21
15242 18
15243 192
15244 39
15245 24
15246 106
15247 42
15248 156
15249 36
15250 128
15251 191
15252 190
15253 125
15254 112
15255 132
15256 138
15257 152
15258 22
15259 155
15260 60
15261 70
15262 14
15263 152
15264 152
15265 2
15266 123
15267 3
15268 129
15269 128
15270 62
15271 2
15272 145
15273 164
15274 163
15275 134
15276 201
15277 98
15278 114
15279 196
15280 188
15281 10
15282 149
15283 156
15284 149
15285 4
15286 46
15287 143
15288 49
15289 178
15290 162
15291 11
15292 142
15293 69
15294 31
15295 199
15296 163
15297 44
15298 16
15299 16
15300 153
15301 119
15302 63
15303 7
15304 189
15305 41
15306 63
15307 93
15308 55
15309 9
15310 104
15311 62
15312 118
15313 136
15314 195
15315 85
15316 79
15317 84
15318 67
15319 131
15320 185
15321 109
15322 80
15323 21
15324 111
15325 17
15326 17
15327 108
15328 191
15329 61
15330 80
15331 12
15332 61
15333 7
15334 198
15335 96
15336 99
15337 82
15338 91
15339 140
15340 110
15341 67
15342 52
15343 145
15344 81
15345 47
15346 128
15347 192
15348 197
15349 118
15350 5
15351 147
15352 130
15353 118
15354 5
15355 8
15356 195
15357 77
15358 70
15359 59
15360 66
15361 116
15362 133
15363 59
15364 170
15365 50
15366 97
15367 65
15368 99
15369 162
15370 32
15371 57
15372 87
15373 62
15374 49
15375 187
15376 30
15377 188
15378 171
15379 58
15380 162
15381 170
15382 140
15383 174
15384 108
15385 167
15386 29
15387 143
15388 184
15389 4
15390 82
15391 192
15392 90
15393 124
15394 173
15395 134
15396 97
15397 170
15398 201
15399 53
15400 136
15401 198
15402 14
15403 41
15404 115
15405 180
15406 173
15407 36
15408 88
15409 51
15410 88
15411 118
15412 17
15413 63
15414 111
15415 157
15416 76
15417 100
15418 98
15419 189
15420 160
15421 172
15422 106
15423 154
15424 54
15425 190
15426 132
15427 113
15428 168
15429 73
15430 195
15431 54
15432 177
15433 116
15434 189
15435 106
15436 39
15437 43
15438 56
15439 58
15440 138
15441 127
15442 106
15443 31
15444 65
15445 111
15446 120
15447 40
15448 98
15449 159
15450 64
15451 113
15452 16
15453 126
15454 196
15455 147
15456 141
15457 150
15458 15
15459 79
15460 110
15461 147
15462 24
15463 159
15464 113
15465 16
15466 131
15467 164
15468 166
15469 118
15470 3
15471 85
15472 58
15473 26
15474 60
15475 189
15476 173
15477 94
15478 180
15479 34
15480 42
15481 176
15482 41
15483 51
15484 115
15485 191
15486 134
15487 36
15488 154
15489 200
15490 37
15491 151
15492 59
15493 194
15494 66
15495 39
15496 58
15497 117
15498 131
15499 76
15500 199
15501 200
15502 112
15503 144
15504 115
15505 78
15506 52
15507 55
15508 158
15509 147
15510 105
15511 182
15512 77
15513 53
15514 143
15515 98
15516 122
15517 143
15518 191
15519 60
15520 158
15521 128
15522 14
15523 45
15524 51
15525 193
15526 43
15527 83
15528 99
15529 83
15530 76
15531 117
15532 61
15533 142
15534 4
15535 39
15536 153
15537 150
15538 96
15539 188
15540 101
15541 187
15542 154
15543 176
15544 75
15545 77
15546 140
15547 134
15548 29
15549 132
15550 43
15551 152
15552 124
15553 127
15554 81
15555 110
15556 196
15557 140
15558 30
15559 54
15560 163
15561 105
15562 115
15563 57
15564 149
15565 8
15566 126
15567 165
15568 176
15569 101
15570 185
15571 43
15572 23
15573 141
15574 83
15575 151
15576 138
15577 32
15578 188
15579 7
15580 94
15581 20
15582 101
15583 115
15584 57
15585 141
15586 71
15587 116
15588 146
15589 73
15590 44
15591 45
15592 167
15593 121
15594 99
15595 107
15596 109
15597 87
15598 34
15599 3
15600 24
15601 58
15602 54
15603 168
15604 42
15605 103
15606 82
15607 172
15608 113
15609 35
15610 159
15611 37
15612 81
15613 183
15614 176
15615 135
15616 82
15617 107
15618 119
15619 116
15620 78
15621 41
15622 31
15623 157
15624 95
15625 98
15626 120
15627 75
15628 192
15629 56
15630 48
15631 187
15632 23
15633 30
15634 108
15635 81
15636 53
15637 55
15638 179
15639 160
15640 186
15641 122
15642 153
15643 119
15644 118
15645 114
15646 188
15647 59
15648 25
15649 9
15650 15
15651 13
15652 106
15653 196
15654 185
15655 103
15656 14
15657 26
15658 100
15659 24
15660 182
15661 172
15662 198
15663 39
15664 134
15665 54
15666 72
15667 42
15668 179
15669 175
15670 132
15671 135
15672 76
15673 52
15674 24
15675 44
15676 32
15677 31
15678 76
15679 183
15680 74
15681 148
15682 32
15683 77
15684 88
15685 200
15686 96
15687 85
15688 93
15689 59
15690 137
15691 102
15692 30
15693 103
15694 53
15695 120
15696 166
15697 160
15698 70
15699 137
15700 79
15701 160
15702 165
15703 156
15704 80
15705 65
15706 30
15707 56
15708 128
15709 55
15710 120
15711 54
15712 33
15713 192
15714 51
15715 70
15716 174
15717 21
15718 95
15719 133
15720 173
15721 64
15722 29
15723 181
15724 162
15725 52
15726 92
15727 186
15728 192
15729 192
15730 98
15731 178
15732 95
15733 174
15734 114
15735 114
15736 139
15737 131
15738 80
15739 118
15740 136
15741 102
15742 95
15743 38
15744 98
15745 133
15746 103
15747 162
15748 166
15749 70
15750 134
15751 77
15752 127
15753 160
15754 107
15755 110
15756 192
15757 76
15758 89
15759 177
15760 57
15761 53
15762 5
15763 127
15764 101
15765 90
15766 153
15767 101
15768 49
15769 173
15770 90
15771 58
15772 168
15773 169
15774 81
15775 191
15776 46
15777 31
15778 23
15779 13
15780 168
15781 182
15782 123
15783 27
15784 98
15785 13
15786 159
15787 77
15788 164
15789 153
15790 201
15791 69
15792 37
15793 189
15794 38
15795 54
15796 96
15797 46
15798 77
15799 167
15800 165
15801 147
15802 164
15803 89
15804 142
15805 52
15806 196
15807 10
15808 183
15809 63
15810 47
15811 184
15812 197
15813 30
15814 201
15815 20
15816 84
15817 186
15818 195
15819 105
15820 41
15821 159
15822 79
15823 49
15824 183
15825 114
15826 146
15827 192
15828 114
15829 191
15830 197
15831 38
15832 34
15833 94
15834 108
15835 64
15836 65
15837 170
15838 121
15839 39
15840 49
15841 19
15842 158
15843 102
15844 2
15845 180
15846 7
15847 61
15848 194
15849 149
15850 111
15851 61
15852 78
15853 166
15854 5
15855 69
15856 116
15857 113
15858 186
15859 68
15860 146
15861 76
15862 59
15863 97
15864 180
15865 171
15866 7
15867 188
15868 103
15869 80
15870 31
15871 138
15872 40
15873 27
15874 159
15875 40
15876 176
15877 62
15878 122
15879 11
15880 60
15881 31
15882 8
15883 14
15884 48
15885 45
15886 108
15887 173
15888 165
15889 76
15890 41
15891 189
15892 120
15893 194
15894 26
15895 129
15896 56
15897 175
15898 13
15899 99
15900 80
15901 198
15902 169
15903 106
15904 146
15905 55
15906 103
15907 22
15908 73
15909 60
15910 99
15911 34
15912 58
15913 11
15914 184
15915 151
15916 102
15917 133
15918 57
15919 75
15920 58
15921 136
15922 140
15923 190
15924 114
15925 164
15926 161
15927 91
15928 93
15929 9
15930 97
15931 168
15932 90
15933 67
15934 47
15935 197
15936 76
15937 107
15938 100
15939 170
15940 25
15941 88
15942 66
15943 27
15944 165
15945 42
15946 89
15947 33
15948 49
15949 20
15950 133
15951 57
15952 37
15953 151
15954 164
15955 0
15956 142
15957 18
15958 155
15959 5
15960 148
15961 183
15962 136
15963 122
15964 169
15965 15
15966 73
15967 93
15968 37
15969 34
15970 17
15971 187
15972 114
15973 95
15974 191
15975 45
15976 109
15977 182
15978 97
15979 182
15980 6
15981 35
15982 66
15983 26
15984 160
15985 95
15986 72
15987 163
15988 26
15989 72
15990 125
15991 109
15992 67
15993 106
15994 47
15995 13
15996 79
15997 56
15998 85
15999 128
16000 63
16001 31
16002 136
16003 61
16004 162
16005 199
16006 118
16007 153
16008 67
16009 136
16010 128
16011 149
16012 134
16013 164
16014 162
16015 98
16016 164
16017 56
16018 139
16019 7
16020 125
16021 152
16022 83
16023 87
16024 154
16025 154
16026 96
16027 48
16028 20
16029 175
16030 27
16031 80
16032 64
16033 173
16034 77
16035 43
16036 56
16037 130
16038 123
16039 197
16040 107
16041 144
16042 113
16043 142
16044 71
16045 141
16046 166
16047 37
16048 113
16049 112
16050 195
16051 114
16052 20
16053 47
16054 144
16055 87
16056 133
16057 187
16058 81
16059 85
16060 73
16061 148
16062 14
16063 98
16064 155
16065 73
16066 172
16067 67
16068 57
16069 57
16070 83
16071 80
16072 3
16073 192
16074 16
16075 119
16076 200
16077 173
16078 111
16079 67
16080 195
16081 185
16082 71
16083 56
16084 67
16085 30
16086 0
16087 155
16088 144
16089 65
16090 68
16091 128
16092 59
16093 129
16094 27
16095 55
16096 191
16097 138
16098 183
16099 200
16100 156
16101 185
16102 76
16103 18
16104 25
16105 84
16106 201
16107 69
16108 146
16109 73
16110 77
16111 146
16112 127
16113 92
16114 137
16115 49
16116 51
16117 26
16118 91
16119 175
16120 168
16121 144
16122 76
16123 93
16124 157
16125 61
16126 155
16127 183
16128 4
16129 132
16130 189
16131 96
16132 79
16133 51
16134 9
16135 199
16136 20
16137 88
16138 77
16139 76
16140 4
16141 170
16142 49
16143 57
16144 106
16145 94
16146 158
16147 161
16148 74
16149 56
16150 20
16151 37
16152 65
16153 73
16154 49
16155 155
16156 179
16157 177
16158 20
16159 73
16160 174
16161 73
16162 9
16163 84
16164 47
16165 121
16166 69
16167 98
16168 125
16169 11
16170 134
16171 10
16172 187
16173 152
16174 67
16175 15
16176 12
16177 24
16178 151
16179 185
16180 32
16181 73
16182 10
16183 157
16184 161
16185 174
16186 145
16187 28
16188 35
16189 100
16190 123
16191 68
16192 135
16193 15
16194 8
16195 30
16196 199
16197 36
16198 174
16199 50
16200 83
16201 121
16202 97
16203 157
16204 14
16205 88
16206 56
16207 61
16208 91
16209 34
16210 25
16211 66
16212 47
16213 127
16214 141
16215 195
16216 133
16217 175
16218 67
16219 109
16220 6
16221 144
16222 137
16223 140
16224 27
16225 78
16226 48
16227 172
16228 176
16229 56
16230 16
16231 19
16232 167
16233 19
16234 136
16235 18
16236 164
16237 178
16238 115
16239 29
16240 159
16241 14
16242 8
16243 116
16244 143
16245 151
16246 35
16247 85
16248 192
16249 24
16250 173
16251 145
16252 89
16253 33
16254 152
16255 126
16256 29
16257 1
16258 10
16259 130
16260 118
16261 76
16262 46
16263 82
16264 158
16265 149
16266 81
16267 122
16268 173
16269 90
16270 161
16271 140
16272 12
16273 140
16274 141
16275 99
16276 28
16277 12
16278 176
16279 185
16280 188
16281 53
16282 185
16283 38
16284 194
16285 201
16286 116
16287 140
16288 54
16289 24
16290 136
16291 6
16292 28
16293 167
16294 174
16295 172
16296 41
16297 40
16298 189
16299 38
16300 29
16301 189
16302 172
16303 46
16304 53
16305 64
16306 65
16307 71
16308 169
16309 167
16310 164
16311 132
16312 185
16313 45
16314 5
16315 174
16316 94
16317 74
16318 96
16319 112
16320 71
16321 198
16322 157
16323 157
16324 82
16325 124
16326 68
16327 24
16328 137
16329 126
16330 145
16331 133
16332 77
16333 141
16334 29
16335 12
16336 25
16337 52
16338 166
16339 73
16340 93
16341 176
16342 77
16343 188
16344 95
16345 95
16346 38
16347 61
16348 102
16349 8
16350 67
16351 88
16352 21
16353 157
16354 162
16355 200
16356 57
16357 23
16358 132
16359 12
16360 100
16361 37
16362 2
16363 169
16364 62
16365 66
16366 66
16367 183
16368 92
16369 27
16370 177
16371 106
16372 169
16373 34
16374 160
16375 160
16376 119
16377 163
16378 17
16379 67
16380 51
16381 44
16382 132
16383 86
16384 40
16385 149
16386 6
16387 46
16388 127
16389 4
16390 20
16391 27
16392 200
16393 124
16394 92
16395 109
16396 47
16397 45
16398 8
16399 52
16400 29
16401 110
16402 117
16403 25
16404 153
16405 178
16406 179
16407 97
16408 94
16409 121
16410 88
16411 19
16412 194
16413 169
16414 161
16415 157
16416 146
16417 120
16418 79
16419 150
16420 18
16421 134
16422 29
16423 160
16424 71
16425 164
16426 103
16427 52
16428 15
16429 20
16430 29
16431 77
16432 30
16433 32
16434 177
16435 81
16436 189
16437 68
16438 199
16439 126
16440 9
16441 35
16442 13
16443 81
16444 137
16445 82
16446 93
16447 26
16448 56
16449 90
16450 77
16451 124
16452 104
16453 152
16454 64
16455 65
16456 130
16457 13
16458 132
16459 51
16460 201
16461 110
16462 26
16463 95
16464 28
16465 165
16466 65
16467 19
16468 67
16469 51
16470 167
16471 7
16472 47
16473 6
16474 75
16475 95
16476 179
16477 181
16478 39
16479 177
16480 121
16481 170
16482 67
16483 149
16484 11
16485 59
16486 51
16487 172
16488 143
16489 35
16490 172
16491 193
16492 39
16493 191
16494 84
16495 38
16496 142
16497 18
16498 71
16499 71
16500 70
16501 190
16502 120
16503 105
16504 101
16505 13
16506 54
16507 185
16508 124
16509 193
16510 43
16511 137
16512 162
16513 58
16514 114
16515 12
16516 116
16517 89
16518 15
16519 170
16520 71
16521 83
16522 69
16523 115
16524 25
16525 191
16526 13
16527 190
16528 162
16529 74
16530 3
16531 74
16532 24
16533 97
16534 65
16535 115
16536 182
16537 20
16538 103
16539 102
16540 40
16541 193
16542 136
16543 112
16544 103
16545 40
16546 102
16547 154
16548 95
16549 154
16550 148
16551 44
16552 187
16553 82
16554 32
16555 131
16556 153
16557 125
16558 111
16559 54
16560 17
16561 58
16562 29
16563 42
16564 108
16565 69
16566 97
16567 61
16568 193
16569 46
16570 81
16571 94
16572 31
16573 19
16574 91
16575 80
16576 181
16577 91
16578 145
16579 113
16580 104
16581 42
16582 119
16583 107
16584 13
16585 145
16586 71
16587 80
16588 63
16589 18
16590 136
16591 194
16592 172
16593 136
16594 111
16595 163
16596 35
16597 152
16598 63
16599 129
16600 57
16601 59
16602 9
16603 88
16604 12
16605 200
16606 37
16607 134
16608 37
16609 73
16610 54
16611 174
16612 132
16613 34
16614 159
16615 176
16616 179
16617 104
16618 145
16619 25
16620 149
16621 116
16622 58
16623 12
16624 151
16625 172
16626 76
16627 164
16628 200
16629 52
16630 81
16631 53
16632 46
16633 97
16634 200
16635 7
16636 9
16637 108
16638 131
16639 1
16640 65
16641 157
16642 32
16643 10
16644 153
16645 170
16646 149
16647 94
16648 194
16649 0
16650 14
16651 81
16652 196
16653 24
16654 193
16655 149
16656 0
16657 11
16658 10
16659 108
16660 118
16661 58
16662 107
16663 168
16664 180
16665 172
16666 100
16667 84
16668 58
16669 43
16670 168
16671 90
16672 92
16673 190
16674 4
16675 18
16676 72
16677 116
16678 94
16679 167
16680 98
16681 147
16682 193
16683 129
16684 198
16685 118
16686 72
16687 145
16688 47
16689 2
16690 151
16691 91
16692 122
16693 122
16694 69
16695 30
16696 62
16697 45
16698 83
16699 67
16700 163
16701 111
16702 147
16703 90
16704 200
16705 24
16706 90
16707 55
16708 112
16709 193
16710 62
16711 27
16712 164
16713 159
16714 99
16715 145
16716 86
16717 17
16718 153
16719 44
16720 32
16721 43
16722 136
16723 143
16724 102
16725 172
16726 71
16727 107
16728 188
16729 52
16730 166
16731 116
16732 166
16733 171
16734 26
16735 2
16736 19
16737 9
16738 134
16739 80
16740 117
16741 132
16742 163
16743 97
16744 173
16745 14
16746 98
16747 1
16748 187
16749 117
16750 118
16751 158
16752 107
16753 84
16754 36
16755 100
16756 50
16757 123
16758 59
16759 181
16760 126
16761 109
16762 60
16763 137
16764 131
16765 37
16766 193
16767 168
16768 110
16769 89
16770 152
16771 44
16772 49
16773 82
16774 65
16775 56
16776 161
16777 96
16778 133
16779 117
16780 195
16781 161
16782 122
16783 9
16784 77
16785 2
16786 133
16787 40
16788 80
16789 195
16790 199
16791 158
16792 178
16793 141
16794 40
16795 156
16796 174
16797 15
16798 186
16799 55
16800 198
16801 138
16802 39
16803 29
16804 103
16805 148
16806 91
16807 9
16808 154
16809 134
16810 53
16811 60
16812 38
16813 125
16814 8
16815 147
16816 177
16817 57
16818 125
16819 116
16820 125
16821 30
16822 42
16823 199
16824 86
16825 74
16826 62
16827 169
16828 108
16829 154
16830 198
16831 54
16832 25
16833 92
16834 68
16835 117
16836 12
16837 90
16838 62
16839 180
16840 45
16841 175
16842 119
16843 139
16844 112
16845 177
16846 116
16847 198
16848 131
16849 57
16850 10
16851 144
16852 180
16853 58
16854 2
16855 87
16856 101
16857 125
16858 10
16859 199
16860 160
16861 12
16862 22
16863 80
16864 79
16865 140
16866 123
16867 102
16868 52
16869 167
16870 184
16871 87
16872 113
16873 90
16874 197
16875 168
16876 142
16877 189
16878 51
16879 111
16880 8
16881 36
16882 61
16883 59
16884 82
16885 200
16886 153
16887 74
16888 7
16889 16
16890 1
16891 166
16892 106
16893 159
16894 11
16895 91
16896 133
16897 64
16898 41
16899 184
16900 78
16901 43
16902 61
16903 168
16904 163
16905 64
16906 173
16907 148
16908 45
16909 104
16910 31
16911 69
16912 85
16913 118
16914 93
16915 162
16916 113
16917 191
16918 109
16919 110
16920 0
16921 16
16922 118
16923 163
16924 100
16925 30
16926 130
16927 69
16928 2
16929 183
16930 46
16931 45
16932 89
16933 120
16934 108
16935 113
16936 47
16937 147
16938 177
16939 41
16940 169
16941 53
16942 159
16943 73
16944 125
16945 12
16946 99
16947 104
16948 21
16949 127
16950 167
16951 2
16952 108
16953 63
16954 145
16955 14
16956 74
16957 105
16958 101
16959 143
16960 166
16961 177
16962 71
16963 185
16964 31
16965 83
16966 54
16967 120
16968 187
16969 114
16970 23
16971 68
16972 191
16973 144
16974 53
16975 104
16976 188
16977 146
16978 144
16979 110
16980 194
16981 48
16982 78
16983 3
16984 112
16985 36
16986 196
16987 115
16988 81
16989 8
16990 193
16991 60
16992 16
16993 105
16994 124
16995 53
16996 141
16997 67
16998 199
16999 81
17000 89
17001 128
17002 137
17003 53
17004 158
17005 81
17006 27
17007 13
17008 71
17009 24
17010 109
17011 110
17012 158
17013 11
17014 187
17015 152
17016 10
17017 146
17018 124
17019 143
17020 59
17021 105
17022 119
17023 86
17024 84
17025 7
17026 68
17027 119
17028 30
17029 4
17030 114
17031 21
17032 167
17033 22
17034 190
17035 89
17036 13
17037 20
17038 178
17039 122
17040 62
17041 75
17042 200
17043 167
17044 57
17045 102
17046 117
17047 124
17048 144
17049 53
17050 104
17051 135
17052 134
17053 133
17054 61
17055 161
17056 71
17057 83
17058 161
17059 172
17060 80
17061 146
17062 20
17063 95
17064 55
17065 78
17066 5
17067 14
17068 59
17069 130
17070 57
17071 135
17072 175
17073 19
17074 90
17075 10
17076 128
17077 178
17078 168
17079 189
17080 51
17081 81
17082 95
17083 171
17084 77
17085 5
17086 179
17087 179
17088 164
17089 18
17090 110
17091 67
17092 103
17093 152
17094 149
17095 43
17096 15
17097 160
17098 49
17099 86
17100 99
17101 50
17102 78
17103 126
17104 165
17105 21
17106 57
17107 3
17108 31
17109 175
17110 127
17111 52
17112 90
17113 99
17114 57
17115 53
17116 64
17117 158
17118 25
17119 43
17120 38
17121 189
17122 21
17123 52
17124 115
17125 31
17126 194
17127 27
17128 54
17129 14
17130 23
17131 131
17132 23
17133 148
17134 162
17135 6
17136 66
17137 44
17138 70
17139 3
17140 22
17141 76
17142 141
17143 134
17144 125
17145 132
17146 103
17147 107
17148 0
17149 70
17150 129
17151 154
17152 168
17153 135
17154 83
17155 110
17156 25
17157 57
17158 62
17159 59
17160 98
17161 64
17162 154
17163 125
17164 68
17165 112
17166 46
17167 197
17168 114
17169 65
17170 86
17171 168
17172 131
17173 65
17174 23
17175 9
17176 53
17177 154
17178 70
17179 126
17180 65
17181 31
17182 88
17183 62
17184 59
17185 141
17186 161
17187 34
17188 108
17189 111
17190 5
17191 86
17192 188
17193 107
17194 60
17195 24
17196 61
17197 191
17198 181
17199 61
17200 113
17201 185
17202 175
17203 135
17204 5
17205 157
17206 128
17207 0
17208 142
17209 173
17210 95
17211 83
17212 138
17213 155
17214 69
17215 139
17216 201
17217 97
17218 109
17219 185
17220 200
17221 63
17222 138
17223 130
17224 141
17225 121
17226 199
17227 153
17228 0
17229 65
17230 4
17231 170
17232 107
17233 19
17234 70
17235 111
17236 109
17237 76
17238 82
17239 152
17240 3
17241 39
17242 184
17243 105
17244 21
17245 196
17246 170
17247 159
17248 196
17249 66
17250 152
17251 14
17252 168
17253 79
17254 116
17255 199
17256 122
17257 56
17258 139
17259 157
17260 20
17261 102
17262 55
17263 135
17264 96
17265 129
17266 53
17267 119
17268 67
17269 150
17270 64
17271 125
17272 147
17273 187
17274 170
17275 132
17276 99
17277 141
17278 74
17279 44
17280 201
17281 10
17282 116
17283 32
17284 118
17285 92
17286 126
17287 84
17288 65
17289 84
17290 185
17291 181
17292 32
17293 9
17294 49
17295 82
17296 158
17297 160
17298 193
17299 119
17300 1
17301 123
17302 11
17303 150
17304 137
17305 119
17306 188
17307 98
17308 123
17309 147
17310 183
17311 111
17312 84
17313 196
17314 114
17315 88
17316 3
17317 134
17318 137
17319 161
17320 132
17321 16
17322 128
17323 104
17324 93
17325 195
17326 172
17327 34
17328 4
17329 147
17330 58
17331 157
17332 131
17333 161
17334 96
17335 113
17336 88
17337 88
17338 126
17339 59
17340 174
17341 61
17342 152
17343 67
17344 156
17345 40
17346 114
17347 198
17348 67
17349 184
17350 12
17351 86
17352 174
17353 174
17354 52
17355 105
17356 128
17357 116
17358 71
17359 35
17360 18
17361 82
17362 93
17363 109
17364 63
17365 4
17366 151
17367 17
17368 178
17369 71
17370 163
17371 118
17372 129
17373 125
17374 64
17375 13
17376 107
17377 72
17378 93
17379 152
17380 13
17381 178
17382 137
17383 72
17384 134
17385 56
17386 93
17387 141
17388 1
17389 82
17390 100
17391 92
17392 96
17393 4
17394 75
17395 89
17396 169
17397 42
17398 168
17399 53
17400 153
17401 5
17402 116
17403 132
17404 10
17405 144
17406 154
17407 73
17408 10
17409 16
17410 121
17411 20
17412 64
17413 79
17414 123
17415 105
17416 131
17417 107
17418 65
17419 114
17420 1
17421 78
17422 0
17423 67
17424 41
17425 63
17426 14
17427 188
17428 78
17429 47
17430 190
17431 57
17432 16
17433 50
17434 114
17435 102
17436 161
17437 109
17438 1
17439 173
17440 54
17441 171
17442 75
17443 89
17444 126
17445 182
17446 29
17447 116
17448 2
17449 66
17450 201
17451 180
17452 38
17453 64
17454 167
17455 21
17456 90
17457 54
17458 31
17459 95
17460 94
17461 116
17462 73
17463 11
17464 159
17465 114
17466 114
17467 22
17468 173
17469 147
17470 76
17471 99
17472 131
17473 31
17474 60
17475 36
17476 146
17477 137
17478 91
17479 93
17480 10
17481 20
17482 125
17483 95
17484 55
17485 124
17486 73
17487 122
17488 27
17489 163
17490 64
17491 191
17492 90
17493 62
17494 77
17495 194
17496 63
17497 16
17498 85
17499 151
17500 5
17501 122
17502 52
17503 3
17504 169
17505 200
17506 8
17507 4
17508 144
17509 134
17510 171
17511 158
17512 12
17513 180
17514 197
17515 131
17516 139
17517 142
17518 87
17519 85
17520 151
17521 160
17522 140
17523 6
17524 76
17525 86
17526 130
17527 163
17528 85
17529 71
17530 25
17531 153
17532 179
17533 152
17534 103
17535 16
17536 123
17537 175
17538 165
17539 109
17540 11
17541 121
17542 158
17543 90
17544 133
17545 14
17546 13
17547 111
17548 54
17549 121
17550 190
17551 111
17552 75
17553 159
17554 127
17555 107
17556 111
17557 119
17558 138
17559 93
17560 79
17561 95
17562 198
17563 132
17564 122
17565 189
17566 175
17567 78
17568 22
17569 2
17570 198
17571 105
17572 73
17573 22
17574 4
17575 69
17576 157
17577 93
17578 76
17579 86
17580 126
17581 0
17582 185
17583 9
17584 196
17585 85
17586 52
17587 19
17588 180
17589 57
17590 101
17591 118
17592 148
17593 50
17594 107
17595 178
17596 171
17597 46
17598 180
17599 161
17600 8
17601 117
17602 92
17603 36
17604 108
17605 114
17606 111
17607 29
17608 120
17609 44
17610 60
17611 143
17612 70
17613 103
17614 97
17615 196
17616 27
17617 107
17618 108
17619 177
17620 148
17621 34
17622 92
17623 124
17624 27
17625 23
17626 134
17627 54
17628 175
17629 177
17630 196
17631 37
17632 76
17633 17
17634 4
17635 133
17636 98
17637 142
17638 111
17639 25
17640 177
17641 86
17642 72
17643 117
17644 145
17645 163
17646 167
17647 104
17648 3
17649 155
17650 55
17651 108
17652 49
17653 12
17654 38
17655 51
17656 36
17657 109
17658 193
17659 127
17660 76
17661 54
17662 146
17663 92
17664 49
17665 132
17666 82
17667 172
17668 78
17669 95
17670 121
17671 128
17672 101
17673 13
17674 157
17675 94
17676 128
17677 117
17678 157
17679 168
17680 25
17681 116
17682 121
17683 171
17684 75
17685 60
17686 26
17687 49
17688 196
17689 112
17690 117
17691 102
17692 136
17693 28
17694 102
17695 199
17696 195
17697 126
17698 175
17699 163
17700 41
17701 116
17702 30
17703 151
17704 14
17705 2
17706 60
17707 21
17708 180
17709 160
17710 51
17711 139
17712 143
17713 174
17714 68
17715 28
17716 124
17717 193
17718 94
17719 77
17720 159
17721 81
17722 180
17723 169
17724 150
17725 6
17726 142
17727 97
17728 135
17729 108
17730 31
17731 63
17732 145
17733 33
17734 133
17735 108
17736 26
17737 170
17738 137
17739 49
17740 162
17741 61
17742 110
17743 146
17744 28
17745 122
17746 39
17747 165
17748 102
17749 166
17750 124
17751 159
17752 108
17753 74
17754 94
17755 140
17756 183
17757 113
17758 99
17759 73
17760 88
17761 138
17762 26
17763 200
17764 131
17765 21
17766 116
17767 118
17768 37
17769 105
17770 3
17771 100
17772 69
17773 199
17774 127
17775 69
17776 136
17777 13
17778 80
17779 128
17780 132
17781 105
17782 188
17783 146
17784 13
17785 59
17786 114
17787 44
17788 12
17789 171
17790 172
17791 18
17792 161
17793 13
17794 81
17795 102
17796 148
17797 52
17798 190
17799 159
17800 114
17801 24
17802 112
17803 122
17804 4
17805 174
17806 112
17807 197
17808 66
17809 87
17810 71
17811 178
17812 13
17813 116
17814 149
17815 48
17816 180
17817 107
17818 70
17819 9
17820 43
17821 13
17822 134
17823 178
17824 185
17825 105
17826 131
17827 42
17828 128
17829 128
17830 37
17831 114
17832 183
17833 58
17834 6
17835 132
17836 177
17837 54
17838 150
17839 178
17840 185
17841 4
17842 13
17843 107
17844 195
17845 79
17846 126
17847 55
17848 159
17849 174
17850 33
17851 86
17852 183
17853 115
17854 140
17855 128
17856 134
17857 162
17858 9
17859 60
17860 154
17861 121
17862 168
17863 3
17864 111
17865 1
17866 78
17867 165
17868 61
17869 67
17870 108
17871 146
17872 178
17873 199
17874 1
17875 104
17876 159
17877 8
17878 60
17879 78
17880 195
17881 41
17882 28
17883 33
17884 165
17885 144
17886 9
17887 196
17888 39
17889 68
17890 39
17891 168
17892 194
17893 177
17894 96
17895 178
17896 56
17897 12
17898 128
17899 5
17900 119
17901 128
17902 188
17903 148
17904 37
17905 112
17906 62
17907 92
17908 146
17909 7
17910 60
17911 36
17912 47
17913 181
17914 87
17915 13
17916 49
17917 57
17918 11
17919 152
17920 65
17921 175
17922 8
17923 104
17924 172
17925 25
17926 186
17927 154
17928 20
17929 23
17930 3
17931 146
17932 79
17933 91
17934 175
17935 168
17936 94
17937 58
17938 125
17939 43
17940 134
17941 145
17942 130
17943 75
17944 45
17945 156
17946 89
17947 42
17948 38
17949 29
17950 55
17951 77
17952 97
17953 94
17954 136
17955 197
17956 179
17957 48
17958 53
17959 67
17960 128
17961 45
17962 101
17963 201
17964 71
17965 161
17966 165
17967 163
17968 132
17969 146
17970 179
17971 2
17972 122
17973 100
17974 122
17975 43
17976 200
17977 108
17978 91
17979 23
17980 134
17981 19
17982 48
17983 147
17984 71
17985 8
17986 0
17987 134
17988 142
17989 154
17990 116
17991 17
17992 178
17993 26
17994 83
17995 115
17996 15
17997 177
17998 97
17999 43
18000 60
18001 133
18002 53
18003 14
18004 187
18005 128
18006 30
18007 197
18008 187
18009 92
18010 198
18011 113
18012 15
18013 153
18014 31
18015 52
18016 132
18017 54
18018 109
18019 77
18020 145
18021 1
18022 10
18023 104
18024 28
18025 64
18026 128
18027 91
18028 47
18029 162
18030 127
18031 9
18032 67
18033 35
18034 131
18035 145
18036 61
18037 120
18038 136
18039 142
18040 170
18041 150
18042 111
18043 93
18044 63
18045 22
18046 136
18047 194
18048 147
18049 14
18050 4
18051 192
18052 130
18053 57
18054 162
18055 104
18056 43
18057 169
18058 116
18059 199
18060 182
18061 81
18062 120
18063 166
18064 23
18065 8
18066 165
18067 24
18068 143
18069 139
18070 123
18071 6
18072 122
18073 14
18074 111
18075 122
18076 88
18077 19
18078 197
18079 145
18080 155
18081 90
18082 80
18083 50
18084 187
18085 6
18086 27
18087 65
18088 55
18089 105
18090 43
18091 46
18092 59
18093 51
18094 169
18095 184
18096 180
18097 71
18098 97
18099 2
18100 200
18101 176
18102 65
18103 154
18104 147
18105 20
18106 7
18107 86
18108 163
18109 145
18110 62
18111 181
18112 181
18113 115
18114 194
18115 185
18116 100
18117 3
18118 191
18119 79
18120 156
18121 49
18122 110
18123 162
18124 104
18125 38
18126 155
18127 121
18128 173
18129 90
18130 177
18131 44
18132 70
18133 53
18134 119
18135 98
18136 105
18137 27
18138 76
18139 149
18140 113
18141 119
18142 143
18143 58
18144 99
18145 20
18146 66
18147 36
18148 16
18149 23
18150 148
18151 138
18152 153
18153 50
18154 97
18155 181
18156 178
18157 69
18158 83
18159 130
18160 153
18161 102
18162 22
18163 100
18164 201
18165 161
18166 74
18167 109
18168 8
18169 96
18170 10
18171 100
18172 127
18173 176
18174 150
18175 70
18176 167
18177 158
18178 71
18179 75
18180 101
18181 39
18182 134
18183 76
18184 200
18185 119
18186 124
18187 37
18188 177
18189 177
18190 13
18191 79
18192 74
18193 199
18194 112
18195 45
18196 10
18197 35
18198 81
18199 182
18200 157
18201 201
18202 74
18203 83
18204 182
18205 130
18206 135
18207 30
18208 46
18209 182
18210 158
18211 121
18212 121
18213 29
18214 109
18215 26
18216 181
18217 17
18218 200
18219 91
18220 149
18221 28
18222 106
18223 143
18224 105
18225 47
18226 53
18227 55
18228 128
18229 85
18230 43
18231 65
18232 39
18233 27
18234 169
18235 3
18236 184
18237 103
18238 40
18239 36
18240 64
18241 199
18242 176
18243 201
18244 27
18245 33
18246 26
18247 100
18248 156
18249 76
18250 130
18251 93
18252 144
18253 49
18254 29
18255 124
18256 154
18257 95
18258 175
18259 13
18260 80
18261 33
18262 86
18263 131
18264 153
18265 4
18266 96
18267 87
18268 116
18269 50
18270 128
18271 191
18272 190
18273 166
18274 83
18275 47
18276 167
18277 182
18278 18
18279 24
18280 68
18281 21
18282 180
18283 29
18284 138
18285 2
18286 2
18287 65
18288 98
18289 79
18290 36
18291 110
18292 102
18293 83
18294 120
18295 78
18296 63
18297 133
18298 73
18299 52
18300 109
18301 17
18302 99
18303 106
18304 26
18305 19
18306 139
18307 188
18308 133
18309 36
18310 167
18311 25
18312 165
18313 38
18314 113
18315 180
18316 50
18317 118
18318 121
18319 163
18320 100
18321 2
18322 32
18323 25
18324 104
18325 19
18326 70
18327 102
18328 59
18329 121
18330 165
18331 80
18332 118
18333 192
18334 154
18335 19
18336 195
18337 173
18338 192
18339 187
18340 181
18341 155
18342 177
18343 39
18344 143
18345 65
18346 69
18347 83
18348 84
18349 67
18350 66
18351 4
18352 35
18353 127
18354 30
18355 160
18356 116
18357 49
18358 16
18359 101
18360 68
18361 118
18362 73
18363 169
18364 56
18365 17
18366 139
18367 6
18368 181
18369 171
18370 49
18371 183
18372 182
18373 193
18374 25
18375 13
18376 100
18377 200
18378 94
18379 6
18380 146
18381 19
18382 62
18383 100
18384 125
18385 74
18386 156
18387 52
18388 53
18389 96
18390 147
18391 161
18392 168
18393 14
18394 81
18395 19
18396 72
18397 176
18398 116
18399 176
18400 153
18401 163
18402 196
18403 31
18404 107
18405 134
18406 29
18407 27
18408 112
18409 43
18410 159
18411 0
18412 139
18413 36
18414 123
18415 182
18416 131
18417 20
18418 34
18419 152
18420 16
18421 139
18422 170
18423 201
18424 175
18425 199
18426 82
18427 115
18428 187
18429 192
18430 13
18431 109
18432 24
18433 54
18434 101
18435 43
18436 134
18437 134
18438 14
18439 2
18440 37
18441 189
18442 35
18443 31
18444 138
18445 181
18446 107
18447 166
18448 163
18449 63
18450 194
18451 18
18452 0
18453 52
18454 60
18455 39
18456 71
18457 0
18458 154
18459 15
18460 99
18461 161
18462 100
18463 6
18464 111
18465 90
18466 165
18467 5
18468 188
18469 151
18470 101
18471 128
18472 69
18473 63
18474 109
18475 145
18476 115
18477 31
18478 26
18479 27
18480 62
18481 145
18482 62
18483 21
18484 70
18485 64
18486 81
18487 123
18488 7
18489 30
18490 150
18491 192
18492 182
18493 0
18494 142
18495 49
18496 12
18497 89
18498 104
18499 194
18500 168
18501 188
18502 162
18503 180
18504 89
18505 39
18506 27
18507 199
18508 134
18509 70
18510 41
18511 133
18512 147
18513 169
18514 176
18515 153
18516 133
18517 123
18518 154
18519 95
18520 19
18521 130
18522 16
18523 154
18524 191
18525 187
18526 30
18527 89
18528 201
18529 192
18530 179
18531 99
18532 126
18533 125
18534 21
18535 69
18536 160
18537 42
18538 167
18539 92
18540 27
18541 40
18542 151
18543 198
18544 116
18545 40
18546 10
18547 38
18548 69
18549 129
18550 165
18551 198
18552 143
18553 175
18554 100
18555 154
18556 63
18557 124
18558 161
18559 191
18560 156
18561 67
18562 41
18563 124
18564 179
18565 69
18566 56
18567 122
18568 154
18569 119
18570 23
18571 100
18572 141
18573 9
18574 195
18575 152
18576 188
18577 90
18578 85
18579 124
18580 134
18581 156
18582 114
18583 184
18584 53
18585 142
18586 175
18587 85
18588 104
18589 103
18590 110
18591 181
18592 112
18593 107
18594 56
18595 94
18596 86
18597 81
18598 149
18599 41
18600 65
18601 139
18602 159
18603 73
18604 37
18605 135
18606 104
18607 111
18608 178
18609 8
18610 156
18611 188
18612 30
18613 167
18614 65
18615 117
18616 92
18617 189
18618 36
18619 43
18620 192
18621 128
18622 178
18623 80
18624 155
18625 121
18626 75
18627 74
18628 114
18629 42
18630 98
18631 24
18632 196
18633 24
18634 154
18635 13
18636 152
18637 25
18638 156
18639 104
18640 180
18641 30
18642 181
18643 9
18644 87
18645 58
18646 111
18647 109
18648 182
18649 22
18650 63
18651 153
18652 2
18653 18
18654 138
18655 26
18656 162
18657 18
18658 48
18659 153
18660 101
18661 162
18662 84
18663 23
18664 93
18665 113
18666 186
18667 168
18668 37
18669 74
18670 199
18671 184
18672 99
18673 120
18674 133
18675 160
18676 5
18677 167
18678 34
18679 124
18680 197
18681 127
18682 153
18683 24
18684 90
18685 120
18686 64
18687 2
18688 105
18689 141
18690 79
18691 111
18692 144
18693 0
18694 8
18695 23
18696 180
18697 141
18698 45
18699 114
18700 57
18701 175
18702 196
18703 62
18704 42
18705 153
18706 83
18707 27
18708 187
18709 94
18710 47
18711 32
18712 192
18713 69
18714 140
18715 65
18716 58
18717 183
18718 35
18719 30
18720 153
18721 80
18722 200
18723 87
18724 89
18725 159
18726 73
18727 82
18728 103
18729 169
18730 167
18731 182
18732 142
18733 117
18734 99
18735 117
18736 67
18737 148
18738 98
18739 41
18740 29
18741 8
18742 163
18743 121
18744 70
18745 51
18746 153
18747 71
18748 186
18749 41
18750 38
18751 75
18752 36
18753 150
18754 128
18755 190
18756 189
18757 15
18758 100
18759 173
18760 100
18761 129
18762 55
18763 88
18764 68
18765 98
18766 101
18767 21
18768 138
18769 43
18770 77
18771 114
18772 83
18773 49
18774 149
18775 153
18776 83
18777 16
18778 176
18779 19
18780 56
18781 87
18782 128
18783 157
18784 109
18785 129
18786 17
18787 111
18788 108
18789 118
18790 132
18791 107
18792 153
18793 131
18794 37
18795 120
18796 33
18797 82
18798 37
18799 69
18800 197
18801 113
18802 120
18803 160
18804 154
18805 189
18806 112
18807 83
18808 113
18809 94
18810 30
18811 85
18812 108
18813 78
18814 108
18815 64
18816 147
18817 5
18818 77
18819 10
18820 117
18821 79
18822 94
18823 17
18824 15
18825 136
18826 82
18827 48
18828 76
18829 198
18830 154
18831 48
18832 193
18833 42
18834 102
18835 172
18836 81
18837 139
18838 109
18839 183
18840 161
18841 110
18842 156
18843 21
18844 29
18845 154
18846 190
18847 58
18848 171
18849 67
18850 129
18851 60
18852 172
18853 156
18854 174
18855 195
18856 122
18857 86
18858 31
18859 170
18860 167
18861 162
18862 18
18863 95
18864 149
18865 61
18866 167
18867 146
18868 197
18869 177
18870 49
18871 24
18872 119
18873 1
18874 22
18875 71
18876 104
18877 129
18878 193
18879 58
18880 168
18881 180
18882 92
18883 195
18884 25
18885 144
18886 51
18887 85
18888 15
18889 3
18890 48
18891 89
18892 181
18893 175
18894 141
18895 60
18896 137
18897 27
18898 98
18899 117
18900 4
18901 107
18902 142
18903 177
18904 66
18905 194
18906 10
18907 71
18908 0
18909 17
18910 13
18911 59
18912 68
18913 7
18914 6
18915 123
18916 53
18917 90
18918 56
18919 172
18920 105
18921 65
18922 151
18923 129
18924 137
18925 49
18926 23
18927 106
18928 11
18929 45
18930 96
18931 53
18932 30
18933 46
18934 51
18935 167
18936 184
18937 33
18938 41
18939 88
18940 178
18941 29
18942 125
18943 173
18944 9
18945 140
18946 183
18947 181
18948 49
18949 195
18950 171
18951 108
18952 149
18953 141
18954 45
18955 138
18956 74
18957 10
18958 120
18959 143
18960 11
18961 168
18962 103
18963 143
18964 16
18965 7
18966 181
18967 15
18968 196
18969 116
18970 166
18971 155
18972 149
18973 127
18974 9
18975 30
18976 42
18977 150
18978 117
18979 171
18980 50
18981 20
18982 200
18983 9
18984 60
18985 199
18986 172
18987 192
18988 135
18989 189
18990 82
18991 178
18992 13
18993 185
18994 29
18995 62
18996 28
18997 109
18998 187
18999 20
19000 100
19001 156
19002 52
19003 181
19004 39
19005 71
19006 187
19007 183
19008 173
19009 191
19010 15
19011 130
19012 63
19013 151
19014 194
19015 109
19016 17
19017 187
19018 188
19019 43
19020 177
19021 13
19022 118
19023 155
19024 199
19025 48
19026 59
19027 197
19028 31
19029 47
19030 25
19031 144
19032 50
19033 200
19034 42
19035 47
19036 191
19037 51
19038 49
19039 178
19040 173
19041 60
19042 51
19043 117
19044 31
19045 180
19046 72
19047 171
19048 54
19049 41
19050 31
19051 151
19052 137
19053 157
19054 5
19055 145
19056 54
19057 60
19058 38
19059 92
19060 162
19061 84
19062 57
19063 63
19064 140
19065 32
19066 189
19067 159
19068 193
19069 145
19070 140
19071 180
19072 111
19073 84
19074 191
19075 154
19076 33
19077 164
19078 141
19079 101
19080 188
19081 91
19082 90
19083 1
19084 84
19085 41
19086 118
19087 11
19088 43
19089 12
19090 170
19091 72
19092 40
19093 83
19094 78
19095 107
19096 6
19097 126
19098 25
19099 135
19100 75
19101 38
19102 36
19103 124
19104 158
19105 67
19106 5
19107 112
19108 47
19109 71
19110 82
19111 132
19112 50
19113 0
19114 10
19115 189
19116 146
19117 199
19118 70
19119 79
19120 36
19121 82
19122 26
19123 23
19124 88
19125 191
19126 102
19127 26
19128 53
19129 76
19130 50
19131 125
19132 153
19133 103
19134 170
19135 126
19136 101
19137 43
19138 85
19139 169
19140 51
19141 165
19142 31
19143 84
19144 182
19145 90
19146 188
19147 180
19148 115
19149 143
19150 149
19151 194
19152 169
19153 151
19154 52
19155 164
19156 165
19157 26
19158 55
19159 1
19160 7
19161 20
19162 97
19163 35
19164 60
19165 117
19166 138
19167 160
19168 104
19169 87
19170 163
19171 152
19172 2
19173 124
19174 56
19175 95
19176 165
19177 21
19178 60
19179 188
19180 6
19181 30
19182 156
19183 133
19184 172
19185 149
19186 88
19187 43
19188 29
19189 118
19190 67
19191 82
19192 131
19193 174
19194 67
19195 21
19196 27
19197 42
19198 177
19199 118
19200 106
19201 196
19202 183
19203 48
19204 141
19205 149
19206 69
19207 174
19208 39
19209 146
19210 116
19211 36
19212 158
19213 152
19214 0
19215 146
19216 134
19217 61
19218 38
19219 111
19220 40
19221 71
19222 193
19223 71
19224 81
19225 14
19226 119
19227 157
19228 41
19229 120
19230 180
19231 131
19232 97
19233 112
19234 92
19235 166
19236 172
19237 6
19238 147
19239 157
19240 152
19241 96
19242 142
19243 6
19244 150
19245 99
19246 74
19247 119
19248 32
19249 143
19250 176
19251 197
19252 56
19253 135
19254 58
19255 68
19256 151
19257 173
19258 105
19259 97
19260 117
19261 42
19262 136
19263 118
19264 108
19265 100
19266 121
19267 94
19268 101
19269 29
19270 194
19271 175
19272 72
19273 52
19274 100
19275 93
19276 7
19277 98
19278 191
19279 102
19280 19
19281 181
19282 86
19283 129
19284 14
19285 26
19286 55
19287 32
19288 78
19289 71
19290 133
19291 5
19292 172
19293 69
19294 79
19295 146
19296 160
19297 45
19298 69
19299 1
19300 34
19301 7
19302 8
19303 59
19304 171
19305 110
19306 170
19307 117
19308 174
19309 101
19310 126
19311 192
19312 169
19313 121
19314 99
19315 57
19316 187
19317 30
19318 57
19319 115
19320 44
19321 199
19322 12
19323 190
19324 160
19325 155
19326 70
19327 172
19328 156
19329 46
19330 26
19331 195
19332 95
19333 54
19334 64
19335 8
19336 180
19337 54
19338 107
19339 85
19340 5
19341 25
19342 55
19343 129
19344 59
19345 0
19346 30
19347 120
19348 186
19349 57
19350 48
19351 124
19352 191
19353 178
19354 143
19355 145
19356 82
19357 25
19358 139
19359 168
19360 96
19361 131
19362 105
19363 101
19364 154
19365 59
19366 48
19367 0
19368 109
19369 188
19370 91
19371 146
19372 74
19373 138
19374 188
19375 30
19376 25
19377 103
19378 75
19379 16
19380 94
19381 78
19382 174
19383 110
19384 121
19385 175
19386 43
19387 124
19388 61
19389 2
19390 142
19391 136
19392 166
19393 123
19394 130
19395 154
19396 11
19397 158
19398 113
19399 146
19400 70
19401 33
19402 22
19403 138
19404 33
19405 152
19406 23
19407 88
19408 110
19409 133
19410 182
19411 132
19412 139
19413 33
19414 154
19415 7
19416 7
19417 118
19418 107
19419 201
19420 78
19421 81
19422 155
19423 58
19424 34
19425 108
19426 176
19427 30
19428 76
19429 162
19430 117
19431 0
19432 39
19433 97
19434 48
19435 60
19436 187
19437 78
19438 0
19439 73
19440 17
19441 140
19442 146
19443 121
19444 92
19445 57
19446 194
19447 150
19448 137
19449 136
19450 142
19451 151
19452 173
19453 63
19454 123
19455 19
19456 172
19457 26
19458 70
19459 145
19460 29
19461 158
19462 73
19463 4
19464 119
19465 80
19466 193
19467 136
19468 183
19469 139
19470 106
19471 51
19472 193
19473 130
19474 59
19475 31
19476 62
19477 77
19478 192
19479 91
19480 70
19481 132
19482 47
19483 78
19484 128
19485 58
19486 168
19487 60
19488 44
19489 170
19490 168
19491 41
19492 124
19493 175
19494 160
19495 189
19496 72
19497 140
19498 13
19499 22
19500 47
19501 107
19502 70
19503 110
19504 171
19505 201
19506 102
19507 168
19508 187
19509 82
19510 67
19511 74
19512 143
19513 44
19514 123
19515 192
19516 71
19517 158
19518 190
19519 200
19520 168
19521 33
19522 194
19523 27
19524 176
19525 48
19526 100
19527 179
19528 149
19529 26
19530 136
19531 120
19532 58
19533 144
19534 170
19535 113
19536 3
19537 127
19538 150
19539 25
19540 50
19541 173
19542 4
19543 26
19544 106
19545 76
19546 44
19547 9
19548 62
19549 19
19550 15
19551 164
19552 37
19553 24
19554 72
19555 183
19556 38
19557 186
19558 163
19559 72
19560 154
19561 117
19562 64
19563 187
19564 40
19565 9
19566 173
19567 193
19568 124
19569 0
19570 166
19571 6
19572 86
19573 96
19574 151
19575 17
19576 36
19577 95
19578 150
19579 187
19580 195
19581 123
19582 117
19583 90
19584 11
19585 164
19586 15
19587 191
19588 201
19589 144
19590 162
19591 4
19592 165
19593 116
19594 5
19595 5
19596 156
19597 71
19598 169
19599 184
19600 85
19601 102
19602 68
19603 195
19604 129
19605 99
19606 146
19607 49
19608 104
19609 3
19610 139
19611 2
19612 84
19613 165
19614 98
19615 196
19616 97
19617 160
19618 183
19619 191
19620 2
19621 79
19622 31
19623 127
19624 174
19625 81
19626 13
19627 51
19628 28
19629 97
19630 166
19631 154
19632 69
19633 161
19634 68
19635 54
19636 191
19637 159
19638 126
19639 158
19640 86
19641 44
19642 173
19643 34
19644 178
19645 105
19646 109
19647 196
19648 168
19649 51
19650 142
19651 33
19652 170
19653 113
19654 33
19655 17
19656 190
19657 173
19658 70
19659 54
19660 32
19661 77
19662 33
19663 114
19664 19
19665 23
19666 41
19667 185
19668 34
19669 92
19670 185
19671 138
19672 6
19673 197
19674 143
19675 175
19676 180
19677 109
19678 134
19679 70
19680 22
19681 170
19682 55
19683 27
19684 158
19685 52
19686 22
19687 120
19688 179
19689 36
19690 36
19691 34
19692 200
19693 120
19694 131
19695 35
19696 20
19697 91
19698 182
19699 157
19700 135
19701 167
19702 110
19703 85
19704 60
19705 174
19706 71
19707 27
19708 59
19709 124
19710 45
19711 9
19712 4
19713 198
19714 43
19715 155
19716 9
19717 138
19718 181
19719 117
19720 56
19721 78
19722 169
19723 160
19724 168
19725 80
19726 112
19727 63
19728 163
19729 12
19730 186
19731 103
19732 9
19733 149
19734 26
19735 16
19736 137
19737 23
19738 46
19739 53
19740 13
19741 18
19742 130
19743 126
19744 100
19745 46
19746 14
19747 85
19748 63
19749 3
19750 122
19751 39
19752 74
19753 200
19754 80
19755 124
19756 4
19757 176
19758 28
19759 29
19760 163
19761 176
19762 105
19763 167
19764 1
19765 177
19766 70
19767 20
19768 122
19769 150
19770 171
19771 120
19772 110
19773 51
19774 178
19775 182
19776 182
19777 168
19778 126
19779 117
19780 150
19781 23
19782 195
19783 163
19784 191
19785 132
19786 35
19787 60
19788 111
19789 91
19790 21
19791 36
19792 126
19793 130
19794 114
19795 159
19796 70
19797 177
19798 156
19799 95
19800 81
19801 142
19802 13
19803 77
19804 116
19805 69
19806 80
19807 100
19808 67
19809 111
19810 32
19811 46
19812 196
19813 101
19814 124
19815 48
19816 50
19817 40
19818 42
19819 182
19820 148
19821 152
19822 5
19823 2
19824 167
19825 163
19826 21
19827 191
19828 68
19829 90
19830 165
19831 134
19832 60
19833 188
19834 119
19835 34
19836 112
19837 137
19838 113
19839 78
19840 169
19841 74
19842 92
19843 24
19844 79
19845 97
19846 85
19847 137
19848 173
19849 190
19850 64
19851 127
19852 24
19853 97
19854 19
19855 30
19856 41
19857 130
19858 155
19859 27
19860 70
19861 142
19862 177
19863 196
19864 178
19865 62
19866 71
19867 136
19868 173
19869 200
19870 10
19871 55
19872 12
19873 198
19874 6
19875 153
19876 53
19877 17
19878 49
19879 86
19880 67
19881 117
19882 178
19883 1
19884 31
19885 61
19886 152
19887 97
19888 174
19889 36
19890 201
19891 66
19892 181
19893 106
19894 114
19895 11
19896 49
19897 80
19898 142
19899 101
19900 145
19901 106
19902 138
19903 153
19904 73
19905 102
19906 131
19907 90
19908 75
19909 1
19910 71
19911 72
19912 28
19913 40
19914 180
19915 22
19916 139
19917 132
19918 45
19919 33
19920 174
19921 118
19922 142
19923 115
19924 34
19925 10
19926 106
19927 170
19928 72
19929 55
19930 1
19931 6
19932 19
19933 31
19934 96
19935 121
19936 128
19937 120
19938 140
19939 122
19940 129
19941 168
19942 133
19943 63
19944 139
19945 176
19946 159
19947 46
19948 8
19949 95
19950 163
19951 190
19952 11
19953 39
19954 155
19955 60
19956 101
19957 178
19958 25
19959 76
19960 69
19961 65
19962 149
19963 79
19964 156
19965 128
19966 20
19967 60
19968 71
19969 90
19970 17
19971 100
19972 93
19973 160
19974 44
19975 115
19976 96
19977 189
19978 62
19979 159
19980 124
19981 129
19982 9
19983 33
19984 65
19985 144
19986 192
19987 173
19988 14
19989 28
19990 25
19991 33
19992 1
19993 43
19994 163
19995 186
19996 196
19997 40
19998 179
19999 52
20000 165
20001 155
20002 152
20003 45
20004 42
20005 2
20006 74
20007 47
20008 44
20009 162
20010 163
20011 107
20012 133
20013 2
20014 74
20015 154
20016 108
20017 64
20018 4
20019 21
20020 39
20021 110
20022 91
20023 121
20024 16
20025 193
20026 95
20027 197
20028 57
20029 32
20030 176
20031 68
20032 143
20033 131
20034 15
20035 195
20036 198
20037 102
20038 10
20039 7
20040 16
20041 2
20042 58
20043 83
20044 114
20045 125
20046 38
20047 161
20048 147
20049 182
20050 67
20051 22
20052 42
20053 38
20054 156
20055 72
20056 33
20057 92
20058 75
20059 138
20060 12
20061 158
20062 121
20063 147
20064 146
20065 96
20066 41
20067 189
20068 28
20069 20
20070 91
20071 172
20072 110
20073 180
20074 171
20075 156
20076 23
20077 135
20078 174
20079 125
20080 59
20081 195
20082 116
20083 114
20084 70
20085 9
20086 68
20087 48
20088 29
20089 81
20090 136
20091 136
20092 9
20093 1
20094 108
20095 106
20096 141
20097 197
20098 64
20099 124
20100 76
20101 156
20102 154
20103 185
20104 1
20105 174
20106 62
20107 103
20108 33
20109 142
20110 46
20111 21
20112 169
20113 80
20114 44
20115 166
20116 84
20117 17
20118 55
20119 33
20120 183
20121 122
20122 178
20123 122
20124 158
20125 168
20126 139
20127 84
20128 75
20129 132
20130 143
20131 197
20132 145
20133 96
20134 26
20135 99
20136 31
20137 113
20138 110
20139 174
20140 189
20141 164
20142 51
20143 88
20144 75
20145 107
20146 35
20147 193
20148 184
20149 188
20150 71
20151 54
20152 99
20153 54
20154 134
20155 201
20156 75
20157 182
20158 129
20159 66
20160 82
20161 167
20162 15
20163 63
20164 15
20165 40
20166 51
20167 66
20168 191
20169 176
20170 139
20171 103
20172 72
20173 156
20174 164
20175 50
20176 137
20177 160
20178 153
20179 88
20180 53
20181 181
20182 185
20183 30
20184 177
20185 51
20186 156
20187 136
20188 149
20189 164
20190 27
20191 13
20192 161
20193 190
20194 127
20195 13
20196 27
20197 145
20198 92
20199 88
20200 157
20201 168
20202 16
20203 107
20204 134
20205 98
20206 159
20207 173
20208 168
20209 164
20210 50
20211 194
20212 167
20213 7
20214 91
20215 124
20216 97
20217 68
20218 58
20219 173
20220 185
20221 127
20222 64
20223 199
20224 80
20225 183
20226 179
20227 51
20228 24
20229 179
20230 29
20231 126
20232 165
