0 47
1 167
2 169
3 33
4 187
5 23
6 59
7 72
8 150
9 64
10 115
11 188
12 111
13 62
14 147
15 56
16 93
17 5
18 156
19 28
20 115
21 133
22 131
23 21
24 186
25 167
26 174
27 61
28 87
29 144
30 201
31 78
32 132
33 129
34 0
35 36
36 73
37 65
38 31
39 126
40 33
41 47
42 12
43 150
44 8
45 67
46 75
47 168
48 52
49 75
50 31
51 80
52 114
53 92
54 164
55 24
56 104
57 170
58 175
59 20
60 91
61 196
62 157
63 0
64 188
65 84
66 14
67 103
68 64
69 18
70 171
71 85
72 171
73 159
74 199
75 113
76 6
77 28
78 45
79 161
80 115
81 83
82 169
83 80
84 163
85 125
86 135
87 2
88 81
89 177
90 109
91 88
92 66
93 31
94 180
95 110
96 46
97 170
98 78
99 155
100 58
101 3
102 46
103 83
104 170
105 171
106 58
107 175
108 150
109 198
110 177
111 65
112 121
113 48
114 92
115 84
116 143
117 31
118 38
119 116
120 102
121 131
122 43
123 82
124 164
125 62
126 1
127 132
128 125
129 190
130 185
131 124
132 48
133 180
134 14
135 129
136 52
137 69
138 105
139 25
140 122
141 201
142 80
143 37
144 3
145 180
146 108
147 19
148 127
149 109
150 4
151 144
152 104
153 19
154 30
155 196
156 158
157 8
158 155
159 98
160 128
161 156
162 48
163 91
164 62
165 175
166 40
167 86
168 76
169 190
170 191
171 174
172 81
173 127
174 184
175 191
176 117
177 12
178 80
179 161
180 155
181 128
182 19
183 25
184 40
185 177
186 180
187 14
188 46
189 78
190 154
191 154
192 44
193 159
194 141
195 73
196 147
197 73
198 147
199 57
200 145
201 21
202 8
203 71
204 21
205 72
206 67
207 86
208 182
209 104
210 167
211 128
212 46
213 107
214 83
215 109
216 140
217 51
218 192
219 64
220 141
221 108
222 19
223 115
224 64
225 134
226 128
227 109
228 85
229 107
230 118
231 68
232 66
233 12
234 49
235 84
236 128
237 119
238 40
239 175
240 75
241 81
242 11
243 83
244 192
245 99
246 110
247 95
248 65
249 82
250 3
251 184
252 171
253 33
254 201
255 180
256 195
257 75
258 122
259 80
260 130
261 173
262 28
263 135
264 112
265 105
266 67
267 99
268 82
269 19
270 126
271 15
272 16
273 173
274 67
275 102
276 61
277 194
278 68
279 165
280 124
281 176
282 84
283 57
284 93
285 127
286 128
287 161
288 126
289 66
290 115
291 108
292 34
293 114
294 95
295 77
296 19
297 101
298 103
299 1
300 21
301 22
302 54
303 52
304 68
305 5
306 26
307 16
308 121
309 194
310 147
311 145
312 12
313 145
314 73
315 124
316 161
317 147
318 188
319 21
320 200
321 124
322 73
323 18
324 87
325 193
326 34
327 168
328 95
329 70
330 110
331 130
332 155
333 190
334 49
335 97
336 189
337 63
338 134
339 58
340 166
341 26
342 23
343 123
344 15
345 106
346 98
347 196
348 194
349 173
350 171
351 24
352 8
353 49
354 101
355 52
356 191
357 87
358 50
359 29
360 194
361 108
362 195
363 130
364 93
365 17
366 87
367 96
368 175
369 12
370 28
371 76
372 148
373 115
374 29
375 143
376 92
377 186
378 111
379 69
380 182
381 47
382 29
383 74
384 42
385 111
386 43
387 59
388 94
389 39
390 165
391 147
392 73
393 46
394 56
395 52
396 66
397 126
398 87
399 104
400 37
401 163
402 166
403 170
404 28
405 169
406 146
407 141
408 174
409 135
410 88
411 156
412 169
413 127
414 182
415 128
416 134
417 35
418 201
419 5
420 167
421 132
422 201
423 85
424 177
425 6
426 95
427 95
428 195
429 123
430 112
431 89
432 194
433 3
434 53
435 43
436 130
437 161
438 34
439 149
440 21
441 111
442 87
443 95
444 174
445 21
446 187
447 134
448 169
449 80
450 166
451 107
452 112
453 108
454 10
455 35
456 98
457 92
458 19
459 146
460 135
461 126
462 38
463 1
464 36
465 52
466 78
467 27
468 15
469 33
470 65
471 197
472 119
473 64
474 16
475 27
476 175
477 93
478 46
479 143
480 83
481 139
482 34
483 69
484 192
485 144
486 7
487 179
488 98
489 90
490 137
491 200
492 93
493 176
494 127
495 22
496 63
497 187
498 63
499 182
500 43
501 131
502 2
503 25
504 117
505 57
506 180
507 61
508 46
509 38
510 102
511 95
512 149
513 197
514 181
515 68
516 131
517 150
518 109
519 37
520 76
521 172
522 33
523 56
524 18
525 70
526 186
527 45
528 82
529 8
530 114
531 45
532 58
533 141
534 112
535 1
536 139
537 81
538 80
539 184
540 178
541 41
542 200
543 29
544 74
545 116
546 95
547 166
548 98
549 143
550 124
551 133
552 5
553 101
554 85
555 80
556 44
557 92
558 129
559 170
560 142
561 197
562 130
563 91
564 44
565 187
566 129
567 72
568 64
569 138
570 173
571 80
572 141
573 34
574 170
575 33
576 88
577 90
578 154
579 16
580 25
581 168
582 61
583 15
584 134
585 74
586 113
587 17
588 168
589 143
590 134
591 118
592 102
593 110
594 114
595 85
596 105
597 122
598 155
599 139
600 73
601 92
602 181
603 110
604 135
605 177
606 23
607 121
608 101
609 151
610 71
611 196
612 186
613 49
614 78
615 86
616 177
617 106
618 121
619 7
620 34
621 191
622 48
623 28
624 3
625 104
626 92
627 89
628 52
629 127
630 75
631 38
632 8
633 133
634 140
635 159
636 187
637 58
638 37
639 87
640 71
641 200
642 151
643 182
644 119
645 62
646 44
647 55
648 9
649 86
650 38
651 185
652 130
653 44
654 199
655 11
656 43
657 56
658 60
659 107
660 34
661 63
662 140
663 100
664 121
665 152
666 19
667 87
668 7
669 113
670 102
671 97
672 176
673 114
674 160
675 51
676 114
677 137
678 199
679 151
680 97
681 191
682 68
683 197
684 176
685 147
686 56
687 53
688 150
689 184
690 64
691 193
692 178
693 188
694 9
695 122
696 51
697 189
698 174
699 52
700 17
701 175
702 175
703 197
704 1
705 56
706 53
707 158
708 19
709 176
710 13
711 31
712 187
713 188
714 192
715 195
716 115
717 179
718 6
719 78
720 8
721 120
722 173
723 161
724 71
725 157
726 43
727 19
728 186
729 200
730 5
731 67
732 192
733 35
734 21
735 99
736 98
737 143
738 107
739 185
740 4
741 138
742 62
743 187
744 61
745 76
746 179
747 147
748 117
749 155
750 73
751 77
752 18
753 199
754 188
755 50
756 78
757 168
758 80
759 201
760 9
761 201
762 103
763 72
764 162
765 43
766 185
767 148
768 131
769 125
770 131
771 3
772 89
773 135
774 163
775 62
776 152
777 172
778 40
779 48
780 16
781 76
782 161
783 125
784 70
785 13
786 48
787 25
788 23
789 85
790 129
791 131
792 89
793 54
794 200
795 158
796 60
797 85
798 189
799 183
800 149
801 9
802 109
803 43
804 137
805 166
806 198
807 14
808 46
809 133
810 158
811 20
812 105
813 153
814 199
815 23
816 44
817 17
818 22
819 36
820 112
821 117
822 113
823 110
824 71
825 110
826 87
827 165
828 193
829 159
830 170
831 147
832 130
833 139
834 200
835 143
836 194
837 82
838 19
839 5
840 1
841 18
842 136
843 44
844 145
845 6
846 35
847 143
848 138
849 152
850 162
851 29
852 173
853 10
854 186
855 37
856 56
857 102
858 154
859 121
860 35
861 155
862 112
863 86
864 157
865 163
866 23
867 200
868 1
869 167
870 62
871 200
872 32
873 192
874 97
875 9
876 154
877 1
878 134
879 38
880 140
881 66
882 134
883 187
884 17
885 88
886 103
887 78
888 152
889 125
890 85
891 11
892 178
893 7
894 61
895 70
896 193
897 45
898 82
899 78
900 41
901 81
902 120
903 22
904 188
905 0
906 8
907 112
908 176
909 129
910 135
911 86
912 81
913 61
914 152
915 115
916 47
917 58
918 131
919 31
920 60
921 111
922 137
923 41
924 20
925 137
926 27
927 146
928 178
929 172
930 95
931 101
932 134
933 138
934 133
935 175
936 1
937 70
938 120
939 91
940 99
941 87
942 183
943 41
944 185
945 77
946 98
947 53
948 60
949 113
950 54
951 166
952 129
953 187
954 189
955 83
956 25
957 60
958 14
959 39
960 4
961 176
962 181
963 37
964 138
965 66
966 15
967 120
968 130
969 56
970 66
971 182
972 71
973 196
974 137
975 188
976 51
977 67
978 35
979 24
980 24
981 60
982 69
983 19
984 192
985 149
986 33
987 122
988 119
989 143
990 34
991 175
992 170
993 80
994 201
995 101
996 152
997 10
998 2
999 201
1000 130
1001 90
1002 55
1003 148
1004 124
1005 75
1006 108
1007 166
1008 79
1009 192
1010 58
1011 56
1012 6
1013 36
1014 56
1015 45
1016 135
1017 4
1018 134
1019 177
1020 61
1021 161
1022 45
1023 104
1024 75
1025 103
1026 191
1027 1
1028 111
1029 42
1030 96
1031 138
1032 45
1033 65
1034 91
1035 62
1036 31
1037 149
1038 131
1039 114
1040 88
1041 162
1042 126
1043 18
1044 62
1045 127
1046 42
1047 67
1048 33
1049 120
1050 126
1051 88
1052 12
1053 150
1054 104
1055 73
1056 16
1057 63
1058 25
1059 115
1060 48
1061 121
1062 61
1063 117
1064 44
1065 95
1066 23
1067 19
1068 15
1069 58
1070 130
1071 199
1072 126
1073 84
1074 76
1075 129
1076 46
1077 97
1078 29
1079 114
1080 110
1081 196
1082 33
1083 77
1084 39
1085 40
1086 65
1087 131
1088 42
1089 130
1090 172
1091 97
1092 127
1093 151
1094 26
1095 130
1096 34
1097 23
1098 61
1099 128
1100 78
1101 26
1102 120
1103 120
1104 139
1105 9
1106 44
1107 87
1108 110
1109 144
1110 41
1111 184
1112 201
1113 103
1114 188
1115 102
1116 0
1117 165
1118 150
1119 132
1120 54
1121 156
1122 169
1123 84
1124 0
1125 161
1126 173
1127 154
1128 109
1129 169
1130 141
1131 47
1132 96
1133 188
1134 198
1135 198
1136 104
1137 106
1138 141
1139 42
1140 102
1141 190
1142 5
1143 66
1144 30
1145 86
1146 24
1147 19
1148 114
1149 25
1150 167
1151 32
1152 103
1153 154
1154 196
1155 105
1156 152
1157 41
1158 83
1159 113
1160 170
1161 60
1162 170
1163 128
1164 190
1165 96
1166 167
1167 194
1168 5
1169 23
1170 28
1171 84
1172 197
1173 20
1174 171
1175 95
1176 119
1177 82
1178 8
1179 134
1180 150
1181 40
1182 21
1183 110
1184 186
1185 179
1186 47
1187 89
1188 153
1189 2
1190 145
1191 181
1192 180
1193 28
1194 140
1195 201
1196 9
1197 116
1198 79
1199 104
1200 164
1201 185
1202 166
1203 46
1204 30
1205 1
1206 133
1207 167
1208 126
1209 57
1210 197
1211 73
1212 108
1213 12
1214 82
1215 135
1216 100
1217 105
1218 199
1219 3
1220 200
1221 25
1222 149
1223 75
1224 41
1225 143
1226 148
1227 46
1228 108
1229 33
1230 24
1231 14
1232 198
1233 56
1234 120
1235 113
1236 54
1237 168
1238 23
1239 17
1240 29
1241 91
1242 139
1243 61
1244 98
1245 39
1246 113
1247 99
1248 122
1249 64
1250 114
1251 45
1252 159
1253 124
1254 157
1255 191
1256 160
1257 165
1258 165
1259 62
1260 135
1261 3
1262 51
1263 161
1264 34
1265 24
1266 166
1267 179
1268 179
1269 69
1270 148
1271 184
1272 41
1273 199
1274 121
1275 128
1276 126
1277 13
1278 152
1279 79
1280 34
1281 191
1282 159
1283 162
1284 77
1285 54
1286 69
1287 97
1288 58
1289 95
1290 0
1291 40
1292 36
1293 75
1294 180
1295 141
1296 123
1297 26
1298 150
1299 9
1300 189
1301 181
1302 115
1303 28
1304 31
1305 191
1306 58
1307 116
1308 159
1309 32
1310 184
1311 80
1312 164
1313 140
1314 196
1315 144
1316 181
1317 3
1318 18
1319 55
1320 163
1321 194
1322 187
1323 144
1324 148
1325 125
1326 49
1327 4
1328 158
1329 89
1330 158
1331 131
1332 96
1333 77
1334 32
1335 62
1336 196
1337 184
1338 157
1339 119
1340 11
1341 161
1342 60
1343 113
1344 156
1345 193
1346 158
1347 24
1348 172
1349 185
1350 78
1351 146
1352 94
1353 194
1354 73
1355 106
1356 57
1357 195
1358 108
1359 184
1360 132
1361 6
1362 20
1363 188
1364 34
1365 180
1366 156
1367 27
1368 5
1369 114
1370 37
1371 35
1372 30
1373 54
1374 197
1375 121
1376 183
1377 45
1378 190
1379 172
1380 52
1381 88
1382 82
1383 31
1384 161
1385 50
1386 100
1387 120
1388 121
1389 174
1390 193
1391 152
1392 33
1393 119
1394 29
1395 79
1396 89
1397 47
1398 173
1399 106
1400 144
1401 36
1402 168
1403 112
1404 184
1405 181
1406 129
1407 154
1408 101
1409 61
1410 89
1411 146
1412 73
1413 14
1414 97
1415 173
1416 51
1417 146
1418 172
1419 57
1420 104
1421 98
1422 141
1423 27
1424 48
1425 52
1426 121
1427 157
1428 136
1429 48
1430 36
1431 143
1432 188
1433 14
1434 143
1435 147
1436 195
1437 181
1438 99
1439 102
1440 14
1441 59
1442 59
1443 37
1444 139
1445 195
1446 160
1447 62
1448 144
1449 99
1450 40
1451 113
1452 152
1453 133
1454 168
1455 44
1456 84
1457 181
1458 172
1459 16
1460 5
1461 33
1462 178
1463 142
1464 49
1465 58
1466 2
1467 93
1468 187
1469 176
1470 57
1471 61
1472 75
1473 49
1474 18
1475 164
1476 149
1477 114
1478 167
1479 60
1480 50
1481 171
1482 0
1483 36
1484 7
1485 144
1486 163
1487 149
1488 107
1489 156
1490 135
1491 55
1492 142
1493 37
1494 182
1495 90
1496 143
1497 46
1498 85
1499 144
1500 176
1501 179
1502 46
1503 168
1504 170
1505 61
1506 55
1507 196
1508 7
1509 191
1510 162
1511 128
1512 138
1513 164
1514 56
1515 75
1516 163
1517 176
1518 150
1519 65
1520 165
1521 164
1522 175
1523 60
1524 56
1525 15
1526 99
1527 30
1528 72
1529 131
1530 173
1531 70
1532 34
1533 53
1534 81
1535 130
1536 77
1537 124
1538 119
1539 13
1540 113
1541 61
1542 14
1543 197
1544 116
1545 158
1546 126
1547 200
1548 140
1549 39
1550 131
1551 174
1552 195
1553 91
1554 102
1555 86
1556 173
1557 25
1558 105
1559 152
1560 133
1561 78
1562 185
1563 198
1564 178
1565 192
1566 93
1567 4
1568 156
1569 47
1570 192
1571 98
1572 16
1573 109
1574 140
1575 38
1576 57
1577 66
1578 101
1579 163
1580 72
1581 33
1582 61
1583 34
1584 109
1585 5
1586 64
1587 35
1588 197
1589 139
1590 159
1591 157
1592 3
1593 89
1594 48
1595 39
1596 127
1597 15
1598 35
1599 43
1600 64
1601 93
1602 61
1603 19
1604 43
1605 102
1606 199
1607 181
1608 156
1609 138
1610 168
1611 107
1612 155
1613 91
1614 58
1615 139
1616 163
1617 101
1618 109
1619 119
1620 201
1621 195
1622 157
1623 11
1624 101
1625 74
1626 85
1627 96
1628 93
1629 12
1630 56
1631 19
1632 164
1633 101
1634 126
1635 97
1636 39
1637 147
1638 122
1639 99
1640 70
1641 116
1642 45
1643 36
1644 109
1645 181
1646 21
1647 81
1648 183
1649 197
1650 50
1651 95
1652 26
1653 93
1654 81
1655 142
1656 136
1657 37
1658 83
1659 24
1660 123
1661 63
1662 101
1663 195
1664 76
1665 58
1666 63
1667 120
1668 168
1669 0
1670 78
1671 118
1672 99
1673 91
1674 179
1675 89
1676 163
1677 164
1678 66
1679 156
1680 81
1681 89
1682 85
1683 84
1684 17
1685 57
1686 64
1687 148
1688 67
1689 95
1690 147
1691 139
1692 151
1693 54
1694 0
1695 55
1696 20
1697 125
1698 40
1699 27
1700 28
1701 72
1702 3
1703 187
1704 86
1705 201
1706 27
1707 54
1708 76
1709 150
1710 30
1711 185
1712 6
1713 165
1714 116
1715 192
1716 92
1717 176
1718 152
1719 27
1720 22
1721 132
1722 119
1723 7
1724 141
1725 30
1726 76
1727 195
1728 124
1729 196
1730 40
1731 4
1732 93
1733 130
1734 88
1735 36
1736 11
1737 123
1738 174
1739 108
1740 112
1741 148
1742 83
1743 128
1744 123
1745 46
1746 87
1747 174
1748 186
1749 142
1750 48
1751 140
1752 175
1753 159
1754 27
1755 152
1756 4
1757 102
1758 184
1759 33
1760 98
1761 86
1762 161
1763 37
1764 121
1765 133
1766 120
1767 172
1768 184
1769 129
1770 192
1771 10
1772 166
1773 181
1774 15
1775 179
1776 38
1777 121
1778 102
1779 4
1780 165
1781 40
1782 52
1783 149
1784 147
1785 38
1786 48
1787 11
1788 177
1789 150
1790 14
1791 140
1792 3
1793 193
1794 53
1795 79
1796 45
1797 20
1798 174
1799 42
1800 45
1801 82
1802 41
1803 54
1804 168
1805 111
1806 4
1807 117
1808 156
1809 49
1810 36
1811 37
1812 141
1813 111
1814 152
1815 186
1816 162
1817 85
1818 112
1819 98
1820 141
1821 99
1822 183
1823 61
1824 71
1825 192
1826 18
1827 8
1828 18
1829 53
1830 70
1831 18
1832 89
1833 26
1834 91
1835 92
1836 81
1837 106
1838 112
1839 111
1840 121
1841 138
1842 76
1843 196
1844 183
1845 187
1846 51
1847 124
1848 120
1849 82
1850 176
1851 17
1852 17
1853 197
1854 106
1855 137
1856 67
1857 0
1858 14
1859 159
1860 4
1861 170
1862 190
1863 180
1864 73
1865 10
1866 191
1867 68
1868 6
1869 177
1870 142
1871 9
1872 49
1873 124
1874 192
1875 119
1876 181
1877 55
1878 173
1879 89
1880 97
1881 148
1882 100
1883 30
1884 66
1885 182
1886 191
1887 11
1888 93
1889 32
1890 131
1891 187
1892 7
1893 82
1894 8
1895 191
1896 30
1897 9
1898 38
1899 152
1900 164
1901 58
1902 121
1903 181
1904 32
1905 156
1906 91
1907 92
1908 143
1909 123
1910 79
1911 160
1912 165
1913 2
1914 67
1915 166
1916 96
1917 43
1918 24
1919 197
1920 129
1921 186
1922 157
1923 171
1924 1
1925 198
1926 22
1927 146
1928 26
1929 11
1930 38
1931 89
1932 183
1933 71
1934 133
1935 105
1936 69
1937 56
1938 49
1939 165
1940 10
1941 50
1942 93
1943 169
1944 168
1945 63
1946 54
1947 89
1948 129
1949 30
1950 83
1951 78
1952 13
1953 131
1954 19
1955 180
1956 169
1957 74
1958 26
1959 181
1960 131
1961 188
1962 42
1963 23
1964 22
1965 183
1966 21
1967 24
1968 55
1969 21
1970 81
1971 102
1972 145
1973 129
1974 32
1975 121
1976 103
1977 45
1978 142
1979 54
1980 160
1981 34
1982 107
1983 174
1984 194
1985 199
1986 200
1987 66
1988 80
1989 50
1990 150
1991 97
1992 151
1993 65
1994 106
1995 201
1996 158
1997 169
1998 161
1999 32
2000 73
2001 14
2002 157
2003 179
2004 175
2005 68
2006 136
2007 84
2008 64
2009 3
2010 59
2011 80
2012 53
2013 8
2014 127
2015 16
2016 151
2017 54
2018 189
2019 172
2020 162
2021 74
2022 120
2023 152
2024 145
2025 1
2026 176
2027 167
2028 45
2029 70
2030 162
2031 55
2032 58
2033 139
2034 14
2035 159
2036 167
2037 201
2038 141
2039 197
2040 115
2041 30
2042 201
2043 85
2044 187
2045 57
2046 36
2047 157
2048 115
2049 9
2050 139
2051 158
2052 109
2053 0
2054 189
2055 44
2056 130
2057 89
2058 26
2059 183
2060 138
2061 47
2062 171
2063 103
2064 11
2065 45
2066 65
2067 56
2068 78
2069 65
2070 43
2071 28
2072 154
2073 48
2074 131
2075 158
2076 78
2077 77
2078 117
2079 28
2080 99
2081 46
2082 151
2083 26
2084 146
2085 138
2086 27
2087 126
2088 111
2089 51
2090 113
2091 120
2092 175
2093 101
2094 152
2095 13
2096 169
2097 137
2098 67
2099 189
2100 140
2101 14
2102 2
2103 90
2104 82
2105 100
2106 18
2107 101
2108 76
2109 61
2110 176
2111 105
2112 89
2113 7
2114 109
2115 114
2116 7
2117 76
2118 17
2119 131
2120 144
2121 180
2122 164
2123 35
2124 78
2125 37
2126 13
2127 159
2128 104
2129 148
2130 163
2131 137
2132 20
2133 114
2134 179
2135 18
2136 165
2137 77
2138 161
2139 61
2140 170
2141 166
2142 190
2143 175
2144 109
2145 169
2146 168
2147 33
2148 164
2149 177
2150 74
2151 18
2152 60
2153 58
2154 16
2155 6
2156 119
2157 86
2158 70
2159 66
2160 144
2161 102
2162 160
2163 195
2164 112
2165 103
2166 185
2167 54
2168 93
2169 104
2170 159
2171 163
2172 12
2173 194
2174 3
2175 74
2176 169
2177 87
2178 64
2179 59
2180 117
2181 68
2182 22
2183 59
2184 181
2185 196
2186 132
2187 93
2188 108
2189 40
2190 99
2191 161
2192 71
2193 91
2194 13
2195 119
2196 148
2197 166
2198 116
2199 166
2200 131
2201 154
2202 129
2203 132
2204 67
2205 111
2206 97
2207 149
2208 190
2209 39
2210 88
2211 112
2212 149
2213 89
2214 180
2215 174
2216 147
2217 99
2218 150
2219 92
2220 102
2221 11
2222 81
2223 20
2224 196
2225 87
2226 2
2227 7
2228 164
2229 158
2230 24
2231 149
2232 124
2233 177
2234 153
2235 193
2236 122
2237 16
2238 133
2239 1
2240 104
2241 163
2242 78
2243 195
2244 65
2245 104
2246 105
2247 92
2248 67
2249 53
2250 91
2251 84
2252 192
2253 111
2254 69
2255 197
2256 104
2257 33
2258 162
2259 22
2260 86
2261 182
2262 66
2263 51
2264 197
2265 145
2266 114
2267 36
2268 34
2269 136
2270 33
2271 41
2272 14
2273 34
2274 121
2275 69
2276 71
2277 190
2278 161
2279 149
2280 35
2281 46
2282 86
2283 196
2284 107
2285 108
2286 88
2287 42
2288 174
2289 154
2290 28
2291 150
2292 77
2293 108
2294 66
2295 127
2296 75
2297 187
2298 85
2299 28
2300 112
2301 187
2302 172
2303 23
2304 173
2305 81
2306 14
2307 130
2308 36
2309 164
2310 51
2311 135
2312 101
2313 124
2314 11
2315 100
2316 6
2317 159
2318 169
2319 49
2320 7
2321 100
2322 178
2323 15
2324 114
2325 9
2326 175
2327 40
2328 12
2329 153
2330 108
2331 156
2332 82
2333 72
2334 80
2335 166
2336 75
2337 149
2338 123
2339 46
2340 115
2341 29
2342 64
2343 183
2344 21
2345 89
2346 178
2347 171
2348 15
2349 5
2350 84
2351 97
2352 152
2353 75
2354 170
2355 8
2356 188
2357 7
2358 17
2359 34
2360 172
2361 147
2362 134
2363 182
2364 157
2365 71
2366 31
2367 153
2368 66
2369 137
2370 80
2371 161
2372 41
2373 136
2374 84
2375 118
2376 58
2377 165
2378 158
2379 33
2380 179
2381 60
2382 52
2383 8
2384 32
2385 185
2386 132
2387 65
2388 197
2389 178
2390 183
2391 87
2392 180
2393 184
2394 53
2395 81
2396 175
2397 35
2398 91
2399 169
2400 148
2401 98
2402 103
2403 115
2404 64
2405 178
2406 51
2407 183
2408 70
2409 34
2410 18
2411 94
2412 135
2413 100
2414 186
2415 109
2416 20
2417 170
2418 94
2419 180
2420 126
2421 149
2422 98
2423 174
2424 126
2425 146
2426 53
2427 34
2428 141
2429 53
2430 191
2431 191
2432 84
2433 151
2434 129
2435 133
2436 57
2437 45
2438 29
2439 11
2440 47
2441 116
2442 80
2443 199
2444 2
2445 88
2446 161
2447 34
2448 191
2449 189
2450 198
2451 168
2452 74
2453 12
2454 35
2455 65
2456 45
2457 23
2458 179
2459 54
2460 62
2461 102
2462 8
2463 80
2464 100
2465 133
2466 64
2467 49
2468 114
2469 132
2470 27
2471 116
2472 195
2473 80
2474 24
2475 108
2476 121
2477 162
2478 146
2479 130
2480 108
2481 140
2482 138
2483 147
2484 199
2485 84
2486 112
2487 159
2488 115
2489 172
2490 174
2491 56
2492 15
2493 38
2494 37
2495 99
2496 136
2497 20
2498 32
2499 134
2500 68
2501 177
2502 92
2503 23
2504 55
2505 52
2506 116
2507 177
2508 28
2509 42
2510 187
2511 30
2512 94
2513 86
2514 90
2515 52
2516 44
2517 190
2518 133
2519 27
2520 74
2521 180
2522 52
2523 51
2524 13
2525 92
2526 101
2527 19
2528 75
2529 39
2530 176
2531 87
2532 25
2533 189
2534 69
2535 83
2536 159
2537 18
2538 81
2539 163
2540 67
2541 109
2542 190
2543 196
2544 94
2545 185
2546 87
2547 199
2548 129
2549 18
2550 170
2551 76
2552 31
2553 57
2554 170
2555 3
2556 95
2557 201
2558 92
2559 24
2560 107
2561 141
2562 44
2563 196
2564 150
2565 139
2566 27
2567 69
2568 122
2569 185
2570 140
2571 43
2572 5
2573 101
2574 104
2575 18
2576 191
2577 102
2578 116
2579 25
2580 195
2581 54
2582 100
2583 85
2584 188
2585 4
2586 118
2587 150
2588 11
2589 3
2590 23
2591 120
2592 69
2593 119
2594 26
2595 5
2596 38
2597 174
2598 81
2599 38
2600 133
2601 52
2602 143
2603 116
2604 43
2605 3
2606 86
2607 29
2608 68
2609 143
2610 21
2611 87
2612 195
2613 71
2614 151
2615 31
2616 7
2617 9
2618 3
2619 19
2620 121
2621 155
2622 189
2623 80
2624 175
2625 153
2626 71
2627 51
2628 132
2629 135
2630 30
2631 146
2632 166
2633 175
2634 200
2635 105
2636 142
2637 172
2638 126
2639 159
2640 58
2641 158
2642 125
2643 103
2644 76
2645 9
2646 199
2647 166
2648 26
2649 123
2650 112
2651 3
2652 0
2653 153
2654 103
2655 140
2656 103
2657 164
2658 29
2659 160
2660 144
2661 201
2662 140
2663 59
2664 63
2665 131
2666 43
2667 17
2668 89
2669 157
2670 117
2671 75
2672 113
2673 101
2674 178
2675 134
2676 127
2677 52
2678 174
2679 144
2680 68
2681 81
2682 96
2683 98
2684 199
2685 154
2686 193
2687 185
2688 44
2689 12
2690 179
2691 192
2692 165
2693 169
2694 170
2695 162
2696 73
2697 132
2698 146
2699 89
2700 183
2701 49
2702 147
2703 53
2704 194
2705 109
2706 127
2707 124
2708 193
2709 38
2710 147
2711 7
2712 38
2713 201
2714 46
2715 173
2716 115
2717 100
2718 48
2719 200
2720 104
2721 189
2722 1
2723 23
2724 38
2725 115
2726 121
2727 128
2728 197
2729 134
2730 10
2731 28
2732 62
2733 94
2734 152
2735 34
2736 168
2737 184
2738 109
2739 123
2740 65
2741 55
2742 184
2743 68
2744 184
2745 183
2746 112
2747 192
2748 10
2749 35
2750 130
2751 148
2752 13
2753 85
2754 22
2755 190
2756 181
2757 71
2758 98
2759 123
2760 12
2761 81
2762 127
2763 140
2764 23
2765 87
2766 183
2767 80
2768 128
2769 32
2770 9
2771 166
2772 120
2773 64
2774 34
2775 84
2776 200
2777 38
2778 115
2779 150
2780 17
2781 157
2782 148
2783 122
2784 31
2785 116
2786 127
2787 182
2788 184
2789 65
2790 114
2791 126
2792 55
2793 40
2794 172
2795 182
2796 97
2797 186
2798 179
2799 97
2800 95
2801 130
2802 156
2803 201
2804 64
2805 181
2806 81
2807 178
2808 42
2809 59
2810 157
2811 39
2812 85
2813 81
2814 6
2815 11
2816 113
2817 134
2818 197
2819 176
2820 115
2821 85
2822 110
2823 8
2824 22
2825 16
2826 105
2827 45
2828 99
2829 48
2830 182
2831 172
2832 95
2833 133
2834 16
2835 141
2836 32
2837 55
2838 82
2839 121
2840 30
2841 135
2842 108
2843 25
2844 54
2845 129
2846 133
2847 153
2848 50
2849 75
2850 72
2851 45
2852 132
2853 145
2854 39
2855 130
2856 25
2857 119
2858 199
2859 59
2860 0
2861 89
2862 28
2863 88
2864 181
2865 181
2866 156
2867 110
2868 55
2869 83
2870 39
2871 104
2872 23
2873 151
2874 179
2875 194
2876 185
2877 9
2878 188
2879 177
2880 11
2881 182
2882 43
2883 145
2884 16
2885 185
2886 49
2887 200
2888 131
2889 18
2890 112
2891 108
2892 66
2893 78
2894 50
2895 196
2896 182
2897 160
2898 32
2899 158
2900 8
2901 188
2902 174
2903 117
2904 188
2905 148
2906 119
2907 85
2908 58
2909 80
2910 8
2911 158
2912 172
2913 156
2914 137
2915 68
2916 65
2917 170
2918 53
2919 198
2920 94
2921 135
2922 34
2923 16
2924 100
2925 190
2926 195
2927 84
2928 57
2929 47
2930 98
2931 139
2932 108
2933 166
2934 201
2935 161
2936 176
2937 54
2938 66
2939 34
2940 112
2941 141
2942 98
2943 98
2944 73
2945 142
2946 88
2947 46
2948 3
2949 123
2950 184
2951 155
2952 60
2953 30
2954 84
2955 29
2956 141
2957 119
2958 119
2959 35
2960 13
2961 134
2962 98
2963 195
2964 65
2965 135
2966 161
2967 86
2968 139
2969 118
2970 104
2971 161
2972 135
2973 74
2974 54
2975 9
2976 136
2977 154
2978 201
2979 194
2980 73
2981 187
2982 4
2983 97
2984 97
2985 100
2986 30
2987 135
2988 97
2989 31
2990 8
2991 13
2992 68
2993 155
2994 8
2995 12
2996 103
2997 160
2998 181
2999 104
3000 131
3001 186
3002 97
3003 144
3004 163
3005 128
3006 184
3007 63
3008 117
3009 86
3010 142
3011 25
3012 40
3013 195
3014 29
3015 132
3016 113
3017 22
3018 75
3019 114
3020 5
3021 160
3022 52
3023 139
3024 16
3025 200
3026 86
3027 158
3028 17
3029 33
3030 161
3031 132
3032 4
3033 122
3034 102
3035 16
3036 28
3037 30
3038 135
3039 195
3040 85
3041 67
3042 188
3043 131
3044 196
3045 61
3046 59
3047 105
3048 51
3049 55
3050 56
3051 125
3052 198
3053 112
3054 157
3055 167
3056 109
3057 161
3058 8
3059 65
3060 133
3061 20
3062 32
3063 107
3064 113
3065 134
3066 19
3067 132
3068 24
3069 61
3070 51
3071 23
3072 37
3073 160
3074 103
3075 176
3076 175
3077 5
3078 128
3079 83
3080 84
3081 21
3082 141
3083 169
3084 44
3085 148
3086 200
3087 136
3088 177
3089 55
3090 194
3091 4
3092 94
3093 124
3094 157
3095 146
3096 169
3097 43
3098 171
3099 66
3100 124
3101 140
3102 88
3103 144
3104 74
3105 65
3106 184
3107 56
3108 195
3109 23
3110 44
3111 1
3112 76
3113 94
3114 88
3115 140
3116 38
3117 156
3118 21
3119 82
3120 132
3121 133
3122 26
3123 191
3124 77
3125 106
3126 85
3127 65
3128 98
3129 140
3130 10
3131 10
3132 28
3133 10
3134 19
3135 127
3136 44
3137 49
3138 173
3139 23
3140 5
3141 78
3142 59
3143 189
3144 31
3145 115
3146 97
3147 115
3148 13
3149 126
3150 173
3151 111
3152 117
3153 8
3154 73
3155 173
3156 126
3157 176
3158 124
3159 190
3160 11
3161 3
3162 9
3163 90
3164 156
3165 72
3166 116
3167 25
3168 8
3169 200
3170 184
3171 147
3172 98
3173 62
3174 183
3175 190
3176 11
3177 196
3178 71
3179 75
3180 72
3181 196
3182 189
3183 31
3184 66
3185 197
3186 68
3187 165
3188 2
3189 172
3190 32
3191 166
3192 186
3193 105
3194 118
3195 87
3196 167
3197 90
3198 150
3199 171
3200 2
3201 181
3202 84
3203 73
3204 38
3205 173
3206 180
3207 138
3208 82
3209 139
3210 183
3211 11
3212 161
3213 25
3214 136
3215 122
3216 159
3217 103
3218 193
3219 136
3220 15
3221 10
3222 67
3223 103
3224 136
3225 131
3226 54
3227 75
3228 182
3229 138
3230 129
3231 82
3232 157
3233 47
3234 84
3235 106
3236 81
3237 158
3238 46
3239 180
3240 23
3241 201
3242 191
3243 161
3244 55
3245 198
3246 52
3247 157
3248 127
3249 50
3250 100
3251 40
3252 154
3253 123
3254 158
3255 118
3256 134
3257 86
3258 34
3259 78
3260 17
3261 41
3262 194
3263 12
3264 147
3265 9
3266 152
3267 108
3268 17
3269 119
3270 6
3271 105
3272 138
3273 1
3274 59
3275 110
3276 91
3277 41
3278 89
3279 70
3280 145
3281 97
3282 121
3283 185
3284 72
3285 39
3286 135
3287 138
3288 135
3289 8
3290 188
3291 110
3292 143
3293 99
3294 96
3295 7
3296 143
3297 51
3298 35
3299 76
3300 47
3301 81
3302 121
3303 15
3304 8
3305 81
3306 120
3307 124
3308 97
3309 135
3310 3
3311 171
3312 72
3313 5
3314 117
3315 42
3316 53
3317 173
3318 183
3319 9
3320 64
3321 111
3322 75
3323 102
3324 184
3325 29
3326 41
3327 32
3328 17
3329 118
3330 190
3331 32
3332 74
3333 22
3334 65
3335 44
3336 200
3337 122
3338 79
3339 126
3340 73
3341 12
3342 43
3343 155
3344 7
3345 117
3346 47
3347 22
3348 68
3349 113
3350 76
3351 65
3352 2
3353 75
3354 101
3355 24
3356 107
3357 182
3358 52
3359 27
3360 51
3361 113
3362 21
3363 169
3364 164
3365 76
3366 47
3367 37
3368 129
3369 192
3370 128
3371 151
3372 199
3373 74
3374 149
3375 17
3376 87
3377 59
3378 152
3379 113
3380 1
3381 36
3382 159
3383 135
3384 53
3385 35
3386 53
3387 129
3388 41
3389 27
3390 69
3391 105
3392 49
3393 179
3394 45
3395 82
3396 108
3397 74
3398 100
3399 183
3400 71
3401 6
3402 100
3403 123
3404 120
3405 33
3406 151
3407 149
3408 117
3409 61
3410 153
3411 3
3412 69
3413 52
3414 189
3415 176
3416 103
3417 103
3418 22
3419 64
3420 54
3421 1
3422 32
3423 117
3424 71
3425 8
3426 81
3427 137
3428 6
3429 146
3430 174
3431 53
3432 69
3433 159
3434 60
3435 11
3436 175
3437 195
3438 91
3439 167
3440 72
3441 175
3442 90
3443 29
3444 71
3445 120
3446 61
3447 62
3448 132
3449 175
3450 168
3451 65
3452 63
3453 149
3454 77
3455 12
3456 73
3457 120
3458 147
3459 125
3460 144
3461 124
3462 72
3463 183
3464 171
3465 3
3466 24
3467 189
3468 33
3469 160
3470 160
3471 106
3472 108
3473 3
3474 45
3475 70
3476 75
3477 69
3478 197
3479 77
3480 186
3481 95
3482 166
3483 157
3484 144
3485 101
3486 56
3487 137
3488 32
3489 115
3490 188
3491 85
3492 86
3493 95
3494 156
3495 50
3496 161
3497 138
3498 150
3499 34
3500 99
3501 49
3502 37
3503 173
3504 157
3505 88
3506 31
3507 57
3508 125
3509 49
3510 184
3511 14
3512 39
3513 13
3514 28
3515 16
3516 101
3517 200
3518 24
3519 167
3520 146
3521 22
3522 20
3523 146
3524 86
3525 79
3526 9
3527 77
3528 169
3529 175
3530 174
3531 198
3532 129
3533 155
3534 102
3535 165
3536 70
3537 112
3538 147
3539 198
3540 121
3541 111
3542 180
3543 50
3544 76
3545 49
3546 198
3547 163
3548 62
3549 83
3550 58
3551 97
3552 160
3553 84
3554 147
3555 173
3556 39
3557 17
3558 200
3559 29
3560 191
3561 7
3562 154
3563 35
3564 38
3565 13
3566 198
3567 46
3568 144
3569 201
3570 54
3571 87
3572 31
3573 85
3574 43
3575 38
3576 94
3577 175
3578 25
3579 71
3580 124
3581 123
3582 28
3583 58
3584 9
3585 80
3586 180
3587 99
3588 176
3589 105
3590 158
3591 86
3592 145
3593 161
3594 112
3595 74
3596 82
3597 25
3598 107
3599 165
3600 148
3601 162
3602 69
3603 79
3604 199
3605 86
3606 135
3607 106
3608 115
3609 124
3610 100
3611 76
3612 73
3613 136
3614 110
3615 82
3616 194
3617 84
3618 88
3619 33
3620 47
3621 24
3622 1
3623 168
3624 184
3625 183
3626 157
3627 98
3628 77
3629 100
3630 81
3631 32
3632 63
3633 70
3634 12
3635 166
3636 104
3637 72
3638 128
3639 42
3640 20
3641 68
3642 169
3643 143
3644 186
3645 157
3646 55
3647 44
3648 94
3649 153
3650 74
3651 185
3652 38
3653 152
3654 5
3655 150
3656 106
3657 110
3658 89
3659 107
3660 141
3661 27
3662 44
3663 76
3664 73
3665 138
3666 84
3667 198
3668 0
3669 168
3670 87
3671 54
3672 172
3673 17
3674 43
3675 185
3676 143
3677 3
3678 2
3679 151
3680 122
3681 133
3682 116
3683 133
3684 2
3685 17
3686 36
3687 105
3688 134
3689 125
3690 182
3691 62
3692 78
3693 110
3694 40
3695 141
3696 193
3697 11
3698 192
3699 54
3700 146
3701 42
3702 123
3703 49
3704 56
3705 152
3706 110
3707 128
3708 62
3709 119
3710 181
3711 76
3712 45
3713 161
3714 157
3715 114
3716 123
3717 20
3718 1
3719 92
3720 128
3721 110
3722 72
3723 24
3724 182
3725 20
3726 50
3727 161
3728 168
3729 190
3730 194
3731 89
3732 152
3733 84
3734 75
3735 199
3736 6
3737 194
3738 92
3739 157
3740 177
3741 139
3742 74
3743 178
3744 159
3745 36
3746 186
3747 70
3748 160
3749 157
3750 143
3751 112
3752 68
3753 74
3754 160
3755 115
3756 102
3757 166
3758 181
3759 140
3760 31
3761 99
3762 160
3763 22
3764 195
3765 182
3766 28
3767 188
3768 148
3769 135
3770 101
3771 188
3772 168
3773 15
3774 142
3775 56
3776 26
3777 115
3778 75
3779 129
3780 192
3781 124
3782 53
3783 3
3784 129
3785 111
3786 23
3787 194
3788 157
3789 31
3790 107
3791 83
3792 55
3793 78
3794 120
3795 191
3796 37
3797 30
3798 193
3799 72
3800 190
3801 90
3802 26
3803 133
3804 57
3805 65
3806 83
3807 176
3808 92
3809 95
3810 1
3811 141
3812 135
3813 76
3814 201
3815 201
3816 26
3817 115
3818 6
3819 80
3820 61
3821 127
3822 18
3823 87
3824 143
3825 24
3826 56
3827 105
3828 80
3829 193
3830 86
3831 37
3832 197
3833 197
3834 82
3835 124
3836 129
3837 61
3838 163
3839 53
3840 20
3841 169
3842 56
3843 150
3844 122
3845 131
3846 15
3847 193
3848 159
3849 118
3850 174
3851 106
3852 174
3853 177
3854 181
3855 95
3856 174
3857 197
3858 155
3859 27
3860 163
3861 155
3862 162
3863 190
3864 157
3865 107
3866 19
3867 167
3868 100
3869 70
3870 167
3871 46
3872 50
3873 38
3874 157
3875 19
3876 86
3877 115
3878 118
3879 132
3880 123
3881 59
3882 25
3883 142
3884 48
3885 168
3886 112
3887 161
3888 149
3889 153
3890 180
3891 201
3892 126
3893 81
3894 35
3895 196
3896 170
3897 168
3898 186
3899 79
3900 15
3901 32
3902 167
3903 25
3904 183
3905 171
3906 8
3907 167
3908 120
3909 6
3910 198
3911 76
3912 62
3913 79
3914 101
3915 7
3916 31
3917 71
3918 52
3919 150
3920 52
3921 37
3922 116
3923 76
3924 7
3925 198
3926 62
3927 72
3928 1
3929 0
3930 122
3931 52
3932 98
3933 128
3934 180
3935 146
3936 140
3937 142
3938 118
3939 17
3940 25
3941 9
3942 106
3943 94
3944 74
3945 99
3946 128
3947 199
3948 91
3949 111
3950 170
3951 103
3952 37
3953 140
3954 16
3955 76
3956 158
3957 14
3958 55
3959 63
3960 162
3961 30
3962 170
3963 55
3964 17
3965 158
3966 135
3967 191
3968 31
3969 39
3970 106
3971 122
3972 165
3973 164
3974 99
3975 49
3976 136
3977 2
3978 95
3979 35
3980 83
3981 12
3982 187
3983 168
3984 91
3985 184
3986 52
3987 125
3988 101
3989 161
3990 83
3991 123
3992 180
3993 93
3994 106
3995 171
3996 67
3997 13
3998 86
3999 29
4000 43
4001 10
4002 105
4003 157
4004 38
4005 129
4006 140
4007 159
4008 76
4009 125
4010 107
4011 95
4012 178
4013 191
4014 137
4015 107
4016 13
4017 164
4018 141
4019 3
4020 48
4021 1
4022 7
4023 108
4024 120
4025 113
4026 121
4027 59
4028 57
4029 93
4030 156
4031 49
4032 5
4033 1
4034 104
4035 185
4036 2
4037 101
4038 198
4039 185
4040 95
4041 94
4042 26
4043 160
4044 57
4045 50
4046 63
4047 3
4048 59
4049 38
4050 34
4051 74
4052 132
4053 18
4054 99
4055 152
4056 147
4057 66
4058 53
4059 103
4060 115
4061 78
4062 161
4063 35
4064 12
4065 147
4066 43
4067 21
4068 71
4069 44
4070 199
4071 17
4072 200
4073 74
4074 178
4075 104
4076 84
4077 167
4078 112
4079 70
4080 42
4081 103
4082 36
4083 84
4084 181
4085 23
4086 199
4087 125
4088 166
4089 155
4090 27
4091 118
4092 121
4093 92
4094 51
4095 77
4096 191
4097 54
4098 38
4099 64
4100 23
4101 93
4102 30
4103 15
4104 154
4105 134
4106 25
4107 153
4108 138
4109 30
4110 69
4111 111
4112 1
4113 7
4114 15
4115 126
4116 49
4117 121
4118 152
4119 131
4120 77
4121 91
4122 103
4123 88
4124 107
4125 168
4126 116
4127 66
4128 122
4129 150
4130 4
4131 69
4132 105
4133 130
4134 193
4135 140
4136 70
4137 199
4138 123
4139 150
4140 93
4141 102
4142 124
4143 36
4144 10
4145 185
4146 145
4147 191
4148 1
4149 180
4150 74
4151 174
4152 175
4153 65
4154 189
4155 124
4156 198
4157 161
4158 44
4159 116
4160 201
4161 33
4162 28
4163 179
4164 55
4165 181
4166 120
4167 102
4168 152
4169 66
4170 155
4171 105
4172 138
4173 7
4174 5
4175 119
4176 133
4177 185
4178 7
4179 86
4180 125
4181 82
4182 193
4183 56
4184 174
4185 141
4186 147
4187 99
4188 182
4189 141
4190 5
4191 87
4192 24
4193 84
4194 105
4195 103
4196 5
4197 172
4198 160
4199 70
4200 166
4201 102
4202 120
4203 88
4204 19
4205 93
4206 106
4207 125
4208 74
4209 61
4210 5
4211 178
4212 200
4213 187
4214 104
4215 168
4216 28
4217 79
4218 164
4219 1
4220 140
4221 115
4222 56
4223 37
4224 70
4225 48
4226 89
4227 90
4228 67
4229 83
4230 21
4231 150
4232 135
4233 66
4234 63
4235 21
4236 52
4237 172
4238 57
4239 75
4240 187
4241 8
4242 182
4243 68
4244 78
4245 123
4246 26
4247 91
4248 200
4249 55
4250 201
4251 4
4252 195
4253 37
4254 5
4255 172
4256 138
4257 164
4258 38
4259 55
4260 48
4261 138
4262 53
4263 52
4264 41
4265 16
4266 50
4267 115
4268 12
4269 115
4270 85
4271 69
4272 90
4273 126
4274 10
4275 60
4276 75
4277 69
4278 108
4279 16
4280 65
4281 167
4282 183
4283 78
4284 84
4285 166
4286 73
4287 188
4288 180
4289 46
4290 172
4291 111
4292 191
4293 40
4294 39
4295 147
4296 76
4297 170
4298 144
4299 20
4300 48
4301 124
4302 21
4303 112
4304 74
4305 102
4306 76
4307 72
4308 65
4309 29
4310 33
4311 51
4312 152
4313 137
4314 0
4315 98
4316 109
4317 70
4318 141
4319 74
4320 3
4321 41
4322 116
4323 78
4324 52
4325 126
4326 123
4327 40
4328 78
4329 26
4330 28
4331 123
4332 130
4333 103
4334 135
4335 45
4336 10
4337 42
4338 197
4339 170
4340 157
4341 9
4342 125
4343 196
4344 89
4345 91
4346 174
4347 103
4348 0
4349 54
4350 0
4351 55
4352 167
4353 72
4354 32
4355 158
4356 63
4357 130
4358 11
4359 172
4360 101
4361 77
4362 15
4363 0
4364 181
4365 162
4366 37
4367 126
4368 171
4369 181
4370 188
4371 112
4372 63
4373 169
4374 173
4375 61
4376 123
4377 193
4378 153
4379 24
4380 59
4381 181
4382 36
4383 87
4384 146
4385 108
4386 1
4387 98
4388 78
4389 134
4390 23
4391 21
4392 24
4393 116
4394 42
4395 54
4396 93
4397 29
4398 190
4399 159
4400 53
4401 118
4402 119
4403 41
4404 137
4405 139
4406 83
4407 124
4408 164
4409 129
4410 69
4411 71
4412 14
4413 123
4414 178
4415 130
4416 0
4417 25
4418 93
4419 161
4420 115
4421 116
4422 197
4423 87
4424 182
4425 156
4426 159
4427 111
4428 107
4429 29
4430 145
4431 186
4432 82
4433 77
4434 97
4435 91
4436 16
4437 56
4438 42
4439 50
4440 4
4441 19
4442 7
4443 51
4444 63
4445 39
4446 57
4447 196
4448 185
4449 0
4450 151
4451 18
4452 158
4453 166
4454 172
4455 51
4456 181
4457 83
4458 71
4459 156
4460 173
4461 87
4462 125
4463 26
4464 30
4465 162
4466 198
4467 198
4468 48
4469 67
4470 15
4471 179
4472 139
4473 33
4474 170
4475 9
4476 9
4477 30
4478 68
4479 58
4480 91
4481 58
4482 43
4483 151
4484 1
4485 83
4486 15
4487 47
4488 181
4489 68
4490 101
4491 107
4492 52
4493 10
4494 173
4495 195
4496 87
4497 196
4498 62
4499 104
4500 57
4501 122
4502 137
4503 61
4504 162
4505 81
4506 24
4507 175
4508 47
4509 12
4510 11
4511 36
4512 30
4513 70
4514 63
4515 60
4516 0
4517 10
4518 0
4519 184
4520 160
4521 74
4522 53
4523 69
4524 15
4525 83
4526 136
4527 103
4528 26
4529 16
4530 91
4531 64
4532 165
4533 175
4534 158
4535 176
4536 61
4537 130
4538 107
4539 11
4540 86
4541 160
4542 106
4543 59
4544 77
4545 23
4546 194
4547 14
4548 35
4549 106
4550 149
4551 195
4552 174
4553 65
4554 176
4555 97
4556 111
4557 30
4558 81
4559 133
4560 184
4561 108
4562 101
4563 105
4564 167
4565 181
4566 51
4567 38
4568 106
4569 128
4570 154
4571 111
4572 49
4573 135
4574 80
4575 143
4576 84
4577 171
4578 68
4579 9
4580 182
4581 54
4582 32
4583 167
4584 53
4585 190
4586 63
4587 182
4588 12
4589 28
4590 1
4591 190
4592 119
4593 157
4594 195
4595 4
4596 151
4597 47
4598 180
4599 154
4600 35
4601 99
4602 119
4603 116
4604 176
4605 93
4606 141
4607 85
4608 10
4609 188
4610 191
4611 4
4612 110
4613 100
4614 72
4615 130
4616 196
4617 58
4618 72
4619 31
4620 183
4621 199
4622 105
4623 179
4624 38
4625 40
4626 23
4627 110
4628 70
4629 144
4630 38
4631 114
4632 79
4633 47
4634 107
4635 37
4636 9
4637 159
4638 153
4639 38
4640 115
4641 63
4642 84
4643 81
4644 111
4645 10
4646 173
4647 123
4648 10
4649 188
4650 154
4651 134
4652 26
4653 157
4654 111
4655 143
4656 59
4657 44
4658 13
4659 152
4660 149
4661 104
4662 199
4663 65
4664 60
4665 177
4666 118
4667 86
4668 10
4669 130
4670 117
4671 164
4672 136
4673 9
4674 115
4675 100
4676 116
4677 44
4678 118
4679 201
4680 178
4681 120
4682 16
4683 71
4684 118
4685 128
4686 177
4687 23
4688 48
4689 164
4690 185
4691 100
4692 17
4693 175
4694 30
4695 48
4696 115
4697 109
4698 27
4699 20
4700 181
4701 49
4702 153
4703 151
4704 45
4705 72
4706 108
4707 155
4708 145
4709 129
4710 114
4711 95
4712 104
4713 78
4714 130
4715 150
4716 11
4717 147
4718 23
4719 182
4720 188
4721 55
4722 34
4723 2
4724 15
4725 21
4726 39
4727 1
4728 138
4729 111
4730 120
4731 72
4732 28
4733 44
4734 64
4735 56
4736 143
4737 127
4738 15
4739 161
4740 160
4741 193
4742 137
4743 198
4744 129
4745 16
4746 168
4747 169
4748 35
4749 33
4750 72
4751 16
4752 13
4753 137
4754 53
4755 79
4756 37
4757 93
4758 86
4759 150
4760 115
4761 107
4762 169
4763 136
4764 96
4765 121
4766 149
4767 50
4768 103
4769 152
4770 62
4771 46
4772 35
4773 53
4774 39
4775 71
4776 118
4777 145
4778 47
4779 83
4780 88
4781 170
4782 191
4783 32
4784 70
4785 171
4786 61
4787 106
4788 47
4789 72
4790 125
4791 36
4792 140
4793 78
4794 6
4795 163
4796 97
4797 56
4798 81
4799 158
4800 185
4801 130
4802 25
4803 56
4804 49
4805 177
4806 66
4807 22
4808 60
4809 111
4810 188
4811 196
4812 79
4813 80
4814 49
4815 80
4816 29
4817 107
4818 175
4819 26
4820 186
4821 102
4822 148
4823 164
4824 100
4825 170
4826 133
4827 114
4828 182
4829 199
4830 31
4831 162
4832 66
4833 154
4834 116
4835 15
4836 29
4837 102
4838 86
4839 3
4840 115
4841 118
4842 1
4843 158
4844 184
4845 18
4846 169
4847 62
4848 188
4849 45
4850 120
4851 35
4852 102
4853 127
4854 129
4855 114
4856 92
4857 166
4858 138
4859 157
4860 12
4861 167
4862 124
4863 129
4864 69
4865 162
4866 89
4867 85
4868 113
4869 93
4870 79
4871 63
4872 187
4873 75
4874 186
4875 137
4876 134
4877 48
4878 160
4879 79
4880 181
4881 2
4882 173
4883 122
4884 28
4885 34
4886 128
4887 140
4888 132
4889 35
4890 64
4891 175
4892 46
4893 37
4894 75
4895 112
4896 52
4897 79
4898 53
4899 96
4900 17
4901 46
4902 18
4903 85
4904 196
4905 27
4906 60
4907 184
4908 174
4909 27
4910 12
4911 108
4912 87
4913 66
4914 78
4915 87
4916 197
4917 109
4918 42
4919 107
4920 165
4921 25
4922 191
4923 166
4924 166
4925 3
4926 159
4927 155
4928 59
4929 116
4930 138
4931 125
4932 17
4933 110
4934 117
4935 40
4936 169
4937 153
4938 29
4939 11
4940 16
4941 34
4942 111
4943 148
4944 16
4945 105
4946 42
4947 71
4948 44
4949 59
4950 43
4951 33
4952 21
4953 34
4954 53
4955 117
4956 84
4957 184
4958 111
4959 23
4960 5
4961 69
4962 6
4963 51
4964 126
4965 115
4966 88
4967 177
4968 63
4969 22
4970 101
4971 39
4972 120
4973 66
4974 136
4975 178
4976 123
4977 38
4978 6
4979 152
4980 15
4981 7
4982 134
4983 6
4984 49
4985 5
4986 173
4987 164
4988 29
4989 155
4990 165
4991 23
4992 61
4993 144
4994 4
4995 152
4996 61
4997 131
4998 19
4999 152
