15000 161
15001 61
15002 48
15003 62
15004 148
15005 182
15006 151
15007 81
15008 33
15009 168
15010 10
15011 156
15012 192
15013 92
15014 60
15015 115
15016 112
15017 16
15018 19
15019 58
15020 156
15021 157
15022 15
15023 16
15024 36
15025 164
15026 200
15027 8
15028 46
15029 139
15030 108
15031 64
15032 79
15033 48
15034 57
15035 127
15036 88
15037 125
15038 154
15039 124
15040 151
15041 188
15042 19
15043 114
15044 105
15045 20
15046 98
15047 197
15048 129
15049 33
15050 39
15051 84
15052 194
15053 123
15054 104
15055 36
15056 82
15057 5
15058 115
15059 187
15060 5
15061 57
15062 93
15063 106
15064 89
15065 200
15066 148
15067 41
15068 143
15069 23
15070 41
15071 81
15072 153
15073 158
15074 66
15075 83
15076 166
15077 165
15078 191
15079 31
15080 59
15081 8
15082 31
15083 135
15084 56
15085 117
15086 60
15087 136
15088 170
15089 167
15090 113
15091 32
15092 66
15093 143
15094 156
15095 174
15096 59
15097 172
15098 135
15099 200
15100 39
15101 170
15102 33
15103 183
15104 173
15105 137
15106 197
15107 167
15108 3
15109 108
15110 162
15111 121
15112 77
15113 196
15114 99
15115 40
15116 59
15117 27
15118 65
15119 56
15120 29
15121 128
15122 164
15123 125
15124 80
15125 43
15126 5
15127 4
15128 53
15129 111
15130 35
15131 175
15132 20
15133 138
15134 92
15135 105
15136 30
15137 12
15138 9
15139 92
15140 165
15141 90
15142 173
15143 56
15144 52
15145 101
15146 176
15147 144
15148 138
15149 102
15150 164
15151 21
15152 11
15153 49
15154 87
15155 117
15156 102
15157 40
15158 50
15159 196
15160 10
15161 69
15162 19
15163 199
15164 88
15165 2
15166 115
15167 76
15168 38
15169 75
15170 50
15171 6
15172 190
15173 90
15174 170
15175 69
15176 106
15177 30
15178 65
15179 111
15180 194
15181 133
15182 2
15183 195
15184 40
15185 72
15186 138
15187 134
15188 24
15189 125
15190 168
15191 181
15192 49
15193 114
15194 189
15195 100
15196 101
15197 185
15198 25
15199 94
15200 188
15201 25
15202 1
15203 110
15204 173
15205 25
15206 111
15207 172
15208 163
15209 51
15210 170
15211 19
15212 76
15213 114
15214 146
15215 164
15216 181
15217 20
15218 140
15219 105
15220 109
15221 80
15222 20
15223 66
15224 25
15225 156
15226 195
15227 127
15228 190
15229 42
15230 171
15231 139
15232 169
15233 48
15234 79
15235 18
15236 125
15237 111
15238 145
15239 141
15240 10
15241 88
15242 110
15243 152
15244 108
15245 73
15246 28
15247 37
15248 177
15249 51
15250 119
15251 172
15252 171
15253 115
15254 45
15255 188
15256 182
15257 153
15258 67
15259 53
15260 8
15261 20
15262 62
15263 188
15264 153
15265 54
15266 123
15267 124
15268 141
15269 119
15270 30
15271 57
15272 13
15273 170
15274 20
15275 73
15276 175
15277 84
15278 104
15279 170
15280 107
15281 59
15282 142
15283 184
15284 201
15285 63
15286 197
15287 148
15288 122
15289 197
15290 52
15291 51
15292 187
15293 45
15294 17
15295 154
15296 192
15297 38
15298 70
15299 57
15300 184
15301 130
15302 30
15303 76
15304 169
15305 27
15306 12
15307 39
15308 1
15309 156
15310 119
15311 14
15312 114
15313 163
15314 168
15315 43
15316 81
15317 151
15318 15
15319 187
15320 146
15321 132
15322 78
15323 65
15324 109
15325 85
15326 71
15327 46
15328 172
15329 143
15330 59
15331 56
15332 23
15333 108
15334 176
15335 1
15336 94
15337 40
15338 40
15339 13
15340 49
15341 6
15342 47
15343 167
15344 4
15345 35
15346 107
15347 190
15348 193
15349 117
15350 60
15351 112
15352 167
15353 115
15354 60
15355 51
15356 168
15357 92
15358 9
15359 10
15360 31
15361 116
15362 129
15363 14
15364 180
15365 201
15366 147
15367 23
15368 192
15369 178
15370 57
15371 15
15372 94
15373 48
15374 161
15375 173
15376 64
15377 106
15378 134
15379 8
15380 52
15381 71
15382 137
15383 186
15384 139
15385 183
15386 22
15387 140
15388 155
15389 55
15390 100
15391 152
15392 8
15393 123
15394 199
15395 125
15396 94
15397 180
15398 175
15399 8
15400 162
15401 176
15402 63
15403 26
15404 124
15405 128
15406 9
15407 78
15408 95
15409 33
15410 95
15411 139
15412 61
15413 50
15414 105
15415 56
15416 69
15417 2
15418 19
15419 169
15420 49
15421 194
15422 29
15423 53
15424 10
15425 132
15426 188
15427 157
15428 180
15429 84
15430 168
15431 17
15432 134
15433 119
15434 169
15435 46
15436 108
15437 36
15438 130
15439 31
15440 102
15441 118
15442 28
15443 122
15444 20
15445 4
15446 139
15447 108
15448 62
15449 195
15450 14
15451 49
15452 63
15453 123
15454 172
15455 99
15456 113
15457 133
15458 158
15459 6
15460 133
15461 99
15462 73
15463 195
15464 129
15465 70
15466 1
15467 163
15468 189
15469 114
15470 160
15471 43
15472 9
15473 80
15474 77
15475 160
15476 136
15477 92
15478 138
15479 13
15480 34
15481 96
15482 37
15483 103
15484 177
15485 160
15486 73
15487 76
15488 55
15489 174
15490 6
15491 192
15492 15
15493 184
15494 5
15495 26
15496 6
15497 117
15498 184
15499 89
15500 154
15501 174
15502 149
15503 166
15504 30
15505 6
15506 9
15507 31
15508 74
15509 99
15510 29
15511 123
15512 44
15513 7
15514 106
15515 86
15516 106
15517 140
15518 140
15519 67
15520 74
15521 110
15522 67
15523 22
15524 103
15525 168
15526 38
15527 4
15528 94
15529 110
15530 93
15531 117
15532 102
15533 97
15534 61
15535 34
15536 154
15537 133
15538 8
15539 200
15540 101
15541 173
15542 53
15543 184
15544 12
15545 88
15546 107
15547 55
15548 7
15549 79
15550 38
15551 53
15552 104
15553 118
15554 94
15555 136
15556 170
15557 106
15558 30
15559 10
15560 191
15561 32
15562 86
15563 48
15564 142
15565 84
15566 109
15567 180
15568 166
15569 0
15570 129
15571 98
15572 111
15573 93
15574 191
15575 192
15576 64
15577 57
15578 138
15579 81
15580 149
15581 64
15582 101
15583 109
15584 129
15585 102
15586 9
15587 121
15588 150
15589 29
15590 38
15591 2
15592 53
15593 178
15594 192
15595 130
15596 120
15597 6
15598 108
15599 69
15600 93
15601 34
15602 13
15603 185
15604 34
15605 127
15606 78
15607 194
15608 50
15609 67
15610 195
15611 121
15612 89
15613 166
15614 174
15615 162
15616 100
15617 104
15618 114
15619 118
15620 6
15621 27
15622 156
15623 96
15624 43
15625 90
15626 115
15627 32
15628 132
15629 130
15630 198
15631 173
15632 52
15633 125
15634 128
15635 43
15636 7
15637 15
15638 199
15639 56
15640 181
15641 124
15642 184
15643 130
15644 117
15645 172
15646 200
15647 13
15648 63
15649 109
15650 71
15651 110
15652 29
15653 166
15654 5
15655 102
15656 69
15657 33
15658 97
15659 64
15660 122
15661 194
15662 175
15663 36
15664 73
15665 8
15666 45
15667 183
15668 196
15669 97
15670 184
15671 164
15672 91
15673 5
15674 60
15675 38
15676 112
15677 113
15678 81
15679 135
15680 75
15681 128
15682 91
15683 87
15684 4
15685 155
15686 201
15687 6
15688 41
15689 31
15690 163
15691 101
15692 32
15693 130
15694 31
15695 120
15696 189
15697 100
15698 18
15699 163
15700 81
15701 96
15702 181
15703 171
15704 83
15705 20
15706 83
15707 138
15708 177
15709 14
15710 131
15711 14
15712 83
15713 160
15714 1
15715 24
15716 186
15717 126
15718 11
15719 187
15720 85
15721 5
15722 59
15723 137
15724 111
15725 10
15726 41
15727 120
15728 117
15729 159
15730 109
15731 130
15732 44
15733 186
15734 108
15735 108
15736 158
15737 185
15738 6
15739 114
15740 163
15741 155
15742 11
15743 98
15744 57
15745 187
15746 102
15747 143
15748 189
15749 20
15750 73
15751 88
15752 28
15753 100
15754 29
15755 136
15756 159
15757 89
15758 93
15759 103
15760 27
15761 83
15762 125
15763 118
15764 0
15765 42
15766 197
15767 0
15768 161
15769 199
15770 42
15771 34
15772 57
15773 44
15774 43
15775 172
15776 27
15777 91
15778 60
15779 55
15780 185
15781 110
15782 126
15783 76
15784 13
15785 0
15786 195
15787 16
15788 144
15789 197
15790 175
15791 17
15792 72
15793 176
15794 109
15795 15
15796 20
15797 77
15798 87
15799 183
15800 180
15801 99
15802 144
15803 39
15804 144
15805 1
15806 170
15807 64
15808 135
15809 50
15810 35
15811 200
15812 193
15813 64
15814 175
15815 68
15816 151
15817 107
15818 168
15819 29
15820 37
15821 195
15822 152
15823 57
15824 135
15825 104
15826 181
15827 131
15828 108
15829 172
15830 157
15831 141
15832 58
15833 122
15834 139
15835 10
15836 20
15837 179
15838 137
15839 118
15840 39
15841 56
15842 75
15843 101
15844 21
15845 138
15846 59
15847 47
15848 159
15849 142
15850 132
15851 11
15852 21
15853 189
15854 54
15855 47
15856 104
15857 50
15858 155
15859 16
15860 190
15861 89
15862 14
15863 147
15864 128
15865 135
15866 84
15867 123
15868 102
15869 6
15870 65
15871 120
15872 16
15873 110
15874 99
15875 79
15876 96
15877 48
15878 124
15879 51
15880 11
15881 112
15882 108
15883 58
15884 198
15885 2
15886 132
15887 136
15888 180
15889 78
15890 37
15891 169
15892 131
15893 131
15894 6
15895 141
15896 7
15897 184
15898 82
15899 94
15900 139
15901 176
15902 44
15903 29
15904 190
15905 7
15906 102
15907 74
15908 25
15909 67
15910 192
15911 13
15912 5
15913 78
15914 163
15915 75
15916 101
15917 178
15918 55
15919 32
15920 7
15921 164
15922 200
15923 135
15924 104
15925 144
15926 148
15927 83
15928 41
15929 60
15930 94
15931 180
15932 40
15933 25
15934 35
15935 172
15936 89
15937 183
15938 97
15939 181
15940 72
15941 95
15942 24
15943 93
15944 159
15945 54
15946 155
15947 15
15948 161
15949 68
15950 191
15951 53
15952 122
15953 192
15954 144
15955 51
15956 187
15957 77
15958 178
15959 51
15960 88
15961 107
15962 163
15963 118
15964 44
15965 68
15966 16
15967 41
15968 123
15969 146
15970 71
15971 173
15972 108
15973 43
15974 160
15975 34
15976 5
15977 136
15978 112
15979 110
15980 64
15981 36
15982 22
15983 105
15984 182
15985 11
15986 45
15987 200
15988 84
15989 22
15990 102
15991 34
15992 14
15993 28
15994 80
15995 0
15996 80
15997 152
15998 95
15999 107
16000 50
16001 156
16002 162
16003 11
16004 149
16005 152
16006 117
16007 153
16008 17
16009 164
16010 110
16011 192
16012 162
16013 144
16014 17
16015 109
16016 181
16017 18
16018 158
16019 81
16020 0
16021 200
16022 57
16023 49
16024 53
16025 51
16026 20
16027 198
16028 156
16029 155
16030 112
16031 78
16032 21
16033 136
16034 87
16035 38
16036 3
16037 167
16038 126
16039 172
16040 104
16041 166
16042 123
16043 144
16044 22
16045 199
16046 189
16047 123
16048 129
16049 48
16050 169
16051 98
16052 69
16053 35
16054 166
16055 49
16056 187
16057 154
16058 12
16059 90
16060 29
16061 133
16062 125
16063 13
16064 165
16065 25
16066 194
16067 13
16068 30
16069 55
16070 151
16071 139
16072 96
16073 117
16074 63
16075 114
16076 165
16077 136
16078 137
16079 18
16080 168
16081 146
16082 23
16083 9
16084 119
16085 125
16086 51
16087 56
16088 25
16089 20
16090 15
16091 119
16092 14
16093 179
16094 86
16095 7
16096 172
16097 182
16098 138
16099 154
16100 177
16101 101
16102 89
16103 64
16104 72
16105 150
16106 175
16107 47
16108 105
16109 25
16110 88
16111 142
16112 117
16113 140
16114 160
16115 161
16116 49
16117 108
16118 40
16119 125
16120 185
16121 166
16122 89
16123 41
16124 179
16125 12
16126 58
16127 135
16128 91
16129 188
16130 169
16131 25
16132 152
16133 103
16134 60
16135 154
16136 64
16137 95
16138 44
16139 89
16140 26
16141 179
16142 57
16143 27
16144 28
16145 149
16146 163
16147 157
16148 18
16149 30
16150 69
16151 142
16152 20
16153 43
16154 40
16155 178
16156 124
16157 103
16158 66
16159 25
16160 146
16161 190
16162 58
16163 151
16164 35
16165 123
16166 23
16167 86
16168 123
16169 60
16170 55
16171 59
16172 173
16173 177
16174 23
16175 70
16176 71
16177 68
16178 192
16179 149
16180 113
16181 94
16182 72
16183 179
16184 195
16185 186
16186 167
16187 83
16188 160
16189 97
16190 126
16191 19
16192 162
16193 70
16194 84
16195 125
16196 107
16197 76
16198 146
16199 201
16200 92
16201 123
16202 147
16203 55
16204 67
16205 95
16206 124
16207 12
16208 42
16209 18
16210 181
16211 22
16212 35
16213 118
16214 167
16215 169
16216 129
16217 97
16218 13
16219 36
16220 62
16221 166
16222 163
16223 119
16224 24
16225 8
16226 198
16227 194
16228 189
16229 130
16230 61
16231 62
16232 25
16233 85
16234 162
16235 110
16236 55
16237 197
16238 87
16239 58
16240 195
16241 69
16242 125
16243 115
16244 102
16245 24
16246 111
16247 95
16248 135
16249 61
16250 199
16251 163
16252 39
16253 14
16254 153
16255 120
16256 30
16257 145
16258 78
16259 110
16260 117
16261 89
16262 11
16263 40
16264 75
16265 192
16266 92
16267 122
16268 200
16269 42
16270 195
16271 15
16272 67
16273 107
16274 92
16275 94
16276 0
16277 88
16278 188
16279 137
16280 110
16281 4
16282 135
16283 141
16284 155
16285 172
16286 105
16287 200
16288 15
16289 52
16290 163
16291 79
16292 127
16293 183
16294 146
16295 193
16296 37
16297 29
16298 176
16299 98
16300 17
16301 169
16302 194
16303 77
16304 9
16305 14
16306 21
16307 23
16308 44
16309 183
16310 144
16311 141
16312 146
16313 18
16314 52
16315 186
16316 149
16317 122
16318 1
16319 45
16320 9
16321 171
16322 182
16323 179
16324 40
16325 123
16326 19
16327 67
16328 69
16329 116
16330 149
16331 191
16332 77
16333 118
16334 16
16335 71
16336 200
16337 26
16338 193
16339 38
16340 39
16341 188
16342 82
16343 122
16344 143
16345 90
16346 158
16347 109
16348 102
16349 81
16350 16
16351 95
16352 62
16353 96
16354 149
16355 174
16356 30
16357 54
16358 187
16359 66
16360 16
16361 121
16362 0
16363 44
16364 30
16365 24
16366 25
16367 166
16368 149
16369 52
16370 165
16371 46
16372 30
16373 90
16374 96
16375 56
16376 114
16377 191
16378 74
16379 18
16380 3
16381 38
16382 184
16383 4
16384 27
16385 142
16386 62
16387 38
16388 111
16389 53
16390 65
16391 147
16392 174
16393 156
16394 140
16395 31
16396 35
16397 28
16398 59
16399 29
16400 30
16401 136
16402 117
16403 72
16404 153
16405 197
16406 104
16407 147
16408 107
16409 114
16410 95
16411 69
16412 198
16413 180
16414 157
16415 177
16416 71
16417 131
16418 46
16419 143
16420 66
16421 164
16422 77
16423 182
16424 59
16425 143
16426 103
16427 9
16428 86
16429 66
16430 30
16431 126
16432 1
16433 148
16434 103
16435 78
16436 169
16437 17
16438 154
16439 113
16440 9
16441 111
16442 60
16443 81
16444 162
16445 78
16446 41
16447 69
16448 3
16449 42
16450 44
16451 115
16452 14
16453 179
16454 22
16455 21
16456 142
16457 0
16458 188
16459 1
16460 172
16461 136
16462 51
16463 43
16464 199
16465 77
16466 21
16467 66
16468 18
16469 103
16470 183
16471 108
16472 34
16473 56
16474 48
16475 145
16476 136
16477 138
16478 3
16479 174
16480 121
16481 173
16482 16
16483 194
16484 77
16485 18
16486 103
16487 194
16488 153
16489 86
16490 193
16491 168
16492 34
16493 171
16494 151
16495 143
16496 113
16497 61
16498 25
16499 22
16500 9
16501 171
16502 118
16503 3
16504 0
16505 2
16506 6
16507 134
16508 109
16509 166
16510 98
16511 164
16512 152
16513 10
16514 107
16515 72
16516 132
16517 199
16518 58
16519 173
16520 22
16521 151
16522 123
16523 107
16524 69
16525 140
16526 61
16527 153
16528 196
16529 18
16530 69
16531 36
16532 88
16533 112
16534 23
16535 107
16536 107
16537 66
16538 102
16539 101
16540 27
16541 196
16542 164
16543 132
16544 102
16545 33
16546 101
16547 53
16548 44
16549 51
16550 130
16551 37
16552 173
16553 82
16554 111
16555 185
16556 153
16557 121
16558 132
16559 16
16560 70
16561 4
16562 16
16563 37
16564 137
16565 44
16566 94
16567 11
16568 174
16569 11
16570 80
16571 149
16572 111
16573 56
16574 42
16575 51
16576 123
16577 42
16578 167
16579 109
16580 190
16581 141
16582 108
16583 29
16584 58
16585 167
16586 23
16587 81
16588 50
16589 110
16590 200
16591 159
16592 194
16593 164
16594 137
16595 190
16596 113
16597 153
16598 50
16599 141
16600 36
16601 83
16602 109
16603 95
16604 78
16605 174
16606 122
16607 73
16608 123
16609 18
16610 83
16611 146
16612 187
16613 16
16614 195
16615 96
16616 104
16617 36
16618 167
16619 72
16620 200
16621 132
16622 34
16623 56
16624 75
16625 194
16626 108
16627 170
16628 165
16629 30
16630 81
16631 10
16632 42
16633 147
16634 174
16635 79
16636 109
16637 139
16638 187
16639 86
16640 159
16641 104
16642 125
16643 71
16644 153
16645 161
16646 142
16647 143
16648 155
16649 2
16650 64
16651 93
16652 172
16653 64
16654 196
16655 200
16656 2
16657 93
16658 72
16659 128
16660 114
16661 10
16662 29
16663 185
16664 121
16665 193
16666 97
16667 150
16668 34
16669 34
16670 185
16671 90
16672 91
16673 140
16674 53
16675 61
16676 47
16677 116
16678 92
16679 183
16680 57
16681 148
16682 170
16683 108
16684 171
16685 117
16686 22
16687 149
16688 82
16689 76
16690 192
16691 42
16692 118
16693 118
16694 23
16695 84
16696 48
16697 2
16698 48
16699 20
16700 85
16701 23
16702 148
16703 161
16704 155
16705 64
16706 32
16707 10
16708 129
16709 189
16710 5
16711 81
16712 143
16713 98
16714 98
16715 167
16716 109
16717 67
16718 153
16719 38
16720 111
16721 36
16722 163
16723 102
16724 200
16725 194
16726 23
16727 109
16728 138
16729 143
16730 185
16731 134
16732 189
16733 193
16734 105
16735 54
16736 66
16737 16
16738 162
16739 6
16740 196
16741 188
16742 183
16743 94
16744 199
16745 69
16746 92
16747 2
16748 173
16749 117
16750 117
16751 75
16752 102
16753 150
16754 84
16755 88
16756 201
16757 126
16758 18
16759 134
16760 109
16761 128
16762 9
16763 164
16764 185
16765 84
16766 168
16767 185
16768 131
16769 36
16770 53
16771 36
16772 161
16773 143
16774 23
16775 111
16776 157
16777 37
16778 187
16779 119
16780 169
16781 157
16782 34
16783 90
16784 87
16785 51
16786 92
16787 79
16788 83
16789 168
16790 154
16791 75
16792 197
16793 199
16794 108
16795 61
16796 186
16797 158
16798 116
16799 84
16800 176
16801 182
16802 33
16803 105
16804 102
16805 130
16806 40
16807 160
16808 52
16809 73
16810 20
16811 12
16812 142
16813 112
16814 55
16815 99
16816 165
16817 58
16818 32
16819 137
16820 131
16821 54
16822 54
16823 132
16824 6
16825 140
16826 48
16827 44
16828 102
16829 53
16830 176
16831 16
16832 69
16833 6
16834 20
16835 105
16836 65
16837 43
16838 94
16839 106
16840 2
16841 187
16842 124
16843 193
16844 147
16845 174
16846 116
16847 176
16848 1
16849 106
16850 59
16851 166
16852 128
16853 31
16854 54
16855 49
16856 101
16857 86
16858 67
16859 154
16860 181
16861 72
16862 70
16863 81
16864 6
16865 105
16866 126
16867 101
16868 143
16869 183
16870 163
16871 91
16872 109
16873 39
16874 157
16875 186
16876 187
16877 169
16878 13
16879 109
16880 84
16881 76
16882 47
16883 18
16884 81
16885 174
16886 153
16887 122
16888 78
16889 70
16890 10
16891 189
16892 32
16893 195
16894 70
16895 39
16896 92
16897 9
16898 37
16899 154
16900 13
16901 33
16902 4
16903 185
16904 190
16905 24
16906 104
16907 159
16908 10
16909 144
16910 156
16911 69
16912 43
16913 117
16914 41
16915 17
16916 156
16917 171
16918 139
16919 128
16920 76
16921 63
16922 114
16923 179
16924 86
16925 14
16926 142
16927 19
16928 51
16929 107
16930 197
16931 198
16932 152
16933 131
16934 139
16935 129
16936 35
16937 148
16938 103
16939 26
16940 180
16941 7
16942 98
16943 21
16944 115
16945 66
16946 94
16947 127
16948 125
16949 163
16950 183
16951 51
16952 128
16953 50
16954 167
16955 67
16956 49
16957 46
16958 0
16959 148
16960 193
16961 103
16962 23
16963 106
16964 112
16965 42
16966 125
16967 139
16968 173
16969 108
16970 17
16971 15
16972 171
16973 190
16974 7
16975 102
16976 138
16977 142
16978 166
16979 49
16980 196
16981 198
16982 81
16983 65
16984 110
16985 124
16986 170
16987 177
16988 91
16989 77
16990 189
16991 8
16992 58
16993 28
16994 125
16995 8
16996 190
16997 20
16998 153
16999 4
17000 89
17001 134
17002 166
17003 7
17004 74
17005 79
17006 112
17007 70
17008 121
17009 73
17010 130
17011 133
17012 74
17013 62
17014 173
17015 153
17016 70
17017 181
17018 123
17019 140
17020 14
17021 29
17022 118
17023 48
17024 151
17025 76
17026 25
17027 130
17028 125
17029 54
17030 108
17031 88
17032 183
17033 92
17034 171
17035 91
17036 0
17037 69
17038 197
17039 124
17040 49
17041 12
17042 174
17043 183
17044 58
17045 102
17046 119
17047 109
17048 190
17049 6
17050 144
17051 162
17052 73
17053 191
17054 11
17055 157
17056 25
17057 57
17058 157
17059 194
17060 6
17061 143
17062 64
17063 143
17064 1
17065 83
17066 82
17067 69
17068 10
17069 167
17070 49
17071 162
17072 57
17073 66
17074 40
17075 67
17076 119
17077 197
17078 179
17079 169
17080 1
17081 79
17082 43
17083 135
17084 16
17085 57
17086 136
17087 196
17088 83
17089 84
17090 190
17091 119
17092 127
17093 153
17094 200
17095 35
17096 71
17097 100
17098 170
17099 90
17100 182
17101 201
17102 76
17103 109
17104 110
17105 59
17106 27
17107 72
17108 122
17109 96
17110 163
17111 10
17112 43
17113 12
17114 27
17115 7
17116 14
17117 72
17118 58
17119 37
17120 96
17121 169
17122 64
17123 10
17124 107
17125 156
17126 131
17127 86
17128 21
17129 68
17130 181
17131 184
17132 35
17133 88
17134 56
17135 62
17136 25
17137 38
17138 21
17139 56
17140 74
17141 78
17142 92
17143 62
17144 183
17145 186
17146 103
17147 108
17148 177
17149 15
17150 92
17151 54
17152 185
17153 162
17154 151
17155 136
17156 63
17157 27
17158 30
17159 10
17160 24
17161 14
17162 53
17163 121
17164 18
17165 45
17166 42
17167 157
17168 199
17169 24
17170 191
17171 179
17172 152
17173 20
17174 85
17175 153
17176 8
17177 53
17178 24
17179 116
17180 24
17181 112
17182 95
17183 149
17184 10
17185 93
17186 195
17187 165
17188 137
17189 132
17190 57
17191 191
17192 138
17193 104
17194 12
17195 73
17196 11
17197 184
17198 108
17199 47
17200 50
17201 107
17202 155
17203 162
17204 60
17205 97
17206 120
17207 76
17208 113
17209 7
17210 43
17211 42
17212 182
17213 178
17214 46
17215 158
17216 175
17217 147
17218 132
17219 5
17220 155
17221 50
17222 182
17223 142
17224 113
17225 121
17226 138
17227 184
17228 51
17229 21
17230 63
17231 173
17232 16
17233 66
17234 22
17235 106
17236 120
17237 78
17238 100
17239 160
17240 59
17241 26
17242 199
17243 45
17244 88
17245 166
17246 180
17247 195
17248 176
17249 25
17250 46
17251 67
17252 185
17253 11
17254 134
17255 160
17256 114
17257 111
17258 158
17259 179
17260 64
17261 154
17262 31
17263 162
17264 9
17265 141
17266 8
17267 118
17268 25
17269 133
17270 31
17271 115
17272 99
17273 173
17274 173
17275 147
17276 94
17277 190
17278 28
17279 38
17280 175
17281 71
17282 115
17283 148
17284 117
17285 91
17286 120
17287 150
17288 24
17289 150
17290 146
17291 122
17292 142
17293 58
17294 161
17295 40
17296 56
17297 182
17298 171
17299 28
17300 29
17301 116
17302 63
17303 166
17304 166
17305 139
17306 105
17307 83
17308 83
17309 100
17310 135
17311 196
17312 150
17313 170
17314 177
17315 95
17316 24
17317 73
17318 164
17319 195
17320 188
17321 60
17322 53
17323 137
17324 41
17325 168
17326 193
17327 146
17328 53
17329 148
17330 8
17331 144
17332 186
17333 157
17334 201
17335 156
17336 95
17337 95
17338 109
17339 7
17340 185
17341 47
17342 51
17343 23
17344 54
17345 27
17346 177
17347 176
17348 105
17349 155
17350 88
17351 43
17352 146
17353 184
17354 176
17355 32
17356 119
17357 105
17358 9
17359 111
17360 61
17361 78
17362 41
17363 123
17364 50
17365 53
17366 24
17367 71
17368 196
17369 23
17370 191
17371 190
17372 92
17373 115
17374 83
17375 0
17376 109
17377 47
17378 41
17379 154
17380 58
17381 197
17382 164
17383 16
17384 162
17385 3
17386 41
17387 92
17388 145
17389 100
17390 183
17391 161
17392 201
17393 159
17394 48
17395 39
17396 44
17397 27
17398 185
17399 7
17400 197
17401 52
17402 105
17403 188
17404 93
17405 140
17406 178
17407 29
17408 67
17409 164
17410 134
17411 67
17412 5
17413 152
17414 126
17415 3
17416 152
17417 104
17418 20
17419 199
17420 2
17421 84
17422 76
17423 90
17424 37
17425 47
17426 73
17427 121
17428 6
17429 35
17430 132
17431 110
17432 119
17433 201
17434 107
17435 154
17436 157
17437 46
17438 145
17439 199
17440 15
17441 1
17442 12
17443 39
17444 109
17445 107
17446 18
17447 105
17448 58
17449 22
17450 175
17451 106
17452 148
17453 83
17454 183
17455 85
17456 39
17457 14
17458 4
17459 43
17460 143
17461 139
17462 13
17463 56
17464 195
17465 53
17466 104
17467 74
17468 85
17469 99
17470 89
17471 192
17472 186
17473 112
17474 11
17475 84
17476 150
17477 164
17478 40
17479 41
17480 59
17481 65
17482 125
17483 43
17484 15
17485 114
17486 28
17487 116
17488 86
17489 191
17490 111
17491 172
17492 39
17493 31
17494 87
17495 196
17496 32
17497 72
17498 93
17499 192
17500 68
17501 116
17502 1
17503 69
17504 44
17505 174
17506 77
17507 63
17508 60
17509 125
17510 135
17511 74
17512 88
17513 127
17514 163
17515 185
17516 158
17517 97
17518 91
17519 190
17520 88
17521 100
17522 119
17523 63
17524 190
17525 85
17526 142
17527 191
17528 43
17529 13
17530 63
17531 154
17532 136
17533 154
17534 102
17535 72
17536 120
17537 184
17538 181
17539 102
17540 68
17541 134
17542 75
17543 98
17544 92
17545 65
17546 128
17547 123
17548 17
17549 116
17550 153
17551 133
17552 48
17553 195
17554 118
17555 29
17556 181
17557 28
17558 182
17559 41
17560 152
17561 43
17562 176
17563 180
17564 116
17565 169
17566 30
17567 161
17568 74
17569 55
17570 176
17571 128
17572 190
17573 96
17574 82
17575 45
17576 182
17577 40
17578 80
17579 43
17580 123
17581 81
17582 134
17583 156
17584 170
17585 6
17586 47
17587 56
17588 128
17589 128
17590 105
17591 116
17592 143
17593 201
17594 104
17595 197
17596 139
17597 44
17598 128
17599 195
17600 59
17601 103
17602 91
17603 124
17604 46
17605 177
17606 132
17607 14
17608 131
17609 32
17610 8
17611 138
17612 18
17613 102
17614 105
17615 157
17616 110
17617 29
17618 181
17619 188
17620 130
17621 7
17622 160
17623 115
17624 34
17625 17
17626 137
17627 9
17628 57
17629 103
17630 172
17631 84
17632 89
17633 67
17634 67
17635 92
17636 19
17637 113
17638 133
17639 64
17640 103
17641 87
17642 45
17643 124
17644 167
17645 191
17646 181
17647 190
17648 68
17649 178
17650 45
17651 165
17652 122
17653 88
17654 142
17655 1
17656 77
17657 132
17658 189
17659 118
17660 80
17661 16
17662 190
17663 91
17664 30
17665 187
17666 78
17667 194
17668 13
17669 43
17670 137
17671 134
17672 0
17673 55
17674 178
17675 92
17676 119
17677 132
17678 96
17679 57
17680 69
17681 131
17682 134
17683 135
17684 12
17685 67
17686 83
17687 196
17688 99
17689 129
17690 117
17691 155
17692 162
17693 89
17694 101
17695 154
17696 169
17697 120
17698 57
17699 23
17700 37
17701 119
17702 143
17703 75
17704 62
17705 15
17706 11
17707 52
17708 138
17709 181
17710 103
17711 158
17712 148
17713 146
17714 17
17715 89
17716 17
17717 189
17718 89
17719 92
17720 99
17721 81
17722 128
17723 44
17724 133
17725 59
17726 97
17727 147
17728 163
17729 131
17730 156
17731 30
17732 167
17733 16
17734 92
17735 137
17736 61
17737 161
17738 126
17739 40
17740 5
17741 20
17742 127
17743 143
17744 127
17745 114
17746 118
17747 180
17748 140
17749 189
17750 122
17751 99
17752 181
17753 75
17754 149
17755 137
17756 166
17757 129
17758 94
17759 25
17760 95
17761 166
17762 108
17763 174
17764 184
17765 65
17766 106
17767 155
17768 123
17769 32
17770 72
17771 91
17772 19
17773 154
17774 118
17775 1
17776 163
17777 185
17778 81
17779 119
17780 123
17781 32
17782 200
17783 150
17784 62
17785 14
17786 152
17787 38
17788 66
17789 193
17790 194
17791 110
17792 157
17793 2
17794 4
17795 200
17796 191
17797 10
17798 171
17799 195
17800 108
17801 61
17802 145
17803 116
17804 53
17805 146
17806 132
17807 157
17808 25
17809 49
17810 9
17811 197
17812 82
17813 131
17814 200
17815 198
17816 128
17817 29
17818 21
17819 58
17820 33
17821 70
17822 73
17823 197
17824 146
17825 52
17826 185
17827 37
17828 17
17829 129
17830 82
17831 104
17832 138
17833 15
17834 62
17835 188
17836 165
17837 109
17838 150
17839 196
17840 146
17841 60
17842 0
17843 29
17844 168
17845 152
17846 109
17847 15
17848 99
17849 146
17850 58
17851 90
17852 135
17853 105
17854 105
17855 129
17856 163
17857 178
17858 68
17859 27
17860 53
17861 123
17862 179
17863 72
17864 121
17865 145
17866 76
17867 105
17868 11
17869 16
17870 165
17871 190
17872 197
17873 132
17874 145
17875 30
17876 195
17877 76
17878 14
17879 76
17880 168
17881 190
17882 89
17883 15
17884 159
17885 166
17886 63
17887 170
17888 163
17889 20
17890 3
17891 57
17892 198
17893 196
17894 201
17895 197
17896 3
17897 88
17898 118
17899 52
17900 139
17901 119
17902 200
17903 191
17904 58
17905 128
17906 48
17907 2
17908 190
17909 76
17910 2
17911 80
17912 35
17913 46
17914 49
17915 0
17916 159
17917 129
17918 24
17919 154
17920 21
17921 57
17922 80
17923 36
17924 194
17925 30
17926 139
17927 112
17928 98
17929 55
17930 51
17931 93
17932 104
17933 16
17934 57
17935 180
17936 149
17937 2
17938 115
17939 36
17940 162
17941 167
17942 142
17943 48
17944 27
17945 179
17946 40
17947 26
17948 98
17949 59
17950 13
17951 33
17952 94
17953 149
17954 163
17955 152
17956 199
17957 198
17958 4
17959 12
17960 17
17961 22
17962 0
17963 175
17964 178
17965 178
17966 159
17967 83
17968 188
17969 142
17970 104
17971 56
17972 116
17973 97
17974 122
17975 7
17976 174
17977 165
17978 40
17979 107
17980 163
17981 62
17982 41
17983 99
17984 22
17985 76
17986 177
17987 113
17988 97
17989 177
17990 106
17991 74
17992 197
17993 59
17994 149
17995 107
17996 68
17997 103
17998 147
17999 35
18000 11
18001 187
18002 5
18003 98
18004 173
18005 53
18006 124
18007 157
18008 173
18009 91
18010 176
18011 156
18012 49
18013 196
18014 112
18015 26
18016 187
18017 83
18018 169
18019 87
18020 167
18021 2
18022 64
18023 144
18024 89
18025 12
18026 119
18027 39
18028 35
18029 56
18030 134
18031 58
18032 25
18033 85
18034 146
18035 13
18036 11
18037 139
18038 162
18039 144
18040 180
18041 143
18042 133
18043 41
18044 30
18045 74
18046 163
18047 159
18048 99
18049 98
18050 51
18051 135
18052 73
18053 26
18054 77
18055 81
18056 36
18057 180
18058 134
18059 138
18060 138
18061 79
18062 120
18063 189
18064 70
18065 60
18066 159
18067 60
18068 13
18069 158
18070 126
18071 69
18072 116
18073 98
18074 133
18075 116
18076 49
18077 69
18078 193
18079 167
18080 178
18081 43
18082 82
18083 201
18084 173
18085 84
18086 112
18087 20
18088 7
18089 104
18090 33
18091 95
18092 124
18093 103
18094 179
18095 155
18096 127
18097 23
18098 147
18099 51
18100 174
18101 96
18102 25
18103 53
18104 99
18105 98
18106 181
18107 49
18108 128
18109 167
18110 49
18111 137
18112 106
18113 107
18114 159
18115 146
18116 88
18117 124
18118 171
18119 152
18120 165
18121 122
18122 128
18123 149
18124 107
18125 99
18126 178
18127 125
18128 196
18129 39
18130 103
18131 37
18132 5
18133 10
18134 117
18135 98
18136 26
18137 86
18138 89
18139 142
18140 50
18141 114
18142 34
18143 31
18144 192
18145 68
18146 24
18147 76
18148 62
18149 68
18150 191
18151 149
18152 146
18153 201
18154 147
18155 106
18156 197
18157 23
18158 191
18159 142
18160 184
18161 101
18162 96
18163 97
18164 175
18165 157
18166 122
18167 122
18168 77
18169 12
18170 67
18171 149
18172 134
18173 96
18174 133
18175 28
18176 183
18177 74
18178 22
18179 48
18180 101
18181 103
18182 73
18183 81
18184 174
18185 117
18186 123
18187 84
18188 103
18189 103
18190 0
18191 16
18192 27
18193 154
18194 141
18195 27
18196 194
18197 187
18198 79
18199 123
18200 163
18201 175
18202 93
18203 191
18204 106
18205 142
18206 162
18207 125
18208 197
18209 123
18210 75
18211 114
18212 123
18213 80
18214 45
18215 108
18216 108
18217 67
18218 174
18219 39
18220 142
18221 76
18222 46
18223 33
18224 127
18225 199
18226 7
18227 22
18228 119
18229 43
18230 128
18231 24
18232 108
18233 54
18234 44
18235 68
18236 155
18237 102
18238 26
18239 83
18240 10
18241 153
18242 188
18243 175
18244 24
18245 83
18246 85
18247 88
18248 179
18249 3
18250 159
18251 40
18252 166
18253 161
18254 15
18255 115
18256 177
18257 44
18258 168
18259 126
18260 82
18261 83
18262 83
18263 185
18264 153
18265 159
18266 22
18267 6
18268 105
18269 201
18270 110
18271 160
18272 160
18273 189
18274 42
18275 35
18276 183
18277 136
18278 61
18279 69
18280 54
18281 85
18282 128
18283 7
18284 182
18285 51
18286 51
18287 23
18288 116
18289 152
18290 34
18291 133
18292 106
18293 42
18294 117
18295 103
18296 50
18297 92
18298 25
18299 9
18300 45
18301 70
18302 98
18303 29
18304 83
18305 92
18306 107
18307 200
18308 187
18309 6
18310 201
18311 69
18312 159
18313 111
18314 50
18315 115
18316 201
18317 139
18318 121
18319 190
18320 97
18321 21
18322 112
18323 72
18324 119
18325 66
18326 54
18327 101
18328 13
18329 123
18330 180
18331 13
18332 139
18333 139
18334 55
18335 66
18336 168
18337 196
18338 159
18339 173
18340 171
18341 53
18342 165
18343 3
18344 57
18345 24
18346 19
18347 42
18348 151
18349 15
18350 24
18351 82
18352 111
18353 115
18354 125
18355 181
18356 105
18357 161
18358 62
18359 0
18360 17
18361 117
18362 25
18363 179
18364 9
18365 67
18366 158
18367 67
18368 110
18369 135
18370 122
18371 138
18372 106
18373 188
18374 72
18375 2
18376 2
18377 174
18378 89
18379 63
18380 192
18381 66
18382 48
18383 86
18384 115
18385 48
18386 125
18387 26
18388 78
18389 147
18390 148
18391 157
18392 185
18393 68
18394 4
18395 66
18396 9
18397 96
18398 122
18399 188
18400 153
18401 111
18402 170
18403 112
18404 55
18405 73
18406 17
18407 164
18408 45
18409 90
18410 100
18411 76
18412 158
18413 83
18414 83
18415 138
18416 185
18417 68
18418 13
18419 179
18420 63
18421 158
18422 71
18423 175
18424 97
18425 132
18426 40
18427 109
18428 156
18429 152
18430 0
18431 122
18432 60
18433 13
18434 0
18435 9
18436 61
18437 73
18438 98
18439 51
18440 83
18441 169
18442 111
18443 112
18444 182
18445 106
18446 29
18447 189
18448 128
18449 30
18450 184
18451 61
18452 51
18453 46
18454 8
18455 39
18456 23
18457 76
18458 51
18459 68
18460 94
18461 195
18462 94
18463 82
18464 102
18465 152
18466 159
18467 52
18468 105
18469 24
18470 194
18471 107
18472 47
18473 30
18474 153
18475 167
18476 105
18477 113
18478 79
18479 31
18480 21
18481 167
18482 94
18483 184
18484 9
18485 14
18486 79
18487 126
18488 79
18489 32
18490 130
18491 137
18492 107
18493 59
18494 97
18495 196
18496 66
18497 89
18498 107
18499 198
18500 179
18501 107
18502 5
18503 128
18504 36
18505 18
18506 55
18507 138
18508 73
18509 21
18510 37
18511 184
18512 100
18513 180
18514 96
18515 153
18516 187
18517 126
18518 53
18519 94
18520 66
18521 142
18522 70
18523 53
18524 172
18525 173
18526 124
18527 91
18528 175
18529 139
18530 196
18531 94
18532 120
18533 123
18534 65
18535 44
18536 100
18537 38
18538 182
18539 2
18540 84
18541 26
18542 192
18543 176
18544 131
18545 27
18546 88
18547 96
18548 23
18549 141
18550 144
18551 176
18552 13
18553 97
18554 94
18555 181
18556 50
18557 123
18558 157
18559 172
18560 171
18561 141
18562 29
18563 83
18564 199
18565 47
18566 3
18567 121
18568 72
18569 130
18570 68
18571 90
18572 92
18573 58
18574 168
18575 153
18576 137
18577 43
18578 43
18579 122
18580 188
18581 55
18582 108
18583 200
18584 8
18585 97
18586 121
18587 43
18588 94
18589 127
18590 136
18591 137
18592 132
18593 30
18594 3
18595 149
18596 87
18597 80
18598 142
18599 37
18600 24
18601 158
18602 99
18603 43
18604 123
18605 101
18606 119
18607 105
18608 197
18609 79
18610 110
18611 107
18612 32
18613 183
18614 14
18615 119
18616 91
18617 169
18618 80
18619 38
18620 190
18621 177
18622 197
18623 76
18624 178
18625 121
18626 48
18627 50
18628 104
18629 34
18630 34
18631 67
18632 99
18633 73
18634 51
18635 61
18636 153
18637 63
18638 171
18639 144
18640 127
18641 124
18642 134
18643 60
18644 86
18645 11
18646 196
18647 132
18648 123
18649 74
18650 50
18651 154
18652 55
18653 61
18654 182
18655 177
18656 3
18657 71
18658 26
18659 153
18660 0
18661 52
18662 150
18663 60
18664 41
18665 129
18666 134
18667 185
18668 142
18669 49
18670 138
18671 200
18672 94
18673 120
18674 191
18675 181
18676 52
18677 183
18678 109
18679 45
18680 157
18681 104
18682 154
18683 69
18684 40
18685 118
18686 31
18687 178
18688 46
18689 93
18690 4
18691 105
18692 62
18693 80
18694 51
18695 72
18696 137
18697 113
18698 10
18699 109
18700 49
18701 97
18702 172
18703 21
18704 54
18705 184
18706 42
18707 84
18708 173
18709 92
18710 35
18711 112
18712 131
18713 45
18714 105
18715 20
18716 8
18717 135
18718 160
18719 32
18720 197
18721 76
18722 171
18723 49
18724 36
18725 99
18726 190
18727 40
18728 103
18729 179
18730 183
18731 136
18732 144
18733 124
18734 78
18735 115
18736 12
18737 88
18738 62
18739 34
18740 26
18741 81
18742 25
18743 116
18744 130
18745 1
18746 197
18747 23
18748 134
18749 37
18750 84
18751 12
18752 78
18753 150
18754 129
18755 140
18756 169
18757 70
18758 97
18759 9
18760 88
18761 141
18762 7
18763 95
18764 17
18765 19
18766 0
18767 125
18768 108
18769 13
18770 78
18771 104
18772 42
18773 161
18774 131
18775 184
18776 42
18777 63
18778 96
18779 66
18780 3
18781 90
18782 110
18783 178
18784 132
18785 17
18786 71
18787 50
18788 139
18789 116
18790 188
18791 109
18792 186
18793 187
18794 123
18795 131
18796 21
18797 100
18798 77
18799 23
18800 193
18801 156
18802 120
18803 182
18804 54
18805 169
18806 133
18807 151
18808 156
18809 149
18810 124
18811 42
18812 102
18813 6
18814 46
18815 5
18816 112
18817 67
18818 44
18819 59
18820 129
18821 152
18822 118
18823 64
18824 68
18825 178
18826 40
18827 41
18828 121
18829 175
18830 82
18831 198
18832 168
18833 33
18834 130
18835 193
18836 12
18837 158
18838 120
18839 135
18840 184
18841 133
18842 179
18843 88
18844 10
18845 54
18846 194
18847 13
18848 193
18849 15
18850 49
18851 10
18852 194
18853 152
18854 184
18855 169
18856 124
18857 6
18858 111
18859 180
18860 183
18861 17
18862 64
18863 90
18864 142
18865 47
18866 183
18867 130
18868 157
18869 165
18870 161
18871 68
18872 117
18873 145
18874 73
18875 23
18876 36
18877 141
18878 168
18879 33
18880 180
18881 128
18882 2
18883 168
18884 109
18885 3
18886 1
18887 86
18888 70
18889 67
18890 26
18891 36
18892 105
18893 97
18894 105
18895 12
18896 164
18897 110
18898 13
18899 119
18900 51
18901 183
18902 150
18903 127
18904 24
18905 184
18906 70
18907 9
18908 51
18909 71
18910 2
18911 31
18912 18
18913 77
18914 63
18915 126
18916 5
18917 40
18918 130
18919 194
18920 46
18921 24
18922 192
18923 42
18924 162
18925 161
18926 52
18927 28
18928 60
18929 26
18930 138
18931 5
18932 125
18933 27
18934 1
18935 183
18936 200
18937 19
18938 41
18939 49
18940 176
18941 7
18942 84
18943 199
18944 58
18945 106
18946 165
18947 134
18948 86
18949 168
18950 135
18951 132
18952 69
18953 92
18954 29
18955 166
18956 26
18957 72
18958 160
18959 140
18960 83
18961 185
18962 137
18963 57
18964 63
18965 81
18966 123
18967 61
18968 172
18969 106
18970 188
18971 178
18972 135
18973 134
18974 90
18975 199
18976 34
18977 133
18978 117
18979 137
18980 201
18981 64
18982 155
18983 190
18984 11
18985 138
18986 193
18987 152
18988 162
18989 169
18990 40
18991 199
18992 70
18993 129
18994 30
18995 94
18996 127
18997 120
18998 173
18999 64
19000 97
19001 30
19002 103
19003 134
19004 78
19005 22
19006 173
19007 108
19008 85
19009 140
19010 158
19011 142
19012 50
19013 178
19014 198
19015 45
19016 196
19017 173
19018 123
19019 98
19020 103
19021 62
19022 108
19023 56
19024 154
19025 198
19026 31
19027 157
19028 112
19029 35
19030 200
19031 166
19032 201
19033 174
19034 38
19035 35
19036 197
19037 1
19038 161
19039 197
19040 104
19041 67
19042 1
19043 119
19044 112
19045 127
19046 47
19047 139
19048 4
19049 33
19050 125
19051 75
19052 160
19053 177
19054 52
19055 167
19056 10
19057 31
19058 113
19059 140
19060 196
19061 149
19062 26
19063 50
19064 199
19065 112
19066 169
19067 99
19068 168
19069 167
19070 137
19071 127
19072 143
19073 151
19074 160
19075 177
19076 59
19077 143
19078 92
19079 101
19080 139
19081 6
19082 40
19083 2
19084 151
19085 58
19086 116
19087 56
19088 38
19089 66
19090 161
19091 9
19092 33
19093 57
19094 4
19095 29
19096 71
19097 161
19098 73
19099 162
19100 48
19101 65
19102 124
19103 116
19104 74
19105 29
19106 55
19107 128
19108 54
19109 25
19110 78
19111 188
19112 201
19113 3
19114 67
19115 169
19116 181
19117 154
19118 9
19119 40
19120 34
19121 143
19122 4
19123 52
19124 95
19125 184
19126 140
19127 1
19128 5
19129 93
19130 201
19131 118
19132 184
19133 103
19134 161
19135 32
19136 101
19137 34
19138 93
19139 44
19140 1
19141 199
19142 111
19143 151
19144 134
19145 40
19146 122
19147 127
19148 177
19149 55
19150 185
19151 159
19152 180
19153 192
19154 143
19155 143
19156 110
19157 80
19158 1
19159 145
19160 79
19161 68
19162 147
19163 55
19164 8
19165 119
19166 182
19167 96
19168 5
19169 91
19170 2
19171 53
19172 54
19173 109
19174 15
19175 10
19176 77
19177 65
19178 8
19179 138
19180 62
19181 1
19182 152
19183 92
19184 194
19185 201
19186 95
19187 98
19188 14
19189 117
19190 23
19191 128
19192 33
19193 146
19194 18
19195 88
19196 55
19197 140
19198 165
19199 117
19200 28
19201 170
19202 174
19203 112
19204 190
19205 142
19206 47
19207 186
19208 3
19209 105
19210 134
19211 80
19212 71
19213 165
19214 85
19215 181
19216 138
19217 47
19218 98
19219 133
19220 132
19221 59
19222 189
19223 22
19224 79
19225 71
19226 114
19227 96
19228 29
19229 131
19230 127
19231 146
19232 94
19233 45
19234 2
19235 185
19236 194
19237 72
19238 99
19239 96
19240 153
19241 201
19242 144
19243 62
19244 166
19245 192
19246 26
19247 118
19248 112
19249 13
19250 187
19251 170
19252 9
19253 163
19254 31
19255 81
19256 192
19257 196
19258 32
19259 147
19260 115
19261 141
19262 164
19263 117
19264 102
19265 86
19266 121
19267 149
19268 0
19269 8
19270 140
19271 57
19272 47
19273 10
19274 97
19275 41
19276 21
19277 5
19278 172
19279 101
19280 66
19281 171
19282 90
19283 141
19284 58
19285 56
19286 77
19287 112
19288 20
19289 13
19290 187
19291 56
19292 194
19293 47
19294 81
19295 6
19296 181
19297 125
19298 47
19299 145
19300 109
19301 78
19302 59
19303 7
19304 193
19305 133
19306 180
19307 105
19308 186
19309 0
19310 123
19311 135
19312 180
19313 121
19314 98
19315 11
19316 173
19317 113
19318 26
19319 118
19320 37
19321 165
19322 78
19323 184
19324 96
19325 178
19326 20
19327 194
19328 179
19329 143
19330 79
19331 169
19332 11
19333 190
19334 5
19335 84
19336 128
19337 8
19338 29
19339 95
19340 53
19341 63
19342 1
19343 141
19344 13
19345 26
19346 20
19347 131
19348 122
19349 15
19350 198
19351 121
19352 172
19353 174
19354 106
19355 167
19356 82
19357 109
19358 158
19359 185
19360 86
19361 185
19362 46
19363 101
19364 53
19365 14
19366 198
19367 3
19368 46
19369 200
19370 40
19371 93
19372 45
19373 182
19374 200
19375 32
19376 72
19377 102
19378 12
19379 63
19380 89
19381 4
19382 184
19383 136
19384 123
19385 155
19386 36
19387 45
19388 12
19389 67
19390 113
19391 164
19392 189
19393 126
19394 159
19395 95
19396 56
19397 75
19398 50
19399 150
19400 28
19401 83
19402 74
19403 182
19404 122
19405 200
19406 52
19407 95
19408 136
19409 187
19410 136
19411 141
19412 158
19413 10
19414 177
19415 108
19416 81
19417 114
19418 109
19419 175
19420 40
19421 98
19422 52
19423 10
19424 146
19425 102
19426 184
19427 125
19428 78
19429 195
19430 117
19431 79
19432 105
19433 94
19434 198
19435 8
19436 156
19437 85
19438 13
19439 13
19440 85
19441 105
19442 105
19443 137
19444 2
19445 49
19446 159
19447 143
19448 120
19449 162
19450 144
19451 192
19452 199
19453 50
19454 126
19455 66
19456 194
19457 6
19458 121
19459 149
19460 132
19461 74
19462 16
19463 51
19464 130
19465 82
19466 172
19467 163
19468 135
19469 158
19470 28
19471 1
19472 188
19473 167
19474 10
19475 124
19476 30
19477 44
19478 131
19479 40
19480 24
19481 186
19482 35
19483 6
19484 110
19485 31
19486 185
19487 11
19488 38
19489 173
19490 185
19491 37
19492 130
19493 64
19494 100
19495 169
19496 22
19497 105
19498 82
19499 73
19500 80
19501 104
19502 24
19503 133
19504 155
19505 175
19506 101
19507 146
19508 173
19509 78
19510 15
19511 15
19512 34
19513 37
19514 126
19515 190
19516 21
19517 181
19518 171
19519 174
19520 185
19521 17
19522 198
19523 84
19524 188
19525 198
19526 192
19527 199
19528 201
19529 77
19530 164
19531 131
19532 10
19533 166
19534 161
19535 129
19536 124
19537 134
19538 150
19539 63
19540 201
19541 136
19542 53
19543 108
19544 28
19545 2
19546 38
19547 58
19548 48
19549 66
19550 58
19551 144
19552 123
19553 94
19554 47
19555 181
19556 98
19557 122
19558 191
19559 45
19560 56
19561 117
19562 20
19563 155
19564 33
19565 82
19566 196
19567 168
19568 124
19569 76
19570 193
19571 62
19572 87
19573 2
19574 192
19575 71
19576 80
19577 43
19578 201
19579 173
19580 168
19581 126
19582 117
19583 39
19584 85
19585 143
19586 69
19587 171
19588 175
19589 166
19590 190
19591 177
19592 176
19593 15
19594 55
19595 54
19596 171
19597 6
19598 180
19599 155
19600 43
19601 101
19602 17
19603 168
19604 141
19605 92
19606 190
19607 91
19608 131
19609 72
19610 183
19611 51
19612 150
19613 104
19614 19
19615 172
19616 94
19617 56
19618 138
19619 172
19620 55
19621 81
19622 156
19623 163
19624 152
19625 80
19626 62
19627 103
19628 89
19629 147
19630 189
19631 55
19632 17
19633 195
19634 19
19635 17
19636 171
19637 99
19638 161
19639 74
19640 95
19641 38
19642 196
19643 16
19644 165
19645 32
19646 46
19647 170
19648 186
19649 26
19650 113
19651 20
19652 180
19653 129
19654 18
19655 74
19656 154
19657 136
19658 30
19659 125
19660 113
19661 87
19662 122
19663 86
19664 63
19665 107
19666 37
19667 129
19668 28
19669 2
19670 134
19671 182
19672 79
19673 193
19674 148
19675 97
19676 127
19677 123
19678 137
19679 21
19680 73
19681 161
19682 47
19683 177
19684 75
19685 11
19686 74
19687 118
19688 196
19689 77
19690 82
19691 17
19692 174
19693 131
19694 185
19695 14
19696 64
19697 39
19698 138
19699 96
19700 162
19701 181
19702 128
19703 90
19704 67
19705 186
19706 23
19707 81
19708 34
19709 116
19710 29
19711 62
19712 53
19713 175
19714 33
19715 178
19716 109
19717 182
19718 46
19719 117
19720 49
19721 21
19722 180
19723 182
19724 185
19725 39
19726 147
19727 50
19728 200
19729 71
19730 134
19731 102
19732 73
19733 24
19734 60
19735 70
19736 163
19737 85
19738 27
19739 4
19740 59
19741 61
19742 110
19743 120
19744 88
19745 176
19746 63
19747 43
19748 50
19749 59
19750 124
19751 161
19752 122
19753 154
19754 76
19755 115
19756 60
19757 166
19758 15
19759 82
19760 179
19761 188
19762 32
19763 181
19764 145
19765 105
19766 10
19767 64
19768 116
19769 166
19770 193
19771 120
19772 136
19773 1
19774 197
19775 138
19776 106
19777 185
19778 30
19779 119
19780 109
19781 60
19782 169
19783 85
19784 160
19785 188
19786 72
19787 12
19788 132
19789 39
19790 88
19791 82
19792 114
19793 167
19794 108
19795 100
19796 21
19797 165
19798 171
19799 44
19800 79
19801 97
19802 55
19803 87
19804 200
19805 19
19806 4
19807 97
19808 18
19809 132
19810 113
19811 77
19812 170
19813 0
19814 115
19815 198
19816 201
19817 79
19818 33
19819 138
19820 191
19821 153
19822 67
19823 71
19824 183
19825 191
19826 88
19827 140
19828 17
19829 39
19830 176
19831 64
19832 11
19833 123
19834 130
19835 15
19836 128
19837 164
19838 123
19839 4
19840 180
19841 15
19842 91
19843 68
19844 152
19845 147
19846 90
19847 160
19848 184
19849 184
19850 21
19851 108
19852 64
19853 147
19854 66
19855 31
19856 37
19857 142
19858 56
19859 24
19860 21
19861 150
19862 165
19863 99
19864 197
19865 20
19866 9
19867 163
19868 199
19869 174
19870 67
19871 14
19872 65
19873 176
19874 63
19875 184
19876 7
19877 61
19878 161
19879 10
19880 18
19881 115
19882 165
19883 70
19884 156
19885 11
19886 177
19887 94
19888 186
19889 76
19890 175
19891 31
19892 106
19893 28
19894 104
19895 24
19896 161
19897 82
19898 97
19899 144
19900 167
19901 28
19902 64
19903 184
19904 190
19905 154
19906 33
19907 39
19908 48
19909 145
19910 18
19911 45
19912 89
19913 79
19914 127
19915 74
19916 158
19917 188
19918 118
19919 18
19920 186
19921 115
19922 187
19923 34
19924 16
19925 67
19926 28
19927 180
19928 22
19929 10
19930 145
19931 62
19932 73
19933 113
19934 12
19935 121
19936 119
19937 120
19938 137
19939 120
19940 141
19941 57
19942 187
19943 50
19944 158
19945 174
19946 100
19947 159
19948 59
19949 44
19950 85
19951 160
19952 70
19953 124
19954 178
19955 8
19956 144
19957 165
19958 105
19959 89
19960 23
19961 21
19962 19
19963 80
19964 160
19965 177
19966 159
19967 77
19968 17
19969 42
19970 109
19971 97
19972 41
19973 100
19974 38
19975 118
19976 201
19977 169
19978 21
19979 99
19980 114
19981 92
19982 59
19983 10
19984 23
19985 166
19986 131
19987 157
19988 66
19989 22
19990 69
19991 19
19992 145
19993 36
19994 85
19995 129
19996 170
19997 29
19998 199
19999 8
20000 180
20001 110
20002 153
20003 40
20004 33
20005 51
20006 140
20007 35
20008 38
20009 178
20010 191
20011 130
20012 191
20013 55
20014 75
20015 51
20016 128
20017 143
20018 55
20019 65
20020 181
20021 136
20022 42
20023 116
20024 63
20025 189
20026 24
20027 157
20028 27
20029 147
20030 189
20031 15
20032 13
20033 184
20034 90
20035 169
20036 176
20037 129
20038 59
20039 76
20040 62
20041 67
20042 4
20043 150
20044 122
20045 131
20046 113
20047 195
20048 99
20049 136
20050 119
20051 92
20052 140
20053 99
20054 56
20055 47
20056 106
20057 91
20058 12
20059 182
20060 68
20061 75
20062 121
20063 100
20064 142
20065 2
20066 38
20067 169
20068 83
20069 156
20070 40
20071 194
20072 136
20073 128
20074 135
20075 138
20076 52
20077 162
20078 146
20079 115
20080 14
20081 169
20082 116
20083 104
20084 44
20085 184
20086 17
20087 119
20088 14
20089 79
20090 162
20091 164
20092 90
20093 145
20094 31
20095 28
20096 190
20097 170
20098 10
20099 119
20100 80
20101 171
20102 55
20103 129
20104 145
20105 81
20106 49
20107 103
20108 14
20109 97
20110 86
20111 64
20112 44
20113 93
20114 37
20115 189
20116 150
20117 74
20118 7
20119 110
20120 155
20121 116
20122 197
20123 34
20124 185
20125 185
20126 158
20127 150
20128 32
20129 188
20130 140
20131 193
20132 149
20133 20
20134 83
20135 192
20136 124
20137 129
20138 136
20139 186
20140 176
20141 144
20142 103
20143 95
20144 32
20145 16
20146 88
20147 168
20148 200
20149 122
20150 19
20151 15
20152 94
20153 7
20154 70
20155 175
20156 32
20157 134
20158 17
20159 5
20160 82
20161 183
20162 70
20163 50
20164 107
20165 33
20166 1
20167 25
20168 140
20169 166
20170 173
20171 102
20172 45
20173 125
20174 144
20175 201
20176 163
20177 181
20178 184
20179 2
20180 31
20181 152
20182 138
20183 32
20184 165
20185 33
20186 54
20187 162
20188 201
20189 144
20190 112
20191 2
20192 195
20193 160
20194 106
20195 2
20196 55
20197 167
20198 91
20199 95
20200 179
20201 180
20202 72
20203 112
20204 109
20205 92
20206 195
20207 199
20208 179
20209 145
20210 201
20211 140
20212 111
20213 76
20214 40
20215 104
20216 147
20217 16
20218 10
20219 199
20220 146
20221 134
20222 20
20223 154
20224 6
20225 135
20226 124
20227 103
20228 73
20229 139
20230 14
20231 115
20232 177
