10000 52
10001 200
10002 163
10003 178
10004 61
10005 40
10006 19
10007 34
10008 52
10009 125
10010 149
10011 37
10012 84
10013 90
10014 63
10015 154
10016 123
10017 139
10018 69
10019 34
10020 116
10021 196
10022 56
10023 137
10024 73
10025 163
10026 166
10027 66
10028 196
10029 78
10030 98
10031 7
10032 42
10033 7
10034 197
10035 70
10036 80
10037 23
10038 70
10039 66
10040 164
10041 41
10042 63
10043 183
10044 46
10045 116
10046 74
10047 64
10048 27
10049 117
10050 52
10051 30
10052 196
10053 195
10054 7
10055 39
10056 195
10057 58
10058 41
10059 148
10060 130
10061 134
10062 60
10063 91
10064 116
10065 71
10066 147
10067 98
10068 39
10069 114
10070 87
10071 30
10072 48
10073 26
10074 109
10075 39
10076 30
10077 61
10078 121
10079 37
10080 34
10081 123
10082 77
10083 38
10084 101
10085 78
10086 129
10087 48
10088 54
10089 119
10090 3
10091 161
10092 49
10093 78
10094 200
10095 36
10096 156
10097 2
10098 198
10099 78
10100 27
10101 138
10102 76
10103 143
10104 28
10105 144
10106 24
10107 64
10108 83
10109 114
10110 0
10111 183
10112 162
10113 1
10114 9
10115 50
10116 16
10117 104
10118 36
10119 176
10120 98
10121 0
10122 198
10123 142
10124 94
10125 22
10126 199
10127 90
10128 67
10129 52
10130 89
10131 21
10132 164
10133 123
10134 142
10135 20
10136 158
10137 37
10138 129
10139 53
10140 83
10141 180
10142 160
10143 142
10144 26
10145 76
10146 187
10147 159
10148 115
10149 159
10150 201
10151 24
10152 152
10153 151
10154 169
10155 66
10156 7
10157 64
10158 101
10159 29
10160 171
10161 112
10162 21
10163 58
10164 1
10165 48
10166 36
10167 6
10168 129
10169 67
10170 198
10171 131
10172 34
10173 47
10174 39
10175 199
10176 125
10177 89
10178 90
10179 14
10180 163
10181 111
10182 145
10183 31
10184 115
10185 174
10186 90
10187 115
10188 191
10189 164
10190 144
10191 57
10192 88
10193 3
10194 96
10195 153
10196 163
10197 89
10198 62
10199 20
10200 188
10201 135
10202 85
10203 107
10204 141
10205 200
10206 194
10207 74
10208 54
10209 92
10210 109
10211 89
10212 45
10213 28
10214 32
10215 3
10216 117
10217 0
10218 90
10219 46
10220 132
10221 166
10222 192
10223 174
10224 150
10225 120
10226 167
10227 39
10228 88
10229 6
10230 181
10231 157
10232 92
10233 78
10234 118
10235 178
10236 171
10237 86
10238 158
10239 56
10240 68
10241 144
10242 67
10243 9
10244 55
10245 85
10246 27
10247 103
10248 183
10249 48
10250 112
10251 105
10252 142
10253 12
10254 13
10255 89
10256 45
10257 20
10258 201
10259 95
10260 116
10261 15
10262 152
10263 64
10264 36
10265 51
10266 192
10267 80
10268 1
10269 132
10270 27
10271 73
10272 102
10273 178
10274 106
10275 55
10276 21
10277 43
10278 30
10279 191
10280 39
10281 17
10282 39
10283 172
10284 148
10285 62
10286 188
10287 109
10288 143
10289 93
10290 176
10291 132
10292 66
10293 62
10294 149
10295 24
10296 139
10297 200
10298 43
10299 67
10300 186
10301 83
10302 110
10303 166
10304 14
10305 143
10306 66
10307 83
10308 8
10309 194
10310 157
10311 133
10312 141
10313 65
10314 80
10315 24
10316 21
10317 144
10318 163
10319 71
10320 155
10321 106
10322 33
10323 101
10324 199
10325 199
10326 122
10327 125
10328 78
10329 164
10330 101
10331 19
10332 42
10333 200
10334 169
10335 110
10336 158
10337 92
10338 173
10339 10
10340 82
10341 197
10342 105
10343 144
10344 141
10345 131
10346 136
10347 101
10348 137
10349 120
10350 110
10351 88
10352 145
10353 133
10354 58
10355 177
10356 63
10357 187
10358 191
10359 7
10360 63
10361 34
10362 147
10363 155
10364 132
10365 48
10366 145
10367 37
10368 45
10369 197
10370 83
10371 58
10372 130
10373 107
10374 121
10375 9
10376 115
10377 32
10378 136
10379 115
10380 42
10381 3
10382 188
10383 181
10384 183
10385 111
10386 34
10387 118
10388 192
10389 160
10390 5
10391 147
10392 18
10393 126
10394 119
10395 190
10396 66
10397 3
10398 176
10399 171
10400 148
10401 81
10402 58
10403 168
10404 60
10405 107
10406 78
10407 106
10408 105
10409 92
10410 4
10411 101
10412 20
10413 57
10414 93
10415 180
10416 174
10417 197
10418 135
10419 77
10420 99
10421 120
10422 54
10423 61
10424 126
10425 125
10426 121
10427 46
10428 30
10429 146
10430 115
10431 186
10432 60
10433 156
10434 199
10435 131
10436 78
10437 98
10438 131
10439 143
10440 38
10441 79
10442 60
10443 10
10444 96
10445 121
10446 99
10447 4
10448 1
10449 181
10450 159
10451 39
10452 4
10453 163
10454 131
10455 72
10456 128
10457 11
10458 96
10459 125
10460 180
10461 139
10462 166
10463 185
10464 129
10465 164
10466 12
10467 18
10468 157
10469 175
10470 116
10471 109
10472 75
10473 158
10474 55
10475 95
10476 14
10477 137
10478 167
10479 159
10480 148
10481 33
10482 139
10483 189
10484 191
10485 160
10486 114
10487 17
10488 45
10489 179
10490 196
10491 121
10492 15
10493 153
10494 58
10495 28
10496 58
10497 121
10498 75
10499 34
10500 47
10501 46
10502 43
10503 98
10504 142
10505 137
10506 51
10507 136
10508 139
10509 6
10510 65
10511 193
10512 165
10513 101
10514 19
10515 62
10516 158
10517 88
10518 51
10519 188
10520 123
10521 118
10522 138
10523 89
10524 62
10525 120
10526 22
10527 125
10528 61
10529 98
10530 119
10531 194
10532 57
10533 75
10534 197
10535 195
10536 183
10537 33
10538 110
10539 2
10540 33
10541 14
10542 24
10543 20
10544 126
10545 57
10546 146
10547 173
10548 38
10549 47
10550 57
10551 153
10552 60
10553 139
10554 177
10555 136
10556 60
10557 184
10558 12
10559 30
10560 184
10561 180
10562 16
10563 50
10564 23
10565 119
10566 125
10567 2
10568 5
10569 143
10570 167
10571 83
10572 52
10573 11
10574 59
10575 173
10576 47
10577 43
10578 75
10579 46
10580 28
10581 155
10582 47
10583 45
10584 44
10585 14
10586 68
10587 167
10588 32
10589 182
10590 17
10591 111
10592 79
10593 157
10594 93
10595 88
10596 150
10597 6
10598 6
10599 174
10600 145
10601 170
10602 155
10603 69
10604 13
10605 32
10606 184
10607 124
10608 166
10609 119
10610 191
10611 44
10612 104
10613 149
10614 79
10615 35
10616 101
10617 57
10618 200
10619 23
10620 148
10621 130
10622 177
10623 144
10624 97
10625 49
10626 45
10627 69
10628 116
10629 115
10630 166
10631 106
10632 154
10633 34
10634 86
10635 134
10636 152
10637 29
10638 188
10639 150
10640 99
10641 159
10642 93
10643 147
10644 40
10645 50
10646 139
10647 89
10648 51
10649 17
10650 115
10651 172
10652 193
10653 146
10654 29
10655 131
10656 134
10657 21
10658 160
10659 186
10660 132
10661 3
10662 11
10663 115
10664 10
10665 130
10666 51
10667 14
10668 156
10669 44
10670 163
10671 126
10672 108
10673 201
10674 65
10675 42
10676 73
10677 124
10678 82
10679 180
10680 152
10681 124
10682 135
10683 151
10684 63
10685 119
10686 136
10687 31
10688 141
10689 74
10690 69
10691 32
10692 112
10693 143
10694 138
10695 178
10696 52
10697 8
10698 49
10699 128
10700 78
10701 87
10702 117
10703 78
10704 103
10705 169
10706 34
10707 142
10708 95
10709 26
10710 40
10711 9
10712 174
10713 7
10714 150
10715 19
10716 177
10717 95
10718 186
10719 135
10720 196
10721 47
10722 194
10723 41
10724 93
10725 138
10726 132
10727 185
10728 51
10729 54
10730 72
10731 130
10732 30
10733 27
10734 150
10735 120
10736 104
10737 80
10738 111
10739 90
10740 13
10741 133
10742 180
10743 55
10744 109
10745 37
10746 176
10747 145
10748 163
10749 45
10750 144
10751 63
10752 22
10753 175
10754 14
10755 41
10756 195
10757 193
10758 115
10759 109
10760 94
10761 57
10762 68
10763 6
10764 174
10765 93
10766 111
10767 96
10768 24
10769 3
10770 112
10771 76
10772 81
10773 94
10774 117
10775 72
10776 8
10777 175
10778 116
10779 84
10780 122
10781 26
10782 144
10783 21
10784 36
10785 108
10786 167
10787 115
10788 170
10789 112
10790 148
10791 96
10792 141
10793 110
10794 157
10795 57
10796 149
10797 121
10798 1
10799 125
10800 57
10801 35
10802 39
10803 68
10804 27
10805 155
10806 165
10807 92
10808 158
10809 59
10810 183
10811 27
10812 35
10813 73
10814 34
10815 159
10816 120
10817 111
10818 62
10819 36
10820 29
10821 108
10822 154
10823 54
10824 147
10825 153
10826 75
10827 113
10828 195
10829 60
10830 49
10831 37
10832 198
10833 160
10834 122
10835 78
10836 104
10837 194
10838 50
10839 61
10840 81
10841 141
10842 17
10843 114
10844 159
10845 72
10846 178
10847 165
10848 184
10849 126
10850 57
10851 37
10852 40
10853 141
10854 22
10855 192
10856 117
10857 46
10858 154
10859 113
10860 77
10861 21
10862 141
10863 120
10864 7
10865 165
10866 129
10867 163
10868 103
10869 35
10870 117
10871 31
10872 111
10873 120
10874 44
10875 9
10876 138
10877 74
10878 184
10879 109
10880 61
10881 22
10882 134
10883 182
10884 195
10885 179
10886 199
10887 36
10888 197
10889 127
10890 140
10891 130
10892 89
10893 153
10894 73
10895 118
10896 98
10897 70
10898 107
10899 110
10900 116
10901 108
10902 89
10903 38
10904 19
10905 199
10906 31
10907 146
10908 81
10909 88
10910 18
10911 79
10912 33
10913 24
10914 159
10915 178
10916 72
10917 3
10918 161
10919 95
10920 40
10921 52
10922 160
10923 42
10924 26
10925 35
10926 163
10927 190
10928 98
10929 18
10930 68
10931 57
10932 77
10933 134
10934 196
10935 29
10936 187
10937 102
10938 68
10939 168
10940 185
10941 199
10942 121
10943 178
10944 31
10945 14
10946 16
10947 169
10948 84
10949 112
10950 40
10951 111
10952 70
10953 128
10954 134
10955 115
10956 94
10957 35
10958 186
10959 124
10960 105
10961 175
10962 183
10963 79
10964 62
10965 116
10966 88
10967 127
10968 75
10969 112
10970 109
10971 144
10972 112
10973 129
10974 64
10975 4
10976 26
10977 76
10978 102
10979 75
10980 59
10981 107
10982 133
10983 170
10984 87
10985 39
10986 87
10987 57
10988 34
10989 152
10990 177
10991 83
10992 4
10993 171
10994 26
10995 145
10996 127
10997 56
10998 152
10999 150
11000 38
11001 139
11002 14
11003 155
11004 141
11005 190
11006 13
11007 127
11008 43
11009 135
11010 104
11011 97
11012 27
11013 28
11014 31
11015 168
11016 154
11017 181
11018 180
11019 170
11020 92
11021 107
11022 149
11023 186
11024 93
11025 127
11026 74
11027 31
11028 131
11029 188
11030 28
11031 192
11032 125
11033 190
11034 88
11035 5
11036 182
11037 93
11038 55
11039 27
11040 183
11041 56
11042 106
11043 35
11044 168
11045 16
11046 162
11047 17
11048 92
11049 132
11050 126
11051 110
11052 64
11053 115
11054 116
11055 155
11056 9
11057 29
11058 16
11059 197
11060 89
11061 126
11062 87
11063 31
11064 146
11065 38
11066 60
11067 142
11068 199
11069 138
11070 70
11071 83
11072 107
11073 68
11074 171
11075 105
11076 152
11077 136
11078 55
11079 77
11080 68
11081 151
11082 193
11083 6
11084 148
11085 4
11086 24
11087 124
11088 35
11089 20
11090 86
11091 201
11092 84
11093 147
11094 190
11095 25
11096 196
11097 177
11098 76
11099 94
11100 116
11101 144
11102 170
11103 75
11104 87
11105 104
11106 17
11107 157
11108 199
11109 106
11110 30
11111 190
11112 141
11113 54
11114 149
11115 21
11116 189
11117 79
11118 125
11119 142
11120 12
11121 88
11122 37
11123 131
11124 153
11125 140
11126 117
11127 91
11128 167
11129 148
11130 69
11131 177
11132 181
11133 103
11134 122
11135 165
11136 193
11137 192
11138 61
11139 114
11140 5
11141 129
11142 37
11143 93
11144 104
11145 175
11146 27
11147 37
11148 76
11149 17
11150 85
11151 63
11152 167
11153 131
11154 94
11155 55
11156 26
11157 43
11158 167
11159 90
11160 191
11161 72
11162 137
11163 43
11164 60
11165 126
11166 94
11167 185
11168 181
11169 180
11170 121
11171 104
11172 164
11173 152
11174 126
11175 4
11176 111
11177 183
11178 32
11179 179
11180 8
11181 3
11182 138
11183 103
11184 56
11185 78
11186 43
11187 6
11188 9
11189 8
11190 98
11191 49
11192 120
11193 157
11194 114
11195 198
11196 56
11197 121
11198 147
11199 84
11200 131
11201 4
11202 36
11203 85
11204 26
11205 107
11206 43
11207 60
11208 200
11209 177
11210 187
11211 35
11212 182
11213 64
11214 118
11215 138
11216 86
11217 37
11218 69
11219 77
11220 16
11221 20
11222 171
11223 50
11224 180
11225 55
11226 196
11227 110
11228 156
11229 174
11230 48
11231 119
11232 62
11233 192
11234 29
11235 201
11236 17
11237 43
11238 22
11239 178
11240 49
11241 126
11242 84
11243 157
11244 168
11245 75
11246 8
11247 74
11248 128
11249 99
11250 161
11251 108
11252 8
11253 113
11254 181
11255 57
11256 130
11257 2
11258 68
11259 182
11260 66
11261 200
11262 37
11263 125
11264 156
11265 96
11266 172
11267 127
11268 139
11269 72
11270 33
11271 33
11272 193
11273 180
11274 83
11275 88
11276 64
11277 197
11278 32
11279 174
11280 144
11281 47
11282 22
11283 163
11284 103
11285 177
11286 181
11287 65
11288 62
11289 142
11290 119
11291 91
11292 181
11293 194
11294 2
11295 21
11296 44
11297 70
11298 17
11299 178
11300 102
11301 179
11302 171
11303 169
11304 11
11305 87
11306 55
11307 115
11308 79
11309 198
11310 3
11311 173
11312 104
11313 81
11314 127
11315 7
11316 187
11317 107
11318 165
11319 117
11320 3
11321 136
11322 58
11323 40
11324 182
11325 82
11326 145
11327 85
11328 156
11329 65
11330 101
11331 141
11332 71
11333 11
11334 39
11335 114
11336 36
11337 124
11338 165
11339 114
11340 177
11341 34
11342 119
11343 163
11344 158
11345 124
11346 99
11347 93
11348 110
11349 9
11350 187
11351 166
11352 149
11353 187
11354 86
11355 40
11356 91
11357 20
11358 165
11359 59
11360 28
11361 14
11362 11
11363 56
11364 142
11365 77
11366 33
11367 87
11368 154
11369 79
11370 9
11371 176
11372 127
11373 96
11374 166
11375 26
11376 77
11377 72
11378 154
11379 94
11380 159
11381 82
11382 156
11383 62
11384 90
11385 103
11386 116
11387 90
11388 146
11389 12
11390 157
11391 117
11392 71
11393 174
11394 156
11395 9
11396 167
11397 187
11398 128
11399 185
11400 135
11401 169
11402 146
11403 63
11404 161
11405 182
11406 160
11407 97
11408 89
11409 123
11410 173
11411 194
11412 195
11413 6
11414 93
11415 156
11416 113
11417 83
11418 74
11419 103
11420 178
11421 17
11422 55
11423 175
11424 132
11425 70
11426 48
11427 146
11428 73
11429 49
11430 40
11431 167
11432 49
11433 149
11434 62
11435 88
11436 10
11437 167
11438 31
11439 115
11440 148
11441 77
11442 151
11443 49
11444 13
11445 94
11446 164
11447 78
11448 18
11449 196
11450 174
11451 155
11452 113
11453 83
11454 181
11455 57
11456 15
11457 135
11458 181
11459 58
11460 106
11461 16
11462 20
11463 131
11464 200
11465 121
11466 104
11467 58
11468 86
11469 192
11470 2
11471 31
11472 81
11473 189
11474 178
11475 137
11476 141
11477 99
11478 191
11479 181
11480 39
11481 124
11482 172
11483 183
11484 82
11485 166
11486 177
11487 199
11488 29
11489 75
11490 128
11491 27
11492 38
11493 44
11494 142
11495 118
11496 16
11497 185
11498 19
11499 126
11500 127
11501 152
11502 28
11503 190
11504 156
11505 73
11506 79
11507 7
11508 181
11509 152
11510 119
11511 113
11512 33
11513 153
11514 194
11515 11
11516 51
11517 15
11518 187
11519 155
11520 32
11521 61
11522 13
11523 138
11524 141
11525 115
11526 8
11527 137
11528 94
11529 186
11530 34
11531 34
11532 114
11533 146
11534 35
11535 26
11536 74
11537 191
11538 30
11539 113
11540 156
11541 171
11542 20
11543 143
11544 143
11545 176
11546 28
11547 139
11548 93
11549 164
11550 183
11551 156
11552 47
11553 134
11554 54
11555 186
11556 59
11557 128
11558 159
11559 8
11560 143
11561 56
11562 65
11563 92
11564 191
11565 188
11566 99
11567 180
11568 59
11569 198
11570 20
11571 66
11572 30
11573 174
11574 37
11575 67
11576 103
11577 82
11578 31
11579 95
11580 6
11581 5
11582 183
11583 197
11584 49
11585 175
11586 139
11587 127
11588 99
11589 14
11590 81
11591 189
11592 108
11593 139
11594 139
11595 77
11596 178
11597 88
11598 158
11599 5
11600 116
11601 65
11602 191
11603 105
11604 28
11605 59
11606 39
11607 185
11608 32
11609 167
11610 27
11611 164
11612 150
11613 31
11614 147
11615 72
11616 135
11617 104
11618 163
11619 84
11620 150
11621 16
11622 184
11623 41
11624 116
11625 121
11626 159
11627 32
11628 37
11629 147
11630 26
11631 150
11632 74
11633 163
11634 57
11635 180
11636 166
11637 12
11638 155
11639 56
11640 74
11641 151
11642 160
11643 52
11644 140
11645 111
11646 14
11647 46
11648 44
11649 33
11650 134
11651 144
11652 26
11653 183
11654 150
11655 160
11656 161
11657 29
11658 177
11659 171
11660 192
11661 122
11662 71
11663 109
11664 98
11665 0
11666 119
11667 74
11668 91
11669 72
11670 106
11671 13
11672 99
11673 122
11674 137
11675 4
11676 40
11677 96
11678 82
11679 87
11680 109
11681 118
11682 162
11683 167
11684 93
11685 26
11686 150
11687 200
11688 115
11689 160
11690 133
11691 69
11692 93
11693 27
11694 111
11695 112
11696 5
11697 149
11698 160
11699 126
11700 185
11701 124
11702 118
11703 142
11704 89
11705 48
11706 31
11707 47
11708 53
11709 115
11710 117
11711 18
11712 21
11713 68
11714 183
11715 111
11716 160
11717 80
11718 166
11719 14
11720 67
11721 96
11722 163
11723 142
11724 41
11725 71
11726 193
11727 152
11728 158
11729 161
11730 193
11731 111
11732 196
11733 110
11734 161
11735 72
11736 81
11737 94
11738 177
11739 26
11740 15
11741 191
11742 152
11743 101
11744 15
11745 134
11746 61
11747 98
11748 8
11749 62
11750 141
11751 91
11752 160
11753 103
11754 73
11755 99
11756 88
11757 40
11758 1
11759 168
11760 177
11761 161
11762 44
11763 160
11764 127
11765 176
11766 46
11767 35
11768 85
11769 115
11770 70
11771 114
11772 105
11773 135
11774 151
11775 121
11776 81
11777 10
11778 14
11779 8
11780 2
11781 162
11782 51
11783 159
11784 39
11785 145
11786 33
11787 40
11788 128
11789 172
11790 106
11791 41
11792 110
11793 142
11794 101
11795 113
11796 67
11797 130
11798 160
11799 19
11800 158
11801 158
11802 33
11803 37
11804 71
11805 101
11806 71
11807 33
11808 92
11809 49
11810 42
11811 153
11812 59
11813 72
11814 120
11815 88
11816 78
11817 5
11818 30
11819 129
11820 21
11821 77
11822 192
11823 134
11824 83
11825 189
11826 64
11827 195
11828 109
11829 147
11830 39
11831 67
11832 29
11833 77
11834 17
11835 74
11836 190
11837 145
11838 21
11839 117
11840 4
11841 156
11842 168
11843 147
11844 11
11845 125
11846 40
11847 134
11848 122
11849 187
11850 94
11851 53
11852 68
11853 17
11854 45
11855 182
11856 135
11857 76
11858 184
11859 190
11860 191
11861 168
11862 6
11863 125
11864 177
11865 122
11866 171
11867 89
11868 177
11869 146
11870 20
11871 192
11872 144
11873 53
11874 90
11875 6
11876 111
11877 2
11878 136
11879 24
11880 9
11881 60
11882 42
11883 113
11884 177
11885 63
11886 110
11887 158
11888 145
11889 159
11890 167
11891 54
11892 147
11893 99
11894 85
11895 127
11896 7
11897 92
11898 179
11899 25
11900 104
11901 99
11902 9
11903 78
11904 177
11905 194
11906 112
11907 55
11908 54
11909 46
11910 57
11911 171
11912 103
11913 115
11914 126
11915 185
11916 169
11917 30
11918 167
11919 48
11920 188
11921 184
11922 136
11923 177
11924 187
11925 56
11926 199
11927 130
11928 128
11929 86
11930 87
11931 118
11932 114
11933 20
11934 155
11935 186
11936 83
11937 40
11938 88
11939 94
11940 161
11941 97
11942 65
11943 147
11944 189
11945 149
11946 77
11947 106
11948 36
11949 159
11950 178
11951 143
11952 185
11953 25
11954 76
11955 109
11956 113
11957 200
11958 63
11959 141
11960 53
11961 17
11962 113
11963 120
11964 16
11965 118
11966 82
11967 183
11968 131
11969 168
11970 140
11971 145
11972 85
11973 168
11974 158
11975 49
11976 140
11977 15
11978 176
11979 94
11980 83
11981 175
11982 147
11983 3
11984 170
11985 49
11986 31
11987 130
11988 32
11989 134
11990 74
11991 58
11992 72
11993 89
11994 164
11995 146
11996 91
11997 173
11998 112
11999 99
12000 33
12001 14
12002 139
12003 129
12004 169
12005 144
12006 46
12007 62
12008 29
12009 127
12010 175
12011 127
12012 22
12013 5
12014 159
12015 194
12016 8
12017 179
12018 0
12019 99
12020 197
12021 87
12022 81
12023 6
12024 165
12025 70
12026 154
12027 30
12028 177
12029 8
12030 135
12031 118
12032 199
12033 51
12034 158
12035 59
12036 164
12037 29
12038 33
12039 153
12040 105
12041 147
12042 168
12043 99
12044 162
12045 21
12046 90
12047 146
12048 123
12049 56
12050 116
12051 141
12052 153
12053 172
12054 193
12055 53
12056 140
12057 107
12058 108
12059 200
12060 89
12061 28
12062 33
12063 63
12064 105
12065 149
12066 119
12067 189
12068 10
12069 0
12070 68
12071 58
12072 56
12073 154
12074 80
12075 189
12076 158
12077 68
12078 101
12079 166
12080 125
12081 165
12082 166
12083 126
12084 92
12085 147
12086 175
12087 31
12088 106
12089 160
12090 42
12091 71
12092 129
12093 23
12094 88
12095 161
12096 25
12097 160
12098 57
12099 121
12100 88
12101 170
12102 27
12103 193
12104 101
12105 140
12106 72
12107 77
12108 80
12109 23
12110 113
12111 37
12112 183
12113 190
12114 90
12115 138
12116 10
12117 112
12118 71
12119 81
12120 140
12121 130
12122 149
12123 195
12124 161
12125 66
12126 192
12127 43
12128 54
12129 93
12130 129
12131 101
12132 115
12133 58
12134 189
12135 193
12136 21
12137 1
12138 113
12139 87
12140 35
12141 178
12142 176
12143 51
12144 70
12145 138
12146 44
12147 116
12148 149
12149 82
12150 128
12151 136
12152 181
12153 40
12154 17
12155 173
12156 1
12157 178
12158 8
12159 73
12160 29
12161 150
12162 148
12163 124
12164 115
12165 54
12166 19
12167 48
12168 12
12169 68
12170 80
12171 76
12172 87
12173 66
12174 163
12175 188
12176 86
12177 154
12178 31
12179 93
12180 192
12181 115
12182 54
12183 134
12184 85
12185 160
12186 2
12187 36
12188 186
12189 128
12190 102
12191 192
12192 76
12193 74
12194 7
12195 103
12196 126
12197 19
12198 83
12199 66
12200 153
12201 82
12202 188
12203 24
12204 0
12205 26
12206 59
12207 171
12208 195
12209 119
12210 111
12211 19
12212 103
12213 96
12214 137
12215 46
12216 169
12217 168
12218 70
12219 83
12220 110
12221 69
12222 115
12223 65
12224 186
12225 99
12226 89
12227 107
12228 37
12229 37
12230 189
12231 37
12232 96
12233 136
12234 77
12235 162
12236 11
12237 188
12238 106
12239 166
12240 119
12241 181
12242 194
12243 182
12244 70
12245 162
12246 113
12247 200
12248 38
12249 41
12250 131
12251 139
12252 128
12253 137
12254 75
12255 80
12256 49
12257 137
12258 191
12259 163
12260 130
12261 5
12262 5
12263 175
12264 27
12265 119
12266 87
12267 91
12268 32
12269 154
12270 17
12271 32
12272 74
12273 172
12274 7
12275 110
12276 72
12277 33
12278 137
12279 8
12280 85
12281 184
12282 144
12283 12
12284 61
12285 139
12286 196
12287 103
12288 114
12289 65
12290 179
12291 200
12292 57
12293 131
12294 142
12295 94
12296 62
12297 28
12298 169
12299 148
12300 114
12301 124
12302 119
12303 41
12304 41
12305 129
12306 120
12307 26
12308 166
12309 159
12310 200
12311 157
12312 179
12313 65
12314 153
12315 86
12316 119
12317 70
12318 2
12319 47
12320 52
12321 0
12322 10
12323 66
12324 42
12325 98
12326 53
12327 146
12328 124
12329 71
12330 74
12331 62
12332 21
12333 183
12334 2
12335 199
12336 159
12337 13
12338 108
12339 52
12340 149
12341 172
12342 79
12343 197
12344 171
12345 53
12346 186
12347 115
12348 108
12349 89
12350 29
12351 26
12352 128
12353 145
12354 90
12355 111
12356 21
12357 199
12358 51
12359 66
12360 140
12361 184
12362 156
12363 7
12364 177
12365 38
12366 69
12367 67
12368 195
12369 174
12370 26
12371 180
12372 187
12373 66
12374 144
12375 129
12376 178
12377 118
12378 191
12379 187
12380 184
12381 123
12382 66
12383 110
12384 160
12385 5
12386 181
12387 54
12388 2
12389 14
12390 161
12391 189
12392 91
12393 128
12394 153
12395 34
12396 107
12397 160
12398 86
12399 168
12400 35
12401 144
12402 146
12403 95
12404 74
12405 97
12406 22
12407 25
12408 129
12409 23
12410 80
12411 47
12412 155
12413 200
12414 47
12415 38
12416 113
12417 117
12418 95
12419 68
12420 41
12421 156
12422 2
12423 132
12424 198
12425 149
12426 51
12427 41
12428 180
12429 112
12430 76
12431 181
12432 182
12433 24
12434 155
12435 198
12436 93
12437 143
12438 67
12439 101
12440 71
12441 9
12442 161
12443 64
12444 102
12445 155
12446 101
12447 32
12448 99
12449 37
12450 152
12451 144
12452 79
12453 168
12454 63
12455 49
12456 145
12457 84
12458 16
12459 108
12460 131
12461 154
12462 1
12463 158
12464 25
12465 127
12466 128
12467 0
12468 153
12469 168
12470 148
12471 40
12472 135
12473 15
12474 181
12475 50
12476 19
12477 173
12478 111
12479 36
12480 61
12481 87
12482 187
12483 58
12484 66
12485 86
12486 126
12487 113
12488 8
12489 193
12490 86
12491 31
12492 153
12493 101
12494 120
12495 94
12496 124
12497 118
12498 195
12499 72
12500 101
12501 129
12502 190
12503 138
12504 103
12505 97
12506 131
12507 149
12508 184
12509 87
12510 51
12511 86
12512 189
12513 32
12514 137
12515 163
12516 21
12517 177
12518 136
12519 21
12520 28
12521 29
12522 5
12523 129
12524 17
12525 76
12526 13
12527 107
12528 18
12529 40
12530 89
12531 54
12532 25
12533 29
12534 71
12535 170
12536 188
12537 23
12538 120
12539 139
12540 178
12541 102
12542 13
12543 161
12544 192
12545 125
12546 87
12547 128
12548 64
12549 55
12550 201
12551 187
12552 3
12553 185
12554 22
12555 61
12556 196
12557 87
12558 159
12559 166
12560 131
12561 54
12562 117
12563 198
12564 65
12565 23
12566 29
12567 176
12568 154
12569 45
12570 110
12571 51
12572 23
12573 65
12574 140
12575 161
12576 135
12577 28
12578 100
12579 113
12580 165
12581 121
12582 135
12583 64
12584 84
12585 163
12586 200
12587 67
12588 39
12589 89
12590 61
12591 145
12592 108
12593 80
12594 3
12595 98
12596 144
12597 15
12598 192
12599 16
12600 46
12601 127
12602 25
12603 63
12604 23
12605 112
12606 164
12607 151
12608 143
12609 5
12610 50
12611 74
12612 139
12613 4
12614 159
12615 3
12616 191
12617 152
12618 66
12619 17
12620 189
12621 23
12622 200
12623 95
12624 55
12625 24
12626 33
12627 103
12628 85
12629 23
12630 37
12631 156
12632 165
12633 53
12634 52
12635 131
12636 27
12637 186
12638 152
12639 57
12640 18
12641 93
12642 21
12643 56
12644 138
12645 201
12646 78
12647 32
12648 191
12649 135
12650 7
12651 4
12652 61
12653 1
12654 119
12655 113
12656 174
12657 149
12658 63
12659 159
12660 91
12661 12
12662 28
12663 160
12664 98
12665 120
12666 155
12667 18
12668 160
12669 89
12670 131
12671 68
12672 39
12673 35
12674 26
12675 101
12676 0
12677 181
12678 90
12679 196
12680 148
12681 99
12682 191
12683 54
12684 46
12685 188
12686 158
12687 126
12688 159
12689 147
12690 109
12691 39
12692 57
12693 156
12694 93
12695 86
12696 89
12697 192
12698 192
12699 45
12700 66
12701 73
12702 13
12703 98
12704 26
12705 197
12706 80
12707 136
12708 68
12709 132
12710 182
12711 191
12712 72
12713 111
12714 178
12715 78
12716 9
12717 199
12718 57
12719 137
12720 14
12721 105
12722 60
12723 123
12724 129
12725 77
12726 63
12727 184
12728 40
12729 125
12730 85
12731 98
12732 106
12733 141
12734 82
12735 36
12736 178
12737 32
12738 5
12739 181
12740 148
12741 168
12742 15
12743 175
12744 140
12745 114
12746 173
12747 71
12748 118
12749 45
12750 147
12751 199
12752 139
12753 72
12754 125
12755 179
12756 59
12757 122
12758 191
12759 19
12760 118
12761 134
12762 200
12763 38
12764 53
12765 111
12766 21
12767 36
12768 56
12769 80
12770 105
12771 167
12772 173
12773 134
12774 6
12775 72
12776 27
12777 134
12778 111
12779 14
12780 122
12781 108
12782 77
12783 28
12784 184
12785 82
12786 189
12787 187
12788 173
12789 107
12790 80
12791 33
12792 128
12793 197
12794 134
12795 84
12796 3
12797 88
12798 165
12799 8
12800 4
12801 33
12802 92
12803 166
12804 16
12805 101
12806 1
12807 108
12808 19
12809 155
12810 21
12811 178
12812 141
12813 171
12814 199
12815 6
12816 46
12817 143
12818 96
12819 193
12820 120
12821 129
12822 93
12823 48
12824 108
12825 146
12826 140
12827 93
12828 44
12829 184
12830 169
12831 65
12832 77
12833 39
12834 178
12835 67
12836 92
12837 163
12838 52
12839 139
12840 7
12841 76
12842 133
12843 41
12844 98
12845 120
12846 10
12847 85
12848 46
12849 167
12850 47
12851 194
12852 53
12853 152
12854 174
12855 63
12856 66
12857 163
12858 196
12859 41
12860 3
12861 123
12862 125
12863 53
12864 104
12865 77
12866 1
12867 141
12868 183
12869 86
12870 124
12871 38
12872 57
12873 75
12874 60
12875 25
12876 12
12877 85
12878 43
12879 143
12880 35
12881 102
12882 68
12883 126
12884 69
12885 165
12886 111
12887 14
12888 31
12889 77
12890 104
12891 60
12892 95
12893 187
12894 109
12895 65
12896 162
12897 48
12898 134
12899 61
12900 65
12901 101
12902 167
12903 76
12904 186
12905 9
12906 47
12907 82
12908 0
12909 23
12910 97
12911 155
12912 61
12913 98
12914 127
12915 15
12916 65
12917 133
12918 159
12919 131
12920 144
12921 156
12922 149
12923 124
12924 26
12925 109
12926 201
12927 83
12928 51
12929 37
12930 199
12931 26
12932 190
12933 1
12934 122
12935 178
12936 191
12937 103
12938 10
12939 66
12940 187
12941 22
12942 6
12943 178
12944 39
12945 175
12946 128
12947 72
12948 26
12949 82
12950 22
12951 73
12952 127
12953 22
12954 131
12955 118
12956 112
12957 84
12958 120
12959 135
12960 4
12961 4
12962 0
12963 134
12964 63
12965 131
12966 179
12967 177
12968 147
12969 54
12970 155
12971 119
12972 77
12973 79
12974 184
12975 130
12976 126
12977 40
12978 27
12979 132
12980 108
12981 184
12982 129
12983 84
12984 90
12985 129
12986 161
12987 137
12988 56
12989 131
12990 32
12991 64
12992 7
12993 90
12994 171
12995 69
12996 177
12997 163
12998 151
12999 7
13000 197
13001 56
13002 22
13003 79
13004 180
13005 187
13006 76
13007 113
13008 27
13009 59
13010 29
13011 142
13012 72
13013 136
13014 143
13015 189
13016 113
13017 119
13018 19
13019 111
13020 191
13021 29
13022 47
13023 69
13024 12
13025 95
13026 72
13027 71
13028 173
13029 112
13030 27
13031 98
13032 43
13033 195
13034 121
13035 72
13036 16
13037 74
13038 61
13039 55
13040 42
13041 5
13042 187
13043 16
13044 92
13045 197
13046 72
13047 121
13048 84
13049 79
13050 16
13051 0
13052 83
13053 60
13054 103
13055 97
13056 38
13057 51
13058 24
13059 94
13060 27
13061 120
13062 192
13063 171
13064 187
13065 8
13066 117
13067 81
13068 197
13069 28
13070 1
13071 8
13072 96
13073 91
13074 199
13075 116
13076 140
13077 81
13078 70
13079 130
13080 82
13081 117
13082 106
13083 147
13084 170
13085 20
13086 28
13087 60
13088 20
13089 95
13090 93
13091 180
13092 195
13093 112
13094 32
13095 193
13096 188
13097 93
13098 165
13099 196
13100 167
13101 164
13102 146
13103 86
13104 147
13105 34
13106 121
13107 186
13108 184
13109 76
13110 158
13111 28
13112 105
13113 78
13114 109
13115 181
13116 66
13117 188
13118 37
13119 166
13120 23
13121 93
13122 184
13123 103
13124 169
13125 143
13126 182
13127 180
13128 152
13129 0
13130 107
13131 55
13132 9
13133 182
13134 103
13135 95
13136 172
13137 146
13138 162
13139 160
13140 38
13141 190
13142 147
13143 198
13144 83
13145 161
13146 94
13147 127
13148 189
13149 142
13150 91
13151 165
13152 119
13153 81
13154 118
13155 132
13156 200
13157 64
13158 96
13159 15
13160 140
13161 162
13162 105
13163 149
13164 103
13165 161
13166 190
13167 175
13168 103
13169 120
13170 56
13171 12
13172 48
13173 11
13174 95
13175 129
13176 149
13177 201
13178 133
13179 153
13180 25
13181 162
13182 192
13183 5
13184 158
13185 148
13186 134
13187 76
13188 122
13189 174
13190 201
13191 40
13192 135
13193 123
13194 147
13195 168
13196 48
13197 90
13198 114
13199 83
13200 105
13201 99
13202 51
13203 81
13204 46
13205 196
13206 11
13207 14
13208 70
13209 187
13210 74
13211 179
13212 18
13213 3
13214 59
13215 196
13216 186
13217 21
13218 192
13219 59
13220 4
13221 190
13222 48
13223 182
13224 112
13225 71
13226 155
13227 197
13228 134
13229 120
13230 161
13231 68
13232 61
13233 58
13234 4
13235 17
13236 134
13237 161
13238 114
13239 21
13240 187
13241 188
13242 125
13243 187
13244 92
13245 127
13246 64
13247 107
13248 123
13249 182
13250 16
13251 37
13252 156
13253 5
13254 74
13255 189
13256 79
13257 120
13258 119
13259 162
13260 52
13261 141
13262 102
13263 149
13264 5
13265 197
13266 1
13267 127
13268 146
13269 192
13270 132
13271 150
13272 29
13273 162
13274 76
13275 77
13276 54
13277 140
13278 113
13279 197
13280 57
13281 26
13282 165
13283 161
13284 121
13285 26
13286 18
13287 130
13288 126
13289 174
13290 1
13291 119
13292 184
13293 140
13294 101
13295 195
13296 191
13297 41
13298 135
13299 162
13300 123
13301 28
13302 64
13303 81
13304 65
13305 194
13306 112
13307 170
13308 162
13309 177
13310 201
13311 3
13312 157
13313 90
13314 105
13315 155
13316 20
13317 177
13318 37
13319 127
13320 151
13321 198
13322 117
13323 17
13324 86
13325 81
13326 34
13327 166
13328 72
13329 25
13330 167
13331 137
13332 105
13333 46
13334 196
13335 38
13336 64
13337 118
13338 98
13339 116
13340 14
13341 110
13342 78
13343 86
13344 146
13345 144
13346 78
13347 179
13348 63
13349 2
13350 133
13351 49
13352 161
13353 159
13354 85
13355 166
13356 147
13357 78
13358 82
13359 25
13360 108
13361 104
13362 169
13363 135
13364 90
13365 196
13366 51
13367 96
13368 131
13369 193
13370 131
13371 146
13372 87
13373 135
13374 82
13375 102
13376 176
13377 107
13378 10
13379 27
13380 144
13381 122
13382 104
13383 74
13384 141
13385 192
13386 198
13387 69
13388 43
13389 180
13390 152
13391 101
13392 176
13393 141
13394 34
13395 40
13396 24
13397 58
13398 148
13399 82
13400 101
13401 140
13402 141
13403 7
13404 199
13405 108
13406 79
13407 5
13408 157
13409 128
13410 73
13411 99
13412 113
13413 68
13414 85
13415 198
13416 79
13417 154
13418 18
13419 154
13420 66
13421 114
13422 84
13423 183
13424 34
13425 182
13426 91
13427 45
13428 184
13429 91
13430 25
13431 72
13432 30
13433 25
13434 179
13435 112
13436 65
13437 68
13438 192
13439 118
13440 128
13441 42
13442 7
13443 170
13444 128
13445 140
13446 183
13447 105
13448 176
13449 74
13450 176
13451 57
13452 97
13453 51
13454 146
13455 187
13456 66
13457 61
13458 18
13459 170
13460 197
13461 141
13462 164
13463 65
13464 163
13465 52
13466 192
13467 113
13468 30
13469 150
13470 67
13471 141
13472 167
13473 63
13474 66
13475 53
13476 1
13477 181
13478 111
13479 179
13480 71
13481 152
13482 68
13483 160
13484 91
13485 29
13486 114
13487 39
13488 144
13489 9
13490 37
13491 165
13492 197
13493 83
13494 146
13495 10
13496 113
13497 159
13498 42
13499 107
13500 167
13501 95
13502 98
13503 115
13504 164
13505 104
13506 182
13507 166
13508 53
13509 129
13510 114
13511 119
13512 142
13513 85
13514 26
13515 172
13516 56
13517 61
13518 125
13519 49
13520 11
13521 131
13522 54
13523 186
13524 182
13525 77
13526 113
13527 58
13528 71
13529 22
13530 23
13531 28
13532 118
13533 92
13534 28
13535 124
13536 45
13537 51
13538 110
13539 132
13540 85
13541 10
13542 5
13543 60
13544 128
13545 141
13546 144
13547 26
13548 36
13549 6
13550 15
13551 14
13552 166
13553 149
13554 51
13555 31
13556 169
13557 58
13558 20
13559 25
13560 64
13561 60
13562 126
13563 84
13564 3
13565 102
13566 59
13567 63
13568 77
13569 42
13570 120
13571 156
13572 33
13573 172
13574 95
13575 168
13576 64
13577 14
13578 39
13579 91
13580 128
13581 110
13582 162
13583 11
13584 61
13585 139
13586 172
13587 70
13588 72
13589 120
13590 199
13591 72
13592 69
13593 3
13594 132
13595 107
13596 51
13597 167
13598 114
13599 183
13600 98
13601 31
13602 33
13603 61
13604 41
13605 157
13606 198
13607 46
13608 5
13609 115
13610 163
13611 141
13612 147
13613 60
13614 158
13615 20
13616 36
13617 82
13618 44
13619 28
13620 70
13621 129
13622 80
13623 28
13624 138
13625 165
13626 126
13627 157
13628 124
13629 69
13630 18
13631 112
13632 97
13633 110
13634 86
13635 184
13636 130
13637 177
13638 26
13639 110
13640 165
13641 162
13642 188
13643 89
13644 125
13645 85
13646 69
13647 53
13648 154
13649 21
13650 143
13651 182
13652 63
13653 114
13654 169
13655 189
13656 160
13657 87
13658 43
13659 31
13660 186
13661 1
13662 170
13663 108
13664 119
13665 25
13666 124
13667 132
13668 148
13669 193
13670 8
13671 123
13672 139
13673 143
13674 58
13675 148
13676 116
13677 172
13678 118
13679 27
13680 116
13681 170
13682 120
13683 2
13684 51
13685 105
13686 148
13687 171
13688 174
13689 146
13690 20
13691 160
13692 164
13693 0
13694 162
13695 3
13696 62
13697 75
13698 175
13699 100
13700 95
13701 38
13702 189
13703 163
13704 159
13705 88
13706 96
13707 1
13708 15
13709 30
13710 73
13711 27
13712 78
13713 40
13714 163
13715 142
13716 47
13717 114
13718 80
13719 201
13720 61
13721 43
13722 18
13723 160
13724 74
13725 72
13726 92
13727 75
13728 21
13729 23
13730 53
13731 89
13732 163
13733 163
13734 161
13735 151
13736 115
13737 192
13738 105
13739 157
13740 39
13741 188
13742 66
13743 109
13744 143
13745 128
13746 170
13747 147
13748 111
13749 23
13750 101
13751 15
13752 123
13753 107
13754 119
13755 154
13756 169
13757 13
13758 18
13759 196
13760 95
13761 52
13762 31
13763 62
13764 4
13765 167
13766 132
13767 7
13768 176
13769 120
13770 82
13771 90
13772 133
13773 63
13774 145
13775 62
13776 179
13777 86
13778 113
13779 158
13780 27
13781 176
13782 54
13783 170
13784 119
13785 139
13786 82
13787 110
13788 36
13789 37
13790 139
13791 182
13792 173
13793 190
13794 100
13795 27
13796 76
13797 143
13798 118
13799 114
13800 103
13801 84
13802 159
13803 24
13804 145
13805 48
13806 70
13807 199
13808 177
13809 192
13810 133
13811 50
13812 145
13813 126
13814 75
13815 6
13816 160
13817 114
13818 120
13819 153
13820 131
13821 104
13822 144
13823 88
13824 200
13825 138
13826 1
13827 45
13828 12
13829 121
13830 26
13831 44
13832 38
13833 159
13834 158
13835 66
13836 90
13837 142
13838 36
13839 103
13840 97
13841 155
13842 60
13843 17
13844 38
13845 54
13846 76
13847 120
13848 96
13849 16
13850 75
13851 180
13852 120
13853 13
13854 181
13855 77
13856 200
13857 159
13858 68
13859 57
13860 130
13861 9
13862 155
13863 38
13864 137
13865 91
13866 105
13867 194
13868 48
13869 13
13870 40
13871 172
13872 145
13873 201
13874 65
13875 140
13876 52
13877 19
13878 120
13879 75
13880 84
13881 150
13882 33
13883 34
13884 90
13885 7
13886 46
13887 75
13888 150
13889 70
13890 129
13891 37
13892 18
13893 95
13894 49
13895 179
13896 51
13897 9
13898 55
13899 60
13900 88
13901 0
13902 11
13903 197
13904 108
13905 104
13906 63
13907 96
13908 89
13909 6
13910 31
13911 74
13912 71
13913 81
13914 0
13915 45
13916 8
13917 80
13918 192
13919 156
13920 56
13921 126
13922 41
13923 123
13924 120
13925 15
13926 37
13927 3
13928 18
13929 137
13930 22
13931 37
13932 198
13933 65
13934 130
13935 180
13936 38
13937 31
13938 187
13939 111
13940 73
13941 22
13942 122
13943 189
13944 84
13945 98
13946 52
13947 95
13948 42
13949 38
13950 145
13951 4
13952 39
13953 144
13954 118
13955 173
13956 170
13957 127
13958 148
13959 136
13960 120
13961 46
13962 82
13963 17
13964 144
13965 120
13966 78
13967 5
13968 10
13969 149
13970 197
13971 157
13972 36
13973 96
13974 3
13975 158
13976 183
13977 101
13978 154
13979 100
13980 13
13981 147
13982 28
13983 89
13984 7
13985 64
13986 200
13987 106
13988 67
13989 41
13990 157
13991 44
13992 139
13993 17
13994 102
13995 128
13996 61
13997 26
13998 172
13999 76
14000 5
14001 126
14002 33
14003 183
14004 155
14005 81
14006 41
14007 157
14008 174
14009 182
14010 64
14011 46
14012 121
14013 170
14014 61
14015 98
14016 49
14017 193
14018 195
14019 12
14020 76
14021 52
14022 22
14023 5
14024 151
14025 24
14026 70
14027 199
14028 46
14029 32
14030 131
14031 8
14032 188
14033 156
14034 152
14035 197
14036 68
14037 133
14038 52
14039 151
14040 149
14041 158
14042 182
14043 17
14044 59
14045 62
14046 114
14047 188
14048 43
14049 33
14050 46
14051 130
14052 25
14053 146
14054 76
14055 85
14056 32
14057 31
14058 185
14059 170
14060 177
14061 198
14062 94
14063 84
14064 189
14065 131
14066 90
14067 140
14068 39
14069 97
14070 64
14071 103
14072 139
14073 39
14074 67
14075 32
14076 125
14077 56
14078 95
14079 136
14080 80
14081 78
14082 2
14083 35
14084 24
14085 76
14086 65
14087 199
14088 61
14089 113
14090 98
14091 136
14092 76
14093 79
14094 20
14095 29
14096 143
14097 87
14098 152
14099 84
14100 16
14101 46
14102 62
14103 65
14104 180
14105 125
14106 163
14107 133
14108 144
14109 60
14110 51
14111 156
14112 94
14113 72
14114 66
14115 190
14116 66
14117 57
14118 195
14119 4
14120 0
14121 65
14122 75
14123 148
14124 127
14125 34
14126 50
14127 155
14128 21
14129 198
14130 152
14131 104
14132 120
14133 10
14134 38
14135 75
14136 17
14137 138
14138 200
14139 118
14140 135
14141 107
14142 20
14143 159
14144 194
14145 73
14146 34
14147 64
14148 6
14149 28
14150 194
14151 83
14152 45
14153 123
14154 121
14155 19
14156 83
14157 84
14158 18
14159 19
14160 125
14161 134
14162 137
14163 201
14164 148
14165 188
14166 141
14167 85
14168 58
14169 90
14170 144
14171 121
14172 143
14173 121
14174 154
14175 162
14176 115
14177 32
14178 100
14179 107
14180 197
14181 20
14182 1
14183 110
14184 69
14185 99
14186 44
14187 41
14188 17
14189 122
14190 86
14191 174
14192 140
14193 168
14194 49
14195 153
14196 0
14197 35
14198 199
14199 24
14200 124
14201 2
14202 15
14203 191
14204 58
14205 63
14206 157
14207 139
14208 197
14209 1
14210 112
14211 146
14212 193
14213 90
14214 3
14215 201
14216 181
14217 76
14218 115
14219 77
14220 60
14221 156
14222 65
14223 138
14224 26
14225 177
14226 26
14227 12
14228 153
14229 175
14230 47
14231 114
14232 76
14233 136
14234 114
14235 195
14236 182
14237 31
14238 198
14239 110
14240 198
14241 9
14242 198
14243 77
14244 131
14245 129
14246 80
14247 110
14248 190
14249 99
14250 133
14251 108
14252 164
14253 187
14254 95
14255 104
14256 200
14257 4
14258 95
14259 8
14260 58
14261 131
14262 36
14263 120
14264 167
14265 12
14266 126
14267 154
14268 88
14269 152
14270 107
14271 102
14272 42
14273 109
14274 117
14275 45
14276 122
14277 188
14278 5
14279 60
14280 192
14281 98
14282 195
14283 197
14284 108
14285 0
14286 106
14287 144
14288 52
14289 50
14290 34
14291 99
14292 21
14293 127
14294 160
14295 25
14296 50
14297 40
14298 173
14299 191
14300 145
14301 141
14302 73
14303 87
14304 116
14305 136
14306 83
14307 66
14308 51
14309 42
14310 131
14311 77
14312 148
14313 70
14314 80
14315 189
14316 4
14317 34
14318 105
14319 95
14320 0
14321 90
14322 15
14323 19
14324 137
14325 6
14326 168
14327 172
14328 105
14329 53
14330 180
14331 113
14332 200
14333 173
14334 91
14335 122
14336 36
14337 92
14338 146
14339 201
14340 68
14341 55
14342 114
14343 61
14344 42
14345 158
14346 134
14347 164
14348 36
14349 151
14350 41
14351 186
14352 126
14353 153
14354 54
14355 190
14356 165
14357 18
14358 99
14359 186
14360 79
14361 108
14362 23
14363 55
14364 10
14365 140
14366 70
14367 42
14368 189
14369 173
14370 102
14371 64
14372 181
14373 153
14374 17
14375 167
14376 158
14377 187
14378 59
14379 4
14380 186
14381 56
14382 147
14383 114
14384 158
14385 153
14386 50
14387 122
14388 118
14389 171
14390 86
14391 164
14392 145
14393 29
14394 30
14395 143
14396 30
14397 69
14398 46
14399 165
14400 166
14401 110
14402 157
14403 3
14404 102
14405 128
14406 122
14407 52
14408 39
14409 193
14410 61
14411 41
14412 122
14413 33
14414 130
14415 57
14416 74
14417 154
14418 37
14419 63
14420 67
14421 52
14422 45
14423 51
14424 39
14425 13
14426 147
14427 153
14428 129
14429 115
14430 66
14431 76
14432 144
14433 174
14434 24
14435 142
14436 175
14437 147
14438 193
14439 92
14440 54
14441 75
14442 32
14443 156
14444 5
14445 61
14446 145
14447 81
14448 107
14449 149
14450 129
14451 178
14452 61
14453 179
14454 89
14455 21
14456 140
14457 10
14458 187
14459 114
14460 121
14461 175
14462 172
14463 42
14464 148
14465 157
14466 201
14467 135
14468 36
14469 188
14470 101
14471 201
14472 157
14473 159
14474 81
14475 179
14476 39
14477 90
14478 198
14479 154
14480 8
14481 168
14482 87
14483 9
14484 56
14485 193
14486 30
14487 168
14488 70
14489 45
14490 48
14491 131
14492 87
14493 11
14494 61
14495 160
14496 64
14497 97
14498 98
14499 126
14500 102
14501 14
14502 79
14503 184
14504 201
14505 95
14506 192
14507 27
14508 91
14509 137
14510 173
14511 104
14512 31
14513 113
14514 195
14515 10
14516 26
14517 94
14518 75
14519 78
14520 135
14521 89
14522 49
14523 138
14524 122
14525 67
14526 125
14527 34
14528 44
14529 97
14530 160
14531 79
14532 189
14533 44
14534 19
14535 87
14536 41
14537 35
14538 101
14539 87
14540 61
14541 55
14542 141
14543 79
14544 84
14545 63
14546 159
14547 65
14548 122
14549 22
14550 106
14551 28
14552 136
14553 91
14554 199
14555 72
14556 157
14557 109
14558 182
14559 30
14560 196
14561 5
14562 63
14563 145
14564 158
14565 172
14566 25
14567 188
14568 172
14569 181
14570 133
14571 115
14572 9
14573 179
14574 49
14575 164
14576 26
14577 182
14578 109
14579 25
14580 178
14581 113
14582 61
14583 28
14584 120
14585 159
14586 59
14587 20
14588 61
14589 42
14590 152
14591 11
14592 140
14593 103
14594 15
14595 47
14596 52
14597 12
14598 159
14599 16
14600 2
14601 82
14602 164
14603 138
14604 152
14605 83
14606 162
14607 160
14608 148
14609 160
14610 53
14611 82
14612 169
14613 46
14614 196
14615 99
14616 155
14617 140
14618 9
14619 8
14620 110
14621 171
14622 36
14623 48
14624 149
14625 169
14626 1
14627 25
14628 122
14629 189
14630 145
14631 103
14632 201
14633 4
14634 57
14635 200
14636 96
14637 188
14638 192
14639 6
14640 37
14641 97
14642 176
14643 159
14644 100
14645 61
14646 23
14647 37
14648 24
14649 37
14650 74
14651 184
14652 21
14653 164
14654 170
14655 87
14656 18
14657 59
14658 139
14659 16
14660 10
14661 109
14662 73
14663 142
14664 105
14665 39
14666 79
14667 134
14668 20
14669 102
14670 146
14671 41
14672 114
14673 145
14674 68
14675 27
14676 61
14677 111
14678 30
14679 146
14680 201
14681 72
14682 27
14683 91
14684 48
14685 110
14686 130
14687 96
14688 15
14689 59
14690 76
14691 196
14692 110
14693 134
14694 73
14695 73
14696 30
14697 88
14698 112
14699 30
14700 93
14701 144
14702 56
14703 145
14704 161
14705 73
14706 143
14707 40
14708 137
14709 27
14710 48
14711 161
14712 179
14713 28
14714 82
14715 128
14716 17
14717 118
14718 113
14719 21
14720 82
14721 11
14722 137
14723 177
14724 129
14725 83
14726 23
14727 136
14728 114
14729 2
14730 96
14731 24
14732 61
14733 161
14734 128
14735 93
14736 10
14737 62
14738 142
14739 22
14740 90
14741 42
14742 120
14743 156
14744 177
14745 62
14746 21
14747 111
14748 73
14749 106
14750 189
14751 121
14752 74
14753 130
14754 4
14755 122
14756 84
14757 73
14758 149
14759 184
14760 101
14761 140
14762 101
14763 94
14764 18
14765 117
14766 37
14767 56
14768 150
14769 17
14770 75
14771 87
14772 36
14773 69
14774 80
14775 57
14776 152
14777 123
14778 6
14779 73
14780 131
14781 10
14782 177
14783 189
14784 41
14785 190
14786 61
14787 175
14788 114
14789 161
14790 17
14791 142
14792 169
14793 71
14794 15
14795 115
14796 19
14797 41
14798 169
14799 174
14800 158
14801 86
14802 6
14803 190
14804 42
14805 106
14806 184
14807 198
14808 171
14809 190
14810 117
14811 103
14812 18
14813 9
14814 77
14815 121
14816 59
14817 66
14818 104
14819 152
14820 170
14821 150
14822 7
14823 159
14824 49
14825 85
14826 121
14827 89
14828 176
14829 76
14830 150
14831 132
14832 108
14833 33
14834 125
14835 34
14836 154
14837 67
14838 196
14839 17
14840 183
14841 196
14842 127
14843 182
14844 124
14845 73
14846 151
14847 105
14848 148
14849 100
14850 172
14851 174
14852 89
14853 197
14854 55
14855 170
14856 179
14857 55
14858 123
14859 166
14860 17
14861 58
14862 139
14863 177
14864 73
14865 133
14866 142
14867 182
14868 134
14869 25
14870 141
14871 200
14872 124
14873 28
14874 69
14875 59
14876 65
14877 150
14878 113
14879 54
14880 190
14881 95
14882 96
14883 109
14884 9
14885 64
14886 16
14887 17
14888 108
14889 130
14890 23
14891 189
14892 166
14893 25
14894 168
14895 182
14896 159
14897 172
14898 63
14899 188
14900 17
14901 193
14902 129
14903 167
14904 199
14905 101
14906 187
14907 1
14908 163
14909 19
14910 28
14911 71
14912 107
14913 171
14914 44
14915 81
14916 44
14917 78
14918 5
14919 94
14920 152
14921 147
14922 47
14923 24
14924 46
14925 87
14926 64
14927 159
14928 56
14929 159
14930 109
14931 201
14932 0
14933 100
14934 187
14935 54
14936 200
14937 180
14938 124
14939 71
14940 46
14941 131
14942 35
14943 108
14944 176
14945 70
14946 102
14947 45
14948 54
14949 190
14950 48
14951 28
14952 48
14953 26
14954 145
14955 78
14956 193
14957 151
14958 112
14959 138
14960 176
14961 196
14962 126
14963 183
14964 48
14965 116
14966 144
14967 189
14968 145
14969 140
14970 176
14971 28
14972 35
14973 180
14974 162
14975 163
14976 178
14977 196
14978 133
14979 19
14980 140
14981 143
14982 159
14983 182
14984 158
14985 181
14986 190
14987 175
14988 137
14989 138
14990 144
14991 153
14992 54
14993 112
14994 45
14995 87
14996 19
14997 99
14998 162
14999 44
