0 35
1 181
2 180
3 19
4 173
5 59
6 14
7 22
8 166
9 24
10 121
11 106
12 133
13 21
14 148
15 40
16 41
17 86
18 55
19 0
20 177
21 191
22 185
23 88
24 116
25 183
26 186
27 11
28 90
29 102
30 175
31 39
32 107
33 110
34 11
35 77
36 38
37 23
38 156
39 30
40 87
41 35
42 66
43 136
44 108
45 18
46 48
47 185
48 33
49 48
50 156
51 39
52 54
53 41
54 143
55 60
56 10
57 71
58 97
59 159
60 47
61 176
62 95
63 177
64 170
65 151
66 65
67 102
68 6
69 65
70 139
71 90
72 1
73 195
74 160
75 129
76 68
77 89
78 27
79 157
80 107
81 11
82 44
83 82
84 111
85 115
86 164
87 51
88 81
89 165
90 45
91 95
92 24
93 156
94 138
95 136
96 77
97 161
98 6
99 193
100 31
101 72
102 52
103 4
104 161
105 139
106 14
107 146
108 130
109 175
110 165
111 23
112 106
113 112
114 91
115 150
116 34
117 156
118 85
119 115
120 101
121 187
122 36
123 128
124 144
125 22
126 145
127 106
128 125
129 171
130 149
131 124
132 198
133 104
134 69
135 141
136 33
137 23
138 28
139 63
140 116
141 175
142 89
143 123
144 59
145 139
146 165
147 17
148 118
149 45
150 61
151 62
152 93
153 66
154 124
155 172
156 75
157 80
158 51
159 98
160 118
161 55
162 198
163 47
164 22
165 153
166 26
167 10
168 82
169 165
170 197
171 186
172 81
173 108
174 154
175 171
176 119
177 72
178 82
179 195
180 178
181 177
182 66
183 181
184 3
185 165
186 131
187 69
188 77
189 4
190 53
191 53
192 38
193 99
194 190
195 25
196 99
197 25
198 148
199 30
200 167
201 64
202 108
203 23
204 85
205 47
206 23
207 48
208 106
209 88
210 183
211 118
212 44
213 38
214 48
215 132
216 132
217 1
218 131
219 5
220 190
221 103
222 66
223 107
224 20
225 162
226 119
227 49
228 90
229 130
230 139
231 15
232 25
233 88
234 32
235 150
236 119
237 130
238 79
239 155
240 48
241 80
242 55
243 17
244 117
245 192
246 139
247 43
248 23
249 40
250 67
251 200
252 113
253 15
254 175
255 127
256 169
257 48
258 116
259 80
260 142
261 136
262 0
263 162
264 145
265 127
266 16
267 192
268 40
269 69
270 115
271 58
272 60
273 199
274 119
275 101
276 47
277 198
278 13
279 177
280 114
281 96
282 150
283 55
284 40
285 118
286 110
287 195
288 109
289 24
290 86
291 128
292 61
293 104
294 81
295 52
296 56
297 101
298 127
299 29
300 65
301 74
302 105
303 9
304 18
305 86
306 1
307 60
308 120
309 198
310 84
311 167
312 72
313 167
314 18
315 13
316 157
317 84
318 45
319 58
320 165
321 104
322 67
323 65
324 49
325 168
326 19
327 185
328 84
329 20
330 133
331 142
332 178
333 140
334 161
335 94
336 169
337 32
338 162
339 10
340 193
341 93
342 52
343 126
344 71
345 46
346 98
347 170
348 159
349 199
350 193
351 64
352 54
353 32
354 5
355 77
356 172
357 49
358 9
359 31
360 159
361 45
362 169
363 142
364 41
365 71
366 90
367 20
368 57
369 67
370 0
371 78
372 133
373 124
374 59
375 148
376 5
377 128
378 109
379 19
380 134
381 34
382 124
383 28
384 38
385 133
386 38
387 13
388 90
389 26
390 144
391 148
392 25
393 42
394 9
395 1
396 25
397 120
398 121
399 133
400 84
401 191
402 189
403 161
404 22
405 180
406 3
407 190
408 152
409 163
410 95
411 171
412 44
413 119
414 125
415 118
416 74
417 111
418 175
419 52
420 86
421 188
422 175
423 43
424 138
425 63
426 43
427 84
428 168
429 126
430 141
431 155
432 198
433 54
434 42
435 2
436 142
437 195
438 18
439 185
440 65
441 133
442 49
443 108
444 186
445 83
446 173
447 164
448 180
449 82
450 189
451 16
452 129
453 132
454 67
455 60
456 98
457 6
458 66
459 143
460 162
461 116
462 98
463 145
464 77
465 7
466 80
467 81
468 110
469 83
470 21
471 193
472 130
473 100
474 63
475 111
476 97
477 41
478 197
479 148
480 151
481 158
482 165
483 1
484 131
485 62
486 78
487 139
488 34
489 90
490 163
491 174
492 31
493 96
494 28
495 74
496 50
497 173
498 30
499 134
500 35
501 1
502 61
503 105
504 117
505 26
506 128
507 102
508 181
509 98
510 101
511 43
512 109
513 157
514 46
515 19
516 146
517 133
518 27
519 84
520 80
521 194
522 17
523 138
524 63
525 28
526 134
527 29
528 78
529 81
530 104
531 31
532 16
533 3
534 132
535 145
536 158
537 93
538 81
539 199
540 197
541 37
542 174
543 15
544 16
545 105
546 43
547 185
548 93
549 102
550 116
551 92
552 60
553 0
554 90
555 82
556 38
557 91
558 93
559 173
560 97
561 170
562 142
563 42
564 38
565 173
566 141
567 49
568 21
569 182
570 199
571 79
572 199
573 79
574 179
575 19
576 95
577 89
578 54
579 63
580 72
581 180
582 11
583 71
584 73
585 140
586 129
587 68
588 185
589 148
590 73
591 134
592 101
593 133
594 177
595 43
596 52
597 124
598 83
599 156
600 190
601 2
602 84
603 133
604 101
605 165
606 107
607 3
608 101
609 24
610 22
611 170
612 26
613 161
614 4
615 91
616 127
617 46
618 121
619 84
620 63
621 140
622 41
623 42
624 96
625 137
626 91
627 89
628 10
629 118
630 12
631 98
632 76
633 92
634 93
635 70
636 173
637 8
638 82
639 49
640 23
641 155
642 75
643 134
644 118
645 48
646 38
647 7
648 149
649 90
650 98
651 79
652 142
653 38
654 154
655 56
656 33
657 9
658 2
659 29
660 19
661 50
662 93
663 22
664 114
665 154
666 62
667 49
668 57
669 50
670 106
671 94
672 188
673 106
674 195
675 103
676 107
677 164
678 138
679 75
680 112
681 160
682 17
683 157
684 188
685 148
686 130
687 7
688 133
689 154
690 15
691 168
692 197
693 138
694 82
695 124
696 103
697 85
698 186
699 46
700 64
701 55
702 156
703 172
704 3
705 15
706 8
707 75
708 66
709 188
710 0
711 156
712 173
713 137
714 139
715 169
716 107
717 127
718 62
719 6
720 59
721 118
722 199
723 157
724 21
725 143
726 36
727 66
728 105
729 174
730 56
731 23
732 135
733 113
734 184
735 192
736 98
737 148
738 29
739 138
740 51
741 68
742 83
743 154
744 109
745 78
746 122
747 148
748 119
749 178
750 25
751 87
752 61
753 132
754 137
755 201
756 20
757 186
758 6
759 175
760 60
761 175
762 102
763 22
764 77
765 36
766 179
767 143
768 179
769 123
770 186
771 124
772 39
773 164
774 191
775 50
776 54
777 194
778 27
779 198
780 71
781 78
782 195
783 115
784 44
785 0
786 198
787 72
788 34
789 90
790 199
791 1
792 152
793 14
794 165
795 75
796 11
797 43
798 169
799 135
800 135
801 59
802 132
803 38
804 160
805 189
806 176
807 69
808 32
809 187
810 75
811 125
812 31
813 53
814 152
815 35
816 38
817 64
818 73
819 80
820 129
821 117
822 129
823 136
824 7
825 136
826 49
827 144
828 172
829 195
830 179
831 99
832 166
833 158
834 174
835 148
836 159
837 143
838 66
839 55
840 52
841 61
842 162
843 38
844 167
845 60
846 112
847 57
848 182
849 5
850 56
851 15
852 196
853 70
854 117
855 84
856 9
857 105
858 177
859 121
860 19
861 178
862 112
863 4
864 144
865 2
866 70
867 174
868 145
869 183
870 49
871 174
872 57
873 114
874 147
875 59
876 53
877 145
878 73
879 98
880 93
881 23
882 125
883 173
884 74
885 95
886 103
887 76
888 177
889 123
890 43
891 52
892 197
893 76
894 12
895 20
896 189
897 2
898 43
899 4
900 33
901 79
902 139
903 92
904 123
905 51
906 60
907 45
908 166
909 92
910 163
911 78
912 76
913 11
914 177
915 109
916 35
917 8
918 185
919 140
920 27
921 121
922 160
923 37
924 68
925 164
926 111
927 143
928 130
929 194
930 43
931 101
932 73
933 182
934 191
935 30
936 2
937 24
938 120
939 47
940 99
941 90
942 138
943 37
944 146
945 87
946 92
947 14
948 12
949 50
950 21
951 189
952 141
953 173
954 176
955 102
956 63
957 12
958 67
959 159
960 51
961 189
962 135
963 125
964 125
965 24
966 112
967 120
968 167
969 3
970 31
971 134
972 9
973 170
974 163
975 200
976 49
977 15
978 187
979 64
980 73
981 11
982 23
983 85
984 135
985 200
986 19
987 118
988 130
989 148
990 19
991 171
992 180
993 6
994 175
995 101
996 165
997 59
998 70
999 175
1000 126
1001 42
1002 7
1003 191
1004 122
1005 48
1006 132
1007 188
1008 152
1009 160
1010 11
1011 13
1012 62
1013 80
1014 46
1015 27
1016 162
1017 63
1018 73
1019 103
1020 12
1021 195
1022 29
1023 81
1024 108
1025 103
1026 172
1027 2
1028 181
1029 33
1030 146
1031 182
1032 145
1033 20
1034 39
1035 21
1036 112
1037 200
1038 185
1039 152
1040 95
1041 56
1042 120
1043 63
1044 94
1045 163
1046 54
1047 7
1048 122
1049 120
1050 123
1051 95
1052 56
1053 130
1054 144
1055 84
1056 63
1057 156
1058 70
1059 109
1060 196
1061 135
1062 159
1063 117
1064 38
1065 43
1066 52
1067 66
1068 70
1069 59
1070 167
1071 138
1072 131
1073 150
1074 78
1075 141
1076 143
1077 94
1078 83
1079 108
1080 1
1081 172
1082 17
1083 87
1084 34
1085 26
1086 21
1087 1
1088 141
1089 167
1090 194
1091 147
1092 118
1093 75
1094 123
1095 154
1096 19
1097 34
1098 49
1099 57
1100 21
1101 79
1102 131
1103 139
1104 156
1105 90
1106 38
1107 91
1108 49
1109 25
1110 46
1111 199
1112 175
1113 102
1114 45
1115 101
1116 7
1117 181
1118 133
1119 188
1120 16
1121 160
1122 44
1123 150
1124 2
1125 195
1126 136
1127 54
1128 71
1129 180
1130 113
1131 35
1132 9
1133 107
1134 176
1135 175
1136 132
1137 46
1138 85
1139 38
1140 101
1141 171
1142 60
1143 24
1144 32
1145 93
1146 68
1147 85
1148 104
1149 69
1150 183
1151 146
1152 102
1153 53
1154 171
1155 127
1156 54
1157 38
1158 149
1159 49
1160 180
1161 22
1162 179
1163 119
1164 165
1165 1
1166 183
1167 198
1168 52
1169 60
1170 89
1171 151
1172 193
1173 156
1174 113
1175 43
1176 114
1177 100
1178 84
1179 162
1180 143
1181 33
1182 184
1183 136
1184 17
1185 136
1186 35
1187 91
1188 184
1189 21
1190 167
1191 106
1192 128
1193 87
1194 33
1195 175
1196 156
1197 107
1198 152
1199 137
1200 71
1201 2
1202 193
1203 86
1204 124
1205 145
1206 92
1207 69
1208 114
1209 49
1210 157
1211 33
1212 165
1213 88
1214 78
1215 162
1216 98
1217 104
1218 165
1219 68
1220 174
1221 69
1222 135
1223 12
1224 37
1225 148
1226 191
1227 77
1228 132
1229 10
1230 68
1231 71
1232 153
1233 130
1234 139
1235 129
1236 13
1237 185
1238 69
1239 171
1240 14
1241 83
1242 103
1243 82
1244 4
1245 33
1246 156
1247 78
1248 121
1249 8
1250 108
1251 22
1252 191
1253 13
1254 96
1255 140
1256 100
1257 144
1258 188
1259 9
1260 162
1261 68
1262 1
1263 157
1264 61
1265 68
1266 189
1267 104
1268 34
1269 47
1270 142
1271 154
1272 37
1273 153
1274 116
1275 118
1276 124
1277 58
1278 160
1279 4
1280 93
1281 171
1282 154
1283 2
1284 44
1285 5
1286 19
1287 92
1288 32
1289 93
1290 51
1291 33
1292 80
1293 48
1294 138
1295 92
1296 126
1297 121
1298 166
1299 149
1300 169
1301 134
1302 107
1303 15
1304 113
1305 197
1306 39
1307 106
1308 99
1309 147
1310 154
1311 39
1312 143
1313 137
1314 172
1315 62
1316 106
1317 64
1318 65
1319 9
1320 190
1321 198
1322 173
1323 140
1324 130
1325 28
1326 32
1327 61
1328 74
1329 91
1330 70
1331 185
1332 1
1333 44
1334 112
1335 49
1336 165
1337 163
1338 96
1339 114
1340 52
1341 178
1342 11
1343 129
1344 171
1345 198
1346 75
1347 65
1348 194
1349 149
1350 4
1351 190
1352 149
1353 160
1354 13
1355 29
1356 27
1357 169
1358 165
1359 179
1360 188
1361 181
1362 69
1363 200
1364 9
1365 127
1366 55
1367 55
1368 86
1369 104
1370 83
1371 19
1372 125
1373 46
1374 193
1375 115
1376 108
1377 2
1378 165
1379 193
1380 11
1381 85
1382 78
1383 91
1384 157
1385 201
1386 97
1387 120
1388 137
1389 146
1390 188
1391 54
1392 13
1393 117
1394 17
1395 81
1396 89
1397 35
1398 196
1399 29
1400 166
1401 80
1402 180
1403 146
1404 155
1405 171
1406 112
1407 54
1408 101
1409 12
1410 0
1411 130
1412 13
1413 66
1414 147
1415 136
1416 1
1417 191
1418 193
1419 30
1420 81
1421 18
1422 150
1423 81
1424 41
1425 8
1426 116
1427 8
1428 164
1429 198
1430 34
1431 148
1432 106
1433 61
1434 140
1435 148
1436 169
1437 137
1438 12
1439 101
1440 69
1441 10
1442 31
1443 82
1444 158
1445 169
1446 182
1447 9
1448 60
1449 99
1450 108
1451 129
1452 153
1453 187
1454 180
1455 38
1456 147
1457 137
1458 194
1459 60
1460 60
1461 19
1462 197
1463 150
1464 57
1465 8
1466 87
1467 41
1468 154
1469 96
1470 27
1471 11
1472 32
1473 91
1474 63
1475 170
1476 192
1477 104
1478 111
1479 11
1480 201
1481 134
1482 2
1483 77
1484 190
1485 60
1486 5
1487 19
1488 109
1489 117
1490 163
1491 11
1492 44
1493 83
1494 138
1495 98
1496 148
1497 42
1498 10
1499 166
1500 189
1501 34
1502 52
1503 180
1504 181
1505 12
1506 14
1507 170
1508 76
1509 185
1510 56
1511 110
1512 64
1513 170
1514 130
1515 48
1516 132
1517 96
1518 133
1519 14
1520 199
1521 170
1522 155
1523 11
1524 6
1525 86
1526 94
1527 126
1528 5
1529 185
1530 199
1531 9
1532 18
1533 77
1534 93
1535 167
1536 87
1537 13
1538 108
1539 0
1540 129
1541 9
1542 63
1543 171
1544 90
1545 75
1546 120
1547 174
1548 93
1549 108
1550 185
1551 185
1552 168
1553 39
1554 101
1555 87
1556 199
1557 72
1558 109
1559 154
1560 187
1561 6
1562 146
1563 175
1564 197
1565 152
1566 41
1567 63
1568 177
1569 35
1570 159
1571 18
1572 60
1573 45
1574 200
1575 141
1576 3
1577 25
1578 5
1579 191
1580 47
1581 21
1582 12
1583 90
1584 46
1585 32
1586 21
1587 111
1588 157
1589 158
1590 195
1591 182
1592 72
1593 39
1594 112
1595 26
1596 28
1597 70
1598 111
1599 36
1600 15
1601 41
1602 47
1603 66
1604 37
1605 101
1606 160
1607 123
1608 184
1609 182
1610 146
1611 109
1612 178
1613 39
1614 31
1615 158
1616 108
1617 102
1618 123
1619 130
1620 172
1621 169
1622 182
1623 93
1624 0
1625 140
1626 93
1627 22
1628 40
1629 59
1630 13
1631 69
1632 144
1633 5
1634 131
1635 147
1636 80
1637 99
1638 121
1639 192
1640 18
1641 115
1642 83
1643 76
1644 133
1645 135
1646 64
1647 81
1648 135
1649 170
1650 201
1651 43
1652 4
1653 40
1654 81
1655 150
1656 164
1657 121
1658 42
1659 88
1660 126
1661 2
1662 132
1663 168
1664 78
1665 31
1666 12
1667 120
1668 185
1669 53
1670 83
1671 114
1672 78
1673 39
1674 124
1675 89
1676 111
1677 144
1678 25
1679 179
1680 98
1681 40
1682 43
1683 151
1684 71
1685 27
1686 18
1687 133
1688 6
1689 43
1690 164
1691 158
1692 192
1693 17
1694 177
1695 14
1696 156
1697 126
1698 108
1699 110
1700 4
1701 5
1702 59
1703 156
1704 87
1705 175
1706 76
1707 14
1708 78
1709 142
1710 125
1711 137
1712 61
1713 177
1714 30
1715 152
1716 2
1717 188
1718 154
1719 86
1720 74
1721 62
1722 104
1723 108
1724 190
1725 18
1726 81
1727 168
1728 121
1729 172
1730 29
1731 53
1732 41
1733 167
1734 95
1735 77
1736 85
1737 126
1738 85
1739 103
1740 129
1741 191
1742 48
1743 119
1744 84
1745 197
1746 87
1747 152
1748 181
1749 144
1750 198
1751 93
1752 155
1753 195
1754 80
1755 153
1756 26
1757 140
1758 155
1759 10
1760 19
1761 85
1762 195
1763 84
1764 137
1765 187
1766 120
1767 194
1768 155
1769 19
1770 117
1771 67
1772 189
1773 137
1774 68
1775 104
1776 11
1777 116
1778 106
1779 74
1780 91
1781 132
1782 1
1783 201
1784 99
1785 90
1786 198
1787 59
1788 134
1789 130
1790 65
1791 13
1792 84
1793 166
1794 8
1795 152
1796 22
1797 68
1798 146
1799 37
1800 2
1801 100
1802 37
1803 4
1804 57
1805 129
1806 61
1807 117
1808 117
1809 170
1810 46
1811 123
1812 190
1813 45
1814 153
1815 181
1816 31
1817 86
1818 45
1819 92
1820 17
1821 94
1822 107
1823 11
1824 23
1825 117
1826 77
1827 59
1828 64
1829 77
1830 16
1831 62
1832 91
1833 79
1834 39
1835 91
1836 79
1837 29
1838 147
1839 132
1840 121
1841 64
1842 78
1843 170
1844 135
1845 156
1846 103
1847 16
1848 118
1849 40
1850 184
1851 74
1852 71
1853 157
1854 29
1855 69
1856 12
1857 51
1858 75
1859 195
1860 70
1861 161
1862 196
1863 170
1864 28
1865 71
1866 172
1867 17
1868 68
1869 103
1870 144
1871 93
1872 161
1873 109
1874 191
1875 139
1876 135
1877 7
1878 196
1879 70
1880 147
1881 133
1882 102
1883 1
1884 25
1885 143
1886 171
1887 59
1888 41
1889 112
1890 184
1891 156
1892 82
1893 78
1894 77
1895 171
1896 52
1897 63
1898 58
1899 177
1900 144
1901 11
1902 123
1903 122
1904 113
1905 56
1906 40
1907 2
1908 57
1909 126
1910 46
1911 182
1912 181
1913 76
1914 77
1915 185
1916 1
1917 36
1918 52
1919 193
1920 141
1921 117
1922 184
1923 193
1924 145
1925 171
1926 74
1927 190
1928 111
1929 85
1930 157
1931 91
1932 135
1933 25
1934 128
1935 46
1936 45
1937 3
1938 161
1939 105
1940 71
1941 201
1942 41
1943 179
1944 185
1945 50
1946 13
1947 91
1948 141
1949 83
1950 48
1951 80
1952 0
1953 186
1954 69
1955 130
1956 180
1957 85
1958 61
1959 138
1960 185
1961 137
1962 37
1963 154
1964 74
1965 135
1966 85
1967 52
1968 7
1969 83
1970 94
1971 101
1972 149
1973 141
1974 148
1975 137
1976 127
1977 29
1978 144
1979 42
1980 96
1981 100
1982 36
1983 146
1984 159
1985 160
1986 154
1987 22
1988 47
1989 201
1990 133
1991 92
1992 75
1993 20
1994 29
1995 175
1996 131
1997 44
1998 157
1999 13
2000 16
2001 71
2002 53
2003 104
2004 168
2005 15
2006 164
2007 150
2008 22
2009 125
2010 31
2011 4
2012 5
2013 84
2014 118
2015 78
2016 130
2017 190
2018 169
2019 194
2020 5
2021 50
2022 131
2023 153
2024 167
2025 145
2026 96
2027 183
2028 30
2029 22
2030 17
2031 47
2032 15
2033 158
2034 62
2035 195
2036 183
2037 140
2038 199
2039 157
2040 27
2041 124
2042 172
2043 6
2044 173
2045 128
2046 77
2047 184
2048 109
2049 58
2050 158
2051 75
2052 137
2053 80
2054 169
2055 38
2056 110
2057 36
2058 105
2059 107
2060 64
2061 35
2062 137
2063 127
2064 51
2065 2
2066 21
2067 130
2068 76
2069 14
2070 34
2071 15
2072 53
2073 198
2074 184
2075 70
2076 20
2077 87
2078 122
2079 89
2080 94
2081 86
2082 192
2083 54
2084 139
2085 156
2086 80
2087 125
2088 50
2089 103
2090 50
2091 120
2092 146
2093 0
2094 179
2095 56
2096 199
2097 64
2098 25
2099 169
2100 36
2101 69
2102 57
2103 43
2104 40
2105 97
2106 63
2107 101
2108 80
2109 11
2110 188
2111 26
2112 155
2113 79
2114 152
2115 107
2116 76
2117 78
2118 71
2119 185
2120 62
2121 128
2122 144
2123 36
2124 4
2125 113
2126 53
2127 195
2128 119
2129 142
2130 179
2131 164
2132 156
2133 104
2134 127
2135 65
2136 144
2137 125
2138 157
2139 12
2140 161
2141 193
2142 184
2143 155
2144 45
2145 44
2146 185
2147 19
2148 144
2149 134
2150 111
2151 65
2152 11
2153 16
2154 71
2155 60
2156 130
2157 83
2158 18
2159 25
2160 166
2161 135
2162 100
2163 168
2164 147
2165 127
2166 132
2167 5
2168 41
2169 102
2170 195
2171 190
2172 71
2173 155
2174 72
2175 96
2176 180
2177 49
2178 13
2179 15
2180 136
2181 20
2182 73
2183 15
2184 108
2185 170
2186 79
2187 41
2188 190
2189 79
2190 192
2191 157
2192 6
2193 47
2194 58
2195 114
2196 191
2197 185
2198 45
2199 189
2200 187
2201 177
2202 92
2203 188
2204 141
2205 20
2206 94
2207 142
2208 184
2209 3
2210 95
2211 132
2212 192
2213 91
2214 121
2215 187
2216 99
2217 98
2218 133
2219 140
2220 36
2221 68
2222 79
2223 68
2224 165
2225 90
2226 57
2227 51
2228 170
2229 70
2230 86
2231 135
2232 122
2233 103
2234 186
2235 189
2236 120
2237 72
2238 187
2239 145
2240 117
2241 8
2242 6
2243 168
2244 24
2245 137
2246 28
2247 41
2248 35
2249 7
2250 40
2251 149
2252 3
2253 109
2254 1
2255 172
2256 119
2257 111
2258 56
2259 74
2260 85
2261 107
2262 25
2263 103
2264 157
2265 167
2266 108
2267 124
2268 81
2269 164
2270 15
2271 36
2272 78
2273 19
2274 121
2275 69
2276 22
2277 140
2278 195
2279 192
2280 113
2281 197
2282 78
2283 172
2284 7
2285 30
2286 95
2287 37
2288 186
2289 54
2290 22
2291 133
2292 87
2293 45
2294 24
2295 118
2296 48
2297 173
2298 42
2299 84
2300 149
2301 173
2302 194
2303 18
2304 136
2305 79
2306 71
2307 167
2308 77
2309 144
2310 150
2311 101
2312 46
2313 121
2314 59
2315 149
2316 62
2317 99
2318 44
2319 170
2320 81
2321 94
2322 197
2323 71
2324 108
2325 84
2326 155
2327 16
2328 66
2329 186
2330 46
2331 160
2332 40
2333 47
2334 86
2335 189
2336 48
2337 135
2338 126
2339 42
2340 86
2341 7
2342 10
2343 174
2344 92
2345 89
2346 176
2347 193
2348 158
2349 60
2350 150
2351 147
2352 153
2353 32
2354 180
2355 82
2356 107
2357 81
2358 11
2359 18
2360 194
2361 100
2362 73
2363 138
2364 184
2365 22
2366 156
2367 184
2368 25
2369 64
2370 6
2371 58
2372 3
2373 164
2374 150
2375 117
2376 8
2377 85
2378 75
2379 16
2380 104
2381 21
2382 44
2383 81
2384 83
2385 2
2386 187
2387 36
2388 157
2389 165
2390 77
2391 87
2392 138
2393 155
2394 31
2395 79
2396 57
2397 86
2398 39
2399 179
2400 191
2401 86
2402 102
2403 122
2404 5
2405 197
2406 1
2407 135
2408 20
2409 111
2410 192
2411 143
2412 110
2413 97
2414 139
2415 46
2416 65
2417 161
2418 149
2419 127
2420 30
2421 192
2422 19
2423 188
2424 32
2425 102
2426 8
2427 18
2428 190
2429 7
2430 172
2431 171
2432 150
2433 192
2434 141
2435 191
2436 132
2437 110
2438 22
2439 56
2440 35
2441 118
2442 82
2443 160
2444 55
2445 95
2446 157
2447 19
2448 172
2449 115
2450 176
2451 185
2452 28
2453 67
2454 19
2455 24
2456 29
2457 86
2458 199
2459 113
2460 21
2461 140
2462 82
2463 82
2464 97
2465 187
2466 5
2467 161
2468 98
2469 188
2470 112
2471 15
2472 168
2473 139
2474 73
2475 132
2476 123
2477 178
2478 142
2479 167
2480 165
2481 13
2482 182
2483 148
2484 132
2485 150
2486 110
2487 195
2488 116
2489 194
2490 186
2491 130
2492 70
2493 84
2494 84
2495 12
2496 164
2497 55
2498 148
2499 179
2500 17
2501 165
2502 91
2503 52
2504 31
2505 10
2506 105
2507 166
2508 0
2509 34
2510 173
2511 123
2512 149
2513 87
2514 42
2515 26
2516 37
2517 135
2518 187
2519 110
2520 75
2521 134
2522 77
2523 1
2524 56
2525 41
2526 0
2527 82
2528 12
2529 93
2530 184
2531 86
2532 69
2533 169
2534 69
2535 83
2536 99
2537 63
2538 76
2539 98
2540 20
2541 130
2542 184
2543 170
2544 149
2545 46
2546 6
2547 138
2548 141
2549 65
2550 161
2551 89
2552 111
2553 27
2554 85
2555 68
2556 91
2557 175
2558 41
2559 73
2560 55
2561 92
2562 33
2563 166
2564 142
2565 156
2566 13
2567 19
2568 124
2569 132
2570 93
2571 35
2572 56
2573 0
2574 104
2575 60
2576 172
2577 102
2578 134
2579 63
2580 168
2581 15
2582 97
2583 95
2584 45
2585 53
2586 117
2587 201
2588 78
2589 69
2590 54
2591 131
2592 47
2593 130
2594 51
2595 60
2596 141
2597 186
2598 79
2599 96
2600 191
2601 46
2602 140
2603 6
2604 36
2605 67
2606 19
2607 21
2608 15
2609 148
2610 88
2611 49
2612 168
2613 22
2614 24
2615 112
2616 181
2617 81
2618 68
2619 66
2620 116
2621 178
2622 169
2623 39
2624 64
2625 120
2626 23
2627 3
2628 188
2629 162
2630 67
2631 142
2632 193
2633 155
2634 174
2635 3
2636 113
2637 193
2638 120
2639 195
2640 191
2641 75
2642 32
2643 102
2644 42
2645 58
2646 160
2647 189
2648 86
2649 126
2650 141
2651 69
2652 51
2653 158
2654 103
2655 200
2656 102
2657 143
2658 10
2659 56
2660 65
2661 172
2662 137
2663 13
2664 2
2665 7
2666 36
2667 64
2668 152
2669 179
2670 117
2671 12
2672 129
2673 101
2674 197
2675 162
2676 119
2677 46
2678 186
2679 25
2680 15
2681 81
2682 22
2683 57
2684 153
2685 53
2686 168
2687 154
2688 37
2689 68
2690 34
2691 191
2692 200
2693 179
2694 173
2695 196
2696 28
2697 188
2698 105
2699 89
2700 135
2701 41
2702 99
2703 7
2704 159
2705 153
2706 134
2707 109
2708 196
2709 142
2710 99
2711 79
2712 98
2713 175
2714 27
2715 196
2716 108
2717 97
2718 198
2719 174
2720 5
2721 169
2722 145
2723 154
2724 98
2725 107
2726 116
2727 118
2728 157
2729 73
2730 70
2731 0
2732 21
2733 149
2734 54
2735 108
2736 198
2737 200
2738 46
2739 126
2740 5
2741 9
2742 200
2743 20
2744 179
2745 135
2746 103
2747 135
2748 67
2749 111
2750 142
2751 130
2752 0
2753 90
2754 74
2755 131
2756 122
2757 9
2758 98
2759 111
2760 72
2761 98
2762 118
2763 13
2764 67
2765 87
2766 138
2767 86
2768 119
2769 57
2770 58
2771 189
2772 115
2773 143
2774 19
2775 150
2776 174
2777 98
2778 107
2779 133
2780 61
2781 179
2782 191
2783 106
2784 124
2785 131
2786 118
2787 123
2788 155
2789 10
2790 108
2791 45
2792 30
2793 79
2794 194
2795 67
2796 147
2797 128
2798 127
2799 147
2800 90
2801 110
2802 177
2803 175
2804 24
2805 134
2806 9
2807 176
2808 38
2809 87
2810 179
2811 18
2812 43
2813 80
2814 63
2815 62
2816 156
2817 61
2818 171
2819 96
2820 177
2821 43
2822 136
2823 59
2824 74
2825 63
2826 29
2827 34
2828 99
2829 17
2830 136
2831 193
2832 24
2833 187
2834 72
2835 199
2836 112
2837 10
2838 3
2839 116
2840 125
2841 162
2842 165
2843 69
2844 13
2845 108
2846 191
2847 53
2848 201
2849 48
2850 105
2851 2
2852 179
2853 167
2854 26
2855 73
2856 168
2857 114
2858 160
2859 9
2860 79
2861 91
2862 89
2863 49
2864 105
2865 134
2866 56
2867 136
2868 15
2869 121
2870 41
2871 8
2872 54
2873 192
2874 104
2875 198
2876 149
2877 15
2878 110
2879 103
2880 24
2881 68
2882 35
2883 167
2884 72
2885 146
2886 161
2887 174
2888 185
2889 65
2890 49
2891 31
2892 24
2893 80
2894 201
2895 172
2896 123
2897 181
2898 90
2899 75
2900 84
2901 138
2902 186
2903 115
2904 110
2905 159
2906 126
2907 43
2908 10
2909 82
2910 125
2911 75
2912 194
2913 110
2914 164
2915 24
2916 20
2917 161
2918 7
2919 176
2920 122
2921 162
2922 104
2923 58
2924 2
2925 191
2926 168
2927 151
2928 30
2929 35
2930 93
2931 158
2932 137
2933 193
2934 172
2935 195
2936 187
2937 15
2938 25
2939 81
2940 110
2941 199
2942 28
2943 98
2944 18
2945 187
2946 49
2947 95
2948 68
2949 84
2950 155
2951 178
2952 27
2953 18
2954 150
2955 124
2956 190
2957 118
2958 118
2959 13
2960 70
2961 73
2962 57
2963 169
2964 24
2965 162
2966 195
2967 87
2968 158
2969 139
2970 45
2971 157
2972 164
2973 28
2974 93
2975 58
2976 162
2977 53
2978 175
2979 198
2980 43
2981 173
2982 56
2983 147
2984 94
2985 97
2986 18
2987 162
2988 147
2989 122
2990 82
2991 58
2992 18
2993 177
2994 6
2995 72
2996 127
2997 182
2998 134
2999 131
3000 1
3001 120
3002 147
3003 62
3004 25
3005 110
3006 155
3007 12
3008 116
3009 150
3010 97
3011 72
3012 33
3013 169
3014 31
3015 188
3016 50
3017 74
3018 12
3019 177
3020 60
3021 100
3022 11
3023 158
3024 72
3025 174
3026 191
3027 163
3028 74
3029 14
3030 157
3031 188
3032 53
3033 114
3034 127
3035 71
3036 15
3037 124
3038 162
3039 168
3040 95
3041 16
3042 139
3043 185
3044 170
3045 11
3046 83
3047 29
3048 1
3049 14
3050 26
3051 114
3052 176
3053 147
3054 56
3055 183
3056 132
3057 157
3058 125
3059 21
3060 191
3061 159
3062 112
3063 16
3064 129
3065 73
3066 66
3067 184
3068 73
3069 12
3070 1
3071 60
3072 83
3073 182
3074 127
3075 188
3076 125
3077 57
3078 110
3079 149
3080 151
3081 65
3082 93
3083 180
3084 37
3085 191
3086 174
3087 162
3088 105
3089 7
3090 198
3091 53
3092 149
3093 116
3094 178
3095 134
3096 44
3097 36
3098 163
3099 24
3100 124
3101 119
3102 95
3103 113
3104 140
3105 20
3106 154
3107 152
3108 168
3109 35
3110 37
3111 145
3112 2
3113 122
3114 49
3115 199
3116 61
3117 55
3118 65
3119 78
3120 188
3121 92
3122 54
3123 172
3124 87
3125 3
3126 10
3127 24
3128 57
3129 105
3130 58
3131 71
3132 98
3133 111
3134 68
3135 28
3136 38
3137 161
3138 199
3139 69
3140 56
3141 39
3142 31
3143 109
3144 113
3145 86
3146 94
3147 122
3148 74
3149 131
3150 199
3151 80
3152 119
3153 108
3154 33
3155 199
3156 109
3157 186
3158 107
3159 154
3160 60
3161 124
3162 156
3163 39
3164 158
3165 45
3166 105
3167 69
3168 59
3169 155
3170 155
3171 148
3172 19
3173 49
3174 107
3175 185
3176 62
3177 170
3178 6
3179 12
3180 45
3181 170
3182 169
3183 113
3184 25
3185 157
3186 17
3187 91
3188 54
3189 194
3190 57
3191 185
3192 128
3193 45
3194 114
3195 80
3196 183
3197 82
3198 130
3199 120
3200 54
3201 121
3202 151
3203 23
3204 157
3205 105
3206 128
3207 166
3208 78
3209 158
3210 166
3211 62
3212 157
3213 72
3214 162
3215 122
3216 195
3217 127
3218 196
3219 144
3220 70
3221 70
3222 17
3223 102
3224 163
3225 187
3226 8
3227 48
3228 106
3229 156
3230 141
3231 143
3232 96
3233 35
3234 150
3235 46
3236 81
3237 75
3238 80
3239 128
3240 28
3241 175
3242 184
3243 157
3244 7
3245 153
3246 46
3247 178
3248 111
3249 201
3250 94
3251 79
3252 177
3253 126
3254 56
3255 139
3256 164
3257 22
3258 17
3259 20
3260 71
3261 29
3262 155
3263 65
3264 148
3265 59
3266 155
3267 165
3268 67
3269 114
3270 63
3271 127
3272 182
3273 145
3274 196
3275 136
3276 40
3277 37
3278 91
3279 20
3280 167
3281 147
3282 121
3283 146
3284 47
3285 3
3286 162
3287 182
3288 162
3289 81
3290 138
3291 128
3292 148
3293 92
3294 1
3295 81
3296 148
3297 103
3298 60
3299 190
3300 35
3301 78
3302 116
3303 70
3304 59
3305 79
3306 131
3307 123
3308 112
3309 110
3310 69
3311 193
3312 22
3313 60
3314 117
3315 33
3316 40
3317 136
3318 138
3319 15
3320 8
3321 45
3322 12
3323 129
3324 155
3325 14
3326 37
3327 89
3328 71
3329 116
3330 171
3331 113
3332 48
3333 74
3334 8
3335 38
3336 153
3337 121
3338 32
3339 120
3340 34
3341 65
3342 33
3343 178
3344 4
3345 127
3346 84
3347 96
3348 17
3349 129
3350 78
3351 24
3352 70
3353 48
3354 0
3355 64
3356 30
3357 111
3358 3
3359 80
3360 1
3361 50
3362 88
3363 180
3364 170
3365 81
3366 35
3367 80
3368 92
3369 131
3370 55
3371 24
3372 168
3373 111
3374 142
3375 109
3376 6
3377 34
3378 177
3379 50
3380 145
3381 76
3382 195
3383 162
3384 8
3385 67
3386 5
3387 141
3388 37
3389 164
3390 47
3391 127
3392 161
3393 107
3394 27
3395 82
3396 128
3397 140
3398 88
3399 138
3400 23
3401 86
3402 91
3403 116
3404 118
3405 19
3406 192
3407 142
3408 117
3409 49
3410 153
3411 72
3412 47
3413 7
3414 160
3415 166
3416 102
3417 127
3418 73
3419 20
3420 10
3421 145
3422 112
3423 119
3424 59
3425 58
3426 81
3427 164
3428 82
3429 158
3430 186
3431 4
3432 25
3433 195
3434 11
3435 56
3436 125
3437 168
3438 47
3439 183
3440 22
3441 171
3442 98
3443 14
3444 22
3445 119
3446 11
3447 50
3448 188
3449 97
3450 185
3451 46
3452 12
3453 142
3454 52
3455 200
3456 4
3457 131
3458 178
3459 114
3460 187
3461 122
3462 47
3463 108
3464 59
3465 69
3466 60
3467 109
3468 111
3469 100
3470 182
3471 28
3472 165
3473 72
3474 34
3475 21
3476 48
3477 23
3478 193
3479 87
3480 45
3481 91
3482 189
3483 178
3484 60
3485 101
3486 9
3487 162
3488 112
3489 124
3490 121
3491 6
3492 77
3493 78
3494 171
3495 201
3496 157
3497 64
3498 133
3499 111
3500 192
3501 161
3502 123
3503 199
3504 96
3505 95
3506 156
3507 31
3508 115
3509 161
3510 154
3511 51
3512 3
3513 0
3514 89
3515 62
3516 0
3517 174
3518 61
3519 183
3520 190
3521 74
3522 66
3523 139
3524 84
3525 11
3526 58
3527 87
3528 180
3529 155
3530 184
3531 175
3532 141
3533 178
3534 140
3535 91
3536 9
3537 110
3538 93
3539 171
3540 106
3541 133
3542 122
3543 201
3544 78
3545 161
3546 176
3547 191
3548 9
3549 191
3550 16
3551 147
3552 100
3553 150
3554 178
3555 4
3556 18
3557 71
3558 174
3559 80
3560 172
3561 77
3562 54
3563 111
3564 65
3565 60
3566 176
3567 11
3568 140
3569 174
3570 105
3571 90
3572 112
3573 43
3574 36
3575 98
3576 94
3577 96
3578 69
3579 9
3580 119
3581 126
3582 89
3583 34
3584 58
3585 82
3586 138
3587 192
3588 96
3589 32
3590 75
3591 87
3592 149
3593 184
3594 147
3595 36
3596 143
3597 69
3598 170
3599 180
3600 143
3601 158
3602 23
3603 81
3604 160
3605 83
3606 162
3607 29
3608 109
3609 115
3610 88
3611 89
3612 28
3613 163
3614 133
3615 82
3616 196
3617 150
3618 95
3619 19
3620 35
3621 52
3622 145
3623 185
3624 179
3625 135
3626 184
3627 98
3628 87
3629 94
3630 93
3631 113
3632 12
3633 20
3634 68
3635 185
3636 81
3637 47
3638 118
3639 37
3640 66
3641 20
3642 179
3643 148
3644 117
3645 58
3646 1
3647 38
3648 92
3649 184
3650 50
3651 146
3652 127
3653 5
3654 56
3655 150
3656 28
3657 129
3658 91
3659 16
3660 190
3661 111
3662 38
3663 3
3664 29
3665 182
3666 151
3667 153
3668 51
3669 185
3670 49
3671 16
3672 194
3673 74
3674 36
3675 146
3676 13
3677 124
3678 54
3679 192
3680 113
3681 187
3682 15
3683 128
3684 51
3685 85
3686 86
3687 32
3688 73
3689 115
3690 106
3691 30
3692 13
3693 128
3694 108
3695 199
3696 189
3697 90
3698 131
3699 13
3700 158
3701 37
3702 126
3703 161
3704 8
3705 153
3706 49
3707 115
3708 48
3709 111
3710 134
3711 78
3712 14
3713 157
3714 96
3715 108
3716 116
3717 69
3718 145
3719 41
3720 77
3721 133
3722 15
3723 52
3724 123
3725 83
3726 201
3727 157
3728 179
3729 140
3730 155
3731 39
3732 154
3733 151
3734 100
3735 171
3736 63
3737 159
3738 41
3739 179
3740 103
3741 158
3742 75
3743 197
3744 99
3745 80
3746 120
3747 9
3748 181
3749 179
3750 109
3751 45
3752 17
3753 36
3754 100
3755 109
3756 101
3757 189
3758 122
3759 144
3760 112
3761 94
3762 96
3763 74
3764 169
3765 122
3766 6
3767 137
3768 130
3769 162
3770 0
3771 120
3772 198
3773 71
3774 113
3775 125
3776 51
3777 87
3778 48
3779 141
3780 159
3781 104
3782 77
3783 73
3784 141
3785 196
3786 52
3787 155
3788 178
3789 65
3790 130
3791 57
3792 83
3793 40
3794 139
3795 171
3796 58
3797 124
3798 168
3799 47
3800 171
3801 42
3802 52
3803 187
3804 27
3805 21
3806 91
3807 96
3808 41
3809 43
3810 145
3811 190
3812 163
3813 78
3814 174
3815 175
3816 61
3817 109
3818 60
3819 39
3820 11
3821 118
3822 65
3823 87
3824 148
3825 52
3826 29
3827 127
3828 86
3829 196
3830 150
3831 125
3832 170
3833 171
3834 82
3835 123
3836 145
3837 95
3838 191
3839 7
3840 156
3841 180
3842 130
3843 166
3844 116
3845 186
3846 158
3847 171
3848 99
3849 114
3850 186
3851 28
3852 85
3853 105
3854 106
3855 91
3856 186
3857 171
3858 78
3859 86
3860 191
3861 177
3862 5
3863 171
3864 96
3865 104
3866 66
3867 183
3868 94
3869 9
3870 183
3871 95
3872 201
3873 84
3874 96
3875 62
3876 87
3877 106
3878 116
3879 106
3880 124
3881 14
3882 69
3883 187
3884 198
3885 180
3886 149
3887 193
3888 200
3889 153
3890 128
3891 175
3892 109
3893 79
3894 85
3895 170
3896 181
3897 180
3898 134
3899 81
3900 87
3901 112
3902 164
3903 72
3904 135
3905 186
3906 67
3907 183
3908 139
3909 63
3910 175
3911 78
3912 31
3913 80
3914 43
3915 81
3916 156
3917 23
3918 8
3919 133
3920 5
3921 123
3922 122
3923 80
3924 108
3925 176
3926 30
3927 47
3928 51
3929 2
3930 124
3931 11
3932 98
3933 119
3934 137
3935 150
3936 93
3937 187
3938 116
3939 71
3940 69
3941 58
3942 28
3943 143
3944 50
3945 94
3946 110
3947 154
3948 47
3949 133
3950 180
3951 137
3952 123
3953 93
3954 70
3955 190
3956 74
3957 75
3958 7
3959 12
3960 5
3961 125
3962 161
3963 4
3964 61
3965 142
3966 162
3967 172
3968 124
3969 34
3970 28
3971 54
3972 91
3973 144
3974 94
3975 91
3976 162
3977 54
3978 44
3979 69
3980 4
3981 68
3982 173
3983 177
3984 47
3985 179
3986 4
3987 132
3988 0
3989 58
3990 48
3991 116
3992 128
3993 41
3994 29
3995 163
3996 25
3997 64
3998 84
3999 7
4000 36
4001 67
4002 127
4003 180
4004 98
4005 141
4006 93
4007 99
4008 154
4009 131
4010 104
4011 84
4012 130
4013 172
4014 160
4015 109
4016 64
4017 83
4018 92
4019 68
4020 17
4021 2
4022 181
4023 132
4024 139
4025 156
4026 121
4027 87
4028 3
4029 41
4030 160
4031 159
4032 32
4033 62
4034 137
4035 135
4036 55
4037 101
4038 176
4039 129
4040 43
4041 149
4042 26
4043 100
4044 49
4045 201
4046 50
4047 72
4048 87
4049 5
4050 90
4051 137
4052 188
4053 61
4054 192
4055 153
4056 99
4057 25
4058 8
4059 127
4060 124
4061 4
4062 157
4063 16
4064 66
4065 148
4066 33
4067 88
4068 23
4069 37
4070 160
4071 64
4072 155
4073 15
4074 176
4075 93
4076 150
4077 183
4078 110
4079 15
4080 38
4081 127
4082 76
4083 150
4084 106
4085 125
4086 132
4087 115
4088 189
4089 181
4090 84
4091 115
4092 178
4093 140
4094 3
4095 87
4096 171
4097 14
4098 141
4099 80
4100 148
4101 41
4102 34
4103 110
4104 51
4105 73
4106 69
4107 197
4108 182
4109 125
4110 23
4111 4
4112 145
4113 77
4114 70
4115 161
4116 170
4117 137
4118 132
4119 185
4120 87
4121 40
4122 127
4123 95
4124 106
4125 186
4126 105
4127 25
4128 124
4129 133
4130 60
4131 69
4132 46
4133 142
4134 189
4135 90
4136 15
4137 138
4138 126
4139 166
4140 41
4141 102
4142 13
4143 77
4144 71
4145 146
4146 167
4147 172
4148 86
4149 128
4150 75
4151 186
4152 30
4153 21
4154 169
4155 121
4156 171
4157 195
4158 37
4159 107
4160 175
4161 18
4162 109
4163 104
4164 26
4165 59
4166 131
4167 130
4168 153
4169 5
4170 193
4171 30
4172 182
4173 51
4174 55
4175 126
4176 187
4177 135
4178 108
4179 83
4180 183
4181 78
4182 168
4183 130
4184 186
4185 111
4186 99
4187 94
4188 136
4189 190
4190 86
4191 49
4192 73
4193 151
4194 46
4195 127
4196 55
4197 194
4198 182
4199 20
4200 189
4201 154
4202 131
4203 95
4204 66
4205 41
4206 16
4207 120
4208 96
4209 2
4210 56
4211 197
4212 165
4213 173
4214 137
4215 180
4216 127
4217 81
4218 143
4219 146
4220 92
4221 122
4222 3
4223 84
4224 22
4225 198
4226 91
4227 161
4228 23
4229 48
4230 65
4231 200
4232 162
4233 31
4234 50
4235 58
4236 26
4237 194
4238 49
4239 12
4240 173
4241 84
4242 68
4243 19
4244 4
4245 111
4246 55
4247 39
4248 174
4249 7
4250 175
4251 159
4252 169
4253 125
4254 60
4255 194
4256 182
4257 170
4258 113
4259 7
4260 198
4261 166
4262 4
4263 132
4264 38
4265 63
4266 201
4267 105
4268 66
4269 86
4270 43
4271 23
4272 39
4273 32
4274 93
4275 10
4276 32
4277 19
4278 165
4279 63
4280 20
4281 183
4282 108
4283 76
4284 151
4285 189
4286 111
4287 105
4288 127
4289 143
4290 194
4291 127
4292 185
4293 106
4294 108
4295 148
4296 89
4297 161
4298 62
4299 71
4300 17
4301 115
4302 31
4303 49
4304 45
4305 137
4306 67
4307 47
4308 23
4309 14
4310 134
4311 103
4312 153
4313 163
4314 51
4315 126
4316 45
4317 15
4318 92
4319 48
4320 124
4321 37
4322 138
4323 13
4324 46
4325 123
4326 84
4327 27
4328 82
4329 105
4330 124
4331 116
4332 142
4333 168
4334 163
4335 110
4336 59
4337 35
4338 172
4339 97
4340 179
4341 58
4342 30
4343 170
4344 155
4345 42
4346 85
4347 127
4348 53
4349 143
4350 158
4351 8
4352 183
4353 5
4354 148
4355 75
4356 50
4357 142
4358 55
4359 194
4360 0
4361 87
4362 72
4363 51
4364 5
4365 56
4366 82
4367 123
4368 163
4369 121
4370 110
4371 132
4372 32
4373 44
4374 196
4375 17
4376 126
4377 168
4378 184
4379 52
4380 87
4381 138
4382 80
4383 87
4384 150
4385 190
4386 145
4387 201
4388 20
4389 164
4390 52
4391 65
4392 60
4393 134
4394 38
4395 84
4396 41
4397 7
4398 160
4399 195
4400 77
4401 114
4402 130
4403 27
4404 166
4405 156
4406 139
4407 107
4408 143
4409 141
4410 19
4411 35
4412 70
4413 116
4414 197
4415 110
4416 2
4417 69
4418 39
4419 195
4420 107
4421 139
4422 172
4423 90
4424 106
4425 55
4426 195
4427 50
4428 29
4429 26
4430 167
4431 26
4432 82
4433 52
4434 147
4435 42
4436 62
4437 130
4438 38
4439 201
4440 56
4441 66
4442 58
4443 16
4444 50
4445 34
4446 49
4447 170
4448 129
4449 79
4450 192
4451 65
4452 74
4453 185
4454 194
4455 103
4456 106
4457 57
4458 19
4459 152
4460 199
4461 87
4462 114
4463 84
4464 125
4465 77
4466 176
4467 176
4468 198
4469 12
4470 70
4471 121
4472 158
4473 0
4474 85
4475 58
4476 93
4477 85
4478 5
4479 31
4480 40
4481 32
4482 38
4483 24
4484 145
4485 42
4486 110
4487 35
4488 106
4489 81
4490 0
4491 104
4492 7
4493 11
4494 199
4495 169
4496 83
4497 172
4498 21
4499 93
4500 27
4501 116
4502 166
4503 11
4504 196
4505 79
4506 88
4507 155
4508 35
4509 66
4510 62
4511 80
4512 124
4513 24
4514 45
4515 12
4516 76
4517 71
4518 76
4519 155
4520 182
4521 140
4522 10
4523 45
4524 70
4525 151
4526 163
4527 127
4528 76
4529 72
4530 40
4531 10
4532 180
4533 57
4534 75
4535 188
4536 90
4537 142
4538 26
4539 24
4540 93
4541 182
4542 28
4543 11
4544 8
4545 52
4546 155
4547 68
4548 88
4549 28
4550 78
4551 168
4552 146
4553 23
4554 196
4555 76
4556 109
4557 32
4558 94
4559 74
4560 199
4561 165
4562 144
4563 33
4564 164
4565 137
4566 1
4567 98
4568 46
4569 177
4570 54
4571 196
4572 122
4573 162
4574 179
4575 116
4576 151
4577 186
4578 5
4579 70
4580 134
4581 7
4582 112
4583 183
4584 8
4585 135
4586 12
4587 84
4588 88
4589 89
4590 2
4591 171
4592 130
4593 180
4594 145
4595 70
4596 24
4597 82
4598 138
4599 177
4600 85
4601 12
4602 116
4603 105
4604 186
4605 39
4606 92
4607 93
4608 67
4609 45
4610 58
4611 65
4612 49
4613 97
4614 22
4615 110
4616 171
4617 18
4618 22
4619 67
4620 135
4621 153
4622 127
4623 104
4624 98
4625 108
4626 55
4627 134
4628 15
4629 62
4630 158
4631 104
4632 155
4633 84
4634 130
4635 123
4636 9
4637 99
4638 184
4639 158
4640 106
4641 50
4642 151
4643 79
4644 196
4645 70
4646 196
4647 126
4648 71
4649 122
4650 53
4651 162
4652 1
4653 182
4654 45
4655 57
4656 83
4657 38
4658 55
4659 53
4660 201
4661 119
4662 154
4663 21
4664 8
4665 165
4666 114
4667 42
4668 11
4669 167
4670 117
4671 144
4672 86
4673 76
4674 122
4675 16
4676 106
4677 37
4678 114
4679 175
4680 197
4681 131
4682 72
4683 23
4684 114
4685 119
4686 106
4687 54
4688 198
4689 143
4690 146
4691 96
4692 61
4693 13
4694 19
4695 198
4696 34
4697 122
4698 55
4699 68
4700 134
4701 89
4702 153
4703 75
4704 28
4705 22
4706 31
4707 178
4708 149
4709 141
4710 108
4711 43
4712 81
4713 76
4714 142
4715 201
4716 24
4717 99
4718 54
4719 138
4720 110
4721 10
4722 90
4723 51
4724 67
4725 88
4726 27
4727 145
4728 156
4729 50
4730 139
4731 22
4732 90
4733 37
4734 20
4735 13
4736 130
4737 134
4738 86
4739 195
4740 100
4741 196
4742 64
4743 175
4744 141
4745 62
4746 185
4747 179
4748 111
4749 17
4750 5
4751 72
4752 58
4753 160
4754 4
4755 152
4756 125
4757 41
4758 101
4759 13
4760 124
4761 130
4762 179
4763 163
4764 25
4765 123
4766 78
4767 201
4768 102
4769 54
4770 50
4771 42
4772 19
4773 8
4774 28
4775 23
4776 116
4777 167
4778 35
4779 151
4780 95
4781 173
4782 140
4783 112
4784 13
4785 186
4786 102
4787 28
4788 35
4789 47
4790 0
4791 79
4792 200
4793 81
4794 62
4795 107
4796 94
4797 26
4798 78
4799 70
4800 5
4801 167
4802 63
4803 9
4804 161
4805 103
4806 25
4807 73
4808 67
4809 106
4810 110
4811 170
4812 42
4813 6
4814 170
4815 6
4816 7
4817 7
4818 168
4819 2
4820 134
4821 101
4822 191
4823 144
4824 97
4825 173
4826 191
4827 177
4828 138
4829 138
4830 123
4831 56
4832 31
4833 52
4834 30
4835 70
4836 14
4837 101
4838 6
4839 64
4840 109
4841 114
4842 145
4843 75
4844 200
4845 77
4846 179
4847 50
4848 107
4849 83
4850 139
4851 113
4852 127
4853 118
4854 141
4855 108
4856 89
4857 189
4858 182
4859 143
4860 66
4861 183
4862 132
4863 141
4864 23
4865 77
4866 36
4867 76
4868 129
4869 40
4870 42
4871 45
4872 173
4873 12
4874 117
4875 164
4876 67
4877 140
4878 104
4879 81
4880 106
4881 54
4882 196
4883 131
4884 90
4885 81
4886 110
4887 172
4888 187
4889 111
4890 21
4891 55
4892 85
4893 121
4894 32
4895 45
4896 10
4897 81
4898 20
4899 4
4900 71
4901 26
4902 61
4903 171
4904 99
4905 80
4906 11
4907 155
4908 186
4909 81
4910 88
4911 30
4912 90
4913 24
4914 6
4915 87
4916 157
4917 132
4918 38
4919 29
4920 177
4921 72
4922 172
4923 189
4924 185
4925 54
4926 100
4927 178
4928 14
4929 134
4930 182
4931 114
4932 55
4933 49
4934 117
4935 79
4936 180
4937 153
4938 20
4939 71
4940 84
4941 19
4942 133
4943 143
4944 62
4945 33
4946 140
4947 22
4948 36
4949 87
4950 36
4951 10
4952 64
4953 100
4954 7
4955 119
4956 150
4957 154
4958 16
4959 181
4960 52
4961 1
4962 63
4963 3
4964 32
4965 78
4966 95
4967 153
4968 50
4969 73
4970 101
4971 27
4972 139
4973 24
4974 162
4975 130
4976 126
4977 141
4978 62
4979 53
4980 70
4981 79
4982 137
4983 60
4984 161
4985 56
4986 136
4987 143
4988 6
4989 178
4990 180
4991 52
4992 6
4993 62
4994 61
4995 153
4996 6
4997 185
4998 56
4999 55
