5000 30
5001 152
5002 40
5003 125
5004 51
5005 152
5006 52
5007 129
5008 114
5009 59
5010 34
5011 196
5012 180
5013 131
5014 172
5015 193
5016 117
5017 127
5018 75
5019 182
5020 90
5021 132
5022 122
5023 107
5024 33
5025 27
5026 10
5027 67
5028 0
5029 62
5030 161
5031 132
5032 180
5033 45
5034 184
5035 6
5036 119
5037 140
5038 24
5039 136
5040 0
5041 24
5042 99
5043 36
5044 167
5045 173
5046 86
5047 122
5048 114
5049 131
5050 135
5051 70
5052 11
5053 164
5054 91
5055 68
5056 147
5057 47
5058 6
5059 142
5060 175
5061 139
5062 3
5063 20
5064 107
5065 158
5066 88
5067 20
5068 49
5069 44
5070 0
5071 134
5072 153
5073 113
5074 149
5075 175
5076 36
5077 47
5078 52
5079 62
5080 79
5081 191
5082 27
5083 150
5084 165
5085 167
5086 92
5087 30
5088 185
5089 63
5090 179
5091 69
5092 99
5093 58
5094 179
5095 38
5096 200
5097 77
5098 40
5099 13
5100 122
5101 135
5102 84
5103 183
5104 25
5105 62
5106 165
5107 176
5108 197
5109 50
5110 147
5111 156
5112 87
5113 84
5114 104
5115 119
5116 99
5117 67
5118 79
5119 165
5120 166
5121 155
5122 193
5123 43
5124 95
5125 6
5126 27
5127 106
5128 82
5129 89
5130 160
5131 188
5132 53
5133 51
5134 173
5135 122
5136 138
5137 20
5138 180
5139 194
5140 170
5141 133
5142 143
5143 88
5144 46
5145 46
5146 150
5147 88
5148 192
5149 80
5150 107
5151 99
5152 52
5153 14
5154 127
5155 65
5156 45
5157 99
5158 44
5159 117
5160 113
5161 188
5162 61
5163 85
5164 18
5165 20
5166 104
5167 52
5168 123
5169 114
5170 25
5171 65
5172 85
5173 45
5174 125
5175 192
5176 26
5177 81
5178 41
5179 64
5180 174
5181 101
5182 52
5183 102
5184 169
5185 15
5186 193
5187 169
5188 77
5189 151
5190 110
5191 154
5192 138
5193 193
5194 164
5195 95
5196 99
5197 33
5198 33
5199 81
5200 196
5201 7
5202 20
5203 117
5204 139
5205 10
5206 132
5207 128
5208 19
5209 15
5210 105
5211 18
5212 53
5213 113
5214 154
5215 112
5216 83
5217 17
5218 135
5219 30
5220 34
5221 6
5222 86
5223 166
5224 169
5225 96
5226 32
5227 16
5228 83
5229 68
5230 115
5231 12
5232 139
5233 133
5234 28
5235 116
5236 16
5237 86
5238 82
5239 141
5240 60
5241 150
5242 201
5243 114
5244 26
5245 191
5246 180
5247 27
5248 75
5249 80
5250 197
5251 52
5252 39
5253 76
5254 99
5255 90
5256 201
5257 132
5258 168
5259 181
5260 3
5261 184
5262 123
5263 13
5264 155
5265 27
5266 135
5267 20
5268 77
5269 55
5270 54
5271 36
5272 51
5273 71
5274 34
5275 100
5276 109
5277 173
5278 67
5279 182
5280 92
5281 16
5282 79
5283 88
5284 42
5285 4
5286 3
5287 32
5288 34
5289 150
5290 165
5291 141
5292 114
5293 168
5294 49
5295 157
5296 172
5297 55
5298 150
5299 153
5300 7
5301 51
5302 15
5303 101
5304 2
5305 80
5306 18
5307 124
5308 92
5309 82
5310 87
5311 58
5312 35
5313 59
5314 104
5315 103
5316 81
5317 132
5318 70
5319 187
5320 18
5321 164
5322 65
5323 54
5324 36
5325 12
5326 60
5327 70
5328 35
5329 33
5330 19
5331 143
5332 93
5333 1
5334 31
5335 144
5336 191
5337 147
5338 178
5339 33
5340 199
5341 39
5342 40
5343 62
5344 186
5345 118
5346 50
5347 28
5348 176
5349 98
5350 27
5351 22
5352 3
5353 152
5354 174
5355 29
5356 28
5357 77
5358 64
5359 154
5360 37
5361 133
5362 95
5363 9
5364 137
5365 153
5366 148
5367 79
5368 59
5369 46
5370 94
5371 42
5372 112
5373 197
5374 164
5375 73
5376 161
5377 84
5378 14
5379 104
5380 76
5381 36
5382 42
5383 197
5384 58
5385 77
5386 116
5387 6
5388 61
5389 21
5390 112
5391 69
5392 43
5393 48
5394 39
5395 126
5396 191
5397 158
5398 161
5399 116
5400 73
5401 88
5402 148
5403 172
5404 186
5405 181
5406 110
5407 178
5408 41
5409 182
5410 59
5411 93
5412 22
5413 96
5414 18
5415 145
5416 102
5417 122
5418 188
5419 199
5420 139
5421 121
5422 1
5423 163
5424 71
5425 74
5426 18
5427 193
5428 96
5429 110
5430 153
5431 154
5432 61
5433 45
5434 145
5435 1
5436 124
5437 135
5438 9
5439 119
5440 30
5441 73
5442 178
5443 138
5444 142
5445 68
5446 106
5447 31
5448 198
5449 36
5450 127
5451 126
5452 131
5453 13
5454 140
5455 149
5456 71
5457 6
5458 47
5459 148
5460 92
5461 180
5462 29
5463 127
5464 80
5465 27
5466 11
5467 79
5468 161
5469 91
5470 148
5471 41
5472 52
5473 5
5474 6
5475 68
5476 189
5477 42
5478 180
5479 135
5480 34
5481 189
5482 5
5483 89
5484 0
5485 54
5486 43
5487 102
5488 197
5489 66
5490 197
5491 70
5492 194
5493 43
5494 100
5495 102
5496 189
5497 168
5498 183
5499 175
5500 158
5501 138
5502 58
5503 107
5504 170
5505 96
5506 127
5507 174
5508 169
5509 160
5510 173
5511 78
5512 21
5513 162
5514 82
5515 147
5516 30
5517 193
5518 167
5519 55
5520 55
5521 167
5522 149
5523 86
5524 26
5525 184
5526 162
5527 194
5528 95
5529 168
5530 111
5531 35
5532 136
5533 116
5534 118
5535 32
5536 162
5537 34
5538 80
5539 191
5540 197
5541 95
5542 0
5543 69
5544 144
5545 62
5546 120
5547 112
5548 132
5549 31
5550 71
5551 109
5552 120
5553 164
5554 201
5555 9
5556 177
5557 159
5558 64
5559 60
5560 178
5561 184
5562 153
5563 105
5564 138
5565 60
5566 178
5567 2
5568 65
5569 100
5570 176
5571 129
5572 138
5573 55
5574 2
5575 22
5576 131
5577 179
5578 129
5579 15
5580 63
5581 85
5582 74
5583 158
5584 195
5585 5
5586 15
5587 174
5588 125
5589 149
5590 127
5591 153
5592 124
5593 201
5594 96
5595 191
5596 3
5597 44
5598 106
5599 160
5600 54
5601 197
5602 29
5603 176
5604 127
5605 89
5606 59
5607 27
5608 128
5609 181
5610 137
5611 52
5612 103
5613 43
5614 165
5615 156
5616 195
5617 25
5618 4
5619 198
5620 14
5621 159
5622 64
5623 8
5624 24
5625 156
5626 149
5627 25
5628 2
5629 90
5630 124
5631 101
5632 29
5633 73
5634 40
5635 102
5636 16
5637 25
5638 78
5639 169
5640 91
5641 168
5642 156
5643 189
5644 43
5645 149
5646 33
5647 137
5648 143
5649 30
5650 54
5651 12
5652 54
5653 161
5654 111
5655 54
5656 70
5657 15
5658 13
5659 26
5660 112
5661 122
5662 35
5663 116
5664 75
5665 20
5666 42
5667 20
5668 9
5669 69
5670 91
5671 11
5672 41
5673 126
5674 118
5675 132
5676 62
5677 116
5678 50
5679 185
5680 180
5681 175
5682 125
5683 136
5684 181
5685 118
5686 172
5687 48
5688 187
5689 111
5690 158
5691 28
5692 85
5693 187
5694 53
5695 21
5696 200
5697 53
5698 107
5699 191
5700 91
5701 96
5702 123
5703 0
5704 185
5705 115
5706 60
5707 91
5708 158
5709 112
5710 127
5711 91
5712 7
5713 113
5714 136
5715 167
5716 117
5717 136
5718 167
5719 112
5720 102
5721 70
5722 189
5723 160
5724 28
5725 47
5726 55
5727 114
5728 65
5729 59
5730 45
5731 115
5732 129
5733 178
5734 49
5735 115
5736 140
5737 118
5738 83
5739 174
5740 29
5741 183
5742 175
5743 188
5744 84
5745 36
5746 67
5747 183
5748 38
5749 75
5750 103
5751 79
5752 178
5753 27
5754 135
5755 195
5756 12
5757 93
5758 148
5759 75
5760 52
5761 17
5762 30
5763 169
5764 66
5765 145
5766 136
5767 125
5768 146
5769 164
5770 24
5771 64
5772 184
5773 98
5774 125
5775 1
5776 19
5777 76
5778 123
5779 141
5780 18
5781 56
5782 8
5783 58
5784 166
5785 162
5786 16
5787 150
5788 173
5789 180
5790 28
5791 167
5792 107
5793 139
5794 111
5795 154
5796 19
5797 118
5798 132
5799 32
5800 169
5801 184
5802 189
5803 79
5804 54
5805 122
5806 85
5807 75
5808 73
5809 136
5810 196
5811 179
5812 2
5813 90
5814 190
5815 129
5816 102
5817 139
5818 33
5819 57
5820 102
5821 69
5822 117
5823 118
5824 8
5825 7
5826 15
5827 113
5828 198
5829 154
5830 136
5831 10
5832 86
5833 16
5834 75
5835 48
5836 113
5837 124
5838 143
5839 130
5840 61
5841 30
5842 36
5843 77
5844 54
5845 132
5846 48
5847 138
5848 154
5849 3
5850 82
5851 125
5852 42
5853 38
5854 92
5855 67
5856 188
5857 38
5858 158
5859 157
5860 90
5861 31
5862 106
5863 33
5864 195
5865 38
5866 7
5867 137
5868 118
5869 181
5870 124
5871 124
5872 57
5873 193
5874 114
5875 67
5876 31
5877 10
5878 182
5879 182
5880 194
5881 74
5882 4
5883 50
5884 80
5885 129
5886 64
5887 169
5888 14
5889 1
5890 67
5891 76
5892 76
5893 92
5894 126
5895 118
5896 188
5897 152
5898 83
5899 88
5900 46
5901 146
5902 182
5903 192
5904 44
5905 32
5906 147
5907 41
5908 16
5909 29
5910 160
5911 163
5912 109
5913 37
5914 64
5915 159
5916 40
5917 91
5918 47
5919 34
5920 155
5921 97
5922 111
5923 176
5924 65
5925 139
5926 84
5927 198
5928 103
5929 89
5930 69
5931 168
5932 109
5933 5
5934 187
5935 116
5936 72
5937 86
5938 172
5939 98
5940 148
5941 23
5942 55
5943 93
5944 121
5945 59
5946 97
5947 195
5948 29
5949 58
5950 121
5951 174
5952 122
5953 150
5954 136
5955 77
5956 100
5957 151
5958 145
5959 136
5960 78
5961 141
5962 189
5963 124
5964 152
5965 58
5966 188
5967 33
5968 62
5969 155
5970 59
5971 1
5972 54
5973 53
5974 182
5975 63
5976 12
5977 56
5978 191
5979 30
5980 184
5981 10
5982 89
5983 81
5984 35
5985 144
5986 95
5987 28
5988 39
5989 41
5990 165
5991 43
5992 15
5993 64
5994 143
5995 157
5996 155
5997 166
5998 151
5999 159
6000 9
6001 126
6002 178
6003 5
6004 105
6005 189
6006 50
6007 25
6008 123
6009 150
6010 67
6011 96
6012 16
6013 156
6014 21
6015 154
6016 13
6017 120
6018 135
6019 86
6020 2
6021 73
6022 84
6023 50
6024 34
6025 59
6026 81
6027 95
6028 195
6029 130
6030 87
6031 147
6032 193
6033 55
6034 126
6035 54
6036 63
6037 159
6038 173
6039 38
6040 13
6041 129
6042 168
6043 32
6044 48
6045 178
6046 47
6047 198
6048 8
6049 12
6050 42
6051 50
6052 1
6053 156
6054 23
6055 4
6056 47
6057 123
6058 88
6059 19
6060 128
6061 8
6062 7
6063 12
6064 177
6065 150
6066 19
6067 139
6068 59
6069 67
6070 126
6071 167
6072 177
6073 110
6074 104
6075 137
6076 2
6077 34
6078 44
6079 175
6080 171
6081 157
6082 90
6083 12
6084 15
6085 16
6086 9
6087 82
6088 164
6089 104
6090 105
6091 49
6092 1
6093 67
6094 27
6095 21
6096 150
6097 48
6098 22
6099 4
6100 169
6101 60
6102 132
6103 191
6104 49
6105 137
6106 26
6107 97
6108 183
6109 80
6110 195
6111 32
6112 175
6113 17
6114 30
6115 108
6116 87
6117 69
6118 129
6119 86
6120 79
6121 31
6122 110
6123 58
6124 57
6125 113
6126 191
6127 196
6128 133
6129 80
6130 120
6131 99
6132 85
6133 6
6134 70
6135 132
6136 188
6137 127
6138 189
6139 40
6140 179
6141 50
6142 143
6143 1
6144 57
6145 158
6146 95
6147 179
6148 8
6149 199
6150 144
6151 147
6152 18
6153 73
6154 179
6155 199
6156 46
6157 0
6158 11
6159 84
6160 58
6161 139
6162 154
6163 33
6164 120
6165 52
6166 129
6167 161
6168 38
6169 152
6170 107
6171 54
6172 150
6173 169
6174 56
6175 8
6176 25
6177 56
6178 197
6179 43
6180 137
6181 14
6182 120
6183 63
6184 30
6185 102
6186 141
6187 48
6188 81
6189 146
6190 85
6191 53
6192 198
6193 140
6194 36
6195 104
6196 184
6197 197
6198 57
6199 36
6200 62
6201 115
6202 193
6203 188
6204 76
6205 11
6206 115
6207 59
6208 155
6209 167
6210 167
6211 93
6212 30
6213 103
6214 130
6215 146
6216 140
6217 121
6218 134
6219 117
6220 152
6221 89
6222 26
6223 75
6224 162
6225 11
6226 118
6227 171
6228 131
6229 16
6230 195
6231 147
6232 126
6233 109
6234 194
6235 146
6236 78
6237 16
6238 146
6239 112
6240 31
6241 119
6242 78
6243 135
6244 4
6245 163
6246 101
6247 3
6248 154
6249 19
6250 64
6251 156
6252 95
6253 131
6254 3
6255 150
6256 185
6257 51
6258 8
6259 73
6260 70
6261 161
6262 177
6263 103
6264 35
6265 145
6266 6
6267 155
6268 191
6269 190
6270 40
6271 53
6272 87
6273 133
6274 153
6275 94
6276 82
6277 96
6278 21
6279 193
6280 73
6281 162
6282 31
6283 48
6284 53
6285 50
6286 96
6287 33
6288 171
6289 161
6290 188
6291 27
6292 185
6293 172
6294 26
6295 124
6296 17
6297 35
6298 44
6299 133
6300 68
6301 0
6302 150
6303 21
6304 9
6305 164
6306 139
6307 3
6308 99
6309 116
6310 100
6311 65
6312 128
6313 60
6314 127
6315 42
6316 80
6317 32
6318 93
6319 22
6320 194
6321 75
6322 168
6323 145
6324 164
6325 62
6326 12
6327 171
6328 38
6329 93
6330 85
6331 4
6332 3
6333 24
6334 114
6335 12
6336 74
6337 131
6338 109
6339 108
6340 22
6341 5
6342 147
6343 76
6344 145
6345 104
6346 193
6347 77
6348 39
6349 170
6350 8
6351 121
6352 121
6353 161
6354 62
6355 43
6356 70
6357 60
6358 164
6359 154
6360 19
6361 195
6362 25
6363 185
6364 176
6365 181
6366 18
6367 67
6368 86
6369 180
6370 132
6371 85
6372 169
6373 35
6374 45
6375 74
6376 18
6377 183
6378 124
6379 85
6380 77
6381 87
6382 144
6383 157
6384 85
6385 52
6386 98
6387 196
6388 136
6389 25
6390 65
6391 26
6392 16
6393 118
6394 152
6395 193
6396 27
6397 40
6398 19
6399 30
6400 53
6401 102
6402 52
6403 169
6404 56
6405 111
6406 35
6407 129
6408 140
6409 121
6410 138
6411 193
6412 113
6413 123
6414 117
6415 44
6416 171
6417 37
6418 29
6419 116
6420 7
6421 143
6422 42
6423 55
6424 29
6425 34
6426 103
6427 66
6428 45
6429 51
6430 27
6431 37
6432 110
6433 194
6434 91
6435 133
6436 134
6437 2
6438 195
6439 55
6440 18
6441 136
6442 27
6443 48
6444 80
6445 171
6446 39
6447 135
6448 74
6449 38
6450 103
6451 129
6452 22
6453 106
6454 121
6455 23
6456 40
6457 71
6458 134
6459 62
6460 14
6461 4
6462 180
6463 42
6464 195
6465 40
6466 62
6467 25
6468 51
6469 127
6470 155
6471 152
6472 92
6473 107
6474 38
6475 106
6476 133
6477 16
6478 33
6479 145
6480 159
6481 105
6482 182
6483 134
6484 108
6485 49
6486 101
6487 32
6488 119
6489 137
6490 170
6491 192
6492 197
6493 175
6494 28
6495 147
6496 31
6497 191
6498 28
6499 65
6500 102
6501 97
6502 68
6503 121
6504 86
6505 56
6506 59
6507 34
6508 147
6509 24
6510 10
6511 4
6512 94
6513 135
6514 144
6515 27
6516 4
6517 152
6518 104
6519 120
6520 167
6521 142
6522 101
6523 21
6524 121
6525 169
6526 60
6527 91
6528 40
6529 46
6530 59
6531 37
6532 141
6533 77
6534 181
6535 15
6536 126
6537 134
6538 75
6539 72
6540 125
6541 149
6542 153
6543 48
6544 116
6545 89
6546 132
6547 157
6548 42
6549 120
6550 36
6551 66
6552 174
6553 96
6554 198
6555 154
6556 123
6557 132
6558 100
6559 139
6560 6
6561 196
6562 92
6563 14
6564 12
6565 201
6566 142
6567 131
6568 107
6569 37
6570 174
6571 74
6572 54
6573 73
6574 158
6575 196
6576 45
6577 121
6578 169
6579 146
6580 154
6581 91
6582 121
6583 125
6584 37
6585 164
6586 80
6587 116
6588 159
6589 82
6590 154
6591 127
6592 145
6593 98
6594 110
6595 128
6596 68
6597 30
6598 29
6599 185
6600 33
6601 178
6602 179
6603 2
6604 45
6605 110
6606 155
6607 67
6608 169
6609 13
6610 132
6611 191
6612 111
6613 152
6614 2
6615 138
6616 54
6617 129
6618 130
6619 193
6620 50
6621 194
6622 147
6623 157
6624 38
6625 32
6626 189
6627 182
6628 90
6629 42
6630 92
6631 11
6632 133
6633 192
6634 110
6635 90
6636 176
6637 177
6638 72
6639 35
6640 124
6641 157
6642 75
6643 9
6644 196
6645 56
6646 136
6647 116
6648 200
6649 172
6650 60
6651 132
6652 91
6653 173
6654 160
6655 129
6656 3
6657 38
6658 191
6659 98
6660 111
6661 159
6662 53
6663 93
6664 130
6665 191
6666 39
6667 16
6668 9
6669 42
6670 139
6671 37
6672 114
6673 179
6674 1
6675 173
6676 171
6677 119
6678 21
6679 126
6680 65
6681 43
6682 106
6683 66
6684 120
6685 133
6686 87
6687 24
6688 38
6689 170
6690 90
6691 148
6692 122
6693 123
6694 168
6695 151
6696 171
6697 17
6698 160
6699 16
6700 64
6701 194
6702 80
6703 23
6704 22
6705 169
6706 90
6707 9
6708 171
6709 111
6710 187
6711 18
6712 49
6713 158
6714 100
6715 114
6716 22
6717 68
6718 41
6719 201
6720 185
6721 19
6722 130
6723 71
6724 143
6725 51
6726 42
6727 196
6728 123
6729 144
6730 140
6731 57
6732 187
6733 6
6734 69
6735 5
6736 46
6737 65
6738 64
6739 3
6740 68
6741 175
6742 36
6743 21
6744 183
6745 141
6746 73
6747 47
6748 58
6749 186
6750 176
6751 162
6752 142
6753 33
6754 103
6755 111
6756 67
6757 28
6758 146
6759 181
6760 56
6761 181
6762 35
6763 61
6764 31
6765 156
6766 91
6767 179
6768 201
6769 118
6770 156
6771 51
6772 82
6773 111
6774 32
6775 48
6776 39
6777 62
6778 178
6779 129
6780 19
6781 185
6782 46
6783 198
6784 157
6785 132
6786 70
6787 147
6788 53
6789 59
6790 54
6791 38
6792 186
6793 126
6794 176
6795 101
6796 43
6797 158
6798 183
6799 34
6800 158
6801 114
6802 185
6803 40
6804 136
6805 107
6806 16
6807 25
6808 101
6809 126
6810 67
6811 138
6812 0
6813 18
6814 75
6815 86
6816 57
6817 66
6818 55
6819 168
6820 198
6821 56
6822 126
6823 60
6824 106
6825 194
6826 53
6827 51
6828 128
6829 109
6830 58
6831 57
6832 139
6833 123
6834 179
6835 43
6836 136
6837 36
6838 2
6839 104
6840 83
6841 59
6842 7
6843 58
6844 139
6845 111
6846 88
6847 159
6848 164
6849 166
6850 142
6851 91
6852 196
6853 48
6854 30
6855 79
6856 60
6857 77
6858 73
6859 71
6860 106
6861 160
6862 23
6863 62
6864 138
6865 32
6866 13
6867 56
6868 59
6869 14
6870 8
6871 83
6872 105
6873 193
6874 41
6875 42
6876 124
6877 129
6878 143
6879 146
6880 10
6881 185
6882 80
6883 49
6884 89
6885 152
6886 73
6887 162
6888 149
6889 155
6890 158
6891 44
6892 193
6893 133
6894 90
6895 133
6896 97
6897 12
6898 72
6899 144
6900 161
6901 3
6902 112
6903 164
6904 62
6905 179
6906 99
6907 194
6908 21
6909 123
6910 75
6911 36
6912 122
6913 167
6914 40
6915 25
6916 82
6917 200
6918 92
6919 181
6920 83
6921 53
6922 191
6923 58
6924 30
6925 120
6926 143
6927 86
6928 34
6929 159
6930 73
6931 80
6932 117
6933 165
6934 154
6935 3
6936 70
6937 25
6938 73
6939 178
6940 102
6941 71
6942 48
6943 59
6944 152
6945 193
6946 183
6947 11
6948 70
6949 163
6950 32
6951 122
6952 151
6953 166
6954 150
6955 87
6956 39
6957 74
6958 18
6959 133
6960 93
6961 110
6962 148
6963 171
6964 118
6965 111
6966 162
6967 184
6968 10
6969 24
6970 5
6971 155
6972 141
6973 27
6974 159
6975 39
6976 109
6977 55
6978 28
6979 89
6980 91
6981 54
6982 117
6983 183
6984 138
6985 164
6986 5
6987 190
6988 181
6989 8
6990 48
6991 138
6992 187
6993 97
6994 80
6995 65
6996 12
6997 171
6998 18
6999 39
7000 38
7001 94
7002 98
7003 23
7004 137
7005 7
7006 31
7007 55
7008 100
7009 152
7010 91
7011 138
7012 69
7013 77
7014 35
7015 11
7016 157
7017 75
7018 140
7019 168
7020 114
7021 58
7022 194
7023 194
7024 193
7025 88
7026 12
7027 44
7028 102
7029 43
7030 103
7031 173
7032 6
7033 5
7034 83
7035 58
7036 163
7037 138
7038 20
7039 127
7040 195
7041 14
7042 51
7043 128
7044 12
7045 179
7046 17
7047 66
7048 164
7049 162
7050 47
7051 71
7052 181
7053 33
7054 45
7055 164
7056 91
7057 150
7058 137
7059 61
7060 11
7061 94
7062 9
7063 56
7064 39
7065 61
7066 101
7067 160
7068 147
7069 24
7070 200
7071 183
7072 10
7073 120
7074 60
7075 4
7076 64
7077 153
7078 94
7079 180
7080 168
7081 20
7082 73
7083 80
7084 96
7085 106
7086 161
7087 112
7088 146
7089 8
7090 88
7091 184
7092 60
7093 171
7094 62
7095 177
7096 102
7097 85
7098 11
7099 97
7100 145
7101 111
7102 125
7103 3
7104 181
7105 82
7106 190
7107 11
7108 47
7109 201
7110 26
7111 94
7112 164
7113 40
7114 163
7115 18
7116 163
7117 67
7118 138
7119 198
7120 186
7121 38
7122 44
7123 121
7124 122
7125 83
7126 8
7127 162
7128 130
7129 120
7130 90
7131 183
7132 17
7133 61
7134 165
7135 201
7136 125
7137 116
7138 103
7139 142
7140 9
7141 23
7142 108
7143 117
7144 60
7145 180
7146 173
7147 93
7148 199
7149 144
7150 142
7151 166
7152 5
7153 143
7154 178
7155 138
7156 136
7157 177
7158 197
7159 178
7160 165
7161 122
7162 55
7163 89
7164 132
7165 115
7166 190
7167 32
7168 97
7169 79
7170 66
7171 79
7172 7
7173 57
7174 115
7175 114
7176 68
7177 112
7178 115
7179 58
7180 30
7181 95
7182 67
7183 193
7184 184
7185 74
7186 84
7187 26
7188 118
7189 66
7190 171
7191 60
7192 177
7193 113
7194 0
7195 76
7196 183
7197 59
7198 74
7199 45
7200 175
7201 167
7202 43
7203 75
7204 52
7205 171
7206 200
7207 5
7208 31
7209 18
7210 16
7211 94
7212 121
7213 145
7214 26
7215 53
7216 22
7217 86
7218 49
7219 57
7220 128
7221 8
7222 120
7223 189
7224 64
7225 126
7226 49
7227 143
7228 111
7229 166
7230 112
7231 142
7232 109
7233 45
7234 147
7235 53
7236 182
7237 30
7238 157
7239 100
7240 93
7241 28
7242 94
7243 170
7244 48
7245 64
7246 76
7247 140
7248 102
7249 19
7250 139
7251 146
7252 20
7253 178
7254 86
7255 45
7256 156
7257 83
7258 68
7259 10
7260 112
7261 180
7262 24
7263 147
7264 183
7265 173
7266 125
7267 63
7268 181
7269 116
7270 146
7271 162
7272 121
7273 175
7274 169
7275 63
7276 172
7277 71
7278 58
7279 36
7280 67
7281 126
7282 150
7283 199
7284 145
7285 24
7286 39
7287 173
7288 61
7289 101
7290 152
7291 186
7292 124
7293 193
7294 64
7295 37
7296 73
7297 198
7298 114
7299 106
7300 95
7301 23
7302 175
7303 15
7304 96
7305 111
7306 131
7307 169
7308 23
7309 10
7310 166
7311 59
7312 35
7313 186
7314 41
7315 87
7316 102
7317 187
7318 28
7319 43
7320 143
7321 47
7322 196
7323 94
7324 116
7325 124
7326 136
7327 116
7328 199
7329 14
7330 102
7331 61
7332 27
7333 127
7334 74
7335 97
7336 52
7337 75
7338 31
7339 138
7340 41
7341 154
7342 113
7343 201
7344 74
7345 167
7346 0
7347 18
7348 178
7349 155
7350 45
7351 19
7352 53
7353 66
7354 163
7355 86
7356 147
7357 71
7358 187
7359 43
7360 33
7361 177
7362 5
7363 190
7364 131
7365 32
7366 24
7367 29
7368 63
7369 157
7370 144
7371 8
7372 148
7373 158
7374 91
7375 137
7376 119
7377 118
7378 18
7379 57
7380 124
7381 107
7382 194
7383 114
7384 39
7385 132
7386 82
7387 199
7388 166
7389 26
7390 54
7391 74
7392 28
7393 143
7394 22
7395 160
7396 76
7397 42
7398 147
7399 115
7400 65
7401 65
7402 16
7403 114
7404 99
7405 49
7406 200
7407 126
7408 22
7409 57
7410 193
7411 189
7412 9
7413 63
7414 1
7415 152
7416 6
7417 198
7418 46
7419 133
7420 60
7421 47
7422 137
7423 200
7424 4
7425 66
7426 178
7427 25
7428 8
7429 66
7430 26
7431 133
7432 17
7433 84
7434 51
7435 24
7436 59
7437 112
7438 87
7439 93
7440 119
7441 186
7442 20
7443 130
7444 38
7445 159
7446 102
7447 94
7448 125
7449 55
7450 170
7451 10
7452 158
7453 40
7454 194
7455 189
7456 100
7457 14
7458 106
7459 63
7460 54
7461 127
7462 44
7463 26
7464 188
7465 153
7466 157
7467 200
7468 115
7469 137
7470 130
7471 17
7472 65
7473 43
7474 102
7475 39
7476 40
7477 173
7478 114
7479 19
7480 180
7481 131
7482 47
7483 181
7484 53
7485 191
7486 52
7487 11
7488 27
7489 46
7490 75
7491 122
7492 52
7493 86
7494 60
7495 110
7496 87
7497 6
7498 61
7499 12
7500 118
7501 159
7502 42
7503 93
7504 165
7505 133
7506 142
7507 11
7508 62
7509 52
7510 19
7511 53
7512 148
7513 61
7514 190
7515 117
7516 77
7517 54
7518 53
7519 38
7520 57
7521 177
7522 61
7523 27
7524 181
7525 11
7526 137
7527 97
7528 98
7529 52
7530 165
7531 128
7532 107
7533 169
7534 163
7535 185
7536 170
7537 152
7538 8
7539 74
7540 197
7541 52
7542 135
7543 77
7544 97
7545 159
7546 146
7547 140
7548 127
7549 71
7550 133
7551 72
7552 102
7553 165
7554 117
7555 155
7556 56
7557 116
7558 119
7559 140
7560 95
7561 145
7562 101
7563 144
7564 89
7565 128
7566 155
7567 23
7568 67
7569 123
7570 40
7571 92
7572 110
7573 40
7574 149
7575 70
7576 132
7577 72
7578 74
7579 13
7580 140
7581 173
7582 117
7583 48
7584 71
7585 67
7586 15
7587 101
7588 177
7589 71
7590 93
7591 89
7592 194
7593 98
7594 181
7595 130
7596 34
7597 48
7598 94
7599 93
7600 132
7601 41
7602 72
7603 149
7604 2
7605 106
7606 133
7607 114
7608 179
7609 184
7610 104
7611 18
7612 188
7613 154
7614 192
7615 145
7616 167
7617 25
7618 64
7619 49
7620 59
7621 170
7622 198
7623 13
7624 132
7625 157
7626 3
7627 132
7628 124
7629 68
7630 71
7631 175
7632 120
7633 85
7634 79
7635 18
7636 46
7637 32
7638 162
7639 199
7640 45
7641 188
7642 92
7643 183
7644 164
7645 65
7646 105
7647 183
7648 190
7649 74
7650 133
7651 8
7652 191
7653 9
7654 43
7655 85
7656 159
7657 81
7658 33
7659 57
7660 85
7661 154
7662 120
7663 175
7664 167
7665 155
7666 163
7667 103
7668 111
7669 200
7670 27
7671 90
7672 164
7673 145
7674 140
7675 160
7676 53
7677 27
7678 160
7679 116
7680 58
7681 76
7682 89
7683 31
7684 190
7685 186
7686 196
7687 106
7688 116
7689 70
7690 196
7691 188
7692 140
7693 13
7694 39
7695 145
7696 31
7697 97
7698 27
7699 32
7700 196
7701 36
7702 187
7703 51
7704 4
7705 87
7706 65
7707 167
7708 121
7709 179
7710 148
7711 121
7712 192
7713 47
7714 122
7715 99
7716 155
7717 40
7718 146
7719 71
7720 97
7721 8
7722 119
7723 140
7724 113
7725 83
7726 162
7727 92
7728 20
7729 98
7730 45
7731 60
7732 183
7733 105
7734 64
7735 194
7736 173
7737 97
7738 133
7739 175
7740 137
7741 10
7742 111
7743 125
7744 43
7745 66
7746 142
7747 197
7748 150
7749 73
7750 152
7751 196
7752 165
7753 29
7754 178
7755 68
7756 166
7757 106
7758 20
7759 7
7760 31
7761 194
7762 109
7763 68
7764 142
7765 130
7766 69
7767 81
7768 131
7769 151
7770 180
7771 172
7772 18
7773 79
7774 88
7775 150
7776 85
7777 4
7778 88
7779 3
7780 112
7781 106
7782 95
7783 46
7784 45
7785 49
7786 143
7787 194
7788 76
7789 172
7790 82
7791 97
7792 122
7793 79
7794 162
7795 98
7796 197
7797 152
7798 130
7799 77
7800 5
7801 22
7802 38
7803 107
7804 88
7805 199
7806 189
7807 189
7808 103
7809 186
7810 98
7811 63
7812 117
7813 198
7814 170
7815 164
7816 53
7817 192
7818 122
7819 21
7820 169
7821 155
7822 115
7823 18
7824 164
7825 42
7826 97
7827 106
7828 4
7829 174
7830 193
7831 4
7832 41
7833 47
7834 175
7835 176
7836 178
7837 114
7838 154
7839 140
7840 174
7841 82
7842 81
7843 49
7844 188
7845 158
7846 58
7847 120
7848 176
7849 11
7850 113
7851 181
7852 147
7853 91
7854 42
7855 14
7856 100
7857 109
7858 185
7859 111
7860 86
7861 194
7862 178
7863 88
7864 169
7865 31
7866 155
7867 31
7868 107
7869 157
7870 76
7871 152
7872 85
7873 6
7874 79
7875 11
7876 165
7877 7
7878 65
7879 78
7880 167
7881 66
7882 165
7883 107
7884 130
7885 189
7886 87
7887 107
7888 45
7889 191
7890 23
7891 14
7892 198
7893 174
7894 137
7895 54
7896 186
7897 9
7898 182
7899 23
7900 108
7901 100
7902 188
7903 103
7904 64
7905 56
7906 172
7907 95
7908 29
7909 5
7910 181
7911 55
7912 82
7913 194
7914 112
7915 81
7916 9
7917 39
7918 64
7919 3
7920 143
7921 73
7922 141
7923 183
7924 194
7925 2
7926 35
7927 87
7928 34
7929 124
7930 130
7931 115
7932 153
7933 117
7934 93
7935 129
7936 3
7937 99
7938 72
7939 24
7940 186
7941 52
7942 66
7943 177
7944 24
7945 193
7946 8
7947 12
7948 187
7949 138
7950 23
7951 125
7952 129
7953 178
7954 3
7955 42
7956 121
7957 93
7958 158
7959 75
7960 189
7961 87
7962 114
7963 166
7964 172
7965 63
7966 97
7967 31
7968 159
7969 32
7970 192
7971 52
7972 150
7973 7
7974 193
7975 27
7976 30
7977 61
7978 25
7979 200
7980 190
7981 151
7982 61
7983 141
7984 177
7985 180
7986 115
7987 57
7988 140
7989 199
7990 1
7991 143
7992 192
7993 181
7994 148
7995 52
7996 182
7997 54
7998 171
7999 0
8000 173
8001 63
8002 11
8003 25
8004 29
8005 118
8006 58
8007 149
8008 89
8009 83
8010 147
8011 6
8012 201
8013 128
8014 120
8015 133
8016 179
8017 113
8018 159
8019 80
8020 187
8021 91
8022 3
8023 45
8024 80
8025 24
8026 128
8027 153
8028 87
8029 7
8030 180
8031 23
8032 69
8033 0
8034 104
8035 11
8036 199
8037 102
8038 119
8039 119
8040 152
8041 172
8042 68
8043 165
8044 161
8045 134
8046 68
8047 56
8048 93
8049 167
8050 8
8051 112
8052 155
8053 122
8054 16
8055 12
8056 23
8057 125
8058 67
8059 122
8060 59
8061 19
8062 163
8063 160
8064 187
8065 153
8066 188
8067 65
8068 23
8069 117
8070 17
8071 103
8072 166
8073 166
8074 89
8075 178
8076 32
8077 138
8078 68
8079 164
8080 48
8081 77
8082 72
8083 69
8084 155
8085 70
8086 148
8087 141
8088 128
8089 60
8090 169
8091 65
8092 128
8093 175
8094 149
8095 43
8096 138
8097 106
8098 64
8099 95
8100 37
8101 65
8102 36
8103 26
8104 169
8105 117
8106 56
8107 183
8108 30
8109 114
8110 60
8111 101
8112 181
8113 153
8114 40
8115 104
8116 4
8117 113
8118 10
8119 18
8120 38
8121 192
8122 12
8123 154
8124 48
8125 151
8126 26
8127 136
8128 14
8129 153
8130 70
8131 33
8132 55
8133 118
8134 145
8135 125
8136 23
8137 44
8138 43
8139 185
8140 20
8141 115
8142 62
8143 98
8144 122
8145 31
8146 105
8147 128
8148 119
8149 56
8150 166
8151 21
8152 32
8153 124
8154 25
8155 170
8156 87
8157 76
8158 161
8159 177
8160 17
8161 28
8162 108
8163 128
8164 79
8165 34
8166 42
8167 39
8168 166
8169 97
8170 60
8171 27
8172 194
8173 10
8174 46
8175 160
8176 107
8177 11
8178 5
8179 117
8180 120
8181 49
8182 78
8183 36
8184 182
8185 103
8186 42
8187 25
8188 200
8189 160
8190 128
8191 164
8192 36
8193 72
8194 141
8195 90
8196 153
8197 121
8198 123
8199 41
8200 56
8201 179
8202 165
8203 76
8204 4
8205 9
8206 3
8207 129
8208 190
8209 114
8210 118
8211 12
8212 150
8213 10
8214 176
8215 175
8216 97
8217 135
8218 32
8219 156
8220 89
8221 186
8222 177
8223 102
8224 13
8225 126
8226 71
8227 154
8228 120
8229 43
8230 56
8231 96
8232 147
8233 152
8234 89
8235 171
8236 136
8237 139
8238 30
8239 62
8240 70
8241 132
8242 35
8243 112
8244 184
8245 126
8246 48
8247 92
8248 21
8249 58
8250 183
8251 133
8252 4
8253 131
8254 102
8255 170
8256 99
8257 122
8258 162
8259 97
8260 101
8261 117
8262 105
8263 89
8264 18
8265 109
8266 198
8267 35
8268 27
8269 68
8270 164
8271 201
8272 87
8273 105
8274 79
8275 201
8276 28
8277 192
8278 50
8279 88
8280 48
8281 143
8282 86
8283 65
8284 35
8285 167
8286 115
8287 27
8288 125
8289 149
8290 17
8291 42
8292 152
8293 14
8294 73
8295 81
8296 2
8297 180
8298 192
8299 165
8300 136
8301 195
8302 149
8303 16
8304 29
8305 42
8306 57
8307 113
8308 158
8309 136
8310 153
8311 92
8312 92
8313 106
8314 174
8315 171
8316 149
8317 7
8318 29
8319 176
8320 151
8321 71
8322 107
8323 105
8324 4
8325 18
8326 134
8327 173
8328 117
8329 19
8330 104
8331 78
8332 101
8333 103
8334 38
8335 142
8336 35
8337 38
8338 200
8339 128
8340 150
8341 100
8342 69
8343 118
8344 86
8345 169
8346 49
8347 123
8348 80
8349 198
8350 161
8351 112
8352 116
8353 132
8354 41
8355 98
8356 87
8357 29
8358 106
8359 95
8360 179
8361 171
8362 153
8363 129
8364 13
8365 88
8366 148
8367 57
8368 137
8369 42
8370 75
8371 163
8372 40
8373 74
8374 104
8375 4
8376 149
8377 158
8378 150
8379 128
8380 186
8381 133
8382 139
8383 11
8384 199
8385 31
8386 0
8387 81
8388 55
8389 84
8390 143
8391 88
8392 87
8393 178
8394 190
8395 71
8396 195
8397 125
8398 11
8399 163
8400 0
8401 13
8402 148
8403 42
8404 43
8405 187
8406 166
8407 119
8408 136
8409 149
8410 73
8411 119
8412 158
8413 178
8414 182
8415 69
8416 196
8417 160
8418 117
8419 8
8420 74
8421 186
8422 182
8423 113
8424 135
8425 156
8426 141
8427 180
8428 8
8429 37
8430 19
8431 68
8432 81
8433 129
8434 16
8435 21
8436 200
8437 116
8438 76
8439 134
8440 189
8441 47
8442 23
8443 0
8444 16
8445 107
8446 121
8447 173
8448 10
8449 38
8450 66
8451 94
8452 187
8453 1
8454 4
8455 158
8456 150
8457 129
8458 113
8459 113
8460 43
8461 33
8462 117
8463 39
8464 194
8465 32
8466 45
8467 37
8468 35
8469 76
8470 91
8471 193
8472 152
8473 186
8474 14
8475 69
8476 11
8477 9
8478 125
8479 105
8480 179
8481 6
8482 68
8483 129
8484 163
8485 45
8486 13
8487 148
8488 183
8489 63
8490 31
8491 74
8492 0
8493 33
8494 150
8495 72
8496 192
8497 7
8498 133
8499 136
8500 140
8501 185
8502 179
8503 8
8504 108
8505 100
8506 80
8507 146
8508 39
8509 14
8510 113
8511 57
8512 50
8513 103
8514 103
8515 33
8516 196
8517 115
8518 162
8519 182
8520 28
8521 36
8522 156
8523 96
8524 186
8525 83
8526 119
8527 104
8528 99
8529 152
8530 12
8531 87
8532 187
8533 150
8534 90
8535 3
8536 107
8537 137
8538 113
8539 30
8540 35
8541 168
8542 189
8543 65
8544 113
8545 164
8546 132
8547 103
8548 151
8549 90
8550 27
8551 129
8552 100
8553 69
8554 44
8555 85
8556 22
8557 111
8558 160
8559 22
8560 86
8561 115
8562 159
8563 46
8564 123
8565 16
8566 14
8567 61
8568 106
8569 152
8570 14
8571 21
8572 153
8573 137
8574 107
8575 26
8576 88
8577 77
8578 54
8579 50
8580 42
8581 49
8582 129
8583 193
8584 181
8585 109
8586 5
8587 5
8588 65
8589 140
8590 157
8591 71
8592 56
8593 82
8594 51
8595 118
8596 14
8597 165
8598 200
8599 3
8600 118
8601 92
8602 189
8603 118
8604 1
8605 126
8606 156
8607 161
8608 65
8609 67
8610 112
8611 151
8612 24
8613 121
8614 199
8615 130
8616 127
8617 105
8618 0
8619 159
8620 80
8621 102
8622 95
8623 34
8624 152
8625 98
8626 72
8627 165
8628 136
8629 158
8630 28
8631 184
8632 130
8633 50
8634 38
8635 47
8636 57
8637 9
8638 172
8639 71
8640 80
8641 90
8642 98
8643 99
8644 126
8645 132
8646 153
8647 69
8648 41
8649 79
8650 112
8651 67
8652 160
8653 19
8654 179
8655 124
8656 22
8657 172
8658 40
8659 196
8660 2
8661 92
8662 143
8663 55
8664 165
8665 119
8666 129
8667 108
8668 91
8669 172
8670 53
8671 71
8672 176
8673 54
8674 164
8675 75
8676 65
8677 78
8678 62
8679 99
8680 61
8681 14
8682 62
8683 76
8684 55
8685 141
8686 1
8687 96
8688 115
8689 62
8690 175
8691 14
8692 164
8693 62
8694 23
8695 58
8696 98
8697 184
8698 50
8699 95
8700 82
8701 136
8702 16
8703 194
8704 158
8705 48
8706 43
8707 78
8708 30
8709 62
8710 188
8711 136
8712 164
8713 196
8714 79
8715 165
8716 33
8717 83
8718 113
8719 82
8720 63
8721 123
8722 30
8723 39
8724 187
8725 170
8726 24
8727 162
8728 190
8729 116
8730 14
8731 83
8732 113
8733 65
8734 46
8735 147
8736 144
8737 2
8738 131
8739 110
8740 185
8741 195
8742 142
8743 76
8744 142
8745 29
8746 36
8747 193
8748 168
8749 80
8750 100
8751 105
8752 80
8753 111
8754 15
8755 19
8756 180
8757 79
8758 95
8759 133
8760 4
8761 7
8762 69
8763 171
8764 162
8765 164
8766 135
8767 72
8768 49
8769 4
8770 62
8771 175
8772 157
8773 26
8774 95
8775 198
8776 175
8777 168
8778 94
8779 188
8780 47
8781 53
8782 72
8783 37
8784 160
8785 104
8786 18
8787 196
8788 57
8789 133
8790 187
8791 6
8792 119
8793 83
8794 144
8795 48
8796 65
8797 198
8798 88
8799 196
8800 3
8801 93
8802 7
8803 140
8804 10
8805 0
8806 184
8807 99
8808 57
8809 200
8810 86
8811 109
8812 134
8813 44
8814 165
8815 12
8816 199
8817 54
8818 40
8819 85
8820 51
8821 151
8822 178
8823 133
8824 73
8825 15
8826 181
8827 187
8828 130
8829 67
8830 128
8831 41
8832 186
8833 3
8834 59
8835 156
8836 113
8837 41
8838 172
8839 85
8840 91
8841 128
8842 68
8843 39
8844 21
8845 157
8846 7
8847 149
8848 132
8849 38
8850 160
8851 159
8852 162
8853 78
8854 170
8855 68
8856 174
8857 1
8858 61
8859 197
8860 84
8861 152
8862 193
8863 36
8864 13
8865 36
8866 79
8867 68
8868 0
8869 52
8870 175
8871 70
8872 116
8873 53
8874 164
8875 24
8876 89
8877 191
8878 58
8879 132
8880 148
8881 89
8882 182
8883 83
8884 86
8885 96
8886 78
8887 54
8888 33
8889 151
8890 131
8891 190
8892 58
8893 52
8894 34
8895 88
8896 89
8897 128
8898 52
8899 37
8900 175
8901 108
8902 197
8903 142
8904 163
8905 135
8906 116
8907 105
8908 36
8909 139
8910 115
8911 14
8912 154
8913 33
8914 26
8915 188
8916 168
8917 118
8918 92
8919 148
8920 156
8921 51
8922 80
8923 74
8924 85
8925 114
8926 26
8927 129
8928 53
8929 145
8930 192
8931 71
8932 169
8933 153
8934 186
8935 187
8936 117
8937 189
8938 0
8939 78
8940 112
8941 46
8942 32
8943 22
8944 50
8945 192
8946 85
8947 27
8948 154
8949 22
8950 133
8951 25
8952 65
8953 160
8954 142
8955 17
8956 68
8957 55
8958 163
8959 60
8960 90
8961 122
8962 93
8963 35
8964 119
8965 74
8966 95
8967 2
8968 164
8969 172
8970 126
8971 175
8972 47
8973 144
8974 121
8975 187
8976 6
8977 6
8978 45
8979 102
8980 22
8981 94
8982 139
8983 169
8984 188
8985 30
8986 25
8987 201
8988 51
8989 20
8990 58
8991 105
8992 0
8993 104
8994 117
8995 0
8996 117
8997 34
8998 196
8999 42
9000 11
9001 162
9002 76
9003 90
9004 28
9005 166
9006 24
9007 75
9008 92
9009 94
9010 0
9011 59
9012 15
9013 34
9014 12
9015 30
9016 77
9017 96
9018 170
9019 137
9020 79
9021 163
9022 15
9023 160
9024 147
9025 176
9026 66
9027 201
9028 193
9029 141
9030 85
9031 156
9032 27
9033 4
9034 190
9035 75
9036 153
9037 7
9038 95
9039 115
9040 31
9041 92
9042 111
9043 61
9044 140
9045 197
9046 200
9047 129
9048 157
9049 107
9050 9
9051 88
9052 150
9053 36
9054 119
9055 177
9056 12
9057 112
9058 16
9059 153
9060 55
9061 150
9062 114
9063 32
9064 79
9065 166
9066 83
9067 90
9068 14
9069 42
9070 139
9071 120
9072 58
9073 117
9074 100
9075 66
9076 168
9077 56
9078 8
9079 140
9080 51
9081 16
9082 91
9083 29
9084 113
9085 12
9086 16
9087 106
9088 63
9089 37
9090 133
9091 64
9092 20
9093 4
9094 165
9095 43
9096 59
9097 96
9098 189
9099 149
9100 21
9101 74
9102 24
9103 38
9104 7
9105 147
9106 82
9107 178
9108 121
9109 71
9110 170
9111 119
9112 74
9113 74
9114 188
9115 107
9116 74
9117 53
9118 1
9119 172
9120 180
9121 52
9122 84
9123 82
9124 18
9125 34
9126 26
9127 50
9128 193
9129 84
9130 48
9131 22
9132 85
9133 195
9134 33
9135 85
9136 30
9137 35
9138 130
9139 17
9140 18
9141 104
9142 91
9143 186
9144 22
9145 49
9146 125
9147 183
9148 4
9149 53
9150 92
9151 40
9152 171
9153 13
9154 82
9155 129
9156 105
9157 182
9158 72
9159 27
9160 131
9161 9
9162 193
9163 94
9164 115
9165 61
9166 102
9167 18
9168 70
9169 201
9170 112
9171 8
9172 23
9173 104
9174 71
9175 2
9176 80
9177 174
9178 89
9179 156
9180 181
9181 86
9182 135
9183 16
9184 44
9185 36
9186 189
9187 171
9188 120
9189 133
9190 44
9191 106
9192 7
9193 180
9194 135
9195 25
9196 3
9197 51
9198 102
9199 14
9200 3
9201 163
9202 82
9203 183
9204 29
9205 92
9206 114
9207 149
9208 23
9209 180
9210 111
9211 152
9212 48
9213 190
9214 19
9215 19
9216 65
9217 157
9218 134
9219 90
9220 64
9221 104
9222 1
9223 78
9224 34
9225 151
9226 74
9227 12
9228 146
9229 53
9230 76
9231 26
9232 123
9233 137
9234 67
9235 95
9236 104
9237 98
9238 188
9239 78
9240 81
9241 142
9242 1
9243 182
9244 106
9245 73
9246 121
9247 75
9248 147
9249 33
9250 21
9251 110
9252 136
9253 175
9254 167
9255 24
9256 127
9257 31
9258 56
9259 161
9260 29
9261 189
9262 103
9263 80
9264 70
9265 135
9266 63
9267 130
9268 95
9269 181
9270 147
9271 93
9272 135
9273 72
9274 186
9275 186
9276 63
9277 110
9278 122
9279 147
9280 65
9281 90
9282 35
9283 131
9284 111
9285 31
9286 179
9287 184
9288 156
9289 75
9290 48
9291 199
9292 156
9293 165
9294 34
9295 113
9296 31
9297 112
9298 163
9299 73
9300 129
9301 91
9302 32
9303 12
9304 53
9305 115
9306 154
9307 179
9308 183
9309 156
9310 54
9311 37
9312 63
9313 55
9314 141
9315 88
9316 84
9317 31
9318 141
9319 168
9320 142
9321 133
9322 118
9323 28
9324 172
9325 80
9326 163
9327 146
9328 144
9329 179
9330 66
9331 12
9332 115
9333 82
9334 93
9335 15
9336 52
9337 93
9338 102
9339 14
9340 15
9341 53
9342 140
9343 65
9344 84
9345 175
9346 167
9347 12
9348 187
9349 59
9350 28
9351 45
9352 90
9353 30
9354 143
9355 36
9356 126
9357 198
9358 117
9359 106
9360 190
9361 95
9362 179
9363 89
9364 174
9365 46
9366 102
9367 172
9368 182
9369 89
9370 187
9371 177
9372 40
9373 85
9374 151
9375 112
9376 11
9377 191
9378 36
9379 175
9380 16
9381 173
9382 175
9383 137
9384 106
9385 52
9386 87
9387 120
9388 116
9389 4
9390 201
9391 120
9392 55
9393 114
9394 85
9395 168
9396 173
9397 92
9398 37
9399 7
9400 104
9401 179
9402 115
9403 90
9404 168
9405 178
9406 71
9407 32
9408 134
9409 164
9410 133
9411 167
9412 181
9413 104
9414 34
9415 159
9416 136
9417 25
9418 149
9419 106
9420 133
9421 161
9422 170
9423 35
9424 182
9425 164
9426 3
9427 70
9428 195
9429 118
9430 58
9431 145
9432 73
9433 154
9434 64
9435 17
9436 55
9437 3
9438 25
9439 88
9440 13
9441 189
9442 133
9443 199
9444 128
9445 79
9446 37
9447 62
9448 151
9449 163
9450 175
9451 175
9452 12
9453 31
9454 41
9455 28
9456 135
9457 22
9458 2
9459 32
9460 153
9461 200
9462 127
9463 50
9464 83
9465 92
9466 86
9467 125
9468 172
9469 79
9470 37
9471 77
9472 172
9473 67
9474 91
9475 99
9476 32
9477 8
9478 171
9479 47
9480 164
9481 85
9482 152
9483 116
9484 44
9485 102
9486 30
9487 160
9488 74
9489 186
9490 181
9491 79
9492 91
9493 169
9494 51
9495 33
9496 63
9497 144
9498 46
9499 59
9500 110
9501 78
9502 185
9503 118
9504 198
9505 29
9506 35
9507 113
9508 26
9509 162
9510 147
9511 122
9512 29
9513 13
9514 156
9515 98
9516 164
9517 14
9518 163
9519 169
9520 199
9521 195
9522 96
9523 103
9524 49
9525 62
9526 130
9527 119
9528 155
9529 131
9530 150
9531 93
9532 117
9533 22
9534 77
9535 56
9536 64
9537 149
9538 101
9539 181
9540 9
9541 167
9542 5
9543 57
9544 18
9545 186
9546 187
9547 29
9548 89
9549 115
9550 75
9551 143
9552 177
9553 79
9554 42
9555 73
9556 51
9557 102
9558 10
9559 137
9560 83
9561 153
9562 9
9563 46
9564 33
9565 152
9566 45
9567 66
9568 61
9569 61
9570 133
9571 152
9572 133
9573 75
9574 194
9575 120
9576 136
9577 191
9578 69
9579 135
9580 19
9581 192
9582 172
9583 166
9584 48
9585 71
9586 196
9587 171
9588 88
9589 42
9590 85
9591 91
9592 170
9593 194
9594 53
9595 193
9596 36
9597 29
9598 98
9599 131
9600 201
9601 0
9602 178
9603 66
9604 3
9605 115
9606 85
9607 179
9608 0
9609 13
9610 142
9611 86
9612 69
9613 182
9614 34
9615 80
9616 62
9617 117
9618 149
9619 82
9620 37
9621 39
9622 174
9623 13
9624 157
9625 71
9626 73
9627 117
9628 134
9629 50
9630 103
9631 7
9632 189
9633 190
9634 13
9635 183
9636 192
9637 53
9638 97
9639 192
9640 101
9641 88
9642 34
9643 41
9644 101
9645 195
9646 81
9647 199
9648 178
9649 3
9650 157
9651 86
9652 104
9653 101
9654 47
9655 179
9656 133
9657 101
9658 88
9659 135
9660 93
9661 89
9662 14
9663 67
9664 77
9665 101
9666 26
9667 72
9668 178
9669 184
9670 188
9671 102
9672 144
9673 44
9674 121
9675 4
9676 163
9677 189
9678 186
9679 52
9680 89
9681 95
9682 149
9683 20
9684 90
9685 0
9686 84
9687 134
9688 67
9689 119
9690 195
9691 183
9692 175
9693 140
9694 85
9695 109
9696 133
9697 155
9698 50
9699 190
9700 87
9701 17
9702 200
9703 43
9704 127
9705 39
9706 15
9707 30
9708 2
9709 89
9710 70
9711 152
9712 24
9713 0
9714 145
9715 16
9716 65
9717 146
9718 172
9719 129
9720 155
9721 37
9722 76
9723 34
9724 106
9725 59
9726 86
9727 16
9728 104
9729 72
9730 68
9731 3
9732 158
9733 201
9734 16
9735 199
9736 50
9737 21
9738 153
9739 80
9740 1
9741 146
9742 137
9743 13
9744 26
9745 191
9746 36
9747 106
9748 109
9749 124
9750 134
9751 29
9752 23
9753 19
9754 47
9755 160
9756 72
9757 116
9758 160
9759 22
9760 94
9761 23
9762 55
9763 87
9764 139
9765 51
9766 85
9767 96
9768 57
9769 154
9770 126
9771 107
9772 156
9773 69
9774 134
9775 36
9776 7
9777 160
9778 56
9779 53
9780 68
9781 172
9782 84
9783 1
9784 108
9785 13
9786 74
9787 147
9788 166
9789 36
9790 195
9791 143
9792 59
9793 63
9794 61
9795 200
9796 140
9797 31
9798 33
9799 178
9800 27
9801 160
9802 166
9803 55
9804 52
9805 19
9806 5
9807 48
9808 84
9809 58
9810 170
9811 85
9812 28
9813 15
9814 47
9815 36
9816 70
9817 53
9818 10
9819 97
9820 82
9821 79
9822 143
9823 190
9824 122
9825 68
9826 173
9827 198
9828 76
9829 96
9830 18
9831 197
9832 156
9833 67
9834 0
9835 135
9836 77
9837 19
9838 23
9839 10
9840 121
9841 58
9842 33
9843 115
9844 75
9845 144
9846 188
9847 29
9848 57
9849 59
9850 13
9851 92
9852 6
9853 186
9854 59
9855 67
9856 27
9857 170
9858 199
9859 29
9860 77
9861 67
9862 54
9863 57
9864 146
9865 11
9866 39
9867 85
9868 2
9869 194
9870 95
9871 117
9872 32
9873 200
9874 86
9875 147
9876 18
9877 2
9878 183
9879 150
9880 61
9881 35
9882 65
9883 33
9884 35
9885 82
9886 127
9887 154
9888 152
9889 145
9890 170
9891 45
9892 134
9893 135
9894 178
9895 165
9896 20
9897 2
9898 170
9899 146
9900 156
9901 108
9902 191
9903 89
9904 197
9905 186
9906 34
9907 177
9908 145
9909 137
9910 88
9911 27
9912 92
9913 1
9914 193
9915 33
9916 190
9917 70
9918 135
9919 186
9920 150
9921 44
9922 168
9923 166
9924 10
9925 34
9926 21
9927 70
9928 63
9929 102
9930 80
9931 121
9932 183
9933 84
9934 75
9935 14
9936 174
9937 144
9938 34
9939 113
9940 172
9941 126
9942 20
9943 182
9944 52
9945 0
9946 39
9947 113
9948 124
9949 23
9950 200
9951 126
9952 63
9953 12
9954 186
9955 138
9956 131
9957 190
9958 112
9959 132
9960 32
9961 8
9962 149
9963 42
9964 41
9965 73
9966 165
9967 101
9968 68
9969 96
9970 94
9971 121
9972 201
9973 39
9974 70
9975 8
9976 186
9977 113
9978 43
9979 114
9980 75
9981 17
9982 3
9983 199
9984 197
9985 85
9986 105
9987 155
9988 176
9989 9
9990 157
9991 81
9992 170
9993 182
9994 23
9995 84
9996 11
9997 131
9998 46
9999 174
