0 491
1 26
2 491
3 1819
4 491
5 26
6 92
7 5
8 1
9 0
10 1662
11 4
12 197
13 1662
14 1662
15 0
16 2
17 6
18 7
19 2
20 1
21 4
22 1739
23 1662
24 1662
25 1237
26 1188
27 97
28 1237
29 1237
30 124
31 2
32 0
33 1940
34 22
35 1188
36 1424
37 1115
38 1019
39 1120
40 980
41 240
42 1019
43 1019
44 1019
45 0
46 0
47 676
48 84
49 5
50 87
51 5
52 0
53 84
54 268
55 363
56 306
57 25
58 23
59 106
60 0
61 0
62 3
63 6
64 25
65 1732
66 864
67 236
68 865
69 212
70 864
71 27
72 1
73 1307
74 1355
75 1312
76 747
77 1307
78 1
79 1312
80 1044
81 1044
82 1049
83 0
84 1032
85 1
86 1032
87 9
88 1383
89 826
90 108
91 1383
92 818
93 958
94 157
95 1597
96 818
97 1
98 7
99 14
100 157
101 958
102 574
103 574
104 544
105 574
106 0
107 742
108 50
109 557
110 10
111 50
112 1090
113 283
114 247
115 369
116 913
117 1090
118 1
119 0
120 1482
121 1048
122 7
123 1048
124 1048
125 1048
126 1357
127 1469
128 29
129 976
130 1906
131 1469
132 1469
133 31
134 1482
135 988
136 6
137 123
138 791
139 48
140 791
141 811
142 791
143 29
144 93
145 48
146 418
147 418
148 24
149 31
150 50
151 5
152 1318
153 1438
154 1438
155 3
156 1258
157 3
158 1258
159 879
160 879
161 204
162 63
163 0
164 63
165 815
166 815
167 815
168 817
169 802
170 118
171 563
172 815
173 1200
174 1336
175 1166
176 1200
177 1200
178 1
179 1336
180 1608
181 743
182 76
183 90
184 1147
185 81
186 453
187 369
188 1608
189 76
190 1553
191 1231
192 56
193 101
194 56
195 1866
196 4
197 1227
198 164
199 17
200 1236
201 58
202 247
203 1
204 196
205 1235
206 374
207 434
208 1
209 918
210 918
211 1010
212 1242
213 1188
214 1010
215 1195
216 0
217 385
218 385
219 385
220 0
221 1977
222 34
223 1989
224 52
225 16
226 117
227 1
228 68
229 7
230 1
231 44
232 45
233 52
234 1977
235 43
236 245
237 196
238 34
239 1955
240 498
241 2
242 1787
243 1719
244 1787
245 59
246 96
247 244
248 1787
249 4
250 1
251 513
252 513
253 513
254 514
255 514
256 513
257 513
258 567
259 567
260 567
261 567
262 0
263 953
264 229
265 33
266 3
267 21
268 33
269 229
270 1250
271 1305
272 1250
273 3
274 3
275 6
276 1201
277 1201
278 3
279 3
280 1201
281 21
282 367
283 21
284 862
285 21
286 194
287 1
288 1
289 21
290 194
291 367
292 1748
293 146
294 1748
295 24
296 27
297 600
298 856
299 4
300 4
301 1010
302 1038
303 1010
304 1010
305 1010
306 0
307 57
308 3
309 6
310 243
311 1038
312 1010
313 903
314 903
315 429
316 121
317 429
318 33
319 1
320 33
321 99
322 76
323 1479
324 897
325 898
326 897
327 897
328 897
329 237
330 235
331 1303
332 739
333 125
334 196
335 23
336 125
337 196
338 1300
339 739
340 1303
341 509
342 519
343 529
344 531
345 510
346 509
347 529
348 1022
349 33
350 1915
351 1714
352 17
353 1022
354 4
355 14
356 33
357 17
358 33
359 60
360 1455
361 1022
362 1324
363 1618
364 1600
365 536
366 356
367 362
368 777
369 117
370 0
371 3
372 6
373 15
374 6
375 6
376 1604
377 15
378 1126
379 1198
380 100
381 117
382 362
383 356
384 861
385 71
386 1906
387 100
388 116
389 1178
390 861
391 71
392 1293
393 1189
394 1235
395 1293
396 1
397 1198
398 1976
399 24
400 1976
401 10
402 93
403 2
404 49
405 24
406 83
407 1705
408 181
409 1703
410 672
411 1705
412 1955
413 56
414 1349
415 78
416 7
417 1734
418 729
419 1734
420 648
421 1734
422 1022
423 1022
424 1022
425 1022
426 1115
427 1115
428 145
429 914
430 172
431 728
432 1224
433 1052
434 12
435 104
436 1708
437 106
438 12
439 1052
440 336
441 63
442 1529
443 1366
444 64
445 535
446 535
447 1703
448 1560
449 535
450 1557
451 1557
452 40
453 204
454 1
455 204
456 1796
457 157
458 230
459 1342
460 1836
461 36
462 210
463 1590
464 36
465 1460
466 210
467 157
468 1431
469 1208
470 1097
471 1030
472 7
473 1208
474 1725
475 46
476 244
477 1725
478 2
479 244
480 1520
481 1520
482 121
483 1523
484 1520
485 1731
486 639
487 1731
488 0
489 6
490 3
491 1745
492 21
493 368
494 639
495 1001
496 1001
497 1450
498 1450
499 1450
500 1450
501 1450
502 465
503 465
504 8
505 5
506 1366
507 148
508 1366
509 1429
510 1363
511 242
512 30
513 1044
514 1366
515 956
516 956
517 951
518 956
519 56
520 120
521 0
522 1248
523 5
524 1829
525 5
526 1840
527 1345
528 1840
529 16
530 16
531 219
532 16
533 16
534 219
535 774
536 776
537 375
538 774
539 774
540 0
541 375
542 1113
543 1113
544 10
545 312
546 1854
547 1339
548 243
549 1100
550 1100
551 1100
552 476
553 216
554 476
555 6
556 36
557 476
558 453
559 1
560 347
561 235
562 14
563 140
564 168
565 140
566 55
567 235
568 294
569 294
570 1370
571 1446
572 44
573 1446
574 1946
575 1946
576 1946
577 1833
578 10
579 14
580 1977
581 1437
582 1833
583 89
584 1946
585 1169
586 1040
587 1811
588 1811
589 2
590 665
591 24
592 665
593 659
594 1693
595 469
596 125
597 74
598 0
599 125
600 74
601 1549
602 978
603 1549
604 1586
605 1549
606 978
607 1600
608 247
609 29
610 204
611 1676
612 82
613 482
614 457
615 8
616 808
617 2
618 4
619 1599
620 1586
621 12
622 12
623 43
624 12
625 85
626 12
627 933
628 1606
629 43
630 1599
631 1586
632 1869
633 541
634 960
635 818
636 541
637 541
638 541
639 6
640 960
641 1957
642 428
643 1651
644 1961
645 1957
646 1957
647 1961
648 226
649 1546
650 1870
651 7
652 428
653 831
654 831
655 111
656 111
657 861
658 831
659 1863
660 89
661 18
662 89
663 250
664 250
665 250
666 1978
667 127
668 3
669 1530
670 496
671 49
672 9
673 5
674 112
675 5
676 1231
677 1180
678 1239
679 32
680 32
681 1239
682 1180
683 467
684 805
685 451
686 237
687 3
688 813
689 19
690 937
691 813
692 23
693 19
694 813
695 737
696 621
697 27
698 560
699 7
700 877
701 877
702 877
703 2
704 1538
705 21
706 1538
707 1538
708 1562
709 1538
710 2
711 104
712 1880
713 468
714 1880
715 1880
716 1731
717 384
718 384
719 59
720 835
721 1986
722 240
723 240
724 240
725 1919
726 1919
727 16
728 531
729 514
730 525
731 514
732 529
733 976
734 550
735 982
736 976
737 976
738 550
739 849
740 860
741 325
742 7
743 325
744 849
745 1681
746 100
747 188
748 91
749 1959
750 463
751 91
752 188
753 849
754 1387
755 1099
756 685
757 1387
758 2
759 1387
760 1010
761 1010
762 1640
763 1456
764 7
765 1774
766 1710
767 1774
768 1774
769 1776
770 1382
771 1016
772 1382
773 610
774 1382
775 151
776 1427
777 1016
778 761
779 362
780 366
781 1174
782 589
783 761
784 761
785 808
786 3
787 6
788 14
789 6
790 110
791 761
792 607
793 366
794 362
795 246
796 125
797 125
798 246
799 1327
800 1749
801 127
802 11
803 140
804 127
805 1615
806 1749
807 1643
808 238
809 1988
810 929
811 930
812 0
813 17
814 438
815 1988
816 1192
817 1176
818 1192
819 1192
820 2
821 477
822 96
823 1760
824 43
825 1760
826 82
827 86
828 103
829 1760
830 3
831 1990
832 1710
833 1710
834 1695
835 1397
836 12
837 1397
838 2
839 720
840 33
841 1712
842 169
843 20
844 10
845 1124
846 169
847 28
848 35
849 123
850 1124
851 1712
852 71
853 246
854 732
855 703
856 1901
857 1901
858 1959
859 1901
860 1901
861 1049
862 1049
863 1
864 1046
865 1049
866 1178
867 1459
868 140
869 1272
870 1689
871 140
872 11
873 1272
874 48
875 1459
876 1689
877 1178
878 1738
879 1209
880 30
881 30
882 934
883 1348
884 7
885 1921
886 416
887 416
888 1921
889 197
890 1166
891 79
892 1166
893 10
894 25
895 115
896 952
897 2
898 79
899 1556
900 1119
901 35
902 28
903 165
904 3
905 494
906 494
907 496
908 5
909 191
910 191
911 191
912 141
913 808
914 1681
915 808
916 2
917 1681
918 1186
919 1547
920 1646
921 1186
922 1186
923 1163
924 1186
925 2
926 1865
927 1857
928 9
929 1873
930 795
931 29
932 1828
933 85
934 1865
935 4
936 728
937 167
938 242
939 728
940 728
941 167
942 51
943 8
944 790
945 51
946 441
947 441
948 1777
949 31
950 1865
951 10
952 1072
953 497
954 1473
955 1473
956 1874
957 1237
958 1743
959 1190
960 1842
961 416
962 416
963 319
964 204
965 173
966 503
967 126
968 503
969 1320
970 1053
971 1325
972 29
973 28
974 104
975 1810
976 825
977 1810
978 51
979 1481
980 1216
981 1212
982 1125
983 1125
984 72
985 360
986 864
987 57
988 41
989 573
990 296
991 9
992 4
993 161
994 920
995 161
996 1832
997 1832
998 1832
999 1842
1000 282
1001 282
1002 282
1003 312
1004 282
1005 1
1006 6
1007 4
1008 14
1009 1614
1010 1437
1011 694
1012 1305
1013 375
1014 52
1015 1437
1016 375
1017 694
1018 710
1019 706
1020 1698
1021 326
1022 84
1023 79
1024 710
1025 117
1026 5
1027 1980
1028 494
1029 1200
1030 1200
1031 1200
1032 1200
1033 1242
1034 1221
1035 1104
1036 33
1037 32
1038 49
1039 32
1040 49
1041 771
1042 771
1043 771
1044 771
1045 771
1046 771
1047 2
1048 105
1049 29
1050 31
1051 3
1052 11
1053 18
1054 99
1055 1161
1056 98
1057 1161
1058 1920
1059 105
1060 410
1061 63
1062 10
1063 42
1064 63
1065 467
1066 556
1067 1304
1068 1304
1069 1300
1070 3
1071 1304
1072 260
1073 163
1074 260
1075 32
1076 315
1077 163
1078 495
1079 495
1080 109
1081 58
1082 495
1083 109
1084 190
1085 1375
1086 125
1087 1873
1088 125
1089 1375
1090 35
1091 190
1092 1787
1093 729
1094 698
1095 1849
1096 1787
1097 729
1098 478
1099 62
1100 478
1101 7
1102 478
1103 1981
1104 1749
1105 13
1106 87
1107 1523
1108 527
1109 3
1110 13
1111 121
1112 35
1113 79
1114 1096
1115 1096
1116 1096
1117 1106
1118 1327
1119 40
1120 850
1121 1327
1122 1327
1123 5
1124 15
1125 40
1126 1342
1127 553
1128 553
1129 553
1130 916
1131 553
1132 553
1133 294
1134 294
1135 294
1136 454
1137 1270
1138 22
1139 1270
1140 511
1141 755
1142 529
1143 511
1144 511
1145 511
1146 529
1147 1503
1148 426
1149 17
1150 1364
1151 1537
1152 2
1153 1004
1154 1116
1155 1116
1156 231
1157 47
1158 91
1159 182
1160 1287
1161 35
1162 1203
1163 231
1164 35
1165 715
1166 37
1167 21
1168 717
1169 174
1170 18
1171 1055
1172 13
1173 15
1174 13
1175 18
1176 89
1177 1687
1178 262
1179 1687
1180 64
1181 1531
1182 892
1183 892
1184 684
1185 892
1186 796
1187 1591
1188 5
1189 850
1190 98
1191 37
1192 23
1193 1198
1194 1188
1195 1198
1196 380
1197 1738
1198 100
1199 380
1200 380
1201 4
1202 793
1203 238
1204 30
1205 265
1206 1111
1207 238
1208 408
1209 805
1210 660
1211 110
1212 117
1213 805
1214 471
1215 458
1216 895
1217 25
1218 577
1219 471
1220 25
1221 47
1222 1121
1223 895
1224 1771
1225 1427
1226 18
1227 348
1228 1427
1229 18
1230 1448
1231 182
1232 1359
1233 1448
1234 378
1235 378
1236 551
1237 333
1238 551
1239 551
1240 1343
1241 1343
1242 1698
1243 963
1244 49
1245 74
1246 1357
1247 1357
1248 6
1249 1366
1250 170
1251 211
1252 188
1253 236
1254 1589
1255 188
1256 236
1257 191
1258 125
1259 1677
1260 656
1261 731
1262 883
1263 89
1264 656
1265 31
1266 19
1267 883
1268 656
1269 144
1270 147
1271 142
1272 1906
1273 96
1274 147
1275 1215
1276 833
1277 1836
1278 847
1279 833
1280 1121
1281 1121
1282 31
1283 1121
1284 244
1285 1350
1286 575
1287 1213
1288 22
1289 22
1290 22
1291 558
1292 22
1293 72
1294 22
1295 6
1296 22
1297 72
1298 854
1299 1757
1300 854
1301 1626
1302 1966
1303 1626
1304 1021
1305 1021
1306 1021
1307 1021
1308 1020
1309 1096
1310 1021
1311 1021
1312 622
1313 16
1314 17
1315 66
1316 622
1317 94
1318 94
1319 1942
1320 1942
1321 11
1322 11
1323 349
1324 1127
1325 7
1326 29
1327 383
1328 497
1329 1249
1330 403
1331 1337
1332 190
1333 191
1334 218
1335 1963
1336 1963
1337 1838
1338 24
1339 1561
1340 1841
1341 27
1342 27
1343 307
1344 24
1345 97
1346 46
1347 1269
1348 1450
1349 1269
1350 1274
1351 128
1352 128
1353 128
1354 473
1355 4
1356 5
1357 1293
1358 1293
1359 16
1360 1342
1361 140
1362 795
1363 1703
1364 822
1365 795
1366 901
1367 901
1368 901
1369 262
1370 98
1371 98
1372 188
1373 132
1374 627
1375 132
1376 132
1377 712
1378 712
1379 16
1380 712
1381 1325
1382 1375
1383 43
1384 1301
1385 1325
1386 1325
1387 1375
1388 844
1389 157
1390 929
1391 11
1392 6
1393 205
1394 157
1395 844
1396 764
1397 764
1398 764
1399 41
1400 1088
1401 1088
1402 1088
1403 1088
1404 1088
1405 1732
1406 621
1407 102
1408 1461
1409 404
1410 1860
1411 46
1412 1805
1413 1865
1414 32
1415 1860
1416 1873
1417 32
1418 1624
1419 46
1420 958
1421 1328
1422 115
1423 656
1424 655
1425 656
1426 1767
1427 118
1428 1767
1429 4
1430 337
1431 1853
1432 1208
1433 1208
1434 1158
1435 858
1436 1158
1437 660
1438 972
1439 660
1440 673
1441 673
1442 743
1443 854
1444 804
1445 854
1446 1590
1447 70
1448 10
1449 119
1450 1796
1451 1549
1452 695
1453 1549
1454 1549
1455 14
1456 697
1457 697
1458 13
1459 626
1460 626
1461 1170
1462 1231
1463 1229
1464 951
1465 124
1466 76
1467 35
1468 1625
1469 5
1470 1514
1471 184
1472 932
1473 1514
1474 1514
1475 1514
1476 752
1477 83
1478 752
1479 32
1480 1116
1481 32
1482 866
1483 45
1484 83
1485 1116
1486 752
1487 83
1488 752
1489 752
1490 1163
1491 1163
1492 1163
1493 1461
1494 1163
1495 1163
1496 1223
1497 11
1498 1098
1499 736
1500 368
1501 736
1502 1574
1503 1911
1504 1574
1505 1469
1506 1620
1507 1237
1508 1911
1509 1809
1510 119
1511 1809
1512 1719
1513 34
1514 11
1515 341
1516 1825
1517 1593
1518 1116
1519 1099
1520 1108
1521 1116
1522 1795
1523 32
1524 1293
1525 32
1526 470
1527 470
1528 1742
1529 28
1530 201
1531 15
1532 470
1533 470
1534 1671
1535 1671
1536 1671
1537 1702
1538 1671
1539 1249
1540 24
1541 1737
1542 101
1543 24
1544 554
1545 1351
1546 3
1547 510
1548 30
1549 126
1550 126
1551 177
1552 41
1553 243
1554 243
1555 374
1556 15
1557 28
1558 73
1559 243
1560 9
1561 14
1562 243
1563 118
1564 43
1565 73
1566 243
1567 886
1568 887
1569 886
1570 1427
1571 2
1572 45
1573 737
1574 737
1575 215
1576 216
1577 992
1578 1534
1579 11
1580 1244
1581 1534
1582 1586
1583 1591
1584 1534
1585 1544
1586 1534
1587 900
1588 900
1589 851
1590 213
1591 900
1592 1838
1593 70
1594 207
1595 1174
1596 7
1597 70
1598 878
1599 878
1600 878
1601 14
1602 878
1603 1479
1604 1282
1605 856
1606 1282
1607 933
1608 933
1609 351
1610 35
1611 56
1612 755
1613 755
1614 10
1615 44
1616 164
1617 905
1618 873
1619 61
1620 905
1621 1873
1622 730
1623 65
1624 7
1625 1732
1626 65
1627 1704
1628 59
1629 1704
1630 9
1631 28
1632 1344
1633 2
1634 180
1635 1868
1636 1955
1637 52
1638 2
1639 361
1640 52
1641 1237
1642 1431
1643 451
1644 1431
1645 1369
1646 1929
1647 650
1648 575
1649 650
1650 744
1651 24
1652 69
1653 1926
1654 108
1655 24
1656 1218
1657 1000
1658 1218
1659 7
1660 1000
1661 1356
1662 1356
1663 623
1664 1708
1665 1356
1666 1701
1667 1127
1668 611
1669 8
1670 87
1671 1285
1672 1285
1673 90
1674 1285
1675 1285
1676 1285
1677 1285
1678 608
1679 608
1680 608
1681 1602
1682 563
1683 614
1684 576
1685 577
1686 64
1687 799
1688 592
1689 6
1690 1280
1691 616
1692 19
1693 207
1694 64
1695 100
1696 576
1697 614
1698 799
1699 1938
1700 46
1701 1938
1702 1938
1703 1938
1704 46
1705 1951
1706 1141
1707 457
1708 435
1709 1141
1710 1141
1711 111
1712 119
1713 435
1714 1141
1715 723
1716 723
1717 741
1718 969
1719 979
1720 723
1721 14
1722 969
1723 726
1724 192
1725 12
1726 315
1727 191
1728 323
1729 12
1730 1552
1731 1552
1732 1552
1733 1552
1734 1959
1735 41
1736 39
1737 424
1738 424
1739 10
1740 573
1741 215
1742 573
1743 834
1744 432
1745 1556
1746 834
1747 1694
1748 1562
1749 1556
1750 1694
1751 834
1752 1416
1753 1416
1754 87
1755 22
1756 1327
1757 1416
1758 1938
1759 84
1760 1938
1761 1938
1762 105
1763 248
1764 85
1765 84
1766 1404
1767 869
1768 1404
1769 118
1770 1758
1771 214
1772 1711
1773 1404
1774 1839
1775 113
1776 1731
1777 1636
1778 15
1779 347
1780 1839
1781 1
1782 1895
1783 593
1784 1895
1785 1895
1786 8
1787 47
1788 221
1789 1895
1790 593
1791 1404
1792 1375
1793 1404
1794 1375
1795 1668
1796 1668
1797 1668
1798 47
1799 563
1800 631
1801 563
1802 563
1803 7
1804 170
1805 992
1806 992
1807 1231
1808 29
1809 1469
1810 1081
1811 1099
1812 700
1813 1099
1814 1377
1815 34
1816 1377
1817 1562
1818 126
1819 96
1820 727
1821 1976
1822 727
1823 112
1824 1365
1825 1625
1826 1154
1827 1833
1828 1154
1829 1106
1830 18
1831 1511
1832 1258
1833 1511
1834 1511
1835 1511
1836 44
1837 38
1838 1511
1839 1618
1840 1444
1841 1258
1842 1559
1843 1534
1844 1258
1845 1510
1846 8
1847 1510
1848 1107
1849 1107
1850 30
1851 1107
1852 1107
1853 481
1854 78
1855 78
1856 216
1857 114
1858 95
1859 1181
1860 1196
1861 64
1862 1181
1863 1177
1864 1196
1865 223
1866 1878
1867 920
1868 1878
1869 42
1870 1878
1871 1878
1872 1054
1873 1054
1874 1054
1875 1044
1876 1399
1877 1168
1878 1047
1879 1168
1880 835
1881 24
1882 1367
1883 835
1884 4
1885 835
1886 1913
1887 1244
1888 24
1889 835
1890 1535
1891 1517
1892 1535
1893 161
1894 1313
1895 1313
1896 1313
1897 1134
1898 1240
1899 1696
1900 1585
1901 48
1902 69
1903 48
1904 1363
1905 64
1906 1810
1907 64
1908 352
1909 273
1910 52
1911 12
1912 1254
1913 12
1914 1579
1915 33
1916 583
1917 116
1918 1887
1919 33
1920 809
1921 83
1922 54
1923 663
1924 929
1925 980
1926 809
1927 809
1928 1330
1929 1330
1930 1330
1931 1330
1932 1330
1933 1331
1934 1330
1935 988
1936 32
1937 1104
1938 1388
1939 1388
1940 1109
1941 1957
1942 967
1943 1957
1944 633
1945 1618
1946 633
1947 928
1948 206
1949 928
1950 433
1951 1208
1952 29
1953 1319
1954 1208
1955 863
1956 1586
1957 44
1958 74
1959 44
1960 863
1961 44
1962 74
1963 1627
1964 1718
1965 49
1966 1176
1967 17
1968 1627
1969 1156
1970 9
1971 58
1972 1373
1973 1189
1974 366
1975 46
1976 249
1977 1635
1978 1635
1979 14
1980 1819
1981 1919
1982 338
1983 1919
1984 31
1985 7
1986 87
1987 14
1988 352
1989 16
1990 1926
1991 1129
1992 1129
1993 1378
1994 942
1995 1378
1996 1378
1997 942
1998 366
1999 895
2000 97
2001 54
2002 1340
2003 221
2004 97
2005 748
2006 182
2007 182
2008 1117
2009 1117
2010 1480
2011 1819
2012 1540
2013 1819
2014 1819
2015 985
2016 47
2017 47
2018 121
2019 985
2020 985
2021 44
2022 122
2023 1031
2024 867
2025 704
2026 1934
2027 1478
2028 1676
2029 114
2030 1769
2031 434
2032 1769
2033 1849
2034 1859
2035 125
2036 211
2037 236
2038 1730
2039 125
2040 211
2041 862
2042 46
2043 1789
2044 696
2045 141
2046 3
2047 141
2048 512
2049 512
2050 515
2051 512
2052 515
2053 1070
2054 1070
2055 1331
2056 1331
2057 943
2058 943
2059 943
2060 938
2061 23
2062 1797
2063 938
2064 23
2065 314
2066 1625
2067 191
2068 15
2069 626
2070 626
2071 1302
2072 154
2073 74
2074 1698
2075 176
2076 6
2077 10
2078 74
2079 18
2080 1902
2081 305
2082 1669
2083 1669
2084 1670
2085 1669
2086 1518
2087 1518
2088 906
2089 98
2090 856
2091 56
2092 45
2093 906
2094 98
2095 1077
2096 1077
2097 9
2098 716
2099 716
2100 1154
2101 1984
2102 1978
2103 1154
2104 1413
2105 216
2106 216
2107 1154
2108 972
2109 959
2110 1910
2111 1910
2112 1910
2113 1918
2114 1858
2115 897
2116 26
2117 13
2118 1858
2119 1714
2120 390
2121 1714
2122 355
2123 1211
2124 5
2125 1127
2126 390
2127 449
2128 1989
2129 1989
2130 8
2131 102
2132 8
2133 1149
2134 1188
2135 1149
2136 1149
2137 1125
2138 1542
2139 1149
2140 1188
2141 1149
2142 468
2143 191
2144 44
2145 191
2146 1859
2147 1720
2148 116
2149 1859
2150 1336
2151 1257
2152 122
2153 1336
2154 1336
2155 143
2156 26
2157 935
2158 1780
2159 143
2160 26
2161 1624
2162 16
2163 361
2164 1614
2165 266
2166 266
2167 266
2168 266
2169 1588
2170 1588
2171 108
2172 923
2173 333
2174 923
2175 108
2176 87
2177 1829
2178 77
2179 27
2180 1829
2181 89
2182 1471
2183 1471
2184 1471
2185 1727
2186 1046
2187 1025
2188 172
2189 1046
2190 749
2191 1229
2192 322
2193 236
2194 477
2195 484
2196 1723
2197 1348
2198 1723
2199 1723
2200 1723
2201 1870
2202 719
2203 338
2204 997
2205 722
2206 89
2207 413
2208 8
2209 366
2210 29
2211 1669
2212 605
2213 65
2214 588
2215 1669
2216 1510
2217 827
2218 1510
2219 1510
2220 75
2221 1347
2222 1932
2223 1778
2224 1408
2225 1456
2226 1347
2227 588
2228 588
2229 588
2230 680
2231 4
2232 49
2233 42
2234 42
2235 42
2236 49
2237 49
2238 783
2239 686
2240 45
2241 783
2242 82
2243 1969
2244 1969
2245 1666
2246 470
2247 1666
2248 152
2249 157
2250 1110
2251 1666
2252 470
2253 1404
2254 1404
2255 1474
2256 1187
2257 978
2258 978
2259 1880
2260 1880
2261 1880
2262 1740
2263 1671
2264 930
2265 16
2266 81
2267 458
2268 1041
2269 15
2270 1041
2271 1041
2272 1032
2273 1041
2274 1619
2275 458
2276 168
2277 990
2278 109
2279 1850
2280 1837
2281 124
2282 1083
2283 1162
2284 1167
2285 515
2286 515
2287 515
2288 984
2289 983
2290 10
2291 1038
2292 1038
2293 1038
2294 1040
2295 14
2296 1038
2297 718
2298 464
2299 46
2300 27
2301 46
2302 447
2303 1478
2304 488
2305 46
2306 1619
2307 37
2308 954
2309 1665
2310 50
2311 954
2312 235
2313 1986
2314 223
2315 8
2316 1286
2317 1286
2318 1286
2319 1410
2320 1286
2321 1410
2322 1314
2323 218
2324 1314
2325 1952
2326 1952
2327 1836
2328 345
2329 139
2330 281
2331 345
2332 23
2333 139
2334 44
2335 121
2336 1380
2337 1202
2338 36
2339 1667
2340 1380
2341 27
2342 36
2343 1202
2344 1845
2345 1504
2346 32
2347 18
2348 1406
2349 32
2350 268
2351 1504
2352 732
2353 940
2354 204
2355 126
2356 197
2357 940
2358 126
2359 204
2360 204
2361 547
2362 922
2363 55
2364 1788
2365 833
2366 1788
2367 44
2368 199
2369 1788
2370 1788
2371 833
2372 1365
2373 819
2374 13
2375 1123
2376 13
2377 1678
2378 63
2379 1735
2380 74
2381 27
2382 1678
2383 1202
2384 1652
2385 74
2386 63
2387 264
2388 955
2389 101
2390 957
2391 264
2392 264
2393 28
2394 10
2395 43
2396 180
2397 179
2398 179
2399 108
2400 955
2401 1668
2402 1186
2403 1868
2404 1945
2405 1936
2406 82
2407 1227
2408 1431
2409 463
2410 34
2411 1873
2412 90
2413 97
2414 70
2415 69
2416 27
2417 308
2418 69
2419 337
2420 308
2421 1873
2422 1359
2423 1359
2424 1359
2425 1359
2426 363
2427 289
2428 340
2429 363
2430 1857
2431 6
2432 1813
2433 71
2434 1838
2435 9
2436 1245
2437 31
2438 4
2439 89
2440 71
2441 1813
2442 1440
2443 1158
2444 941
2445 1071
2446 941
2447 941
2448 787
2449 65
2450 797
2451 787
2452 235
2453 703
2454 787
2455 787
2456 65
2457 386
2458 383
2459 386
2460 383
2461 866
2462 386
2463 1587
2464 1830
2465 19
2466 19
2467 1830
2468 1026
2469 275
2470 848
2471 228
2472 77
2473 10
2474 749
2475 749
2476 1015
2477 1015
2478 1015
2479 23
2480 1798
2481 1798
2482 1798
2483 1422
2484 1422
2485 1422
2486 1416
2487 39
2488 803
2489 803
2490 803
2491 1249
2492 1249
2493 210
2494 211
2495 452
2496 120
2497 1835
2498 452
2499 49
2500 61
2501 1989
2502 1989
2503 30
2504 177
2505 1703
2506 1668
2507 339
2508 331
2509 220
2510 330
2511 220
2512 331
2513 1225
2514 1095
2515 1115
2516 1225
2517 801
2518 76
2519 801
2520 1832
2521 1832
2522 1832
2523 1794
2524 1174
2525 1832
2526 826
2527 518
2528 14
2529 860
2530 518
2531 1799
2532 1117
2533 1084
2534 1799
2535 1117
2536 1790
2537 1790
2538 628
2539 225
2540 628
2541 73
2542 652
2543 1775
2544 7
2545 1775
2546 225
2547 1156
2548 1156
2549 1156
2550 1334
2551 1054
2552 827
2553 1119
2554 1713
2555 1713
2556 1713
2557 405
2558 630
2559 105
2560 836
2561 405
2562 561
2563 117
2564 1566
2565 1566
2566 710
2567 258
2568 1606
2569 1674
2570 1606
2571 173
2572 96
2573 831
2574 173
2575 304
2576 494
2577 1674
2578 1715
2579 1715
2580 1714
2581 435
2582 972
2583 435
2584 1426
2585 1426
2586 57
2587 525
2588 103
2589 91
2590 81
2591 21
2592 525
2593 103
2594 21
2595 81
2596 49
2597 816
2598 1886
2599 816
2600 816
2601 816
2602 816
2603 1208
2604 708
2605 46
2606 729
2607 689
2608 23
2609 110
2610 689
2611 933
2612 17
2613 708
2614 706
2615 689
2616 1320
2617 932
2618 1721
2619 74
2620 1721
2621 106
2622 1863
2623 1451
2624 10
2625 1339
2626 1863
2627 1455
2628 122
2629 1339
2630 1716
2631 176
2632 13
2633 187
2634 7
2635 4
2636 1981
2637 59
2638 855
2639 722
2640 868
2641 868
2642 869
2643 261
2644 106
2645 1110
2646 1110
2647 800
2648 1110
2649 860
2650 776
2651 1110
2652 1110
2653 637
2654 637
2655 637
2656 447
2657 637
2658 637
2659 637
2660 1702
2661 113
2662 1666
2663 102
2664 1666
2665 40
2666 1666
2667 40
2668 658
2669 963
2670 990
2671 658
2672 1367
2673 687
2674 963
2675 399
2676 14
2677 199
2678 1181
2679 1069
2680 1356
2681 1358
2682 201
2683 245
2684 201
2685 1069
2686 1871
2687 470
2688 282
2689 1871
2690 282
2691 1871
2692 532
2693 532
2694 14
2695 532
2696 1848
2697 1637
2698 1848
2699 1826
2700 1397
2701 1780
2702 1072
2703 21
2704 21
2705 137
2706 220
2707 1862
2708 1586
2709 236
2710 179
2711 236
2712 137
2713 137
2714 220
2715 1410
2716 1410
2717 718
2718 488
2719 243
2720 88
2721 722
2722 18
2723 23
2724 722
2725 79
2726 1992
2727 178
2728 174
2729 1992
2730 442
2731 442
2732 442
2733 442
2734 312
2735 196
2736 79
2737 52
2738 58
2739 798
2740 196
2741 442
2742 79
2743 1213
2744 1213
2745 1173
2746 1173
2747 1613
2748 1678
2749 238
2750 1954
2751 238
2752 1357
2753 734
2754 208
2755 1407
2756 1407
2757 1407
2758 1352
2759 17
2760 947
2761 126
2762 120
2763 947
2764 1407
2765 1407
2766 1424
2767 1424
2768 1424
2769 1991
2770 1176
2771 1237
2772 956
2773 956
2774 956
2775 1039
2776 1039
2777 1039
2778 1039
2779 1038
2780 1038
2781 1694
2782 16
2783 290
2784 1694
2785 1694
2786 197
2787 2
2788 1708
2789 16
2790 461
2791 1694
2792 1758
2793 52
2794 52
2795 929
2796 914
2797 929
2798 467
2799 914
2800 1559
2801 242
2802 947
2803 230
2804 28
2805 42
2806 174
2807 95
2808 428
2809 174
2810 42
2811 854
2812 428
2813 88
2814 95
2815 1331
2816 1331
2817 603
2818 603
2819 1479
2820 1479
2821 157
2822 16
2823 40
2824 40
2825 572
2826 572
2827 572
2828 67
2829 1649
2830 1649
2831 1650
2832 98
2833 1573
2834 1573
2835 1573
2836 1573
2837 1573
2838 793
2839 37
2840 1748
2841 1555
2842 1748
2843 1748
2844 1921
2845 1921
2846 358
2847 9
2848 1701
2849 1441
2850 84
2851 18
2852 60
2853 216
2854 178
2855 1216
2856 1334
2857 105
2858 15
2859 282
2860 25
2861 124
2862 282
2863 986
2864 27
2865 56
2866 5
2867 25
2868 467
2869 23
2870 1250
2871 467
2872 1250
2873 373
2874 199
2875 199
2876 199
2877 1940
2878 603
2879 819
2880 56
2881 443
2882 819
2883 819
2884 29
2885 9
2886 444
2887 1895
2888 1370
2889 1895
2890 1623
2891 127
2892 125
2893 72
2894 1534
2895 1623
2896 735
2897 699
2898 49
2899 1623
2900 1744
2901 254
2902 3
2903 53
2904 657
2905 657
2906 154
2907 1942
2908 1086
2909 1801
2910 48
2911 1725
2912 1722
2913 1405
2914 1405
2915 1405
2916 149
2917 149
2918 859
2919 859
2920 115
2921 117
2922 11
2923 1141
2924 1141
2925 1141
2926 1141
2927 11
2928 1334
2929 1193
2930 1193
2931 1698
2932 1698
2933 589
2934 248
2935 37
2936 45
2937 649
2938 120
2939 652
2940 33
2941 529
2942 1309
2943 649
2944 1345
2945 1873
2946 37
2947 4
2948 8
2949 37
2950 8
2951 792
2952 792
2953 131
2954 131
2955 131
2956 1320
2957 1340
2958 1732
2959 287
2960 1849
2961 1186
2962 25
2963 5
2964 560
2965 25
2966 608
2967 357
2968 78
2969 105
2970 110
2971 359
2972 78
2973 994
2974 42
2975 7
2976 108
2977 1290
2978 1290
2979 125
2980 1290
2981 125
2982 1198
2983 1330
2984 1854
2985 1388
2986 1743
2987 1607
2988 28
2989 939
2990 26
2991 16
2992 207
2993 1361
2994 1025
2995 1645
2996 1645
2997 1247
2998 29
2999 1349
3000 99
3001 481
3002 1452
3003 1452
3004 1851
3005 1379
3006 1848
3007 333
3008 1595
3009 1744
3010 980
3011 83
3012 155
3013 1066
3014 1066
3015 1066
3016 437
3017 1067
3018 1067
3019 1067
3020 17
3021 1906
3022 252
3023 17
3024 1906
3025 1384
3026 1943
3027 1427
3028 893
3029 1841
3030 1384
3031 1384
3032 950
3033 1110
3034 1349
3035 1384
3036 1384
3037 1384
3038 1384
3039 606
3040 1384
3041 1384
3042 582
3043 87
3044 88
3045 87
3046 1664
3047 1664
3048 1882
3049 623
3050 1882
3051 1664
3052 798
3053 495
3054 128
3055 1713
3056 147
3057 1281
3058 798
3059 30
3060 128
3061 902
3062 1993
3063 1993
3064 705
3065 36
3066 841
3067 1514
3068 477
3069 477
3070 1049
3071 1032
3072 1032
3073 1058
3074 1240
3075 1278
3076 1747
3077 1280
3078 1280
3079 1278
3080 1278
3081 552
3082 552
3083 1414
3084 914
3085 39
3086 552
3087 299
3088 1883
3089 15
3090 1441
3091 1826
3092 74
3093 1441
3094 1839
3095 1758
3096 25
3097 1826
3098 338
3099 12
3100 29
3101 26
3102 1917
3103 50
3104 23
3105 120
3106 120
3107 1119
3108 167
3109 440
3110 247
3111 167
3112 172
3113 422
3114 183
3115 942
3116 422
3117 26
3118 1567
3119 1567
3120 1567
3121 1567
3122 796
3123 405
3124 20
3125 796
3126 864
3127 1663
3128 154
3129 20
3130 1184
3131 837
3132 423
3133 388
3134 1022
3135 230
3136 311
3137 1022
3138 197
3139 1630
3140 1630
3141 1630
3142 356
3143 843
3144 208
3145 1628
3146 1688
3147 982
3148 461
3149 1628
3150 1628
3151 530
3152 518
3153 530
3154 607
3155 607
3156 1424
3157 1755
3158 1755
3159 47
3160 214
3161 1755
3162 108
3163 1996
3164 1811
3165 1760
3166 1743
3167 1349
3168 1666
3169 1666
3170 89
3171 89
3172 1848
3173 113
3174 111
3175 640
3176 9
3177 1973
3178 495
3179 495
3180 968
3181 719
3182 495
3183 495
3184 1890
3185 1961
3186 1704
3187 1890
3188 1890
3189 1961
3190 1721
3191 1721
3192 9
3193 430
3194 430
3195 92
3196 430
3197 1746
3198 1746
3199 366
3200 1800
3201 25
3202 1801
3203 1089
3204 1089
3205 54
3206 23
3207 99
3208 54
3209 1089
3210 1295
3211 1295
3212 216
3213 216
3214 1978
3215 1510
3216 303
3217 111
3218 1313
3219 218
3220 85
3221 599
3222 1313
3223 368
3224 1002
3225 1002
3226 1248
3227 1753
3228 15
3229 304
3230 15
3231 1247
3232 1753
3233 1678
3234 87
3235 1678
3236 1678
3237 38
3238 1923
3239 1940
3240 1923
3241 1923
3242 105
3243 94
3244 490
3245 17
3246 102
3247 17
3248 102
3249 94
3250 412
3251 91
3252 1303
3253 221
3254 173
3255 964
3256 8
3257 59
3258 351
3259 964
3260 964
3261 426
3262 1626
3263 426
3264 426
3265 406
3266 1626
3267 1843
3268 69
3269 1572
3270 1217
3271 758
3272 1367
3273 1421
3274 1367
3275 1140
3276 1140
3277 177
3278 1448
3279 1373
3280 1345
3281 1448
3282 1448
3283 9
3284 1384
3285 1451
3286 702
3287 857
3288 93
3289 859
3290 1523
3291 1859
3292 1266
3293 946
3294 1266
3295 1136
3296 12
3297 1204
3298 20
3299 12
3300 820
3301 20
3302 226
3303 4
3304 8
3305 261
3306 261
3307 120
3308 120
3309 1655
3310 30
3311 969
3312 967
3313 804
3314 37
3315 37
3316 867
3317 306
3318 298
3319 994
3320 867
3321 188
3322 241
3323 65
3324 994
3325 867
3326 306
3327 301
3328 301
3329 1360
3330 58
3331 301
3332 787
3333 859
3334 787
3335 786
3336 36
3337 1855
3338 442
3339 72
3340 20
3341 205
3342 23
3343 442
3344 72
3345 1822
3346 1602
3347 1822
3348 952
3349 248
3350 1822
3351 1791
3352 1707
3353 1791
3354 1791
3355 1031
3356 1707
3357 425
3358 1121
3359 425
3360 425
3361 1861
3362 195
3363 1286
3364 1861
3365 94
3366 94
3367 195
3368 1084
3369 398
3370 95
3371 37
3372 1952
3373 31
3374 353
3375 607
3376 391
3377 47
3378 391
3379 318
3380 110
3381 1325
3382 124
3383 318
3384 35
3385 1819
3386 110
3387 862
3388 848
3389 1670
3390 1670
3391 220
3392 1974
3393 234
3394 220
3395 213
3396 1900
3397 213
3398 220
3399 672
3400 659
3401 1251
3402 1866
3403 852
3404 78
3405 1272
3406 1272
3407 1272
3408 3
3409 1467
3410 19
3411 1162
3412 919
3413 919
3414 1025
3415 1025
3416 1025
3417 1835
3418 1312
3419 1025
3420 1290
3421 1290
3422 1745
3423 111
3424 447
3425 447
3426 609
3427 43
3428 1908
3429 123
3430 1908
3431 434
3432 484
3433 254
3434 6
3435 200
3436 484
3437 372
3438 254
3439 1399
3440 1399
3441 1399
3442 1597
3443 27
3444 50
3445 726
3446 789
3447 599
3448 107
3449 1813
3450 72
3451 1813
3452 307
3453 72
3454 198
3455 1855
3456 1805
3457 454
3458 1960
3459 20
3460 1427
3461 1960
3462 127
3463 1805
3464 1656
3465 1557
3466 1656
3467 1656
3468 1656
3469 1038
3470 1013
3471 1038
3472 1038
3473 1703
3474 1703
3475 1688
3476 1740
3477 107
3478 662
3479 19
3480 1568
3481 662
3482 52
3483 369
3484 1863
3485 113
3486 1169
3487 901
3488 1191
3489 1191
3490 951
3491 809
3492 142
3493 1569
3494 1544
3495 1646
3496 81
3497 1544
3498 1418
3499 1418
3500 1397
3501 26
3502 371
3503 32
3504 226
3505 9
3506 226
3507 1547
3508 1907
3509 465
3510 747
3511 465
3512 1925
3513 1925
3514 743
3515 926
3516 58
3517 61
3518 12
3519 743
3520 1896
3521 871
3522 1901
3523 1896
3524 1711
3525 1896
3526 1896
3527 1255
3528 315
3529 14
3530 315
3531 396
3532 231
3533 396
3534 405
3535 396
3536 37
3537 396
3538 1172
3539 1157
3540 1172
3541 1172
3542 1172
3543 1172
3544 1172
3545 1157
3546 1956
3547 1254
3548 1172
3549 549
3550 549
3551 549
3552 549
3553 549
3554 549
3555 549
3556 1021
3557 1194
3558 1194
3559 1481
3560 66
3561 59
3562 1481
3563 558
3564 558
3565 558
3566 558
3567 1567
3568 1835
3569 105
3570 1915
3571 105
3572 1795
3573 568
3574 1332
3575 370
3576 911
3577 911
3578 911
3579 1813
3580 1813
3581 1815
3582 1827
3583 1694
3584 1252
3585 1522
3586 1252
3587 1601
3588 482
3589 960
3590 1781
3591 668
3592 668
3593 691
3594 980
3595 935
3596 1944
3597 945
3598 1603
3599 961
3600 945
3601 1603
3602 961
3603 1217
3604 1217
3605 53
3606 1217
3607 1683
3608 1683
3609 1712
3610 714
3611 714
3612 714
3613 845
3614 873
3615 153
3616 1297
3617 1671
3618 845
3619 153
3620 1813
3621 1813
3622 31
3623 53
3624 1239
3625 107
3626 1931
3627 61
3628 1900
3629 1478
3630 1478
3631 1478
3632 684
3633 15
3634 684
3635 547
3636 547
3637 547
3638 1907
3639 469
3640 1871
3641 1907
3642 469
3643 750
3644 750
3645 444
3646 483
3647 712
3648 712
3649 82
3650 714
3651 1411
3652 1440
3653 1411
3654 1440
3655 1654
3656 1654
3657 1746
3658 83
3659 14
3660 653
3661 1746
3662 83
3663 483
3664 422
3665 1672
3666 148
3667 31
3668 41
3669 148
3670 214
3671 786
3672 786
3673 786
3674 1122
3675 1123
3676 1062
3677 1894
3678 588
3679 1122
3680 1928
3681 1964
3682 707
3683 1928
3684 52
3685 1709
3686 79
3687 877
3688 934
3689 877
3690 934
3691 877
3692 1337
3693 19
3694 931
3695 216
3696 1258
3697 931
3698 1132
3699 1985
3700 1132
3701 1132
3702 616
3703 932
3704 1832
3705 71
3706 66
3707 616
3708 1832
3709 876
3710 734
3711 876
3712 876
3713 876
3714 1558
3715 63
3716 1558
3717 1730
3718 1730
3719 125
3720 152
3721 976
3722 1173
3723 1176
3724 1173
3725 1173
3726 1788
3727 1788
3728 1034
3729 1047
3730 1034
3731 1047
3732 873
3733 873
3734 137
3735 227
3736 230
3737 230
3738 153
3739 199
3740 245
3741 867
3742 15
3743 199
3744 197
3745 245
3746 227
3747 861
3748 93
3749 1978
3750 347
3751 58
3752 737
3753 1438
3754 112
3755 662
3756 737
3757 1438
3758 1849
3759 1886
3760 20
3761 1093
3762 1093
3763 1476
3764 1476
3765 1476
3766 1370
3767 1370
3768 84
3769 1324
3770 1328
3771 1379
3772 1547
3773 1532
3774 1547
3775 390
3776 291
3777 1502
3778 390
3779 390
3780 291
3781 1514
3782 19
3783 1560
3784 378
3785 378
3786 799
3787 780
3788 780
3789 1223
3790 96
3791 300
3792 1797
3793 25
3794 1552
3795 1552
3796 1552
3797 1552
3798 1552
3799 1552
3800 1385
3801 369
3802 1870
3803 1244
3804 1420
3805 1385
3806 125
3807 15
3808 125
3809 85
3810 1385
3811 369
3812 625
3813 625
3814 625
3815 302
3816 812
3817 302
3818 979
3819 338
3820 719
3821 338
3822 14
3823 338
3824 719
3825 874
3826 743
3827 115
3828 1461
3829 874
3830 120
3831 1477
3832 1857
3833 1388
3834 8
3835 432
3836 929
3837 30
3838 30
3839 597
3840 8
3841 852
3842 852
3843 1244
3844 59
3845 1244
3846 1206
3847 59
3848 384
3849 112
3850 384
3851 468
3852 477
3853 385
3854 452
3855 477
3856 900
3857 895
3858 900
3859 1525
3860 1525
3861 1544
3862 1525
3863 1432
3864 1752
3865 1764
3866 1752
3867 1752
3868 1604
3869 4
3870 4
3871 1604
3872 391
3873 855
3874 544
3875 391
3876 391
3877 325
3878 329
3879 189
3880 81
3881 146
3882 1997
3883 1820
3884 610
3885 1876
3886 232
3887 839
3888 839
3889 839
3890 287
3891 525
3892 525
3893 525
3894 525
3895 524
3896 1408
3897 212
3898 978
3899 536
3900 1586
3901 1408
3902 1542
3903 44
3904 225
3905 1906
3906 45
3907 1906
3908 204
3909 44
3910 1582
3911 821
3912 10
3913 334
3914 334
3915 1134
3916 498
3917 334
3918 987
3919 987
3920 987
3921 1164
3922 1164
3923 1164
3924 451
3925 1131
3926 1731
3927 1131
3928 719
3929 1328
3930 62
3931 1293
3932 1293
3933 1236
3934 445
3935 1293
3936 198
3937 198
3938 480
3939 1691
3940 1685
3941 198
3942 198
3943 608
3944 1341
3945 1402
3946 1315
3947 18
3948 713
3949 52
3950 1315
3951 1304
3952 8
3953 1523
3954 1523
3955 1523
3956 1573
3957 11
3958 361
3959 1257
3960 1171
3961 122
3962 1257
3963 1257
3964 1696
3965 60
3966 1696
3967 1171
3968 1171
3969 1863
3970 118
3971 12
3972 12
3973 95
3974 868
3975 94
3976 95
3977 868
3978 47
3979 47
3980 94
3981 95
3982 1686
3983 1312
3984 1312
3985 1009
3986 1079
3987 603
3988 1009
3989 1009
3990 118
3991 1437
3992 1215
3993 1215
3994 487
3995 1401
3996 82
3997 79
3998 1401
3999 1401
4000 1316
4001 1313
4002 1313
4003 1313
4004 171
4005 1739
4006 1739
4007 1441
4008 163
4009 163
4010 296
4011 184
4012 163
4013 168
4014 230
4015 359
4016 940
4017 638
4018 220
4019 203
4020 168
4021 940
4022 168
4023 1660
4024 703
4025 95
4026 703
4027 746
4028 809
4029 1680
4030 809
4031 63
4032 995
4033 63
4034 116
4035 86
4036 358
4037 213
4038 121
4039 213
4040 86
4041 616
4042 143
4043 86
4044 726
4045 758
4046 610
4047 726
4048 36
4049 36
4050 758
4051 1866
4052 1683
4053 105
4054 1819
4055 610
4056 105
4057 1819
4058 838
4059 73
4060 589
4061 1730
4062 78
4063 73
4064 448
4065 448
4066 449
4067 420
4068 87
4069 56
4070 982
4071 421
4072 1704
4073 961
4074 1704
4075 494
4076 125
4077 1556
4078 125
4079 1826
4080 1823
4081 1875
4082 1875
4083 1745
4084 34
4085 318
4086 318
4087 318
4088 1798
4089 102
4090 424
4091 59
4092 59
4093 46
4094 232
4095 232
4096 1329
4097 1944
4098 121
4099 932
4100 1333
4101 1943
4102 1943
4103 686
4104 686
4105 1870
4106 806
4107 809
4108 1127
4109 1127
4110 1127
4111 958
4112 958
4113 88
4114 1154
4115 268
4116 268
4117 1723
4118 114
4119 1615
4120 872
4121 115
4122 89
4123 1615
4124 718
4125 1561
4126 1561
4127 1075
4128 173
4129 1995
4130 162
4131 676
4132 255
4133 983
4134 92
4135 181
4136 181
4137 181
4138 13
4139 445
4140 650
4141 24
4142 1473
4143 650
4144 650
4145 1831
4146 1834
4147 864
4148 1676
4149 1676
4150 1543
4151 722
4152 722
4153 1633
4154 1633
4155 734
4156 1953
4157 26
4158 1953
4159 1662
4160 636
4161 68
4162 93
4163 841
4164 86
4165 68
4166 1600
4167 68
4168 571
4169 100
4170 86
4171 68
4172 196
4173 211
4174 1500
4175 197
4176 196
4177 196
4178 211
4179 196
4180 1796
4181 1226
4182 126
4183 205
4184 551
4185 99
4186 109
4187 977
4188 551
4189 551
4190 551
4191 99
4192 1563
4193 1564
4194 1620
4195 72
4196 72
4197 1563
4198 1564
4199 1870
4200 33
4201 1850
4202 1870
4203 33
4204 1397
4205 114
4206 101
4207 405
4208 1441
4209 114
4210 860
4211 1226
4212 1226
4213 445
4214 89
4215 793
4216 41
4217 445
4218 486
4219 486
4220 486
4221 217
4222 648
4223 667
4224 648
4225 238
4226 648
4227 866
4228 67
4229 315
4230 67
4231 315
4232 427
4233 427
4234 244
4235 1711
4236 415
4237 82
4238 415
4239 418
4240 121
4241 417
4242 1732
4243 203
4244 203
4245 1732
4246 582
4247 88
4248 1251
4249 1251
4250 68
4251 68
4252 469
4253 11
4254 68
4255 1111
4256 1233
4257 18
4258 68
4259 35
4260 68
4261 1111
4262 68
4263 171
4264 68
4265 1233
4266 1026
4267 68
4268 1244
4269 469
4270 1619
4271 1233
4272 68
4273 1603
4274 1603
4275 744
4276 1608
4277 1608
4278 713
4279 713
4280 1701
4281 1686
4282 1828
4283 1220
4284 1470
4285 273
4286 489
4287 1796
4288 1070
4289 685
4290 354
4291 1864
4292 788
4293 1933
4294 788
4295 27
4296 1637
4297 1637
4298 1600
4299 188
4300 1427
4301 1600
4302 419
4303 419
4304 419
4305 419
4306 893
4307 981
4308 1971
4309 52
4310 103
4311 1400
4312 52
4313 103
4314 624
4315 585
4316 624
4317 1595
4318 1595
4319 1595
4320 918
4321 1737
4322 1240
4323 1737
4324 556
4325 556
4326 422
4327 449
4328 18
4329 196
4330 1107
4331 1699
4332 951
4333 1150
4334 1699
4335 1699
4336 1100
4337 1100
4338 1100
4339 1872
4340 217
4341 630
4342 1842
4343 319
4344 319
4345 322
4346 319
4347 1731
4348 216
4349 319
4350 928
4351 319
4352 1077
4353 1836
4354 150
4355 1937
4356 27
4357 293
4358 150
4359 373
4360 936
4361 140
4362 150
4363 293
4364 1872
4365 1872
4366 18
4367 469
4368 90
4369 1536
4370 435
4371 1536
4372 1809
4373 1685
4374 212
4375 1685
4376 1236
4377 673
4378 188
4379 127
4380 1464
4381 443
4382 1324
4383 539
4384 539
4385 539
4386 1570
4387 973
4388 1592
4389 1570
4390 1570
4391 557
4392 557
4393 988
4394 988
4395 1248
4396 1236
4397 1248
4398 1133
4399 1159
4400 26
4401 1245
4402 1159
4403 1094
4404 1094
4405 700
4406 590
4407 1015
4408 249
4409 1622
4410 114
4411 352
4412 352
4413 1065
4414 1046
4415 1065
4416 1291
4417 1046
4418 1291
4419 814
4420 814
4421 118
4422 799
4423 787
4424 364
4425 799
4426 805
4427 1824
4428 1824
4429 1978
4430 1824
4431 921
4432 1387
4433 45
4434 1387
4435 219
4436 42
4437 122
4438 1364
4439 487
4440 487
4441 154
4442 229
4443 487
4444 1223
4445 41
4446 89
4447 885
4448 41
4449 101
4450 1347
4451 1072
4452 1266
4453 1347
4454 498
4455 1112
4456 69
4457 1341
4458 1112
4459 1112
4460 100
4461 54
4462 1252
4463 1597
4464 17
4465 190
4466 190
4467 180
4468 1900
4469 1597
4470 857
4471 165
4472 1588
4473 909
4474 366
4475 680
4476 680
4477 1971
4478 366
4479 1691
4480 1691
4481 1691
4482 92
4483 205
4484 1384
4485 1676
4486 205
4487 1691
4488 1994
4489 1691
4490 1597
4491 327
4492 1597
4493 1597
4494 173
4495 173
4496 570
4497 163
4498 1690
4499 570
4500 42
4501 675
4502 570
4503 570
4504 1679
4505 163
4506 1735
4507 453
4508 1886
4509 58
4510 1886
4511 1295
4512 1295
4513 1295
4514 1955
4515 1955
4516 1955
4517 81
4518 436
4519 979
4520 1965
4521 1940
4522 936
4523 1940
4524 1940
4525 1846
4526 1813
4527 819
4528 1462
4529 1042
4530 1813
4531 583
4532 1813
4533 944
4534 944
4535 161
4536 37
4537 617
4538 617
4539 245
4540 971
4541 976
4542 11
4543 179
4544 971
4545 1856
4546 9
4547 34
4548 952
4549 1465
4550 1735
4551 986
4552 115
4553 636
4554 1735
4555 1325
4556 1446
4557 1325
4558 737
4559 77
4560 1413
4561 1446
4562 1033
4563 1060
4564 1037
4565 1033
4566 177
4567 1114
4568 1114
4569 208
4570 62
4571 1176
4572 208
4573 801
4574 276
4575 803
4576 553
4577 7
4578 666
4579 1541
4580 1899
4581 553
4582 19
4583 666
4584 322
4585 1954
4586 544
4587 544
4588 415
4589 11
4590 62
4591 1890
4592 57
4593 681
4594 5
4595 62
4596 1848
4597 1842
4598 19
4599 1622
4600 177
4601 422
4602 135
4603 624
4604 105
4605 112
4606 1819
4607 1827
4608 422
4609 135
4610 1819
4611 987
4612 15
4613 120
4614 1229
4615 36
4616 1179
4617 1229
4618 36
4619 194
4620 207
4621 951
4622 247
4623 1705
4624 1837
4625 1837
4626 1837
4627 84
4628 1837
4629 532
4630 532
4631 140
4632 140
4633 140
4634 654
4635 654
4636 950
4637 58
4638 736
4639 899
4640 821
4641 821
4642 821
4643 610
4644 78
4645 115
4646 1834
4647 128
4648 1834
4649 34
4650 128
4651 328
4652 700
4653 700
4654 700
4655 700
4656 45
4657 464
4658 474
4659 712
4660 700
4661 45
4662 700
4663 700
4664 1611
4665 1611
4666 168
4667 1350
4668 202
4669 615
4670 1427
4671 1350
4672 667
4673 1223
4674 202
4675 1309
4676 165
4677 47
4678 1768
4679 165
4680 725
4681 555
4682 725
4683 793
4684 725
4685 1473
4686 62
4687 25
4688 1473
4689 253
4690 1738
4691 338
4692 253
4693 659
4694 659
4695 211
4696 1562
4697 85
4698 253
4699 1044
4700 1116
4701 1857
4702 1116
4703 497
4704 20
4705 10
4706 605
4707 740
4708 689
4709 623
4710 623
4711 579
4712 1321
4713 1130
4714 1130
4715 1130
4716 1203
4717 1567
4718 1567
4719 1327
4720 1327
4721 1327
4722 1303
4723 1303
4724 991
4725 991
4726 722
4727 978
4728 1817
4729 1788
4730 1944
4731 1944
4732 952
4733 952
4734 133
4735 1737
4736 1850
4737 508
4738 508
4739 522
4740 626
4741 626
4742 409
4743 409
4744 409
4745 409
4746 1734
4747 100
4748 317
4749 317
4750 317
4751 317
4752 15
4753 317
4754 317
4755 317
4756 1985
4757 106
4758 1985
4759 1907
4760 84
4761 622
4762 104
4763 1765
4764 1227
4765 1146
4766 1146
4767 679
4768 997
4769 713
4770 927
4771 997
4772 713
4773 1968
4774 27
4775 8
4776 1968
4777 1927
4778 202
4779 1927
4780 202
4781 51
4782 77
4783 56
4784 300
4785 1353
4786 300
4787 1840
4788 49
4789 82
4790 163
4791 164
4792 163
4793 180
4794 163
4795 163
4796 174
4797 1779
4798 1779
4799 1779
4800 1779
4801 1779
4802 584
4803 1363
4804 117
4805 36
4806 1553
4807 1553
4808 1553
4809 212
4810 1576
4811 1576
4812 318
4813 318
4814 989
4815 1086
4816 1190
4817 99
4818 99
4819 99
4820 1908
4821 1841
4822 1908
4823 1969
4824 1908
4825 754
4826 122
4827 754
4828 1089
4829 1094
4830 1117
4831 1089
4832 1089
4833 1094
4834 404
4835 404
4836 403
4837 450
4838 212
4839 404
4840 1199
4841 1199
4842 1522
4843 250
4844 483
4845 281
4846 111
4847 253
4848 22
4849 552
4850 789
4851 552
4852 110
4853 914
4854 561
4855 558
4856 1703
4857 1683
4858 33
4859 1366
4860 84
4861 84
4862 1327
4863 94
4864 122
4865 94
4866 1327
4867 1379
4868 975
4869 975
4870 975
4871 560
4872 118
4873 1643
4874 1643
4875 118
4876 288
4877 121
4878 1543
4879 288
4880 173
4881 288
4882 446
4883 446
4884 1250
4885 1250
4886 531
4887 505
4888 505
4889 505
4890 515
4891 515
4892 1957
4893 1957
4894 126
4895 21
4896 95
4897 82
4898 1743
4899 126
4900 1159
4901 1105
4902 1159
4903 120
4904 105
4905 1076
4906 1131
4907 76
4908 1131
4909 269
4910 333
4911 269
4912 333
4913 1027
4914 65
4915 1631
4916 1631
4917 988
4918 1844
4919 997
4920 780
4921 53
4922 235
4923 701
4924 227
4925 924
4926 218
4927 712
4928 218
4929 666
4930 924
4931 1876
4932 706
4933 1385
4934 227
4935 595
4936 1442
4937 426
4938 991
4939 228
4940 64
4941 250
4942 34
4943 867
4944 199
4945 848
4946 866
4947 199
4948 199
4949 848
4950 866
4951 130
4952 130
4953 1034
4954 1207
4955 41
4956 1034
4957 1207
4958 34
4959 223
4960 88
4961 75
4962 1540
4963 23
4964 1540
4965 231
4966 1540
4967 338
4968 197
4969 197
4970 1636
4971 433
4972 81
4973 1361
4974 1300
4975 739
4976 1160
4977 1160
4978 1534
4979 1723
4980 1723
4981 97
4982 97
4983 97
4984 332
4985 1680
4986 18
4987 478
4988 150
4989 18
4990 1112
4991 116
4992 1111
4993 874
4994 1570
4995 1583
4996 981
4997 1570
4998 1570
4999 1736
5000 1874
5001 1148
5002 475
5003 186
5004 186
5005 51
5006 1306
5007 1306
5008 1233
5009 391
5010 391
5011 1978
5012 862
5013 20
5014 20
5015 1606
5016 103
5017 85
5018 125
5019 135
5020 1606
5021 1995
5022 1990
5023 1886
5024 20
5025 1451
5026 1886
5027 186
5028 114
5029 186
5030 114
5031 1236
5032 245
5033 1724
5034 114
5035 245
5036 607
5037 21
5038 1724
5039 1617
5040 1320
5041 6
5042 1719
5043 61
5044 1754
5045 1754
5046 118
5047 1664
5048 686
5049 686
5050 1572
5051 1572
5052 1572
5053 1572
5054 1668
5055 1435
5056 654
5057 118
5058 654
5059 1235
5060 1235
5061 393
5062 1772
5063 37
5064 991
5065 1962
5066 1739
5067 810
5068 619
5069 1962
5070 1739
5071 1962
5072 514
5073 514
5074 514
5075 514
5076 838
5077 514
5078 1103
5079 1103
5080 1103
5081 1103
5082 1619
5083 67
5084 79
5085 79
5086 67
5087 736
5088 24
5089 8
5090 112
5091 250
5092 63
5093 71
5094 63
5095 332
5096 360
5097 332
5098 71
5099 152
5100 250
5101 134
5102 729
5103 134
5104 134
5105 134
5106 717
5107 92
5108 1714
5109 703
5110 1163
5111 92
5112 1881
5113 717
5114 1940
5115 1315
5116 1940
5117 1731
5118 1731
5119 315
5120 14
5121 315
5122 189
5123 900
5124 82
5125 1078
5126 1109
5127 1086
5128 1078
5129 1416
5130 1078
5131 1078
5132 286
5133 197
5134 334
5135 1654
5136 13
5137 197
5138 1831
5139 1244
5140 55
5141 26
5142 26
5143 1815
5144 983
5145 899
5146 1461
5147 1856
5148 26
5149 493
5150 493
5151 1538
5152 493
5153 944
5154 944
5155 331
5156 944
5157 62
5158 599
5159 812
5160 464
5161 464
5162 387
5163 489
5164 14
5165 47
5166 1432
5167 453
5168 104
5169 1719
5170 234
5171 1167
5172 1187
5173 1167
5174 1167
5175 848
5176 1167
5177 1167
5178 1557
5179 181
5180 146
5181 27
5182 429
5183 429
5184 36
5185 429
5186 1220
5187 1145
5188 1667
5189 1145
5190 116
5191 1220
5192 1145
5193 1286
5194 1922
5195 1286
5196 120
5197 1274
5198 1163
5199 1162
5200 1163
5201 1373
5202 1163
5203 542
5204 540
5205 542
5206 1906
5207 87
5208 1509
5209 636
5210 523
5211 523
5212 528
5213 523
5214 1777
5215 1777
5216 1373
5217 423
5218 423
5219 1999
5220 1999
5221 820
5222 733
5223 827
5224 733
5225 863
5226 863
5227 508
5228 508
5229 524
5230 1671
5231 399
5232 1756
5233 1756
5234 1756
5235 1077
5236 99
5237 1756
5238 530
5239 523
5240 529
5241 530
5242 530
5243 826
5244 826
5245 826
5246 826
5247 726
5248 606
5249 331
5250 726
5251 205
5252 205
5253 634
5254 634
5255 615
5256 31
5257 37
5258 668
5259 1474
5260 104
5261 110
5262 1474
5263 668
5264 668
5265 1226
5266 1226
5267 283
5268 283
5269 10
5270 253
5271 1176
5272 1170
5273 1172
5274 882
5275 1115
5276 14
5277 856
5278 856
5279 856
5280 275
5281 641
5282 225
5283 641
5284 641
5285 881
5286 389
5287 389
5288 456
5289 389
5290 389
5291 1303
5292 1303
5293 1303
5294 1303
5295 1303
5296 1303
5297 1303
5298 1305
5299 1143
5300 1143
5301 1143
5302 1652
5303 237
5304 1652
5305 1318
5306 1318
5307 55
5308 214
5309 199
5310 1615
5311 1318
5312 291
5313 296
5314 296
5315 978
5316 298
5317 462
5318 54
5319 1362
5320 54
5321 1362
5322 218
5323 1224
5324 1224
5325 1340
5326 1361
5327 1786
5328 1361
5329 268
5330 369
5331 209
5332 456
5333 608
5334 427
5335 427
5336 26
5337 1773
5338 1773
5339 1773
5340 1773
5341 1044
5342 1418
5343 151
5344 724
5345 1044
5346 724
5347 871
5348 1937
5349 77
5350 56
5351 1377
5352 1377
5353 202
5354 1377
5355 198
5356 937
5357 369
5358 937
5359 1771
5360 1022
5361 11
5362 1241
5363 1429
5364 1771
5365 1771
5366 1771
5367 1770
5368 1778
5369 1335
5370 1335
5371 1335
5372 1335
5373 1340
5374 1335
5375 198
5376 198
5377 247
5378 595
5379 1062
5380 795
5381 1038
5382 247
5383 324
5384 1062
5385 198
5386 1705
5387 1710
5388 97
5389 30
5390 1115
5391 1442
5392 31
5393 856
5394 252
5395 1482
5396 159
5397 542
5398 1282
5399 614
5400 971
5401 1282
5402 1055
5403 1092
5404 1092
5405 1092
5406 1697
5407 455
5408 231
5409 1387
5410 1387
5411 1387
5412 1385
5413 1770
5414 1898
5415 1770
5416 1080
5417 1080
5418 620
5419 574
5420 135
5421 749
5422 810
5423 1704
5424 316
5425 683
5426 1558
5427 1558
5428 1076
5429 70
5430 242
5431 51
5432 80
5433 37
5434 37
5435 1845
5436 51
5437 732
5438 1325
5439 732
5440 81
5441 732
5442 260
5443 260
5444 219
5445 226
5446 1938
5447 1938
5448 1938
5449 280
5450 1300
5451 99
5452 620
5453 436
5454 374
5455 56
5456 436
5457 436
5458 1792
5459 1794
5460 121
5461 315
5462 1792
5463 1919
5464 1188
5465 1919
5466 93
5467 1188
5468 964
5469 52
5470 1481
5471 1106
5472 1106
5473 223
5474 69
5475 1734
5476 223
5477 132
5478 111
5479 110
5480 230
5481 125
5482 1651
5483 248
5484 125
5485 230
5486 65
5487 1221
5488 65
5489 65
5490 846
5491 432
5492 36
5493 843
5494 1941
5495 1704
5496 1704
5497 245
5498 75
5499 1527
5500 245
5501 905
5502 28
5503 905
5504 905
5505 12
5506 12
5507 1442
5508 61
5509 1002
5510 1002
5511 1199
5512 1002
5513 1281
5514 869
5515 203
5516 19
5517 192
5518 192
5519 249
5520 217
5521 289
5522 744
5523 1231
5524 62
5525 1889
5526 1232
5527 374
5528 374
5529 1586
5530 1586
5531 1861
5532 1845
5533 1845
5534 1558
5535 168
5536 483
5537 483
5538 747
5539 1972
5540 236
5541 236
5542 1928
5543 895
5544 100
5545 159
5546 19
5547 276
5548 19
5549 1317
5550 1309
5551 1317
5552 1309
5553 1564
5554 1581
5555 1564
5556 591
5557 74
5558 190
5559 190
5560 643
5561 134
5562 533
5563 53
5564 1363
5565 1363
5566 1363
5567 603
5568 485
5569 485
5570 245
5571 785
5572 485
5573 263
5574 263
5575 745
5576 207
5577 734
5578 734
5579 1422
5580 1604
5581 340
5582 1422
5583 368
5584 566
5585 583
5586 566
5587 50
5588 1873
5589 841
5590 1593
5591 1593
5592 794
5593 484
5594 61
5595 61
5596 1812
5597 1593
5598 1357
5599 1041
5600 336
5601 109
5602 993
5603 850
5604 336
5605 17
5606 17
5607 1736
5608 336
5609 1060
5610 1060
5611 1059
5612 1059
5613 1061
5614 1059
5615 1061
5616 575
5617 19
5618 364
5619 1118
5620 1118
5621 51
5622 51
5623 830
5624 968
5625 968
5626 968
5627 668
5628 968
5629 1902
5630 101
5631 672
5632 1902
5633 1924
5634 1924
5635 1924
5636 1408
5637 1772
5638 1458
5639 175
5640 363
5641 207
5642 957
5643 957
5644 957
5645 1798
5646 1196
5647 296
5648 1381
5649 1913
5650 1381
5651 1381
5652 1868
5653 119
5654 117
5655 117
5656 119
5657 1319
5658 1319
5659 1615
5660 1615
5661 1215
5662 1615
5663 1716
5664 991
5665 1334
5666 1717
5667 1717
5668 1786
5669 1786
5670 1354
5671 1208
5672 955
5673 1208
5674 1302
5675 1471
5676 1179
5677 1302
5678 1471
5679 1751
5680 1281
5681 1751
5682 92
5683 1751
5684 1543
5685 1600
5686 845
5687 321
5688 108
5689 59
5690 689
5691 321
5692 198
5693 321
5694 450
5695 450
5696 1957
5697 450
5698 1864
5699 110
5700 110
5701 1205
5702 1205
5703 1205
5704 1244
5705 1471
5706 1032
5707 1032
5708 246
5709 55
5710 203
5711 386
5712 242
5713 1747
5714 309
5715 203
5716 261
5717 27
5718 1033
5719 1041
5720 1043
5721 1033
5722 1033
5723 210
5724 210
5725 1974
5726 1806
5727 92
5728 108
5729 1861
5730 193
5731 806
5732 1398
5733 1863
5734 24
5735 193
5736 1098
5737 1098
5738 1098
5739 1098
5740 1281
5741 1281
5742 1937
5743 1823
5744 1684
5745 116
5746 1937
5747 1937
5748 561
5749 1823
5750 1734
5751 891
5752 1999
5753 1397
5754 1397
5755 1397
5756 1310
5757 1397
5758 1682
5759 1682
5760 1682
5761 1682
5762 630
5763 630
5764 630
5765 532
5766 630
5767 630
5768 602
5769 606
5770 602
5771 152
5772 950
5773 602
5774 1211
5775 1107
5776 939
5777 1717
5778 946
5779 939
5780 96
5781 800
5782 337
5783 309
5784 800
5785 985
5786 800
5787 821
5788 1728
5789 1551
5790 1728
5791 165
5792 165
5793 147
5794 1789
5795 16
5796 16
5797 683
5798 1865
5799 1853
5800 1864
5801 1347
5802 79
5803 116
5804 1221
5805 1340
5806 1347
5807 78
5808 568
5809 1359
5810 82
5811 568
5812 20
5813 1736
5814 123
5815 1359
5816 1963
5817 811
5818 233
5819 1028
5820 1028
5821 1503
5822 991
5823 617
5824 1503
5825 1980
5826 57
5827 19
5828 1980
5829 1685
5830 1196
5831 690
5832 61
5833 1196
5834 736
5835 562
5836 943
5837 1380
5838 462
5839 1380
5840 1430
5841 1174
5842 1055
5843 1055
5844 1055
5845 976
5846 976
5847 904
5848 715
5849 9
5850 903
5851 1210
5852 1210
5853 1982
5854 364
5855 1868
5856 1997
5857 1704
5858 11
5859 1704
5860 1706
5861 1783
5862 364
5863 967
5864 981
5865 967
5866 967
5867 1079
5868 43
5869 75
5870 1519
5871 254
5872 254
5873 254
5874 1804
5875 1238
5876 1804
5877 1246
5878 318
5879 1519
5880 1246
5881 318
5882 1856
5883 1976
5884 61
5885 59
5886 923
5887 1867
5888 923
5889 516
5890 516
5891 519
5892 529
5893 516
5894 530
5895 443
5896 443
5897 251
5898 251
5899 1942
5900 159
5901 1516
5902 1516
5903 1516
5904 456
5905 231
5906 1817
5907 141
5908 1817
5909 141
5910 393
5911 394
5912 393
5913 45
5914 393
5915 1225
5916 476
5917 30
5918 1767
5919 1767
5920 1806
5921 466
5922 55
5923 466
5924 341
5925 341
5926 1134
5927 1240
5928 1236
5929 1134
5930 1462
5931 1134
5932 479
5933 29
5934 59
5935 349
5936 349
5937 104
5938 349
5939 320
5940 1224
5941 1823
5942 1224
5943 1684
5944 29
5945 1684
5946 1684
5947 874
5948 1576
5949 1890
5950 160
5951 892
5952 161
5953 160
5954 877
5955 877
5956 1968
5957 124
5958 1995
5959 1968
5960 658
5961 658
5962 872
5963 872
5964 872
5965 1152
5966 961
5967 1148
5968 1148
5969 1152
5970 52
5971 81
5972 52
5973 81
5974 245
5975 1318
5976 1050
5977 1806
5978 48
5979 1511
5980 1314
5981 1314
5982 82
5983 721
5984 721
5985 721
5986 1157
5987 1196
5988 1183
5989 1186
5990 1196
5991 1217
5992 1184
5993 1187
5994 1157
5995 1196
5996 983
5997 11
5998 983
5999 1984
6000 1982
6001 61
6002 196
6003 1324
6004 1984
6005 139
6006 1172
6007 1177
6008 1170
6009 1172
6010 1457
6011 1602
6012 1457
6013 216
6014 450
6015 450
6016 342
6017 427
6018 432
6019 663
6020 427
6021 187
6022 458
6023 663
6024 695
6025 695
6026 695
6027 1353
6028 1353
6029 1047
6030 1042
6031 1047
6032 1047
6033 1042
6034 455
6035 455
6036 455
6037 39
6038 1469
6039 1222
6040 107
6041 107
6042 107
6043 1664
6044 1681
6045 47
6046 1664
6047 484
6048 1620
6049 1613
6050 997
6051 1447
6052 1447
6053 218
6054 1180
6055 1180
6056 1180
6057 1180
6058 1976
6059 939
6060 1198
6061 914
6062 914
6063 904
6064 483
6065 716
6066 276
6067 716
6068 488
6069 267
6070 267
6071 1222
6072 46
6073 586
6074 1097
6075 15
6076 1576
6077 695
6078 832
6079 249
6080 1822
6081 1462
6082 1593
6083 832
6084 695
6085 1576
6086 1361
6087 1314
6088 1273
6089 1356
6090 1356
6091 1273
6092 649
6093 1858
6094 76
6095 1682
6096 1682
6097 1658
6098 1846
6099 1980
6100 79
6101 112
6102 1980
6103 846
6104 94
6105 97
6106 846
6107 1272
6108 1272
6109 1858
6110 13
6111 236
6112 1664
6113 13
6114 236
6115 808
6116 1049
6117 1522
6118 110
6119 328
6120 1275
6121 1032
6122 1035
6123 604
6124 201
6125 1895
6126 1895
6127 201
6128 1826
6129 71
6130 1826
6131 203
6132 1823
6133 37
6134 71
6135 1761
6136 1669
6137 1776
6138 1761
6139 1669
6140 688
6141 688
6142 1886
6143 1739
6144 1886
6145 1886
6146 1886
6147 1693
6148 1693
6149 731
6150 626
6151 626
6152 626
6153 354
6154 57
6155 13
6156 354
6157 354
6158 1982
6159 1982
6160 28
6161 1502
6162 1502
6163 890
6164 444
6165 1609
6166 890
6167 286
6168 934
6169 286
6170 179
6171 179
6172 179
6173 286
6174 303
6175 772
6176 916
6177 242
6178 768
6179 772
6180 772
6181 1708
6182 1708
6183 48
6184 303
6185 1710
6186 1710
6187 1601
6188 209
6189 102
6190 1470
6191 1470
6192 206
6193 206
6194 206
6195 676
6196 676
6197 676
6198 1622
6199 109
6200 1936
6201 233
6202 233
6203 885
6204 885
6205 885
6206 885
6207 885
6208 353
6209 304
6210 353
6211 1830
6212 92
6213 1829
6214 92
6215 1960
6216 1917
6217 442
6218 126
6219 126
6220 1483
6221 244
6222 1980
6223 1163
6224 819
6225 1398
6226 1398
6227 1946
6228 1946
6229 29
6230 109
6231 263
6232 263
6233 492
6234 219
6235 445
6236 1858
6237 219
6238 1591
6239 1500
6240 743
6241 1741
6242 424
6243 117
6244 922
6245 322
6246 1864
6247 922
6248 241
6249 346
6250 1990
6251 346
6252 346
6253 188
6254 188
6255 1074
6256 1074
6257 1698
6258 947
6259 1325
6260 1087
6261 47
6262 683
6263 1087
6264 1087
6265 702
6266 679
6267 206
6268 1392
6269 36
6270 726
6271 726
6272 266
6273 266
6274 1846
6275 44
6276 1544
6277 937
6278 287
6279 937
6280 76
6281 1328
6282 11
6283 1571
6284 1571
6285 36
6286 28
6287 1038
6288 1039
6289 1038
6290 1058
6291 1044
6292 529
6293 529
6294 529
6295 530
6296 529
6297 1299
6298 1299
6299 233
6300 30
6301 885
6302 885
6303 1790
6304 1768
6305 1768
6306 111
6307 1632
6308 1632
6309 860
6310 1109
6311 1945
6312 1945
6313 1945
6314 714
6315 714
6316 714
6317 714
6318 714
6319 350
6320 350
6321 350
6322 172
6323 1543
6324 172
6325 1228
6326 1158
6327 1196
6328 1196
6329 818
6330 272
6331 629
6332 905
6333 629
6334 629
6335 629
6336 414
6337 30
6338 222
6339 231
6340 222
6341 1578
6342 1578
6343 1578
6344 1578
6345 1042
6346 1237
6347 1042
6348 149
6349 53
6350 149
6351 149
6352 53
6353 1534
6354 1534
6355 20
6356 586
6357 586
6358 12
6359 1229
6360 222
6361 1192
6362 222
6363 222
6364 224
6365 1851
6366 358
6367 1520
6368 1419
6369 1520
6370 1464
6371 1523
6372 1578
6373 912
6374 1525
6375 912
6376 893
6377 81
6378 1553
6379 1553
6380 1553
6381 1553
6382 1553
6383 1699
6384 94
6385 1192
6386 1192
6387 122
6388 1555
6389 958
6390 127
6391 1936
6392 1825
6393 188
6394 1696
6395 12
6396 188
6397 258
6398 215
6399 258
6400 280
6401 258
6402 1429
6403 1429
6404 124
6405 28
6406 1324
6407 839
6408 839
6409 811
6410 1459
6411 1459
6412 208
6413 1102
6414 1102
6415 1105
6416 1102
6417 1619
6418 1106
6419 1111
6420 1102
6421 707
6422 707
6423 707
6424 712
6425 707
6426 595
6427 418
6428 595
6429 595
6430 973
6431 973
6432 10
6433 920
6434 59
6435 589
6436 589
6437 93
6438 92
6439 83
6440 534
6441 534
6442 543
6443 110
6444 753
6445 223
6446 753
6447 941
6448 941
6449 944
6450 941
6451 941
6452 1765
6453 1765
6454 1152
6455 1025
6456 1152
6457 1184
6458 25
6459 1617
6460 1951
6461 25
6462 1382
6463 1156
6464 1862
6465 1382
6466 1827
6467 1166
6468 1382
6469 1568
6470 1568
6471 594
6472 594
6473 624
6474 594
6475 594
6476 1769
6477 1769
6478 1769
6479 1617
6480 825
6481 1769
6482 1769
6483 401
6484 401
6485 1364
6486 474
6487 1027
6488 1027
6489 1027
6490 520
6491 842
6492 1471
6493 520
6494 520
6495 842
6496 1087
6497 1087
6498 1087
6499 859
6500 859
6501 973
6502 77
6503 62
6504 859
6505 95
6506 77
6507 1881
6508 491
6509 1823
6510 1823
6511 1474
6512 1474
6513 150
6514 48
6515 437
6516 795
6517 94
6518 341
6519 1869
6520 48
6521 38
6522 1446
6523 229
6524 94
6525 1224
6526 48
6527 716
6528 224
6529 612
6530 716
6531 1562
6532 224
6533 67
6534 67
6535 67
6536 1099
6537 1320
6538 866
6539 55
6540 19
6541 55
6542 1960
6543 1960
6544 574
6545 574
6546 574
6547 1415
6548 1673
6549 1687
6550 1652
6551 1373
6552 8
6553 239
6554 1292
6555 1292
6556 1292
6557 1292
6558 1428
6559 1428
6560 148
6561 369
6562 417
6563 160
6564 148
6565 1693
6566 1174
6567 148
6568 1384
6569 249
6570 369
6571 1975
6572 25
6573 1975
6574 1916
6575 1975
6576 25
6577 144
6578 31
6579 144
6580 809
6581 144
6582 225
6583 347
6584 93
6585 347
6586 347
6587 38
6588 1122
6589 431
6590 1865
6591 1849
6592 56
6593 1148
6594 1184
6595 1148
6596 836
6597 236
6598 836
6599 836
6600 236
6601 124
6602 43
6603 247
6604 1581
6605 1697
6606 1824
6607 9
6608 1212
6609 1212
6610 1236
6611 1209
6612 1210
6613 1212
6614 709
6615 709
6616 709
6617 711
6618 84
6619 819
6620 819
6621 1385
6622 1385
6623 1385
6624 809
6625 632
6626 1115
6627 1116
6628 1965
6629 1965
6630 1669
6631 1669
6632 1669
6633 846
6634 846
6635 928
6636 219
6637 1442
6638 1442
6639 1442
6640 1384
6641 1442
6642 758
6643 1820
6644 160
6645 991
6646 1820
6647 160
6648 141
6649 141
6650 139
6651 1041
6652 1041
6653 1288
6654 527
6655 85
6656 598
6657 527
6658 527
6659 45
6660 86
6661 85
6662 1513
6663 349
6664 984
6665 349
6666 1736
6667 1191
6668 1191
6669 221
6670 600
6671 1191
6672 1274
6673 1274
6674 1274
6675 1289
6676 1197
6677 1197
6678 1197
6679 1304
6680 1144
6681 1144
6682 1961
6683 1951
6684 1926
6685 119
6686 10
6687 1461
6688 119
6689 1980
6690 1178
6691 1417
6692 1351
6693 456
6694 456
6695 456
6696 456
6697 1811
6698 1032
6699 1032
6700 307
6701 20
6702 67
6703 470
6704 1392
6705 1392
6706 1236
6707 1242
6708 1242
6709 1201
6710 957
6711 957
6712 967
6713 1464
6714 957
6715 1242
6716 1993
6717 624
6718 157
6719 133
6720 1363
6721 920
6722 489
6723 345
6724 920
6725 1313
6726 97
6727 997
6728 920
6729 1313
6730 508
6731 508
6732 1244
6733 487
6734 1801
6735 931
6736 1872
6737 1178
6738 365
6739 98
6740 617
6741 617
6742 22
6743 574
6744 129
6745 1725
6746 173
6747 129
6748 1063
6749 1063
6750 1900
6751 1900
6752 1801
6753 31
6754 122
6755 1801
6756 1466
6757 1398
6758 1841
6759 1664
6760 1466
6761 1168
6762 1889
6763 1168
6764 1087
6765 1048
6766 1087
6767 1087
6768 67
6769 1048
6770 1945
6771 1945
6772 1268
6773 1268
6774 1268
6775 1268
6776 1268
6777 256
6778 256
6779 297
6780 338
6781 256
6782 256
6783 1616
6784 1243
6785 1616
6786 1195
6787 1188
6788 1773
6789 1773
6790 1772
6791 1210
6792 1460
6793 1773
6794 1772
6795 389
6796 77
6797 1559
6798 389
6799 95
6800 77
6801 799
6802 874
6803 34
6804 874
6805 731
6806 59
6807 874
6808 946
6809 1382
6810 1244
6811 1246
6812 1230
6813 1230
6814 756
6815 750
6816 781
6817 751
6818 1874
6819 1552
6820 1024
6821 1024
6822 1044
6823 1198
6824 55
6825 1971
6826 766
6827 766
6828 1146
6829 1146
6830 1236
6831 1146
6832 1146
6833 1146
6834 98
6835 101
6836 98
6837 98
6838 98
6839 101
6840 98
6841 1986
6842 1986
6843 1260
6844 1260
6845 1135
6846 1260
6847 1860
6848 1344
6849 1344
6850 1345
6851 17
6852 868
6853 829
6854 829
6855 829
6856 312
6857 560
6858 244
6859 1734
6860 1734
6861 1734
6862 299
6863 682
6864 682
6865 1172
6866 1172
6867 990
6868 990
6869 32
6870 1352
6871 32
6872 587
6873 1763
6874 1800
6875 1763
6876 1763
6877 1763
6878 169
6879 1704
6880 1704
6881 1704
6882 394
6883 394
6884 1776
6885 1776
6886 1776
6887 1776
6888 258
6889 264
6890 258
6891 258
6892 347
6893 1952
6894 112
6895 309
6896 652
6897 652
6898 652
6899 1897
6900 1897
6901 52
6902 65
6903 1897
6904 1897
6905 1732
6906 1732
6907 943
6908 18
6909 42
6910 18
6911 1159
6912 1159
6913 1018
6914 986
6915 122
6916 1293
6917 924
6918 1293
6919 102
6920 1349
6921 1801
6922 443
6923 1966
6924 114
6925 1966
6926 915
6927 812
6928 915
6929 982
6930 799
6931 362
6932 728
6933 462
6934 463
6935 463
6936 462
6937 46
6938 94
6939 1640
6940 1640
6941 1058
6942 1062
6943 1058
6944 346
6945 1000
6946 35
6947 1000
6948 1235
6949 1235
6950 1237
6951 1103
6952 156
6953 219
6954 230
6955 164
6956 17
6957 156
6958 1244
6959 219
6960 1453
6961 156
6962 1054
6963 1857
6964 1857
6965 73
6966 1786
6967 1641
6968 1641
6969 1909
6970 1909
6971 992
6972 987
6973 987
6974 487
6975 487
6976 487
6977 544
6978 633
6979 615
6980 305
6981 1206
6982 916
6983 1206
6984 945
6985 109
6986 9
6987 197
6988 824
6989 266
6990 1317
6991 1317
6992 836
6993 707
6994 151
6995 237
6996 237
6997 370
6998 801
6999 103
7000 1475
7001 609
7002 325
7003 1531
7004 608
7005 1702
7006 423
7007 1935
7008 1935
7009 732
7010 1750
7011 755
7012 1124
7013 1750
7014 64
7015 1606
7016 1750
7017 804
7018 573
7019 804
7020 1295
7021 1354
7022 373
7023 1295
7024 1295
7025 1250
7026 1994
7027 1994
7028 1698
7029 113
7030 1928
7031 1153
7032 1928
7033 463
7034 675
7035 463
7036 86
7037 522
7038 522
7039 522
7040 529
7041 519
7042 522
7043 76
7044 76
7045 76
7046 834
7047 118
7048 123
7049 834
7050 841
7051 841
7052 77
7053 843
7054 1276
7055 1936
7056 236
7057 1276
7058 236
7059 852
7060 852
7061 852
7062 983
7063 1937
7064 1522
7065 1339
7066 1449
7067 1507
7068 1522
7069 1842
7070 884
7071 884
7072 1743
7073 1910
7074 107
7075 1840
7076 1437
7077 1241
7078 361
7079 852
7080 852
7081 628
7082 856
7083 1153
7084 445
7085 936
7086 1153
7087 1690
7088 1690
7089 1702
7090 1690
7091 1680
7092 1933
7093 1680
7094 1680
7095 1637
7096 618
7097 1502
7098 618
7099 618
7100 994
7101 1681
7102 61
7103 100
7104 130
7105 1170
7106 24
7107 481
7108 1877
7109 339
7110 481
7111 195
7112 1624
7113 481
7114 1454
7115 1446
7116 1446
7117 218
7118 1642
7119 1532
7120 1642
7121 1228
7122 1228
7123 183
7124 1940
7125 1236
7126 797
7127 1940
7128 1984
7129 1533
7130 1165
7131 1703
7132 68
7133 1533
7134 1165
7135 1533
7136 1406
7137 823
7138 1533
7139 1607
7140 1533
7141 1533
7142 1732
7143 1145
7144 1145
7145 1146
7146 1145
7147 1255
7148 1255
7149 1621
7150 481
7151 435
7152 856
7153 1379
7154 215
7155 685
7156 497
7157 1425
7158 1601
7159 975
7160 1421
7161 1421
7162 1197
7163 1197
7164 1235
7165 1158
7166 1158
7167 1158
7168 1718
7169 1838
7170 1841
7171 1838
7172 920
7173 218
7174 1338
7175 1338
7176 1338
7177 605
7178 605
7179 605
7180 1281
7181 1235
7182 1230
7183 1839
7184 1215
7185 1375
7186 1375
7187 1375
7188 861
7189 92
7190 1362
7191 861
7192 861
7193 869
7194 869
7195 281
7196 280
7197 21
7198 281
7199 1709
7200 31
7201 1709
7202 1709
7203 1684
7204 689
7205 697
7206 1571
7207 57
7208 1571
7209 9
7210 400
7211 297
7212 400
7213 1583
7214 400
7215 400
7216 297
7217 592
7218 592
7219 1050
7220 116
7221 1350
7222 682
7223 49
7224 682
7225 1210
7226 157
7227 601
7228 1708
7229 601
7230 1708
7231 143
7232 143
7233 352
7234 1467
7235 158
7236 1638
7237 1028
7238 1048
7239 1028
7240 1048
7241 51
7242 90
7243 51
7244 1440
7245 107
7246 51
7247 19
7248 584
7249 1903
7250 491
7251 1934
7252 1934
7253 196
7254 60
7255 196
7256 575
7257 29
7258 1943
7259 1943
7260 1240
7261 1240
7262 1236
7263 1240
7264 223
7265 26
7266 1185
7267 1185
7268 1185
7269 1931
7270 1203
7271 1866
7272 1931
7273 1806
7274 1809
7275 88
7276 34
7277 357
7278 357
7279 1984
7280 1791
7281 953
7282 58
7283 1984
7284 1791
7285 830
7286 1335
7287 304
7288 710
7289 1199
7290 1732
7291 1335
7292 830
7293 830
7294 839
7295 839
7296 839
7297 839
7298 1172
7299 1265
7300 1692
7301 427
7302 427
7303 1623
7304 576
7305 576
7306 1749
7307 576
7308 576
7309 20
7310 963
7311 576
7312 20
7313 963
7314 593
7315 581
7316 576
7317 576
7318 216
7319 570
7320 570
7321 230
7322 570
7323 570
7324 570
7325 570
7326 570
7327 570
7328 570
7329 570
7330 76
7331 810
7332 76
7333 54
7334 1547
7335 1219
7336 1972
7337 588
7338 647
7339 647
7340 631
7341 1710
7342 963
7343 776
7344 776
7345 776
7346 623
7347 776
7348 776
7349 776
7350 166
7351 776
7352 774
7353 775
7354 733
7355 733
7356 1314
7357 1693
7358 118
7359 1693
7360 1871
7361 1871
7362 1871
7363 823
7364 823
7365 823
7366 1100
7367 1100
7368 279
7369 339
7370 943
7371 738
7372 666
7373 279
7374 1989
7375 1989
7376 1161
7377 1817
7378 1864
7379 1696
7380 1850
7381 1850
7382 685
7383 1850
7384 1930
7385 701
7386 121
7387 701
7388 1688
7389 1629
7390 1629
7391 1851
7392 623
7393 323
7394 1712
7395 1851
7396 156
7397 163
7398 156
7399 180
7400 574
7401 203
7402 163
7403 127
7404 1306
7405 179
7406 1795
7407 348
7408 156
7409 654
7410 654
7411 654
7412 590
7413 222
7414 590
7415 421
7416 1951
7417 90
7418 485
7419 485
7420 207
7421 207
7422 199
7423 199
7424 509
7425 529
7426 1099
7427 509
7428 531
7429 84
7430 84
7431 869
7432 869
7433 1383
7434 1731
7435 1456
7436 92
7437 1159
7438 1159
7439 1170
7440 1804
7441 1146
7442 1976
7443 1301
7444 1357
7445 1222
7446 1300
7447 1301
7448 1301
7449 1301
7450 1357
7451 987
7452 239
7453 270
7454 725
7455 1935
7456 177
7457 1899
7458 1899
7459 1899
7460 1899
7461 1899
7462 1899
7463 1899
7464 1867
7465 1866
7466 1417
7467 293
7468 1802
7469 1867
7470 298
7471 1636
7472 1672
7473 298
7474 695
7475 342
7476 1224
7477 695
7478 342
7479 724
7480 783
7481 724
7482 724
7483 724
7484 927
7485 927
7486 101
7487 108
7488 202
7489 16
7490 1236
7491 562
7492 202
7493 930
7494 202
7495 1315
7496 1360
7497 1358
7498 1315
7499 1353
7500 1315
7501 22
7502 1138
7503 1862
7504 1138
7505 1245
7506 1360
7507 1436
7508 1138
7509 1211
7510 1245
7511 1360
7512 1138
7513 1583
7514 1583
7515 1583
7516 494
7517 412
7518 211
7519 65
7520 69
7521 353
7522 412
7523 1126
7524 1235
7525 30
7526 1126
7527 1407
7528 1152
7529 1407
7530 1013
7531 1017
7532 1013
7533 1013
7534 1017
7535 1308
7536 1591
7537 1247
7538 1591
7539 1706
7540 47
7541 954
7542 261
7543 58
7544 1709
7545 1706
7546 1379
7547 1454
7548 1572
7549 1379
7550 1379
7551 834
7552 834
7553 606
7554 606
7555 606
7556 415
7557 415
7558 1562
7559 1747
7560 467
7561 571
7562 113
7563 76
7564 1118
7565 28
7566 728
7567 728
7568 1478
7569 728
7570 1353
7571 406
7572 107
7573 601
7574 601
7575 427
7576 606
7577 1968
7578 826
7579 63
7580 21
7581 63
7582 628
7583 160
7584 262
7585 628
7586 628
7587 1007
7588 98
7589 98
7590 150
7591 153
7592 756
7593 1995
7594 1709
7595 166
7596 868
7597 150
7598 868
7599 152
7600 166
7601 150
7602 1640
7603 1640
7604 1640
7605 140
7606 140
7607 140
7608 1749
7609 1541
7610 1749
7611 1749
7612 443
7613 1139
7614 1139
7615 1139
7616 1139
7617 1994
7618 1745
7619 1230
7620 593
7621 135
7622 843
7623 236
7624 843
7625 1745
7626 298
7627 298
7628 992
7629 1971
7630 143
7631 143
7632 139
7633 89
7634 1812
7635 1976
7636 612
7637 1603
7638 1431
7639 123
7640 1431
7641 703
7642 1540
7643 1540
7644 1586
7645 1540
7646 217
7647 699
7648 673
7649 1481
7650 1481
7651 1481
7652 443
7653 1481
7654 730
7655 789
7656 1872
7657 1841
7658 609
7659 600
7660 1942
7661 1872
7662 220
7663 221
7664 1425
7665 221
7666 42
7667 823
7668 221
7669 714
7670 248
7671 248
7672 859
7673 1819
7674 115
7675 49
7676 84
7677 343
7678 343
7679 493
7680 225
7681 161
7682 415
7683 415
7684 80
7685 54
7686 126
7687 1619
7688 363
7689 484
7690 80
7691 88
7692 217
7693 217
7694 839
7695 708
7696 708
7697 1379
7698 602
7699 185
7700 602
7701 349
7702 474
7703 474
7704 216
7705 386
7706 862
7707 46
7708 862
7709 968
7710 468
7711 171
7712 968
7713 968
7714 716
7715 268
7716 1220
7717 1220
7718 214
7719 1978
7720 1841
7721 1450
7722 1450
7723 248
7724 1450
7725 1533
7726 1758
7727 1758
7728 1460
7729 1460
7730 840
7731 160
7732 1461
7733 1869
7734 1315
7735 1460
7736 1909
7737 1909
7738 1922
7739 1909
7740 1850
7741 234
7742 140
7743 262
7744 262
7745 262
7746 1847
7747 1847
7748 1847
7749 618
7750 124
7751 1847
7752 317
7753 342
7754 1409
7755 1409
7756 1409
7757 1257
7758 124
7759 1257
7760 1445
7761 954
7762 1445
7763 19
7764 1445
7765 954
7766 1062
7767 1168
7768 1647
7769 367
7770 495
7771 1647
7772 278
7773 1647
7774 1673
7775 639
7776 1505
7777 88
7778 404
7779 404
7780 1368
7781 964
7782 77
7783 268
7784 964
7785 1065
7786 37
7787 1548
7788 1841
7789 1065
7790 1548
7791 1291
7792 1291
7793 37
7794 372
7795 1931
7796 131
7797 1703
7798 18
7799 1738
7800 17
7801 924
7802 805
7803 214
7804 924
7805 209
7806 30
7807 209
7808 168
7809 1655
7810 924
7811 96
7812 349
7813 332
7814 568
7815 1528
7816 349
7817 1922
7818 895
7819 380
7820 380
7821 1638
7822 1638
7823 252
7824 102
7825 1050
7826 361
7827 842
7828 8
7829 831
7830 1933
7831 96
7832 121
7833 842
7834 117
7835 496
7836 496
7837 122
7838 496
7839 496
7840 1371
7841 1346
7842 1472
7843 1371
7844 1346
7845 1356
7846 1371
7847 165
7848 32
7849 618
7850 165
7851 165
7852 32
7853 228
7854 107
7855 325
7856 325
7857 28
7858 1630
7859 1630
7860 82
7861 490
7862 82
7863 280
7864 182
7865 87
7866 280
7867 300
7868 1297
7869 1359
7870 1297
7871 1297
7872 720
7873 720
7874 703
7875 1856
7876 1134
7877 1134
7878 1134
7879 1172
7880 1877
7881 1877
7882 1697
7883 1697
7884 264
7885 899
7886 370
7887 189
7888 189
7889 1562
7890 361
7891 1711
7892 65
7893 65
7894 292
7895 231
7896 292
7897 1607
7898 427
7899 1320
7900 1869
7901 339
7902 123
7903 424
7904 340
7905 45
7906 339
7907 339
7908 123
7909 339
7910 339
7911 340
7912 215
7913 339
7914 339
7915 340
7916 340
7917 339
7918 304
7919 1778
7920 304
7921 341
7922 750
7923 324
7924 750
7925 890
7926 750
7927 324
7928 1125
7929 1125
7930 1125
7931 1017
7932 1667
7933 1017
7934 1311
7935 830
7936 156
7937 14
7938 179
7939 298
7940 230
7941 1706
7942 1706
7943 1854
7944 751
7945 209
7946 751
7947 751
7948 965
7949 209
7950 1728
7951 1728
7952 609
7953 1234
7954 1728
7955 1698
7956 1698
7957 1619
7958 220
7959 1915
7960 1664
7961 220
7962 1210
7963 181
7964 874
7965 81
7966 874
7967 874
7968 363
7969 874
7970 1061
7971 879
7972 879
7973 410
7974 419
7975 494
7976 621
7977 1828
7978 443
7979 1828
7980 414
7981 233
7982 233
7983 124
7984 27
7985 5
7986 231
7987 124
7988 1101
7989 1101
7990 1101
7991 1101
7992 664
7993 660
7994 664
7995 536
7996 229
7997 232
7998 1863
7999 32
8000 1917
8001 995
8002 328
8003 536
8004 229
8005 1225
8006 1190
8007 1221
8008 1964
8009 1226
8010 619
8011 248
8012 140
8013 1356
8014 1922
8015 489
8016 238
8017 238
8018 489
8019 1614
8020 295
8021 89
8022 95
8023 1684
8024 1616
8025 95
8026 982
8027 987
8028 982
8029 323
8030 1184
8031 1184
8032 720
8033 362
8034 720
8035 58
8036 720
8037 720
8038 1109
8039 1246
8040 362
8041 1648
8042 1648
8043 1726
8044 727
8045 410
8046 653
8047 410
8048 230
8049 410
8050 410
8051 177
8052 65
8053 1584
8054 387
8055 589
8056 387
8057 387
8058 387
8059 387
8060 1748
8061 530
8062 519
8063 343
8064 28
8065 116
8066 631
8067 217
8068 1379
8069 1379
8070 1364
8071 214
8072 214
8073 1949
8074 214
8075 434
8076 44
8077 410
8078 185
8079 1701
8080 1701
8081 1808
8082 818
8083 111
8084 137
8085 137
8086 300
8087 300
8088 300
8089 1167
8090 1316
8091 1167
8092 1167
8093 906
8094 41
8095 215
8096 215
8097 1402
8098 434
8099 1088
8100 1086
8101 1088
8102 1129
8103 1353
8104 890
8105 1045
8106 1045
8107 1045
8108 788
8109 788
8110 788
8111 1536
8112 1961
8113 1815
8114 1961
8115 791
8116 791
8117 866
8118 852
8119 898
8120 852
8121 21
8122 1355
8123 1355
8124 281
8125 281
8126 281
8127 1257
8128 1257
8129 696
8130 696
8131 696
8132 658
8133 658
8134 658
8135 1556
8136 1556
8137 888
8138 151
8139 232
8140 152
8141 761
8142 221
8143 761
8144 1077
8145 761
8146 761
8147 761
8148 1371
8149 1371
8150 1379
8151 1379
8152 1379
8153 1379
8154 1379
8155 1375
8156 1375
8157 1310
8158 701
8159 701
8160 1556
8161 701
8162 283
8163 1098
8164 283
8165 1352
8166 552
8167 368
8168 189
8169 243
8170 743
8171 368
8172 1277
8173 1277
8174 1725
8175 1729
8176 1725
8177 1529
8178 1733
8179 1531
8180 1219
8181 1219
8182 60
8183 956
8184 956
8185 1955
8186 1061
8187 1117
8188 498
8189 341
8190 341
8191 1203
8192 1203
8193 217
8194 23
8195 466
8196 468
8197 984
8198 1781
8199 406
8200 973
8201 973
8202 973
8203 1014
8204 1014
8205 1061
8206 141
8207 1865
8208 141
8209 865
8210 93
8211 496
8212 1740
8213 1740
8214 1107
8215 1107
8216 1479
8217 104
8218 1862
8219 930
8220 207
8221 1479
8222 1618
8223 1479
8224 75
8225 738
8226 1745
8227 424
8228 350
8229 350
8230 350
8231 350
8232 1920
8233 199
8234 592
8235 321
8236 328
8237 29
8238 238
8239 203
8240 506
8241 506
8242 506
8243 87
8244 1122
8245 1591
8246 1399
8247 1574
8248 5
8249 127
8250 791
8251 804
8252 791
8253 791
8254 803
8255 205
8256 1219
8257 1219
8258 1219
8259 205
8260 857
8261 178
8262 1482
8263 87
8264 1024
8265 1024
8266 1025
8267 112
8268 478
8269 1214
8270 1214
8271 858
8272 858
8273 1454
8274 858
8275 332
8276 1891
8277 329
8278 1891
8279 1820
8280 1820
8281 118
8282 1820
8283 403
8284 403
8285 403
8286 403
8287 403
8288 744
8289 744
8290 744
8291 1153
8292 1899
8293 1899
8294 1692
8295 1692
8296 1692
8297 1237
8298 1240
8299 1088
8300 1088
8301 1169
8302 1420
8303 1169
8304 1744
8305 1241
8306 1142
8307 1142
8308 1293
8309 953
8310 953
8311 1293
8312 1441
8313 1441
8314 1856
8315 56
8316 1857
8317 1482
8318 1482
8319 829
8320 45
8321 1135
8322 186
8323 691
8324 448
8325 448
8326 663
8327 663
8328 663
8329 663
8330 501
8331 501
8332 1310
8333 1310
8334 1310
8335 609
8336 609
8337 1780
8338 1780
8339 369
8340 1566
8341 1616
8342 64
8343 1101
8344 106
8345 1566
8346 1540
8347 224
8348 247
8349 1480
8350 224
8351 1681
8352 918
8353 1868
8354 1797
8355 1868
8356 116
8357 113
8358 484
8359 484
8360 1990
8361 1926
8362 1572
8363 304
8364 1572
8365 1572
8366 42
8367 1952
8368 474
8369 474
8370 872
8371 474
8372 38
8373 38
8374 38
8375 1263
8376 1263
8377 1292
8378 71
8379 443
8380 1292
8381 1292
8382 115
8383 1292
8384 1292
8385 742
8386 34
8387 34
8388 490
8389 815
8390 194
8391 815
8392 815
8393 351
8394 351
8395 351
8396 583
8397 1316
8398 351
8399 1012
8400 1012
8401 1012
8402 1015
8403 799
8404 982
8405 982
8406 947
8407 951
8408 1171
8409 1591
8410 969
8411 1171
8412 1171
8413 934
8414 382
8415 382
8416 382
8417 87
8418 1373
8419 299
8420 299
8421 299
8422 299
8423 299
8424 496
8425 346
8426 346
8427 346
8428 1640
8429 1809
8430 791
8431 1304
8432 631
8433 56
8434 791
8435 1228
8436 13
8437 13
8438 854
8439 153
8440 854
8441 151
8442 1965
8443 1947
8444 1965
8445 1598
8446 1598
8447 1732
8448 230
8449 242
8450 1732
8451 1696
8452 718
8453 1166
8454 1167
8455 1166
8456 1167
8457 784
8458 784
8459 811
8460 1814
8461 748
8462 1420
8463 1847
8464 234
8465 1814
8466 85
8467 85
8468 1768
8469 1768
8470 502
8471 502
8472 502
8473 688
8474 688
8475 688
8476 688
8477 15
8478 809
8479 688
8480 594
8481 594
8482 621
8483 594
8484 27
8485 594
8486 898
8487 1199
8488 730
8489 1922
8490 1349
8491 1217
8492 1953
8493 1217
8494 1217
8495 1642
8496 1355
8497 1642
8498 1642
8499 1642
8500 710
8501 601
8502 95
8503 597
8504 1033
8505 1035
8506 1033
8507 966
8508 966
8509 963
8510 963
8511 440
8512 1181
8513 30
8514 1181
8515 1181
8516 1976
8517 1979
8518 27
8519 111
8520 1822
8521 1810
8522 120
8523 363
8524 1516
8525 1965
8526 959
8527 1516
8528 1965
8529 1081
8530 1081
8531 1081
8532 1081
8533 1138
8534 1138
8535 1138
8536 994
8537 36
8538 1831
8539 1831
8540 600
8541 235
8542 698
8543 600
8544 1436
8545 833
8546 1734
8547 531
8548 528
8549 729
8550 729
8551 729
8552 729
8553 969
8554 738
8555 372
8556 738
8557 729
8558 1528
8559 969
8560 729
8561 870
8562 870
8563 870
8564 112
8565 1990
8566 1914
8567 644
8568 7
8569 1591
8570 538
8571 1747
8572 546
8573 538
8574 546
8575 327
8576 1747
8577 538
8578 538
8579 1406
8580 1406
8581 1406
8582 617
8583 899
8584 1551
8585 1036
8586 1041
8587 1036
8588 1036
8589 1036
8590 1036
8591 1033
8592 1045
8593 1041
8594 1041
8595 1399
8596 1399
8597 1399
8598 1399
8599 1028
8600 1331
8601 1028
8602 1324
8603 1175
8604 1175
8605 907
8606 119
8607 907
8608 907
8609 268
8610 47
8611 982
8612 284
8613 268
8614 316
8615 945
8616 1865
8617 1808
8618 1347
8619 1336
8620 482
8621 482
8622 112
8623 117
8624 24
8625 482
8626 1759
8627 1759
8628 735
8629 1759
8630 607
8631 1928
8632 31
8633 1818
8634 832
8635 640
8636 146
8637 15
8638 146
8639 1666
8640 1666
8641 368
8642 1538
8643 1543
8644 1538
8645 624
8646 1538
8647 1132
8648 1132
8649 1132
8650 1209
8651 589
8652 966
8653 148
8654 812
8655 996
8656 392
8657 23
8658 392
8659 478
8660 1626
8661 1626
8662 249
8663 348
8664 1362
8665 1995
8666 22
8667 1773
8668 1773
8669 5
8670 46
8671 990
8672 1572
8673 449
8674 341
8675 1742
8676 857
8677 840
8678 1749
8679 1618
8680 724
8681 13
8682 1749
8683 1250
8684 1117
8685 1428
8686 1250
8687 1117
8688 1932
8689 1932
8690 829
8691 1632
8692 1632
8693 201
8694 201
8695 31
8696 1798
8697 1719
8698 1719
8699 1557
8700 1557
8701 809
8702 388
8703 1557
8704 186
8705 1628
8706 1628
8707 1672
8708 1672
8709 1672
8710 1672
8711 1067
8712 1208
8713 1349
8714 1067
8715 1208
8716 1247
8717 1954
8718 73
8719 1954
8720 1954
8721 202
8722 202
8723 149
8724 1637
8725 1672
8726 149
8727 1802
8728 1913
8729 1913
8730 1913
8731 737
8732 931
8733 1887
8734 737
8735 1461
8736 1246
8737 1118
8738 1346
8739 951
8740 1118
8741 1061
8742 1618
8743 982
8744 930
8745 1942
8746 1942
8747 475
8748 475
8749 526
8750 530
8751 526
8752 1528
8753 1528
8754 1528
8755 1876
8756 1876
8757 1876
8758 520
8759 520
8760 524
8761 526
8762 526
8763 524
8764 526
8765 526
8766 1235
8767 1207
8768 611
8769 38
8770 38
8771 1977
8772 1543
8773 161
8774 1543
8775 1543
8776 1543
8777 1290
8778 1290
8779 1780
8780 161
8781 1586
8782 652
8783 926
8784 1734
8785 595
8786 735
8787 686
8788 1586
8789 1586
8790 904
8791 110
8792 824
8793 1932
8794 1951
8795 1951
8796 1111
8797 1543
8798 1111
8799 204
8800 205
8801 879
8802 879
8803 83
8804 1514
8805 827
8806 827
8807 1598
8808 1598
8809 1832
8810 295
8811 632
8812 1665
8813 1828
8814 43
8815 456
8816 456
8817 1844
8818 87
8819 1864
8820 1844
8821 87
8822 1651
8823 1651
8824 1651
8825 1651
8826 1651
8827 1208
8828 1208
8829 1925
8830 1926
8831 719
8832 719
8833 1459
8834 191
8835 191
8836 191
8837 191
8838 118
8839 191
8840 1350
8841 1350
8842 1815
8843 1815
8844 50
8845 294
8846 274
8847 49
8848 625
8849 114
8850 49
8851 295
8852 114
8853 330
8854 414
8855 687
8856 805
8857 330
8858 1709
8859 401
8860 542
8861 401
8862 946
8863 998
8864 998
8865 1926
8866 633
8867 633
8868 1139
8869 1139
8870 1099
8871 580
8872 580
8873 580
8874 130
8875 130
8876 145
8877 871
8878 871
8879 1031
8880 84
8881 929
8882 825
8883 929
8884 929
8885 825
8886 1795
8887 1795
8888 212
8889 726
8890 195
8891 1057
8892 1057
8893 1057
8894 1312
8895 1626
8896 141
8897 1626
8898 141
8899 599
8900 698
8901 29
8902 1716
8903 947
8904 1819
8905 1819
8906 1936
8907 1819
8908 513
8909 515
8910 531
8911 513
8912 529
8913 1637
8914 1127
8915 1131
8916 1722
8917 438
8918 1131
8919 1687
8920 1874
8921 230
8922 189
8923 231
8924 230
8925 1677
8926 212
8927 1677
8928 1677
8929 930
8930 64
8931 212
8932 1953
8933 1953
8934 1678
8935 74
8936 1678
8937 946
8938 60
8939 1679
8940 1679
8941 1386
8942 1071
8943 1071
8944 1071
8945 1071
8946 1071
8947 581
8948 1887
8949 581
8950 1057
8951 1056
8952 1057
8953 1056
8954 546
8955 636
8956 1633
8957 1633
8958 1449
8959 1446
8960 1449
8961 1449
8962 16
8963 1344
8964 1345
8965 1347
8966 8
8967 109
8968 1544
8969 1345
8970 1347
8971 839
8972 1763
8973 1122
8974 1763
8975 1763
8976 1554
8977 1439
8978 1763
8979 686
8980 679
8981 42
8982 1677
8983 1677
8984 944
8985 944
8986 944
8987 944
8988 944
8989 1634
8990 1634
8991 1634
8992 1634
8993 760
8994 760
8995 689
8996 659
8997 1302
8998 1376
8999 1376
9000 410
9001 410
9002 1803
9003 315
9004 1628
9005 1803
9006 315
9007 984
9008 1803
9009 1873
9010 1862
9011 1862
9012 1130
9013 1130
9014 1451
9015 196
9016 198
9017 196
9018 625
9019 625
9020 625
9021 766
9022 766
9023 600
9024 600
9025 600
9026 1115
9027 1848
9028 1361
9029 1247
9030 1171
9031 1171
9032 1409
9033 1409
9034 1232
9035 1106
9036 1070
9037 1106
9038 1106
9039 1983
9040 1362
9041 1362
9042 1185
9043 1508
9044 1508
9045 1508
9046 1781
9047 1401
9048 1508
9049 452
9050 245
9051 871
9052 1868
9053 62
9054 1868
9055 344
9056 364
9057 115
9058 655
9059 734
9060 344
9061 364
9062 383
9063 79
9064 383
9065 352
9066 79
9067 1617
9068 628
9069 1546
9070 1546
9071 159
9072 1748
9073 1460
9074 1577
9075 1219
9076 355
9077 22
9078 1598
9079 479
9080 479
9081 917
9082 917
9083 1721
9084 917
9085 243
9086 917
9087 777
9088 1319
9089 978
9090 777
9091 931
9092 361
9093 1731
9094 1995
9095 62
9096 1810
9097 1810
9098 1069
9099 1105
9100 1069
9101 1069
9102 1908
9103 741
9104 1412
9105 1546
9106 969
9107 1574
9108 1667
9109 782
9110 782
9111 1665
9112 1752
9113 1842
9114 1857
9115 1752
9116 1752
9117 676
9118 676
9119 774
9120 774
9121 168
9122 774
9123 1987
9124 449
9125 1987
9126 1874
9127 26
9128 1768
9129 1146
9130 26
9131 697
9132 935
9133 697
9134 96
9135 697
9136 173
9137 316
9138 930
9139 995
9140 315
9141 686
9142 686
9143 686
9144 834
9145 834
9146 471
9147 23
9148 471
9149 30
9150 1425
9151 1235
9152 1550
9153 1265
9154 1979
9155 1377
9156 1111
9157 1377
9158 1377
9159 177
9160 1034
9161 1034
9162 1034
9163 1847
9164 1546
9165 63
9166 193
9167 193
9168 149
9169 149
9170 1716
9171 113
9172 1668
9173 155
9174 1391
9175 1470
9176 1668
9177 232
9178 114
9179 215
9180 170
9181 232
9182 498
9183 1812
9184 237
9185 81
9186 498
9187 1692
9188 1689
9189 1692
9190 1695
9191 1692
9192 1689
9193 1147
9194 72
9195 60
9196 54
9197 94
9198 72
9199 173
9200 1515
9201 1515
9202 1596
9203 1716
9204 389
9205 1794
9206 389
9207 96
9208 1965
9209 1948
9210 1794
9211 244
9212 1052
9213 1052
9214 1041
9215 1052
9216 1052
9217 1329
9218 1329
9219 389
9220 1400
9221 743
9222 389
9223 389
9224 550
9225 233
9226 336
9227 1906
9228 1016
9229 1016
9230 1023
9231 1016
9232 1021
9233 1016
9234 1016
9235 1083
9236 1460
9237 1102
9238 1016
9239 1103
9240 1016
9241 460
9242 237
9243 385
9244 460
9245 460
9246 183
9247 211
9248 183
9249 183
9250 684
9251 1865
9252 1448
9253 1179
9254 571
9255 571
9256 64
9257 571
9258 1796
9259 771
9260 771
9261 771
9262 771
9263 505
9264 771
9265 771
9266 1448
9267 1448
9268 1216
9269 174
9270 1458
9271 177
9272 1458
9273 1811
9274 1776
9275 166
9276 457
9277 457
9278 165
9279 162
9280 160
9281 1524
9282 1549
9283 597
9284 1545
9285 1524
9286 1524
9287 1524
9288 377
9289 660
9290 265
9291 482
9292 482
9293 1070
9294 1685
9295 208
9296 1685
9297 845
9298 845
9299 845
9300 613
9301 613
9302 613
9303 613
9304 606
9305 343
9306 607
9307 1576
9308 490
9309 164
9310 444
9311 1726
9312 1576
9313 209
9314 444
9315 1576
9316 401
9317 401
9318 535
9319 535
9320 119
9321 224
9322 779
9323 1599
9324 1835
9325 1585
9326 603
9327 603
9328 1934
9329 1180
9330 1934
9331 1934
9332 1934
9333 1365
9334 1365
9335 1379
9336 1365
9337 1738
9338 822
9339 1738
9340 1365
9341 1384
9342 435
9343 618
9344 1857
9345 1857
9346 127
9347 1368
9348 1327
9349 1239
9350 1234
9351 642
9352 642
9353 290
9354 921
9355 304
9356 937
9357 1614
9358 290
9359 290
9360 1067
9361 1102
9362 1102
9363 1067
9364 1067
9365 1067
9366 1640
9367 63
9368 1640
9369 1640
9370 63
9371 1726
9372 993
9373 35
9374 424
9375 424
9376 1663
9377 651
9378 1967
9379 17
9380 1407
9381 675
9382 57
9383 1700
9384 1703
9385 1703
9386 1959
9387 244
9388 734
9389 1703
9390 565
9391 748
9392 617
9393 565
9394 565
9395 577
9396 577
9397 1797
9398 1338
9399 243
9400 1672
9401 1797
9402 134
9403 134
9404 134
9405 660
9406 59
9407 660
9408 1042
9409 1032
9410 1003
9411 1003
9412 1941
9413 1993
9414 895
9415 24
9416 1843
9417 974
9418 387
9419 1442
9420 1511
9421 1526
9422 1511
9423 54
9424 1339
9425 1526
9426 874
9427 1260
9428 1260
9429 356
9430 222
9431 116
9432 1705
9433 1705
9434 1705
9435 888
9436 888
9437 1858
9438 1303
9439 1858
9440 1591
9441 1038
9442 1062
9443 1039
9444 1051
9445 1062
9446 1454
9447 1039
9448 1039
9449 584
9450 584
9451 584
9452 472
9453 1455
9454 1455
9455 812
9456 1455
9457 1561
9458 164
9459 1561
9460 208
9461 1730
9462 199
9463 164
9464 208
9465 604
9466 199
9467 1561
9468 1064
9469 1064
9470 597
9471 78
9472 1982
9473 852
9474 708
9475 708
9476 78
9477 504
9478 504
9479 504
9480 531
9481 393
9482 172
9483 387
9484 1208
9485 1208
9486 1208
9487 1208
9488 1211
9489 411
9490 1190
9491 592
9492 411
9493 1809
9494 1809
9495 811
9496 1809
9497 247
9498 1364
9499 61
9500 581
9501 581
9502 581
9503 1592
9504 1592
9505 1974
9506 972
9507 949
9508 600
9509 949
9510 949
9511 1857
9512 1857
9513 1797
9514 1819
9515 1654
9516 11
9517 1834
9518 1274
9519 1274
9520 1274
9521 1158
9522 1172
9523 1158
9524 1158
9525 1164
9526 1619
9527 1619
9528 487
9529 800
9530 800
9531 988
9532 988
9533 974
9534 1341
9535 1341
9536 1341
9537 884
9538 964
9539 884
9540 1611
9541 1611
9542 157
9543 1800
9544 1292
9545 1292
9546 75
9547 724
9548 40
9549 40
9550 40
9551 1121
9552 359
9553 306
9554 359
9555 359
9556 50
9557 357
9558 1338
9559 252
9560 216
9561 1338
9562 84
9563 723
9564 722
9565 723
9566 723
9567 1022
9568 1022
9569 316
9570 454
9571 316
9572 1582
9573 240
9574 340
9575 1582
9576 1260
9577 1260
9578 1674
9579 1674
9580 1674
9581 784
9582 574
9583 796
9584 591
9585 835
9586 784
9587 1947
9588 249
9589 215
9590 192
9591 1947
9592 372
9593 1780
9594 1780
9595 18
9596 708
9597 715
9598 708
9599 1529
9600 183
9601 1529
9602 986
9603 986
9604 1231
9605 103
9606 103
9607 1410
9608 1244
9609 1624
9610 43
9611 174
9612 1643
9613 1643
9614 1078
9615 239
9616 701
9617 459
9618 1409
9619 1953
9620 1417
9621 246
9622 1953
9623 1042
9624 1042
9625 821
9626 821
9627 806
9628 619
9629 806
9630 806
9631 275
9632 275
9633 1597
9634 1719
9635 1597
9636 922
9637 138
9638 138
9639 138
9640 71
9641 71
9642 179
9643 165
9644 159
9645 1447
9646 1447
9647 591
9648 172
9649 219
9650 219
9651 1987
9652 117
9653 1246
9654 1638
9655 1222
9656 1638
9657 1638
9658 1638
9659 1586
9660 1456
9661 52
9662 980
9663 714
9664 970
9665 336
9666 30
9667 970
9668 1811
9669 116
9670 187
9671 748
9672 158
9673 858
9674 77
9675 77
9676 160
9677 300
9678 300
9679 1821
9680 1870
9681 1821
9682 1821
9683 225
9684 1593
9685 225
9686 41
9687 316
9688 225
9689 571
9690 104
9691 593
9692 1376
9693 1376
9694 1143
9695 873
9696 157
9697 223
9698 1875
9699 223
9700 541
9701 577
9702 371
9703 622
9704 541
9705 577
9706 38
9707 575
9708 1994
9709 59
9710 1180
9711 612
9712 612
9713 490
9714 490
9715 490
9716 1653
9717 546
9718 1653
9719 1653
9720 540
9721 540
9722 1930
9723 1930
9724 926
9725 199
9726 1787
9727 1370
9728 1826
9729 1259
9730 1259
9731 1281
9732 162
9733 187
9734 336
9735 162
9736 604
9737 162
9738 1257
9739 1257
9740 614
9741 614
9742 614
9743 239
9744 1771
9745 193
9746 239
9747 614
9748 990
9749 20
9750 1680
9751 273
9752 1314
9753 10
9754 48
9755 397
9756 405
9757 922
9758 397
9759 397
9760 406
9761 339
9762 330
9763 1332
9764 1332
9765 1332
9766 224
9767 1757
9768 1757
9769 50
9770 1584
9771 1584
9772 1702
9773 780
9774 772
9775 772
9776 103
9777 772
9778 757
9779 829
9780 829
9781 829
9782 51
9783 1649
9784 1649
9785 1649
9786 1027
9787 1025
9788 1889
9789 1889
9790 233
9791 112
9792 578
9793 365
9794 204
9795 87
9796 121
9797 9
9798 443
9799 1039
9800 1039
9801 1214
9802 936
9803 1441
9804 716
9805 1958
9806 137
9807 218
9808 218
9809 831
9810 729
9811 1681
9812 230
9813 1681
9814 1804
9815 1804
9816 1182
9817 1544
9818 1284
9819 1249
9820 1672
9821 912
9822 912
9823 912
9824 912
9825 1425
9826 54
9827 45
9828 45
9829 440
9830 440
9831 445
9832 440
9833 453
9834 440
9835 420
9836 735
9837 735
9838 1414
9839 571
9840 601
9841 617
9842 601
9843 1591
9844 1504
9845 949
9846 207
9847 88
9848 949
9849 1703
9850 200
9851 45
9852 13
9853 1878
9854 1878
9855 1878
9856 130
9857 130
9858 256
9859 256
9860 971
9861 47
9862 1021
9863 1021
9864 1021
9865 1021
9866 1021
9867 156
9868 1224
9869 156
9870 156
9871 155
9872 156
9873 179
9874 40
9875 81
9876 155
9877 143
9878 185
9879 240
9880 445
9881 143
9882 1583
9883 1583
9884 361
9885 190
9886 1093
9887 1046
9888 1531
9889 1531
9890 571
9891 930
9892 47
9893 591
9894 930
9895 326
9896 326
9897 804
9898 891
9899 1936
9900 804
9901 675
9902 675
9903 891
9904 996
9905 1735
9906 996
9907 197
9908 718
9909 1105
9910 1127
9911 1370
9912 837
9913 1127
9914 1127
9915 454
9916 470
9917 454
9918 997
9919 454
9920 454
9921 1697
9922 1697
9923 60
9924 1697
9925 165
9926 165
9927 175
9928 1906
9929 60
9930 1906
9931 982
9932 1906
9933 279
9934 81
9935 279
9936 281
9937 1413
9938 1413
9939 390
9940 390
9941 361
9942 438
9943 438
9944 438
9945 438
9946 471
9947 471
9948 1378
9949 1481
9950 1378
9951 1378
9952 1854
9953 253
9954 70
9955 253
9956 68
9957 362
9958 463
9959 253
9960 1513
9961 1537
9962 1799
9963 1513
9964 1513
9965 863
9966 92
9967 195
9968 1004
9969 56
9970 1004
9971 1004
9972 1525
9973 1525
9974 1871
9975 73
9976 1560
9977 813
9978 174
9979 813
9980 1020
9981 1020
9982 602
9983 602
9984 602
9985 1593
9986 1593
9987 365
9988 1020
9989 1020
9990 160
9991 1815
9992 698
9993 1427
9994 1427
9995 1427
9996 1214
9997 1126
9998 1738
9999 1126
