15000 3989
15001 1652
15002 3771
15003 4996
15004 3967
15005 2760
15006 4569
15007 2622
15008 1719
15009 4087
15010 238
15011 3922
15012 3233
15013 4142
15014 3570
15015 1386
15016 1900
15017 1103
15018 3600
15019 2296
15020 1834
15021 1732
15022 1946
15023 3764
15024 1752
15025 3745
15026 424
15027 258
15028 108
15029 1561
15030 1643
15031 1652
15032 4911
15033 3652
15034 4032
15035 1330
15036 4908
15037 2200
15038 417
15039 3181
15040 4569
15041 1215
15042 3119
15043 3723
15044 3056
15045 282
15046 3119
15047 459
15048 4342
15049 3707
15050 1024
15051 2218
15052 4574
15053 2326
15054 1334
15055 4412
15056 4730
15057 2101
15058 1551
15059 3102
15060 72
15061 4677
15062 2622
15063 3171
15064 626
15065 1833
15066 1038
15067 4220
15068 1687
15069 70
15070 2724
15071 3704
15072 413
15073 1180
15074 4493
15075 2288
15076 1945
15077 1444
15078 3102
15079 3527
15080 726
15081 614
15082 805
15083 1531
15084 4608
15085 1874
15086 2789
15087 4722
15088 3568
15089 3956
15090 3464
15091 4379
15092 3565
15093 3102
15094 1721
15095 2528
15096 3504
15097 459
15098 4334
15099 3056
15100 4299
15101 1183
15102 2835
15103 2434
15104 4865
15105 2379
15106 3291
15107 4009
15108 1042
15109 957
15110 1166
15111 4713
15112 1858
15113 3056
15114 1304
15115 3830
15116 742
15117 2805
15118 4790
15119 581
15120 100
15121 2415
15122 1066
15123 4017
15124 1020
15125 3097
15126 2260
15127 4470
15128 511
15129 1904
15130 3565
15131 4314
15132 40
15133 2839
15134 4142
15135 2114
15136 288
15137 4712
15138 4860
15139 4612
15140 4740
15141 700
15142 3889
15143 936
15144 1702
15145 21
15146 1796
15147 227
15148 3402
15149 1950
15150 4339
15151 162
15152 4403
15153 4598
15154 2290
15155 3478
15156 944
15157 3481
15158 4057
15159 2036
15160 289
15161 4655
15162 1193
15163 1345
15164 1656
15165 2718
15166 3591
15167 1023
15168 1009
15169 4258
15170 2962
15171 773
15172 4882
15173 320
15174 3471
15175 4669
15176 149
15177 1134
15178 4882
15179 1954
15180 962
15181 4461
15182 2718
15183 3097
15184 987
15185 4515
15186 3947
15187 1385
15188 3016
15189 2207
15190 4141
15191 4108
15192 2562
15193 3709
15194 4122
15195 3749
15196 19
15197 583
15198 3097
15199 2618
15200 2163
15201 3096
15202 67
15203 2987
15204 3056
15205 3806
15206 1904
15207 3843
15208 3383
15209 3130
15210 4102
15211 4913
15212 928
15213 2378
15214 2350
15215 1166
15216 1004
15217 1000
15218 4329
15219 4664
15220 520
15221 733
15222 791
15223 155
15224 971
15225 2623
15226 4643
15227 425
15228 948
15229 3995
15230 1313
15231 1560
15232 426
15233 3787
15234 217
15235 1983
15236 2805
15237 1983
15238 1241
15239 617
15240 3580
15241 4490
15242 3416
15243 2571
15244 956
15245 4170
15246 95
15247 1995
15248 596
15249 2392
15250 2166
15251 3096
15252 2248
15253 1562
15254 4302
15255 535
15256 4336
15257 1610
15258 4855
15259 562
15260 1242
15261 3133
15262 759
15263 535
15264 413
15265 549
15266 717
15267 2737
15268 3383
15269 2160
15270 305
15271 4678
15272 3178
15273 687
15274 2531
15275 1346
15276 4316
15277 1747
15278 315
15279 459
15280 1838
15281 884
15282 2900
15283 763
15284 4630
15285 1775
15286 2335
15287 3974
15288 4038
15289 4249
15290 1736
15291 2384
15292 2881
15293 3096
15294 2647
15295 402
15296 4449
15297 4437
15298 3653
15299 473
15300 4868
15301 1559
15302 1737
15303 1857
15304 3383
15305 2027
15306 4717
15307 4226
15308 1200
15309 2973
15310 294
15311 285
15312 1420
15313 1166
15314 4102
15315 2973
15316 692
15317 4479
15318 2684
15319 2491
15320 2349
15321 2145
15322 999
15323 1667
15324 2441
15325 3857
15326 3563
15327 2197
15328 4682
15329 2493
15330 2388
15331 673
15332 4743
15333 334
15334 3867
15335 2268
15336 2973
15337 3829
15338 831
15339 2802
15340 3649
15341 2679
15342 963
15343 4012
15344 657
15345 3163
15346 946
15347 1439
15348 3883
15349 1911
15350 2492
15351 586
15352 4010
15353 1894
15354 766
15355 862
15356 4143
15357 230
15358 633
15359 788
15360 3531
15361 1447
15362 3004
15363 247
15364 4063
15365 4545
15366 2297
15367 976
15368 4206
15369 305
15370 473
15371 2494
15372 4760
15373 1183
15374 3580
15375 3890
15376 1745
15377 1819
15378 1528
15379 236
15380 1736
15381 2335
15382 1820
15383 3602
15384 2912
15385 473
15386 283
15387 1083
15388 2413
15389 588
15390 3748
15391 2572
15392 822
15393 721
15394 3055
15395 3406
15396 4945
15397 4063
15398 458
15399 913
15400 3380
15401 4372
15402 4592
15403 126
15404 3735
15405 1370
15406 914
15407 1100
15408 4710
15409 2912
15410 2912
15411 2116
15412 445
15413 4563
15414 2768
15415 537
15416 4508
15417 4097
15418 1941
15419 3769
15420 3909
15421 3107
15422 95
15423 563
15424 247
15425 1413
15426 4274
15427 3003
15428 473
15429 4199
15430 4086
15431 1941
15432 1387
15433 2136
15434 3107
15435 107
15436 957
15437 1692
15438 3697
15439 246
15440 1242
15441 1166
15442 133
15443 2650
15444 785
15445 2534
15446 2430
15447 217
15448 4182
15449 2423
15450 672
15451 2726
15452 1181
15453 3279
15454 458
15455 2406
15456 3817
15457 4462
15458 2792
15459 3475
15460 4942
15461 4720
15462 3357
15463 4643
15464 3275
15465 1623
15466 3106
15467 1585
15468 4139
15469 1421
15470 4318
15471 3106
15472 4975
15473 733
15474 1109
15475 1787
15476 3055
15477 3106
15478 4823
15479 2796
15480 2407
15481 3809
15482 2027
15483 33
15484 478
15485 406
15486 2454
15487 777
15488 2331
15489 3880
15490 775
15491 4203
15492 2684
15493 4456
15494 3134
15495 124
15496 774
15497 3693
15498 2515
15499 2741
15500 398
15501 3876
15502 3380
15503 1149
15504 1365
15505 2768
15506 4952
15507 249
15508 4273
15509 4016
15510 100
15511 2282
15512 3760
15513 236
15514 1677
15515 3544
15516 1838
15517 4331
15518 2859
15519 3225
15520 3106
15521 4115
15522 1737
15523 174
15524 32
15525 4133
15526 4411
15527 363
15528 1242
15529 2564
15530 330
15531 3696
15532 3380
15533 4110
15534 1654
15535 3155
15536 2818
15537 3380
15538 137
15539 2763
15540 9
15541 3904
15542 592
15543 864
15544 334
15545 3239
15546 1825
15547 1595
15548 735
15549 3581
15550 4898
15551 1469
15552 4713
15553 3716
15554 3642
15555 3653
15556 418
15557 1837
15558 361
15559 54
15560 4707
15561 3998
15562 2718
15563 4755
15564 3525
15565 3238
15566 2432
15567 1128
15568 2520
15569 1636
15570 2355
15571 2654
15572 1003
15573 1969
15574 4738
15575 2879
15576 2214
15577 478
15578 2839
15579 2426
15580 2623
15581 2004
15582 8
15583 3821
15584 2077
15585 4217
15586 1105
15587 3536
15588 4696
15589 3120
15590 4614
15591 1315
15592 672
15593 1296
15594 3197
15595 4495
15596 4764
15597 741
15598 333
15599 156
15600 1049
15601 2274
15602 235
15603 3197
15604 2837
15605 1258
15606 700
15607 4601
15608 148
15609 3127
15610 3753
15611 1399
15612 2545
15613 2520
15614 2528
15615 1115
15616 333
15617 1886
15618 3725
15619 2751
15620 933
15621 2026
15622 3708
15623 4598
15624 3197
15625 643
15626 1453
15627 3247
15628 2113
15629 1101
15630 4396
15631 458
15632 4736
15633 1521
15634 2687
15635 3752
15636 807
15637 839
15638 1344
15639 4608
15640 2241
15641 1877
15642 4873
15643 4494
15644 2579
15645 1769
15646 4848
15647 235
15648 4147
15649 361
15650 3776
15651 1756
15652 99
15653 4080
15654 757
15655 12
15656 4897
15657 1615
15658 3246
15659 2224
15660 1399
15661 3246
15662 458
15663 106
15664 3063
15665 258
15666 2562
15667 1469
15668 1360
15669 4023
15670 3183
15671 4605
15672 2791
15673 1927
15674 1706
15675 2026
15676 4042
15677 2900
15678 387
15679 3055
15680 2492
15681 2373
15682 4017
15683 2303
15684 230
15685 1531
15686 3485
15687 855
15688 2722
15689 246
15690 1095
15691 28
15692 4691
15693 2236
15694 808
15695 2492
15696 4455
15697 64
15698 2657
15699 1165
15700 953
15701 4606
15702 4108
15703 2247
15704 992
15705 47
15706 1666
15707 2840
15708 552
15709 2563
15710 3486
15711 2567
15712 914
15713 3743
15714 2286
15715 3111
15716 2493
15717 1753
15718 3654
15719 4878
15720 911
15721 58
15722 1858
15723 2420
15724 1904
15725 2256
15726 4211
15727 1428
15728 1412
15729 2298
15730 1495
15731 2900
15732 4779
15733 4168
15734 1642
15735 1642
15736 3688
15737 4464
15738 708
15739 1544
15740 2316
15741 1799
15742 2261
15743 4510
15744 3055
15745 4878
15746 3654
15747 300
15748 4131
15749 2536
15750 3239
15751 3239
15752 2585
15753 3239
15754 99
15755 2912
15756 2668
15757 1218
15758 1360
15759 1269
15760 109
15761 1906
15762 1617
15763 3453
15764 2
15765 1131
15766 3323
15767 2
15768 4034
15769 4165
15770 1132
15771 2322
15772 4024
15773 1182
15774 701
15775 4856
15776 1049
15777 2367
15778 866
15779 1596
15780 3912
15781 2615
15782 1506
15783 1183
15784 3336
15785 1254
15786 4645
15787 4213
15788 4852
15789 3323
15790 457
15791 2803
15792 1702
15793 1796
15794 2077
15795 2685
15796 318
15797 4560
15798 3126
15799 4831
15800 4188
15801 1049
15802 1182
15803 1926
15804 4662
15805 99
15806 3976
15807 884
15808 1525
15809 4563
15810 3150
15811 1848
15812 3884
15813 1674
15814 457
15815 3850
15816 4481
15817 1434
15818 457
15819 99
15820 2899
15821 1182
15822 2052
15823 4757
15824 1538
15825 313
15826 4836
15827 2119
15828 1642
15829 2849
15830 4289
15831 690
15832 3356
15833 3540
15834 2243
15835 808
15836 701
15837 1243
15838 1810
15839 1969
15840 987
15841 4091
15842 4260
15843 24
15844 161
15845 2305
15846 1861
15847 4235
15848 2667
15849 3134
15850 2230
15851 301
15852 162
15853 4456
15854 2784
15855 4075
15856 2133
15857 3642
15858 2813
15859 2684
15860 947
15861 631
15862 908
15863 3528
15864 1371
15865 3813
15866 919
15867 2648
15868 19
15869 650
15870 2217
15871 3112
15872 3581
15873 1150
15874 916
15875 217
15876 3528
15877 3581
15878 1485
15879 2389
15880 3654
15881 608
15882 324
15883 1600
15884 2493
15885 1296
15886 3041
15887 3047
15888 1128
15889 681
15890 2026
15891 4246
15892 3507
15893 2355
15894 710
15895 389
15896 800
15897 2257
15898 1624
15899 4268
15900 1553
15901 3860
15902 3528
15903 128
15904 1409
15905 3642
15906 10
15907 3209
15908 4194
15909 1666
15910 4183
15911 2789
15912 789
15913 1283
15914 2760
15915 3209
15916 23
15917 1127
15918 1615
15919 4997
15920 310
15921 4340
15922 2862
15923 1408
15924 208
15925 3900
15926 2620
15927 3441
15928 3834
15929 3430
15930 3209
15931 478
15932 3479
15933 2927
15934 2315
15935 3211
15936 2740
15937 3212
15938 4094
15939 2335
15940 3937
15941 3670
15942 1096
15943 1961
15944 1569
15945 1609
15946 926
15947 2679
15948 4036
15949 4662
15950 3778
15951 4560
15952 1399
15953 1167
15954 3899
15955 518
15956 2971
15957 3193
15958 2360
15959 1922
15960 3212
15961 686
15962 2395
15963 1404
15964 3286
15965 863
15966 3859
15967 3835
15968 3212
15969 2628
15970 4434
15971 3893
15972 3212
15973 701
15974 406
15975 2493
15976 1931
15977 3066
15978 2620
15979 2615
15980 1655
15981 4909
15982 172
15983 2830
15984 2245
15985 4403
15986 2104
15987 1848
15988 1466
15989 3201
15990 1881
15991 2519
15992 195
15993 133
15994 1924
15995 1254
15996 4786
15997 2052
15998 2620
15999 2168
16000 3717
16001 3709
16002 3381
16003 1044
16004 2711
16005 1769
16006 1484
16007 391
16008 1100
16009 3381
16010 2971
16011 4232
16012 3381
16013 4850
16014 3213
16015 1496
16016 921
16017 2256
16018 3794
16019 1718
16020 1743
16021 609
16022 4025
16023 2299
16024 562
16025 512
16026 179
16027 2979
16028 643
16029 1536
16030 1908
16031 2293
16032 1105
16033 3047
16034 3571
16035 2979
16036 3004
16037 1016
16038 1494
16039 4158
16040 1889
16041 4521
16042 2727
16043 2979
16044 1196
16045 3807
16046 1085
16047 2204
16048 2823
16049 671
16050 2982
16051 1643
16052 3800
16053 3156
16054 2196
16055 1025
16056 3121
16057 1811
16058 337
16059 2494
16060 2971
16061 2899
16062 900
16063 3178
16064 1406
16065 4199
16066 4590
16067 3334
16068 2811
16069 1616
16070 4813
16071 1168
16072 1983
16073 1412
16074 4516
16075 3724
16076 2526
16077 1320
16078 1806
16079 2657
16080 4104
16081 191
16082 4804
16083 915
16084 3335
16085 1360
16086 513
16087 4807
16088 4191
16089 289
16090 1941
16091 2171
16092 43
16093 1477
16094 1141
16095 909
16096 2982
16097 4345
16098 1540
16099 3688
16100 596
16101 2899
16102 634
16103 1753
16104 3937
16105 2982
16106 4858
16107 1953
16108 374
16109 4663
16110 4570
16111 1198
16112 1986
16113 2021
16114 4920
16115 4040
16116 3641
16117 203
16118 993
16119 1742
16120 3088
16121 4519
16122 629
16123 988
16124 4685
16125 4713
16126 3504
16127 4335
16128 1585
16129 3088
16130 457
16131 671
16132 2052
16133 2074
16134 1047
16135 1503
16136 884
16137 478
16138 976
16139 625
16140 759
16141 4172
16142 4757
16143 3581
16144 133
16145 3928
16146 1243
16147 1756
16148 2666
16149 2183
16150 3801
16151 1168
16152 291
16153 370
16154 2722
16155 613
16156 1360
16157 1260
16158 4507
16159 4194
16160 1320
16161 4718
16162 1312
16163 4483
16164 1047
16165 2827
16166 4965
16167 2459
16168 2825
16169 1707
16170 596
16171 993
16172 3047
16173 509
16174 976
16175 585
16176 1870
16177 4442
16178 4200
16179 2024
16180 3049
16181 701
16182 4512
16183 3152
16184 3907
16185 2871
16186 4010
16187 721
16188 2809
16189 3088
16190 4486
16191 2797
16192 2192
16193 889
16194 361
16195 2628
16196 3684
16197 704
16198 477
16199 2899
16200 230
16201 2827
16202 4810
16203 2331
16204 1666
16205 1047
16206 3182
16207 4712
16208 703
16209 3602
16210 2336
16211 173
16212 3872
16213 1433
16214 537
16215 3088
16216 3001
16217 4021
16218 2534
16219 4720
16220 874
16221 4521
16222 1990
16223 2131
16224 3581
16225 2046
16226 4396
16227 3087
16228 4123
16229 1096
16230 230
16231 1141
16232 4833
16233 1673
16234 3381
16235 4667
16236 598
16237 2968
16238 3571
16239 1623
16240 703
16241 907
16242 4726
16243 3722
16244 2496
16245 4090
16246 2695
16247 3124
16248 1416
16249 1470
16250 3563
16251 3137
16252 1141
16253 46
16254 2406
16255 3852
16256 378
16257 2001
16258 1634
16259 4408
16260 1446
16261 632
16262 3087
16263 3829
16264 3641
16265 2896
16266 3711
16267 1875
16268 1850
16269 4303
16270 3087
16271 2677
16272 4846
16273 1822
16274 3933
16275 4284
16276 139
16277 3838
16278 3946
16279 2350
16280 2615
16281 1099
16282 3049
16283 1042
16284 1188
16285 4534
16286 1833
16287 2862
16288 2685
16289 4732
16290 3382
16291 229
16292 147
16293 4715
16294 3312
16295 3326
16296 2459
16297 1141
16298 1796
16299 2655
16300 3030
16301 4244
16302 4588
16303 2336
16304 914
16305 280
16306 52
16307 156
16308 3534
16309 4714
16310 537
16311 4052
16312 191
16313 1970
16314 3773
16315 3087
16316 3973
16317 3527
16318 1051
16319 3028
16320 812
16321 3187
16322 476
16323 527
16324 2725
16325 722
16326 2802
16327 2495
16328 4880
16329 1492
16330 3949
16331 3779
16332 2784
16333 1970
16334 1583
16335 3382
16336 1851
16337 110
16338 3917
16339 3026
16340 4226
16341 3086
16342 2785
16343 2169
16344 4286
16345 2635
16346 3684
16347 2074
16348 4937
16349 3564
16350 1357
16351 522
16352 3675
16353 4596
16354 1029
16355 2383
16356 2812
16357 3162
16358 4050
16359 3356
16360 3336
16361 2205
16362 1586
16363 3467
16364 3730
16365 293
16366 1016
16367 3382
16368 2706
16369 522
16370 1445
16371 95
16372 2431
16373 2629
16374 2869
16375 4536
16376 3725
16377 3101
16378 4429
16379 2782
16380 182
16381 3163
16382 546
16383 3519
16384 1183
16385 2355
16386 3114
16387 4081
16388 2594
16389 512
16390 2211
16391 540
16392 2444
16393 2994
16394 2030
16395 3533
16396 4761
16397 2509
16398 374
16399 110
16400 2059
16401 2494
16402 2514
16403 4146
16404 411
16405 3114
16406 1333
16407 2672
16408 3971
16409 3488
16410 229
16411 1107
16412 2050
16413 4178
16414 4650
16415 2328
16416 1869
16417 1555
16418 1930
16419 4466
16420 1714
16421 1115
16422 1861
16423 1002
16424 3684
16425 141
16426 1280
16427 915
16428 2297
16429 4498
16430 378
16431 1521
16432 389
16433 2672
16434 1269
16435 179
16436 3114
16437 2799
16438 391
16439 3465
16440 859
16441 2790
16442 1130
16443 664
16444 4192
16445 659
16446 4225
16447 4668
16448 1042
16449 828
16450 703
16451 3451
16452 250
16453 583
16454 274
16455 52
16456 2968
16457 1254
16458 1130
16459 1899
16460 456
16461 3869
16462 217
16463 1283
16464 1350
16465 1796
16466 52
16467 906
16468 2782
16469 33
16470 2438
16471 2066
16472 2007
16473 3382
16474 4689
16475 332
16476 3810
16477 1542
16478 185
16479 2526
16480 1287
16481 4864
16482 2673
16483 1576
16484 1100
16485 2581
16486 32
16487 4584
16488 550
16489 4606
16490 4574
16491 4145
16492 3155
16493 2257
16494 1130
16495 3207
16496 4686
16497 1243
16498 1022
16499 4552
16500 696
16501 3803
16502 2155
16503 1719
16504 6
16505 1270
16506 376
16507 1429
16508 1496
16509 2520
16510 2672
16511 3207
16512 2920
16513 255
16514 3504
16515 4671
16516 2146
16517 1921
16518 1142
16519 4866
16520 4552
16521 1056
16522 456
16523 1797
16524 4651
16525 2858
16526 1468
16527 402
16528 1361
16529 2065
16530 1244
16531 4090
16532 1056
16533 3116
16534 348
16535 1385
16536 1815
16537 1666
16538 3675
16539 3207
16540 1009
16541 2036
16542 3386
16543 4937
16544 3386
16545 1992
16546 28
16547 562
16548 4779
16549 516
16550 3403
16551 4441
16552 3889
16553 1168
16554 1897
16555 209
16556 411
16557 3487
16558 3036
16559 2567
16560 447
16561 830
16562 379
16563 696
16564 2085
16565 3461
16566 3250
16567 305
16568 2526
16569 3872
16570 4743
16571 3971
16572 1904
16573 4083
16574 830
16575 2389
16576 2282
16577 1928
16578 4008
16579 77
16580 193
16581 2021
16582 1009
16583 1605
16584 1590
16585 3250
16586 4910
16587 4405
16588 3441
16589 3386
16590 4116
16591 2793
16592 4581
16593 3386
16594 1801
16595 3114
16596 4504
16597 411
16598 3730
16599 3385
16600 2837
16601 2323
16602 361
16603 917
16604 3526
16605 3935
16606 1399
16607 3250
16608 3563
16609 4217
16610 909
16611 4290
16612 4050
16613 2677
16614 3685
16615 3796
16616 1334
16617 942
16618 1300
16619 4674
16620 2905
16621 2115
16622 2322
16623 4327
16624 4346
16625 4580
16626 381
16627 3250
16628 3183
16629 963
16630 322
16631 708
16632 4561
16633 4119
16634 456
16635 1035
16636 4691
16637 2244
16638 1633
16639 440
16640 1583
16641 4950
16642 4015
16643 440
16644 418
16645 3988
16646 1386
16647 3929
16648 422
16649 1275
16650 883
16651 325
16652 3840
16653 1753
16654 2036
16655 2354
16656 1275
16657 3252
16658 2367
16659 2692
16660 3747
16661 246
16662 122
16663 3914
16664 1371
16665 4609
16666 4089
16667 4361
16668 2275
16669 4805
16670 3385
16671 639
16672 2555
16673 2519
16674 1470
16675 3632
16676 3641
16677 1465
16678 3969
16679 4825
16680 1947
16681 3251
16682 4151
16683 2226
16684 4372
16685 1451
16686 3641
16687 2127
16688 2656
16689 217
16690 4201
16691 4998
16692 2371
16693 3509
16694 4796
16695 1754
16696 1909
16697 1296
16698 3251
16699 2532
16700 3516
16701 542
16702 1056
16703 998
16704 4151
16705 1753
16706 2594
16707 912
16708 3037
16709 4136
16710 1025
16711 2769
16712 1688
16713 1056
16714 3523
16715 4012
16716 355
16717 759
16718 411
16719 4443
16720 3251
16721 2836
16722 1315
16723 3943
16724 1847
16725 4572
16726 3502
16727 1786
16728 3947
16729 546
16730 4356
16731 1428
16732 546
16733 4604
16734 209
16735 562
16736 1677
16737 1659
16738 3385
16739 648
16740 1344
16741 3251
16742 4826
16743 4946
16744 1362
16745 4070
16746 4843
16747 1279
16748 3888
16749 4309
16750 1463
16751 4262
16752 948
16753 4701
16754 2220
16755 4703
16756 4544
16757 2495
16758 807
16759 1379
16760 1984
16761 2531
16762 1056
16763 3757
16764 3654
16765 2220
16766 4109
16767 3243
16768 4047
16769 1754
16770 596
16771 1603
16772 4041
16773 3243
16774 975
16775 1903
16776 426
16777 4806
16778 3243
16779 2142
16780 4624
16781 2495
16782 2275
16783 1601
16784 2304
16785 759
16786 3244
16787 216
16788 1032
16789 1320
16790 1296
16791 4260
16792 3244
16793 3502
16794 2616
16795 568
16796 3677
16797 3669
16798 1453
16799 1470
16800 3866
16801 3244
16802 2022
16803 372
16804 14
16805 3244
16806 3480
16807 1774
16808 1724
16809 877
16810 795
16811 305
16812 4286
16813 1476
16814 2509
16815 1055
16816 1437
16817 1616
16818 3564
16819 1843
16820 2119
16821 1523
16822 1616
16823 3244
16824 3604
16825 2022
16826 3567
16827 3790
16828 944
16829 563
16830 3864
16831 1296
16832 4655
16833 2970
16834 1001
16835 1353
16836 901
16837 648
16838 3869
16839 1300
16840 2328
16841 4635
16842 2137
16843 546
16844 2425
16845 2526
16846 1458
16847 3863
16848 3222
16849 1837
16850 993
16851 4522
16852 1371
16853 235
16854 2332
16855 3907
16856 1142
16857 1478
16858 744
16859 1386
16860 2422
16861 4671
16862 1055
16863 925
16864 3604
16865 1822
16866 3762
16867 28
16868 2074
16869 543
16870 2245
16871 2736
16872 2078
16873 983
16874 3243
16875 3304
16876 4053
16877 456
16878 2408
16879 229
16880 1655
16881 1862
16882 4840
16883 807
16884 328
16885 3935
16886 412
16887 3304
16888 3238
16889 576
16890 1288
16891 4138
16892 3996
16893 1055
16894 1055
16895 993
16896 3304
16897 790
16898 2026
16899 1371
16900 846
16901 696
16902 294
16903 3267
16904 875
16905 1178
16906 135
16907 3267
16908 3388
16909 4349
16910 3388
16911 1142
16912 4885
16913 1874
16914 4356
16915 1899
16916 3604
16917 1762
16918 2096
16919 3650
16920 845
16921 3267
16922 1544
16923 1214
16924 1482
16925 788
16926 3844
16927 3976
16928 2387
16929 3524
16930 456
16931 1167
16932 3823
16933 3510
16934 1409
16935 3267
16936 3151
16937 4841
16938 2453
16939 124
16940 4064
16941 235
16942 2077
16943 671
16944 3489
16945 4844
16946 4268
16947 1287
16948 883
16949 1115
16950 543
16951 874
16952 2227
16953 3717
16954 2880
16955 879
16956 4745
16957 94
16958 6
16959 2890
16960 543
16961 1269
16962 2537
16963 1388
16964 3776
16965 821
16966 2205
16967 1561
16968 3890
16969 1642
16970 2644
16971 2515
16972 2250
16973 2126
16974 806
16975 2130
16976 3955
16977 4770
16978 1947
16979 2105
16980 2036
16981 3747
16982 686
16983 4790
16984 1142
16985 707
16986 4155
16987 4465
16988 2555
16989 1686
16990 4125
16991 304
16992 2421
16993 94
16994 1506
16995 822
16996 4059
16997 786
16998 2662
16999 657
17000 2057
17001 1428
17002 455
17003 788
17004 441
17005 348
17006 591
17007 1624
17008 2695
17009 3266
17010 4617
17011 3706
17012 4263
17013 4610
17014 962
17015 579
17016 4595
17017 4836
17018 722
17019 1984
17020 4926
17021 101
17022 1550
17023 2295
17024 4478
17025 220
17026 3266
17027 4494
17028 4725
17029 1065
17030 3686
17031 3388
17032 4747
17033 3255
17034 455
17035 2548
17036 1252
17037 3801
17038 4251
17039 1503
17040 3441
17041 2783
17042 4056
17043 2394
17044 1616
17045 4028
17046 3455
17047 2324
17048 3424
17049 2381
17050 2449
17051 1167
17052 781
17053 3788
17054 296
17055 2345
17056 975
17057 207
17058 4163
17059 4582
17060 925
17061 537
17062 1701
17063 4287
17064 802
17065 725
17066 1584
17067 2441
17068 237
17069 3958
17070 3774
17071 3389
17072 3255
17073 4527
17074 987
17075 1655
17076 2172
17077 3255
17078 543
17079 3769
17080 61
17081 4911
17082 4923
17083 3813
17084 2645
17085 4676
17086 3811
17087 1359
17088 2336
17089 1655
17090 948
17091 2167
17092 1258
17093 418
17094 4632
17095 4236
17096 1735
17097 1057
17098 455
17099 3257
17100 4629
17101 4557
17102 1023
17103 2495
17104 2612
17105 883
17106 1075
17107 3443
17108 1492
17109 4019
17110 4435
17111 268
17112 1169
17113 3257
17114 1210
17115 250
17116 44
17117 568
17118 1609
17119 2208
17120 2451
17121 4246
17122 1755
17123 1187
17124 1822
17125 3257
17126 455
17127 3847
17128 798
17129 1672
17130 2340
17131 2577
17132 2837
17133 1007
17134 1295
17135 3775
17136 3326
17137 3772
17138 164
17139 2497
17140 4420
17141 1244
17142 3934
17143 2072
17144 1470
17145 3017
17146 2123
17147 1885
17148 509
17149 2175
17150 1721
17151 563
17152 3915
17153 1114
17154 3605
17155 4618
17156 4149
17157 3654
17158 1245
17159 301
17160 3049
17161 41
17162 582
17163 1406
17164 1010
17165 4307
17166 1057
17167 3554
17168 1349
17169 195
17170 3981
17171 3326
17172 2572
17173 276
17174 1665
17175 2662
17176 268
17177 563
17178 3017
17179 3451
17180 3462
17181 2437
17182 3671
17183 2214
17184 284
17185 3136
17186 4640
17187 4902
17188 2081
17189 3036
17190 3017
17191 3976
17192 3947
17193 1889
17194 304
17195 4170
17196 4849
17197 2257
17198 2609
17199 4840
17200 4055
17201 1842
17202 3065
17203 3389
17204 760
17205 4600
17206 1428
17207 845
17208 3015
17209 366
17210 3015
17211 839
17212 4337
17213 2793
17214 4077
17215 4747
17216 4314
17217 2589
17218 2109
17219 2715
17220 4152
17221 4932
17222 615
17223 2849
17224 4473
17225 3494
17226 3755
17227 4870
17228 57
17229 1057
17230 4898
17231 3015
17232 2775
17233 2210
17234 281
17235 2282
17236 3564
17237 827
17238 3749
17239 750
17240 3755
17241 1993
17242 1774
17243 271
17244 3132
17245 3009
17246 4196
17247 3008
17248 3862
17249 975
17250 1930
17251 2496
17252 3690
17253 3625
17254 1446
17255 3858
17256 3594
17257 1903
17258 3118
17259 544
17260 1663
17261 1797
17262 248
17263 3389
17264 3008
17265 4241
17266 237
17267 1488
17268 3018
17269 4459
17270 173
17271 1894
17272 1048
17273 4103
17274 3016
17275 1140
17276 4285
17277 4059
17278 1957
17279 3134
17280 2191
17281 878
17282 1309
17283 3022
17284 2514
17285 2553
17286 3853
17287 4364
17288 3733
17289 2983
17290 2350
17291 1394
17292 1046
17293 1705
17294 2905
17295 3594
17296 750
17297 4535
17298 3022
17299 2585
17300 1012
17301 1516
17302 4675
17303 4291
17304 2849
17305 1416
17306 2496
17307 702
17308 1671
17309 4837
17310 4636
17311 3230
17312 4361
17313 1138
17314 516
17315 213
17316 1755
17317 4673
17318 3363
17319 3911
17320 2954
17321 4000
17322 563
17323 4893
17324 3477
17325 4086
17326 544
17327 2629
17328 2948
17329 1046
17330 4096
17331 3062
17332 1182
17333 4649
17334 4471
17335 2996
17336 2954
17337 2436
17338 3326
17339 836
17340 3610
17341 4235
17342 1138
17343 963
17344 552
17345 1248
17346 472
17347 3863
17348 1345
17349 2366
17350 3837
17351 1244
17352 3049
17353 4065
17354 1787
17355 3995
17356 2172
17357 1820
17358 809
17359 3702
17360 2497
17361 1074
17362 3481
17363 2824
17364 3717
17365 1467
17366 4090
17367 4433
17368 1773
17369 4804
17370 1283
17371 1439
17372 4141
17373 3739
17374 933
17375 1254
17376 2086
17377 1085
17378 4222
17379 419
17380 1623
17381 2954
17382 3387
17383 4348
17384 3387
17385 4917
17386 4227
17387 3934
17388 2001
17389 3748
17390 4207
17391 2667
17392 4471
17393 1270
17394 4753
17395 4871
17396 3523
17397 3582
17398 3914
17399 237
17400 4873
17401 4638
17402 2308
17403 4229
17404 1694
17405 4349
17406 547
17407 3116
17408 4509
17409 3427
17410 1398
17411 883
17412 1922
17413 2044
17414 2207
17415 1727
17416 2572
17417 1887
17418 45
17419 1349
17420 1278
17421 741
17422 202
17423 2510
17424 2025
17425 3604
17426 878
17427 4134
17428 1065
17429 1046
17430 2120
17431 2066
17432 4564
17433 4559
17434 3987
17435 2890
17436 1046
17437 3199
17438 4767
17439 4177
17440 2685
17441 1526
17442 333
17443 3554
17444 3134
17445 3555
17446 938
17447 2159
17448 1608
17449 282
17450 1245
17451 1800
17452 4815
17453 933
17454 4748
17455 4491
17456 984
17457 237
17458 641
17459 4746
17460 3929
17461 1450
17462 2533
17463 3199
17464 1047
17465 512
17466 315
17467 4424
17468 912
17469 2541
17470 632
17471 3198
17472 1552
17473 1897
17474 3625
17475 705
17476 4696
17477 3387
17478 3480
17479 3835
17480 564
17481 4787
17482 1749
17483 3197
17484 812
17485 3710
17486 3463
17487 1516
17488 1094
17489 3199
17490 337
17491 4532
17492 984
17493 260
17494 2208
17495 2035
17496 4488
17497 3199
17498 2148
17499 4204
17500 4499
17501 2369
17502 1782
17503 1362
17504 3308
17505 3880
17506 923
17507 4900
17508 3981
17509 901
17510 3308
17511 1245
17512 866
17513 1381
17514 3394
17515 576
17516 4118
17517 3964
17518 4017
17519 1696
17520 2829
17521 1039
17522 2131
17523 4674
17524 2129
17525 3517
17526 3122
17527 2542
17528 4884
17529 2408
17530 3625
17531 397
17532 3810
17533 1357
17534 14
17535 3678
17536 2369
17537 4020
17538 4108
17539 1199
17540 1245
17541 1398
17542 3308
17543 638
17544 3302
17545 1665
17546 3315
17547 2282
17548 2677
17549 1516
17550 391
17551 3791
17552 4814
17553 3315
17554 2364
17555 102
17556 2336
17557 2582
17558 4336
17559 4224
17560 3315
17561 4779
17562 4374
17563 2437
17564 1500
17565 4247
17566 4026
17567 987
17568 4427
17569 1584
17570 3867
17571 3908
17572 4721
17573 4416
17574 2086
17575 4073
17576 3564
17577 2542
17578 3131
17579 696
17580 3145
17581 3192
17582 1446
17583 410
17584 2542
17585 852
17586 1138
17587 4084
17588 4819
17589 2530
17590 1338
17591 1461
17592 2906
17593 4545
17594 1887
17595 4256
17596 1528
17597 3313
17598 1372
17599 698
17600 355
17601 1494
17602 1107
17603 777
17604 2230
17605 513
17606 3046
17607 3394
17608 3508
17609 1912
17610 304
17611 2314
17612 2175
17613 12
17614 155
17615 2810
17616 1140
17617 102
17618 3699
17619 2523
17620 4213
17621 365
17622 2674
17623 3451
17624 2317
17625 4728
17626 2840
17627 820
17628 4032
17629 1262
17630 3843
17631 2206
17632 625
17633 3394
17634 1654
17635 3313
17636 3048
17637 4686
17638 4048
17639 3154
17640 1260
17641 2295
17642 4348
17643 3483
17644 4005
17645 3313
17646 520
17647 1437
17648 935
17649 4929
17650 2542
17651 2318
17652 1884
17653 3394
17654 1638
17655 68
17656 1864
17657 2762
17658 4126
17659 3453
17660 2735
17661 2322
17662 950
17663 2556
17664 3596
17665 4051
17666 3241
17667 3625
17668 846
17669 4782
17670 1140
17671 1433
17672 1586
17673 867
17674 3312
17675 3583
17676 3455
17677 2514
17678 4597
17679 4031
17680 4658
17681 4915
17682 1398
17683 3814
17684 3312
17685 3624
17686 722
17687 4038
17688 4800
17689 3583
17690 3697
17691 2814
17692 2320
17693 629
17694 24
17695 393
17696 451
17697 1386
17698 4030
17699 343
17700 2025
17701 2142
17702 1665
17703 3671
17704 441
17705 2802
17706 137
17707 4736
17708 4819
17709 2245
17710 31
17711 4078
17712 3970
17713 3312
17714 2685
17715 632
17716 2638
17717 4125
17718 3944
17719 1212
17720 1062
17721 930
17722 1372
17723 3624
17724 4462
17725 3502
17726 3317
17727 4798
17728 3393
17729 1545
17730 3502
17731 4488
17732 3317
17733 1187
17734 3304
17735 2081
17736 1191
17737 3985
17738 2087
17739 988
17740 2712
17741 581
17742 3045
17743 526
17744 138
17745 3736
17746 1970
17747 536
17748 2022
17749 3309
17750 1880
17751 1062
17752 2241
17753 3856
17754 3972
17755 1808
17756 1775
17757 3745
17758 3327
17759 4663
17760 3711
17761 3963
17762 203
17763 3878
17764 2515
17765 4735
17766 1818
17767 1540
17768 3782
17769 3995
17770 2870
17771 3942
17772 3980
17773 1246
17774 2153
17775 1054
17776 2395
17777 573
17778 4406
17779 3455
17780 2281
17781 3996
17782 2365
17783 2362
17784 3732
17785 43
17786 1769
17787 4614
17788 4844
17789 4574
17790 4577
17791 3393
17792 1246
17793 1278
17794 623
17795 1847
17796 1140
17797 1134
17798 3048
17799 4644
17800 1643
17801 2497
17802 4337
17803 1506
17804 564
17805 1246
17806 3032
17807 3594
17808 2427
17809 4489
17810 809
17811 4250
17812 1167
17813 2115
17814 4630
17815 3317
17816 1372
17817 102
17818 161
17819 615
17820 696
17821 1985
17822 670
17823 4256
17824 2353
17825 1720
17826 3610
17827 1993
17828 2170
17829 2830
17830 1705
17831 318
17832 451
17833 2686
17834 441
17835 2928
17836 1445
17837 373
17838 2428
17839 4250
17840 1289
17841 1362
17842 1251
17843 2059
17844 4086
17845 2044
17846 3675
17847 2756
17848 2985
17849 3186
17850 1941
17851 1688
17852 4333
17853 1818
17854 1822
17855 3679
17856 1591
17857 1247
17858 2344
17859 2717
17860 598
17861 423
17862 3186
17863 4671
17864 2729
17865 146
17866 2388
17867 1593
17868 55
17869 2672
17870 3327
17871 947
17872 4251
17873 1147
17874 4961
17875 2184
17876 1131
17877 1246
17878 236
17879 728
17880 4087
17881 943
17882 631
17883 2677
17884 1569
17885 4520
17886 2809
17887 4682
17888 1596
17889 4120
17890 182
17891 4031
17892 3186
17893 2525
17894 4469
17895 4254
17896 3597
17897 3838
17898 2155
17899 4938
17900 1562
17901 3455
17902 1834
17903 1062
17904 151
17905 2358
17906 3567
17907 3826
17908 950
17909 220
17910 1314
17911 1035
17912 3163
17913 2085
17914 2289
17915 2428
17916 2714
17917 2950
17918 286
17919 418
17920 973
17921 3135
17922 2769
17923 39
17924 4574
17925 1622
17926 1461
17927 586
17928 3925
17929 2509
17930 4512
17931 379
17932 2614
17933 995
17934 4043
17935 544
17936 3945
17937 4096
17938 2320
17939 1609
17940 1103
17941 4011
17942 2950
17943 3787
17944 1210
17945 4177
17946 2560
17947 2063
17948 4678
17949 794
17950 789
17951 1523
17952 1062
17953 3969
17954 3393
17955 1775
17956 1344
17957 4419
17958 649
17959 3131
17960 2170
17961 173
17962 0
17963 3815
17964 3469
17965 4644
17966 1569
17967 4448
17968 4274
17969 4770
17970 1336
17971 4986
17972 1883
17973 4092
17974 1875
17975 2797
17976 3873
17977 1425
17978 852
17979 794
17980 2405
17981 4792
17982 2721
17983 1060
17984 4554
17985 1868
17986 517
17987 2072
17988 2951
17989 513
17990 1837
17991 576
17992 4249
17993 1865
17994 3327
17995 3482
17996 1170
17997 1267
17998 4119
17999 1060
18000 295
18001 2951
18002 3731
18003 2321
18004 3892
18005 2332
18006 1503
18007 4907
18008 3905
18009 2554
18010 3864
18011 2996
18012 754
18013 2775
18014 582
18015 794
18016 4050
18017 912
18018 1016
18019 3562
18020 2951
18021 206
18022 2214
18023 1548
18024 629
18025 327
18026 2159
18027 4298
18028 2007
18029 304
18030 2749
18031 3356
18032 973
18033 4438
18034 3502
18035 3178
18036 917
18037 1559
18038 3393
18039 4663
18040 2951
18041 524
18042 2965
18043 3834
18044 1727
18045 4426
18046 3379
18047 2703
18048 2609
18049 1060
18050 510
18051 1416
18052 756
18053 82
18054 349
18055 371
18056 2837
18057 4621
18058 1434
18059 3562
18060 2309
18061 343
18062 1441
18063 4139
18064 935
18065 3562
18066 3822
18067 1624
18068 3179
18069 4112
18070 1518
18071 756
18072 1880
18073 695
18074 3791
18075 1509
18076 4598
18077 876
18078 3482
18079 3327
18080 548
18081 2354
18082 4876
18083 4543
18084 3890
18085 3624
18086 2409
18087 1247
18088 1426
18089 1887
18090 1638
18091 4528
18092 3182
18093 2078
18094 4622
18095 1549
18096 1330
18097 4796
18098 3466
18099 4790
18100 2435
18101 3809
18102 973
18103 564
18104 4720
18105 3926
18106 611
18107 1120
18108 2530
18109 4014
18110 1127
18111 1524
18112 1798
18113 1379
18114 2703
18115 2347
18116 4706
18117 2498
18118 2250
18119 76
18120 1762
18121 2965
18122 4047
18123 2023
18124 298
18125 1084
18126 1093
18127 2205
18128 3048
18129 986
18130 1262
18131 3783
18132 2105
18133 706
18134 3696
18135 695
18136 106
18137 4409
18138 2735
18139 3484
18140 4976
18141 3451
18142 2273
18143 1720
18144 659
18145 3850
18146 3733
18147 2387
18148 544
18149 869
18150 3953
18151 2214
18152 3113
18153 3484
18154 2591
18155 2278
18156 4253
18157 4964
18158 3983
18159 2965
18160 4869
18161 26
18162 4416
18163 4088
18164 3818
18165 1721
18166 3529
18167 4764
18168 3191
18169 3459
18170 746
18171 4215
18172 2749
18173 3686
18174 3741
18175 2806
18176 487
18177 4263
18178 4553
18179 4753
18180 17
18181 3013
18182 4673
18183 323
18184 3731
18185 3698
18186 705
18187 2194
18188 1267
18189 1267
18190 1252
18191 2793
18192 2503
18193 2408
18194 1147
18195 2805
18196 1576
18197 4637
18198 841
18199 1271
18200 1795
18201 4857
18202 320
18203 3983
18204 1800
18205 74
18206 1102
18207 1522
18208 2339
18209 2280
18210 4265
18211 3487
18212 1398
18213 1867
18214 3269
18215 324
18216 2614
18217 1662
18218 3337
18219 4297
18220 2928
18221 1862
18222 94
18223 3181
18224 1255
18225 1924
18226 1247
18227 173
18228 2175
18229 4888
18230 2518
18231 1181
18232 946
18233 487
18234 3459
18235 935
18236 2814
18237 10
18238 83
18239 771
18240 44
18241 412
18242 4383
18243 4858
18244 1742
18245 731
18246 597
18247 3241
18248 4177
18249 333
18250 3951
18251 4221
18252 1147
18253 4037
18254 2797
18255 3593
18256 3773
18257 4784
18258 428
18259 4915
18260 2791
18261 1903
18262 731
18263 213
18264 395
18265 770
18266 659
18267 4760
18268 2862
18269 4549
18270 2920
18271 3459
18272 2701
18273 2940
18274 839
18275 4998
18276 3447
18277 3048
18278 935
18279 3800
18280 2332
18281 4490
18282 1372
18283 365
18284 4353
18285 743
18286 197
18287 3476
18288 1500
18289 2940
18290 725
18291 3706
18292 1832
18293 837
18294 1484
18295 3102
18296 4562
18297 3306
18298 1123
18299 787
18300 3032
18301 3392
18302 2358
18303 94
18304 2331
18305 4612
18306 670
18307 4848
18308 1575
18309 710
18310 1467
18311 4657
18312 1569
18313 1976
18314 4055
18315 1463
18316 4558
18317 1463
18318 3492
18319 1695
18320 4089
18321 164
18322 4822
18323 3939
18324 3731
18325 2214
18326 536
18327 26
18328 687
18329 3496
18330 4189
18331 2536
18332 1416
18333 1426
18334 597
18335 1671
18336 2940
18337 4459
18338 2714
18339 3889
18340 1770
18341 587
18342 1442
18343 988
18344 564
18345 286
18346 3979
18347 829
18348 4477
18349 2678
18350 3131
18351 2087
18352 3703
18353 2161
18354 3232
18355 487
18356 2307
18357 3583
18358 3436
18359 1945
18360 3624
18361 3478
18362 671
18363 579
18364 810
18365 447
18366 4283
18367 1654
18368 2607
18369 3048
18370 4038
18371 3594
18372 2280
18373 2358
18374 3328
18375 1270
18376 4096
18377 3877
18378 2941
18379 4862
18380 3328
18381 2367
18382 1321
18383 1478
18384 1545
18385 2106
18386 2501
18387 86
18388 1683
18389 4798
18390 3850
18391 2429
18392 3753
18393 441
18394 3752
18395 2210
18396 855
18397 3797
18398 1346
18399 4892
18400 394
18401 1369
18402 4407
18403 4042
18404 2062
18405 2941
18406 1021
18407 1177
18408 3031
18409 2535
18410 1060
18411 845
18412 4296
18413 3752
18414 1671
18415 2309
18416 213
18417 4271
18418 2790
18419 3392
18420 3583
18421 4067
18422 3503
18423 4310
18424 4021
18425 3268
18426 3004
18427 3821
18428 3468
18429 2572
18430 1252
18431 2171
18432 862
18433 2756
18434 1636
18435 854
18436 745
18437 2941
18438 2950
18439 901
18440 933
18441 3203
18442 3702
18443 1913
18444 3605
18445 1323
18446 102
18447 4454
18448 2518
18449 3605
18450 4456
18451 934
18452 517
18453 1931
18454 303
18455 989
18456 4804
18457 1695
18458 1247
18459 156
18460 4285
18461 1061
18462 3873
18463 1718
18464 4937
18465 2053
18466 1569
18467 1701
18468 1823
18469 3392
18470 1633
18471 2164
18472 4075
18473 4487
18474 4723
18475 4013
18476 2594
18477 3744
18478 199
18479 1146
18480 1249
18481 4013
18482 3875
18483 4414
18484 794
18485 44
18486 343
18487 3450
18488 927
18489 4436
18490 2956
18491 1426
18492 1389
18493 1862
18494 4110
18495 2035
18496 4845
18497 2560
18498 606
18499 2048
18500 488
18501 1834
18502 2712
18503 1369
18504 4773
18505 1963
18506 488
18507 4788
18508 1127
18509 164
18510 1972
18511 1575
18512 4837
18513 2956
18514 3798
18515 391
18516 4050
18517 1523
18518 597
18519 1061
18520 4511
18521 3712
18522 4557
18523 555
18524 2956
18525 3904
18526 2650
18527 2553
18528 3819
18529 2116
18530 1344
18531 1061
18532 3729
18533 2826
18534 2735
18535 2425
18536 1061
18537 4404
18538 2596
18539 3827
18540 4294
18541 1993
18542 4203
18543 2717
18544 2115
18545 1311
18546 2735
18547 1983
18548 1289
18549 1163
18550 2956
18551 3862
18552 3179
18553 4020
18554 488
18555 2946
18556 4057
18557 704
18558 4652
18559 4856
18560 2248
18561 293
18562 1602
18563 705
18564 1338
18565 965
18566 816
18567 1879
18568 1702
18569 3391
18570 934
18571 2738
18572 2418
18573 3391
18574 4145
18575 416
18576 2096
18577 4927
18578 806
18579 1894
18580 897
18581 2330
18582 1647
18583 1847
18584 4721
18585 2955
18586 2693
18587 2497
18588 488
18589 1258
18590 3562
18591 1806
18592 2145
18593 1994
18594 2054
18595 4738
18596 2295
18597 650
18598 3484
18599 132
18600 3461
18601 2354
18602 962
18603 371
18604 2202
18605 73
18606 2137
18607 2830
18608 3044
18609 923
18610 2063
18611 1823
18612 4561
18613 479
18614 48
18615 2137
18616 2556
18617 3766
18618 731
18619 3553
18620 2120
18621 607
18622 2906
18623 2387
18624 4625
18625 2656
18626 4689
18627 2995
18628 319
18629 1606
18630 1496
18631 772
18632 827
18633 4734
18634 512
18635 4610
18636 412
18637 4146
18638 1770
18639 536
18640 1455
18641 1485
18642 1531
18643 4326
18644 695
18645 260
18646 3229
18647 296
18648 2280
18649 876
18650 3441
18651 2818
18652 1960
18653 934
18654 4336
18655 2330
18656 1724
18657 1701
18658 2322
18659 394
18660 5
18661 1720
18662 371
18663 760
18664 3560
18665 2892
18666 1428
18667 479
18668 1169
18669 2105
18670 3595
18671 1847
18672 4270
18673 3445
18674 3786
18675 2245
18676 520
18677 4832
18678 354
18679 2997
18680 3551
18681 1955
18682 397
18683 3351
18684 1099
18685 2155
18686 796
18687 547
18688 114
18689 1977
18690 695
18691 2769
18692 1067
18693 1029
18694 196
18695 4732
18696 1383
18697 3468
18698 278
18699 2440
18700 4774
18701 4019
18702 2717
18703 843
18704 1473
18705 3260
18706 837
18707 1752
18708 3903
18709 2891
18710 3156
18711 1321
18712 2119
18713 3569
18714 1837
18715 291
18716 1248
18717 4335
18718 2809
18719 4691
18720 2891
18721 2390
18722 2261
18723 1063
18724 2462
18725 2423
18726 4718
18727 3832
18728 1280
18729 4171
18730 4834
18731 1321
18732 4659
18733 3735
18734 4242
18735 1508
18736 4599
18737 4784
18738 1481
18739 123
18740 4375
18741 1008
18742 2913
18743 1519
18744 1559
18745 2287
18746 2891
18747 153
18748 1451
18749 132
18750 2205
18751 2891
18752 2387
18753 2427
18754 3679
18755 2035
18756 3767
18757 3002
18758 4100
18759 914
18760 4705
18761 74
18762 820
18763 523
18764 2891
18765 3994
18766 6
18767 882
18768 1648
18769 1963
18770 3559
18771 319
18772 837
18773 3556
18774 451
18775 3007
18776 837
18777 3626
18778 3798
18779 4523
18780 4917
18781 3175
18782 3344
18783 536
18784 303
18785 2812
18786 882
18787 4062
18788 1441
18789 3689
18790 691
18791 2087
18792 4872
18793 1146
18794 774
18795 3175
18796 52
18797 3749
18798 1864
18799 3631
18800 3887
18801 2994
18802 1504
18803 3692
18804 3391
18805 3765
18806 523
18807 1063
18808 1197
18809 3971
18810 364
18811 4889
18812 2172
18813 726
18814 420
18815 3597
18816 592
18817 4326
18818 3175
18819 760
18820 4344
18821 2565
18822 2371
18823 1665
18824 1171
18825 2405
18826 3177
18827 2721
18828 1801
18829 451
18830 1707
18831 4395
18832 3177
18833 3685
18834 4027
18835 4587
18836 3177
18837 4078
18838 4894
18839 4334
18840 2698
18841 3446
18842 3223
18843 1146
18844 193
18845 620
18846 3137
18847 3178
18848 4602
18849 1936
18850 756
18851 1732
18852 4584
18853 1759
18854 3446
18855 451
18856 2307
18857 1186
18858 1974
18859 4179
18860 4834
18861 1992
18862 1751
18863 2411
18864 3484
18865 1043
18866 3446
18867 1114
18868 2810
18869 1436
18870 989
18871 4442
18872 2580
18873 1013
18874 4855
18875 3503
18876 942
18877 3391
18878 3187
18879 1316
18880 4314
18881 1368
18882 3712
18883 4103
18884 3736
18885 2126
18886 3608
18887 697
18888 575
18889 1664
18890 1314
18891 4777
18892 3170
18893 4022
18894 613
18895 1113
18896 1114
18897 4115
18898 3337
18899 1308
18900 3351
18901 4826
18902 3187
18903 1387
18904 3733
18905 2697
18906 4595
18907 805
18908 196
18909 4186
18910 1270
18911 247
18912 1063
18913 1684
18914 1143
18915 3762
18916 1927
18917 989
18918 1101
18919 4575
18920 105
18921 3460
18922 4204
18923 1924
18924 3391
18925 3187
18926 4856
18927 92
18928 593
18929 2184
18930 1064
18931 782
18932 1555
18933 2805
18934 67
18935 4831
18936 3047
18937 2678
18938 985
18939 1187
18940 1776
18941 785
18942 1478
18943 4164
18944 4668
18945 2309
18946 1766
18947 1524
18948 2740
18949 4088
18950 3812
18951 3211
18952 4070
18953 3933
18954 1961
18955 3961
18956 1786
18957 3746
18958 2810
18959 1114
18960 2384
18961 3690
18962 1813
18963 4386
18964 4517
18965 928
18966 2278
18967 575
18968 452
18969 1837
18970 644
18971 523
18972 3057
18973 2749
18974 2630
18975 1362
18976 2842
18977 4463
18978 3710
18979 1527
18980 4558
18981 1714
18982 4152
18983 1695
18984 1191
18985 1814
18986 4575
18987 2577
18988 1163
18989 1135
18990 3211
18991 2298
18992 1693
18993 3211
18994 1715
18995 3869
18996 146
18997 4894
18998 3906
18999 688
19000 4088
19001 2059
19002 3051
19003 1393
19004 700
19005 2890
19006 3895
19007 2616
19008 912
19009 2858
19010 3669
19011 4887
19012 3747
19013 4221
19014 2050
19015 2106
19016 3231
19017 3893
19018 2648
19019 2321
19020 1267
19021 878
19022 2579
19023 3503
19024 394
19025 4395
19026 236
19027 4289
19028 1913
19029 3150
19030 1846
19031 3390
19032 4549
19033 452
19034 4085
19035 3156
19036 3209
19037 67
19038 997
19039 4257
19040 1346
19041 1675
19042 68
19043 3051
19044 3210
19045 1381
19046 3321
19047 1122
19048 376
19049 1997
19050 2225
19051 3671
19052 1132
19053 2330
19054 876
19055 4525
19056 267
19057 236
19058 2193
19059 3824
19060 3231
19061 1328
19062 3210
19063 3606
19064 1395
19065 4821
19066 3766
19067 1064
19068 3471
19069 4005
19070 1813
19071 1331
19072 2338
19073 4478
19074 406
19075 510
19076 732
19077 1687
19078 3934
19079 3037
19080 2096
19081 3692
19082 3480
19083 1271
19084 4479
19085 1608
19086 1878
19087 1312
19088 697
19089 1678
19090 3988
19091 4860
19092 2842
19093 4027
19094 846
19095 103
19096 1628
19097 2498
19098 1628
19099 4193
19100 4744
19101 4816
19102 777
19103 1492
19104 4265
19105 4369
19106 1584
19107 3210
19108 4762
19109 965
19110 1318
19111 533
19112 4721
19113 3004
19114 1785
19115 4240
19116 4835
19117 416
19118 697
19119 3040
19120 3608
19121 1248
19122 219
19123 3351
19124 179
19125 2696
19126 2014
19127 2290
19128 3131
19129 327
19130 4549
19131 1486
19132 3210
19133 2123
19134 3989
19135 2812
19136 17
19137 2537
19138 697
19139 3466
19140 2284
19141 1924
19142 1907
19143 4479
19144 1400
19145 2044
19146 3948
19147 1378
19148 4465
19149 555
19150 4190
19151 2700
19152 4679
19153 4202
19154 533
19155 1692
19156 609
19157 1017
19158 802
19159 4253
19160 331
19161 1671
19162 1307
19163 2645
19164 303
19165 2136
19166 4351
19167 3210
19168 2101
19169 2739
19170 2450
19171 598
19172 2062
19173 1496
19174 804
19175 3519
19176 1929
19177 2003
19178 246
19179 3947
19180 4388
19181 2400
19182 1770
19183 3305
19184 4576
19185 2356
19186 215
19187 210
19188 3921
19189 1874
19190 70
19191 3834
19192 1127
19193 2400
19194 2782
19195 3388
19196 1608
19197 2013
19198 1438
19199 1757
19200 92
19201 1787
19202 2525
19203 3334
19204 2400
19205 3482
19206 4074
19207 3148
19208 150
19209 827
19210 1433
19211 1862
19212 2340
19213 2525
19214 2329
19215 699
19216 2379
19217 1169
19218 4409
19219 4829
19220 3041
19221 2637
19222 4135
19223 3584
19224 148
19225 1624
19226 3725
19227 533
19228 111
19229 3683
19230 1331
19231 3503
19232 1064
19233 4302
19234 3828
19235 4357
19236 3606
19237 1701
19238 1070
19239 531
19240 412
19241 4470
19242 3328
19243 1549
19244 4292
19245 4181
19246 3148
19247 1488
19248 4820
19249 2080
19250 1639
19251 4159
19252 1105
19253 1163
19254 268
19255 1110
19256 4200
19257 3051
19258 4000
19259 959
19260 1352
19261 2028
19262 1188
19263 3696
19264 944
19265 1556
19266 3492
19267 3886
19268 1636
19269 274
19270 2035
19271 4032
19272 965
19273 262
19274 531
19275 3148
19276 175
19277 1939
19278 452
19279 23
19280 4524
19281 1384
19282 2738
19283 3390
19284 1622
19285 555
19286 826
19287 2410
19288 984
19289 1194
19290 1573
19291 3750
19292 4576
19293 4073
19294 2772
19295 366
19296 4607
19297 2806
19298 4073
19299 214
19300 364
19301 664
19302 303
19303 245
19304 4605
19305 944
19306 4063
19307 1821
19308 3100
19309 1593
19310 3145
19311 1425
19312 3145
19313 3483
19314 3743
19315 4771
19316 3895
19317 3805
19318 782
19319 1488
19320 4443
19321 2247
19322 3526
19323 3477
19324 3145
19325 2354
19326 285
19327 4573
19328 4177
19329 3146
19330 219
19331 3146
19332 3651
19333 1695
19334 3597
19335 2381
19336 4819
19337 251
19338 103
19339 3116
19340 3146
19341 4149
19342 820
19343 1143
19344 1111
19345 229
19346 783
19347 2753
19348 2177
19349 854
19350 4419
19351 3593
19352 3918
19353 3300
19354 1301
19355 4011
19356 1064
19357 3736
19358 4066
19359 3912
19360 371
19361 4464
19362 105
19363 7
19364 607
19365 1937
19366 4774
19367 2498
19368 1926
19369 1824
19370 1120
19371 365
19372 2098
19373 4345
19374 1835
19375 3671
19376 4674
19377 10
19378 3802
19379 4791
19380 3945
19381 2053
19382 2578
19383 3328
19384 2826
19385 2499
19386 2836
19387 2997
19388 2592
19389 3776
19390 2592
19391 1163
19392 4454
19393 2206
19394 3951
19395 4771
19396 1286
19397 4266
19398 3300
19399 2363
19400 3586
19401 2499
19402 4428
19403 4467
19404 2749
19405 1842
19406 2942
19407 3519
19408 4619
19409 4881
19410 3051
19411 4051
19412 4067
19413 51
19414 508
19415 4300
19416 192
19417 1421
19418 3692
19419 452
19420 2183
19421 3300
19422 555
19423 2180
19424 4376
19425 952
19426 4123
19427 3477
19428 384
19429 1169
19430 1309
19431 219
19432 2063
19433 2593
19434 4414
19435 302
19436 3474
19437 3519
19438 844
19439 684
19440 3857
19441 1836
19442 1202
19443 2716
19444 2706
19445 3774
19446 2700
19447 2078
19448 3390
19449 3390
19450 4663
19451 4208
19452 387
19453 3225
19454 2499
19455 2383
19456 4581
19457 732
19458 2518
19459 3329
19460 2141
19461 4273
19462 3855
19463 745
19464 3288
19465 2785
19466 3059
19467 2395
19468 4636
19469 4079
19470 133
19471 61
19472 2524
19473 3288
19474 272
19475 2654
19476 3880
19477 964
19478 2119
19479 2722
19480 1086
19481 3288
19482 3157
19483 848
19484 1143
19485 245
19486 3916
19487 249
19488 4437
19489 4865
19490 532
19491 2025
19492 2996
19493 1751
19494 3477
19495 3767
19496 4120
19497 1836
19498 1089
19499 4778
19500 3153
19501 1887
19502 1181
19503 3705
19504 1540
19505 2435
19506 24
19507 532
19508 3895
19509 4999
19510 1946
19511 3530
19512 2275
19513 1164
19514 1522
19515 2124
19516 311
19517 2339
19518 2249
19519 2545
19520 3913
19521 1939
19522 4848
19523 2534
19524 4381
19525 2761
19526 4704
19527 1338
19528 4631
19529 3192
19530 4340
19531 2848
19532 255
19533 4518
19534 3988
19535 2087
19536 4724
19537 2748
19538 4704
19539 4146
19540 444
19541 3059
19542 591
19543 324
19544 92
19545 206
19546 3157
19547 3352
19548 3584
19549 2447
19550 1717
19551 4851
19552 688
19553 4370
19554 1934
19555 2341
19556 2451
19557 2177
19558 206
19559 4348
19560 1212
19561 3050
19562 159
19563 2814
19564 3162
19565 1628
19566 3050
19567 4133
19568 3448
19569 844
19570 3861
19571 4389
19572 3130
19573 362
19574 3225
19575 1628
19576 1862
19577 2362
19578 1248
19579 3050
19580 4105
19581 1522
19582 3696
19583 980
19584 449
19585 2339
19586 449
19587 2257
19588 959
19589 2761
19590 1681
19591 510
19592 1795
19593 2134
19594 3016
19595 1738
19596 2250
19597 852
19598 4175
19599 2593
19600 2499
19601 26
19602 1948
19603 4103
19604 691
19605 4476
19606 945
19607 2740
19608 1408
19609 746
19610 532
19611 219
19612 2848
19613 2612
19614 4634
19615 1249
19616 1560
19617 4536
19618 1540
19619 4533
19620 2434
19621 3302
19622 4467
19623 4435
19624 2578
19625 4763
19626 1164
19627 1249
19628 630
19629 2593
19630 3302
19631 556
19632 2594
19633 3907
19634 2798
19635 2678
19636 2249
19637 3685
19638 3302
19639 3273
19640 1071
19641 3772
19642 3050
19643 3337
19644 1440
19645 3998
19646 1089
19647 4683
19648 4197
19649 2241
19650 1071
19651 51
19652 4064
19653 3273
19654 2756
19655 4431
19656 417
19657 1325
19658 288
19659 1680
19660 3464
19661 1857
19662 1135
19663 390
19664 4791
19665 1190
19666 4445
19667 2231
19668 4375
19669 3827
19670 1429
19671 4352
19672 3397
19673 3884
19674 3970
19675 4023
19676 425
19677 2824
19678 2147
19679 158
19680 4854
19681 3992
19682 797
19683 597
19684 1733
19685 248
19686 4450
19687 2170
19688 1359
19689 727
19690 710
19691 2643
19692 3879
19693 2656
19694 646
19695 4635
19696 1749
19697 4298
19698 2309
19699 3273
19700 2192
19701 1205
19702 3278
19703 2226
19704 3705
19705 2871
19706 1196
19707 3408
19708 2275
19709 1493
19710 1957
19711 4322
19712 508
19713 4699
19714 4236
19715 620
19716 4968
19717 3712
19718 2083
19719 1327
19720 2727
19721 1249
19722 3705
19723 4600
19724 206
19725 1065
19726 1152
19727 3595
19728 1849
19729 3397
19730 1434
19731 10
19732 1627
19733 4190
19734 556
19735 2363
19736 1122
19737 449
19738 2595
19739 75
19740 1479
19741 898
19742 1195
19743 3729
19744 4100
19745 1795
19746 3278
19747 699
19748 3603
19749 3755
19750 3448
19751 998
19752 3530
19753 1756
19754 1021
19755 1878
19756 593
19757 3352
19758 3921
19759 1858
19760 4827
19761 4385
19762 3996
19763 2434
19764 4252
19765 419
19766 270
19767 1675
19768 1491
19769 4292
19770 4603
19771 2370
19772 4618
19773 1121
19774 3278
19775 2308
19776 1806
19777 3914
19778 1720
19779 2139
19780 2078
19781 878
19782 3011
19783 3517
19784 409
19785 4229
19786 3759
19787 272
19788 3037
19789 996
19790 3011
19791 1856
19792 3449
19793 3962
19794 1645
19795 1071
19796 161
19797 444
19798 2259
19799 4863
19800 1018
19801 3011
19802 879
19803 1006
19804 1404
19805 3977
19806 2761
19807 4094
19808 1293
19809 3036
19810 3464
19811 1584
19812 4155
19813 6
19814 3593
19815 4418
19816 4568
19817 207
19818 3329
19819 2308
19820 3954
19821 412
19822 3012
19823 1867
19824 4886
19825 4450
19826 3012
19827 2858
19828 2686
19829 986
19830 1795
19831 1654
19832 302
19833 2648
19834 4496
19835 378
19836 3712
19837 4731
19838 3717
19839 924
19840 4621
19841 3012
19842 2545
19843 4442
19844 3316
19845 3613
19846 1687
19847 3397
19848 1325
19849 1325
19850 351
19851 1568
19852 2224
19853 2363
19854 4526
19855 796
19856 2023
19857 3523
19858 532
19859 3560
19860 157
19861 3143
19862 1442
19863 4800
19864 2966
19865 135
19866 3329
19867 3398
19868 4165
19869 1552
19870 4512
19871 820
19872 1678
19873 444
19874 4390
19875 4380
19876 788
19877 880
19878 4036
19879 3316
19880 2783
19881 1394
19882 3316
19883 520
19884 3707
19885 1008
19886 514
19887 2882
19888 2871
19889 846
19890 4316
19891 3532
19892 2280
19893 92
19894 314
19895 3084
19896 2760
19897 699
19898 1069
19899 213
19900 4014
19901 120
19902 1751
19903 3695
19904 3681
19905 2882
19906 3193
19907 2445
19908 3131
19909 2024
19910 2783
19911 2422
19912 630
19913 207
19914 1331
19915 4429
19916 4214
19917 4344
19918 1970
19919 1950
19920 3757
19921 3739
19922 2882
19923 1351
19924 374
19925 3746
19926 120
19927 4195
19928 3330
19929 238
19930 2443
19931 448
19932 1626
19933 3744
19934 959
19935 3490
19936 2166
19937 1548
19938 1812
19939 2884
19940 3398
19941 4031
19942 2886
19943 2886
19944 2886
19945 2524
19946 1071
19947 1584
19948 302
19949 964
19950 3517
19951 2699
19952 1363
19953 3521
19954 613
19955 238
19956 4349
19957 2525
19958 3468
19959 625
19960 2600
19961 964
19962 4068
19963 2738
19964 406
19965 593
19966 2886
19967 302
19968 2783
19969 699
19970 4968
19971 4099
19972 4223
19973 2600
19974 2885
19975 3585
19976 3482
19977 4245
19978 261
19979 4903
19980 3706
19981 2885
19982 448
19983 50
19984 3330
19985 2885
19986 2118
19987 4161
19988 1675
19989 173
19990 4655
19991 4769
19992 2024
19993 2885
19994 3517
19995 2692
19996 2943
19997 111
19998 1337
19999 254
20000 4187
20001 2760
20002 552
20003 2182
20004 1997
20005 1171
20006 2030
20007 3603
20008 3772
20009 622
20010 3313
20011 2086
20012 3778
20013 877
20014 3398
20015 556
20016 4060
20017 2362
20018 1585
20019 4736
20020 2241
20021 2943
20022 4299
20023 1518
20024 3478
20025 4126
20026 671
20027 3551
20028 2415
20029 3330
20030 4380
20031 2142
20032 2187
20033 2578
20034 642
20035 3124
20036 443
20037 2943
20038 868
20039 201
20040 3588
20041 760
20042 382
20043 4702
20044 1353
20045 2776
20046 2193
20047 3588
20048 2600
20049 1321
20050 2166
20051 4786
20052 2029
20053 4279
20054 3379
20055 3321
20056 3457
20057 2556
20058 2944
20059 1065
20060 879
20061 4267
20062 3492
20063 2600
20064 684
20065 670
20066 2024
20067 3848
20068 741
20069 2944
20070 2944
20071 4578
20072 4722
20073 1387
20074 1538
20075 2840
20076 3679
20077 2192
20078 2977
20079 3456
20080 908
20081 2978
20082 1447
20083 313
20084 3606
20085 2697
20086 2643
20087 3335
20088 2563
20089 3607
20090 3396
20091 1187
20092 1978
20093 2407
20094 2050
20095 120
20096 4060
20097 4160
20098 43
20099 1301
20100 2388
20101 2251
20102 586
20103 2689
20104 2978
20105 3216
20106 3607
20107 1282
20108 51
20109 3216
20110 2439
20111 881
20112 3534
20113 4296
20114 2414
20115 4137
20116 4365
20117 876
20118 858
20119 1909
20120 1541
20121 3695
20122 1325
20123 2272
20124 573
20125 3216
20126 3247
20127 3247
20128 3247
20129 542
20130 1164
20131 3883
20132 3330
20133 2535
20134 2769
20135 3588
20136 2130
20137 2079
20138 3091
20139 3091
20140 1784
20141 208
20142 33
20143 3091
20144 3457
20145 3130
20146 3126
20147 3093
20148 1846
20149 2177
20150 2417
20151 1939
20152 4269
20153 251
20154 1249
20155 4858
20156 4756
20157 1379
20158 3094
20159 3139
20160 1036
20161 4715
20162 4977
20163 3603
20164 762
20165 1607
20166 69
20167 1014
20168 2857
20169 3094
20170 4112
20171 12
20172 3844
20173 2501
20174 4853
20175 4545
20176 2317
20177 4607
20178 4870
20179 3094
20180 1135
20181 1770
20182 4332
20183 4697
20184 1437
20185 4369
20186 3695
20187 3396
20188 4631
20189 215
20190 1903
20191 1271
20192 2600
20193 2254
20194 2170
20195 1271
20196 4061
20197 4013
20198 2556
20199 2871
20200 542
20201 3095
20202 4514
20203 1605
20204 1594
20205 4843
20206 4643
20207 2433
20208 553
20209 4867
20210 4548
20211 2033
20212 3094
20213 1858
20214 3607
20215 4714
20216 2378
20217 3337
20218 2378
20219 4161
20220 784
20221 2748
20222 2716
20223 443
20224 708
20225 4335
20226 1352
20227 3043
20228 4734
20229 1450
20230 449
20231 3722
20232 1213
