10000 4731
10001 2731
10002 750
10003 4627
10004 554
10005 990
10006 2680
10007 1347
10008 1729
10009 888
10010 2623
10011 3086
10012 720
10013 2056
10014 4521
10015 1803
10016 1402
10017 2127
10018 3086
10019 1350
10020 1517
10021 3082
10022 1288
10023 1813
10024 2544
10025 3082
10026 4522
10027 1710
10028 2527
10029 330
10030 645
10031 711
10032 3810
10033 366
10034 3109
10035 870
10036 2707
10037 4955
10038 3006
10039 4523
10040 3420
10041 4228
10042 2414
10043 4825
10044 2196
10045 1911
10046 2939
10047 2223
10048 101
10049 1872
10050 1601
10051 357
10052 4471
10053 4644
10054 1013
10055 2725
10056 3109
10057 2486
10058 985
10059 3966
10060 2995
10061 1430
10062 600
10063 960
10064 1449
10065 3229
10066 4810
10067 1643
10068 4917
10069 1912
10070 3570
10071 4487
10072 3636
10073 125
10074 4713
10075 2538
10076 2137
10077 758
10078 3494
10079 2000
10080 723
10081 2829
10082 1919
10083 4410
10084 15
10085 782
10086 4343
10087 3786
10088 577
10089 3420
10090 183
10091 3989
10092 2729
10093 647
10094 2763
10095 998
10096 3926
10097 3821
10098 2047
10099 1563
10100 2190
10101 1844
10102 849
10103 4518
10104 115
10105 3900
10106 1178
10107 934
10108 3420
10109 3740
10110 0
10111 3011
10112 3421
10113 1936
10114 1051
10115 3603
10116 3082
10117 319
10118 1621
10119 1780
10120 2626
10121 1251
10122 2048
10123 3108
10124 4273
10125 165
10126 3475
10127 2788
10128 4844
10129 4966
10130 631
10131 163
10132 3421
10133 3782
10134 2597
10135 385
10136 3794
10137 1612
10138 1119
10139 2949
10140 1897
10141 2949
10142 2767
10143 3077
10144 124
10145 3686
10146 3431
10147 2702
10148 1547
10149 2702
10150 4549
10151 3636
10152 2045
10153 4477
10154 4239
10155 1868
10156 2755
10157 3421
10158 20
10159 3120
10160 2262
10161 4042
10162 1779
10163 4972
10164 65
10165 667
10166 4777
10167 2726
10168 2831
10169 1653
10170 2051
10171 2114
10172 776
10173 4074
10174 4226
10175 1350
10176 1748
10177 2045
10178 647
10179 53
10180 1756
10181 1909
10182 2865
10183 358
10184 3722
10185 3879
10186 1689
10187 1875
10188 3269
10189 3421
10190 234
10191 3994
10192 1095
10193 790
10194 4772
10195 2663
10196 743
10197 3930
10198 2767
10199 168
10200 1232
10201 1413
10202 1328
10203 3112
10204 3403
10205 4630
10206 3107
10207 4426
10208 3375
10209 1364
10210 1794
10211 2558
10212 2690
10213 1102
10214 2845
10215 64
10216 1306
10217 5
10218 689
10219 104
10220 3033
10221 3902
10222 502
10223 1831
10224 4387
10225 3676
10226 4014
10227 995
10228 4492
10229 2442
10230 4835
10231 4649
10232 2962
10233 851
10234 2373
10235 1303
10236 3797
10237 4026
10238 4078
10239 937
10240 1679
10241 234
10242 1651
10243 680
10244 1468
10245 439
10246 3660
10247 1266
10248 1472
10249 4754
10250 647
10251 1818
10252 3375
10253 2878
10254 2801
10255 635
10256 3005
10257 47
10258 4547
10259 3117
10260 1415
10261 818
10262 3315
10263 1747
10264 1611
10265 3636
10266 4180
10267 1319
10268 3650
10269 2111
10270 87
10271 761
10272 3030
10273 4929
10274 2313
10275 1974
10276 160
10277 4889
10278 1722
10279 2626
10280 4871
10281 2680
10282 3792
10283 3107
10284 3974
10285 1233
10286 4382
10287 358
10288 580
10289 3780
10290 4155
10291 2761
10292 4507
10293 2767
10294 3107
10295 3139
10296 3108
10297 1831
10298 3108
10299 743
10300 1581
10301 3520
10302 3344
10303 4892
10304 1968
10305 1689
10306 2224
10307 729
10308 263
10309 4573
10310 4279
10311 3741
10312 4282
10313 2211
10314 2390
10315 1164
10316 666
10317 233
10318 3375
10319 1319
10320 4154
10321 1390
10322 2834
10323 3375
10324 1919
10325 4770
10326 1882
10327 888
10328 2385
10329 4793
10330 17
10331 2791
10332 1159
10333 4116
10334 1233
10335 3634
10336 4080
10337 4476
10338 3077
10339 279
10340 707
10341 4257
10342 2244
10343 1038
10344 385
10345 1069
10346 3077
10347 15
10348 2838
10349 2170
10350 2613
10351 3837
10352 2865
10353 3791
10354 1481
10355 4464
10356 4147
10357 3108
10358 3101
10359 2797
10360 3615
10361 1502
10362 62
10363 1828
10364 4723
10365 4754
10366 4338
10367 4441
10368 4303
10369 3095
10370 730
10371 1944
10372 1452
10373 2243
10374 2732
10375 2626
10376 1390
10377 3998
10378 3068
10379 1890
10380 851
10381 1272
10382 4381
10383 2340
10384 1472
10385 1981
10386 3159
10387 2162
10388 4232
10389 2252
10390 2298
10391 674
10392 1968
10393 2210
10394 2160
10395 1409
10396 4524
10397 185
10398 460
10399 3866
10400 3966
10401 655
10402 1943
10403 3471
10404 3615
10405 1826
10406 655
10407 1829
10408 1957
10409 3945
10410 1012
10411 1848
10412 3118
10413 4043
10414 2796
10415 3095
10416 454
10417 3122
10418 3167
10419 1919
10420 4800
10421 2159
10422 554
10423 3376
10424 1747
10425 1742
10426 2694
10427 3041
10428 2812
10429 3497
10430 1839
10431 4872
10432 600
10433 643
10434 1343
10435 3940
10436 4243
10437 4633
10438 2117
10439 339
10440 2012
10441 181
10442 1694
10443 50
10444 4596
10445 1391
10446 1058
10447 1176
10448 2267
10449 4185
10450 1567
10451 1001
10452 652
10453 454
10454 1546
10455 437
10456 1373
10457 308
10458 4749
10459 1490
10460 4195
10461 2100
10462 3961
10463 3913
10464 2688
10465 4731
10466 2881
10467 4727
10468 4652
10469 4313
10470 1454
10471 1789
10472 4259
10473 779
10474 1612
10475 233
10476 799
10477 2100
10478 4006
10479 1592
10480 3026
10481 2842
10482 2107
10483 3095
10484 4738
10485 3282
10486 3723
10487 3333
10488 2197
10489 4113
10490 3613
10491 1390
10492 2796
10493 394
10494 4972
10495 2180
10496 1347
10497 3494
10498 2483
10499 774
10500 3282
10501 2090
10502 3282
10503 4510
10504 3953
10505 1415
10506 470
10507 3264
10508 952
10509 2450
10510 4167
10511 4605
10512 2570
10513 1811
10514 3980
10515 894
10516 3849
10517 4785
10518 181
10519 3264
10520 720
10521 2173
10522 2312
10523 640
10524 3660
10525 4894
10526 176
10527 4726
10528 889
10529 4905
10530 2160
10531 4573
10532 3994
10533 3659
10534 4254
10535 3911
10536 504
10537 2836
10538 4000
10539 4097
10540 2020
10541 250
10542 3634
10543 135
10544 2482
10545 4472
10546 2630
10547 3264
10548 4081
10549 3202
10550 4386
10551 2663
10552 1938
10553 2116
10554 514
10555 3068
10556 3745
10557 3260
10558 4765
10559 618
10560 3436
10561 4064
10562 1184
10563 3659
10564 2310
10565 2138
10566 3182
10567 1303
10568 1165
10569 4396
10570 570
10571 729
10572 4728
10573 241
10574 1646
10575 3260
10576 4077
10577 1058
10578 4259
10579 103
10580 115
10581 4151
10582 1041
10583 1727
10584 3260
10585 1502
10586 3775
10587 4010
10588 2909
10589 4336
10590 2776
10591 1902
10592 322
10593 4653
10594 1968
10595 4908
10596 3647
10597 3376
10598 829
10599 1831
10600 233
10601 3124
10602 4154
10603 4656
10604 247
10605 2962
10606 2147
10607 2274
10608 1058
10609 298
10610 3779
10611 3140
10612 1891
10613 2215
10614 1019
10615 3150
10616 21
10617 2442
10618 1846
10619 3736
10620 2628
10621 4495
10622 2334
10623 4660
10624 2865
10625 2299
10626 2998
10627 4308
10628 1453
10629 2181
10630 4520
10631 1825
10632 454
10633 1744
10634 1951
10635 1384
10636 3314
10637 674
10638 2424
10639 3140
10640 4799
10641 2671
10642 2794
10643 3689
10644 2773
10645 4563
10646 1457
10647 626
10648 2391
10649 2366
10650 1286
10651 3842
10652 3886
10653 3140
10654 88
10655 423
10656 1393
10657 162
10658 2699
10659 3100
10660 2083
10661 2126
10662 1043
10663 1484
10664 265
10665 3376
10666 572
10667 2141
10668 3100
10669 3310
10670 2481
10671 1520
10672 1501
10673 4469
10674 2209
10675 3659
10676 3354
10677 1876
10678 4901
10679 4197
10680 1562
10681 2272
10682 3813
10683 4813
10684 3100
10685 2143
10686 3099
10687 3533
10688 3376
10689 4421
10690 1745
10691 2042
10692 607
10693 2077
10694 1348
10695 548
10696 208
10697 307
10698 3045
10699 1369
10700 658
10701 3570
10702 3694
10703 680
10704 1265
10705 4245
10706 2831
10707 2544
10708 4595
10709 763
10710 1148
10711 806
10712 3676
10713 253
10714 368
10715 4634
10716 550
10717 1233
10718 1640
10719 4611
10720 1356
10721 4993
10722 3099
10723 4219
10724 2582
10725 3136
10726 2817
10727 3915
10728 900
10729 587
10730 4514
10731 3698
10732 1234
10733 1829
10734 3299
10735 2850
10736 317
10737 739
10738 1901
10739 390
10740 2538
10741 2357
10742 504
10743 1612
10744 1784
10745 118
10746 3865
10747 1549
10748 3376
10749 3633
10750 233
10751 3099
10752 3676
10753 2864
10754 167
10755 4228
10756 694
10757 4605
10758 1892
10759 1497
10760 2619
10761 2512
10762 3194
10763 2732
10764 1829
10765 3615
10766 2200
10767 3796
10768 4042
10769 182
10770 1159
10771 1699
10772 1034
10773 2864
10774 1873
10775 3937
10776 2054
10777 2365
10778 1875
10779 377
10780 1911
10781 2000
10782 232
10783 280
10784 1614
10785 336
10786 2731
10787 3491
10788 4218
10789 1901
10790 3619
10791 3795
10792 3377
10793 2070
10794 2345
10795 4676
10796 2940
10797 3496
10798 67
10799 1521
10800 4385
10801 1963
10802 978
10803 3777
10804 1994
10805 423
10806 2247
10807 3306
10808 1729
10809 743
10810 1045
10811 3438
10812 2619
10813 1625
10814 2864
10815 1567
10816 2533
10817 4508
10818 768
10819 1614
10820 88
10821 1641
10822 1799
10823 2318
10824 1236
10825 415
10826 3854
10827 4686
10828 4692
10829 1705
10830 2732
10831 2023
10832 2140
10833 1117
10834 1985
10835 4283
10836 2001
10837 3608
10838 4054
10839 881
10840 2426
10841 4051
10842 2796
10843 1419
10844 1592
10845 2543
10846 548
10847 2253
10848 4869
10849 4485
10850 3620
10851 1995
10852 2045
10853 1148
10854 4554
10855 4202
10856 1462
10857 108
10858 2889
10859 4507
10860 826
10861 44
10862 1148
10863 4368
10864 818
10865 1437
10866 3275
10867 3377
10868 1268
10869 2500
10870 1306
10871 793
10872 2863
10873 2370
10874 3760
10875 809
10876 2484
10877 574
10878 2696
10879 1787
10880 3387
10881 281
10882 1369
10883 2914
10884 1026
10885 539
10886 2433
10887 2832
10888 4995
10889 1454
10890 2016
10891 4992
10892 640
10893 413
10894 2454
10895 1112
10896 3920
10897 3377
10898 527
10899 2968
10900 1491
10901 196
10902 640
10903 1040
10904 3751
10905 1343
10906 263
10907 2863
10908 349
10909 4705
10910 2566
10911 1326
10912 1614
10913 194
10914 3378
10915 4629
10916 873
10917 1272
10918 2671
10919 2863
10920 2183
10921 1234
10922 404
10923 852
10924 110
10925 3620
10926 772
10927 1698
10928 4506
10929 1971
10930 4501
10931 232
10932 1592
10933 1432
10934 2032
10935 93
10936 4049
10937 3675
10938 4506
10939 3469
10940 3613
10941 1343
10942 1403
10943 504
10944 793
10945 448
10946 358
10947 3021
10948 739
10949 2438
10950 990
10951 4063
10952 574
10953 3021
10954 2750
10955 3591
10956 4269
10957 3046
10958 3678
10959 1672
10960 372
10961 4699
10962 4105
10963 180
10964 4388
10965 1951
10966 4492
10967 144
10968 2583
10969 1905
10970 151
10971 3900
10972 2619
10973 2691
10974 2208
10975 1007
10976 3659
10977 2392
10978 4750
10979 3515
10980 374
10981 288
10982 611
10983 4665
10984 3443
10985 983
10986 2915
10987 3773
10988 706
10989 2420
10990 549
10991 624
10992 830
10993 401
10994 1994
10995 209
10996 141
10997 3425
10998 2561
10999 4363
11000 2828
11001 2107
11002 2565
11003 4320
11004 1158
11005 1777
11006 2642
11007 1329
11008 4884
11009 3068
11010 4714
11011 1234
11012 4541
11013 88
11014 264
11015 4106
11016 2819
11017 4535
11018 4197
11019 419
11020 4476
11021 3586
11022 2706
11023 3021
11024 325
11025 1329
11026 4417
11027 274
11028 3621
11029 4890
11030 88
11031 4206
11032 1490
11033 949
11034 2828
11035 2728
11036 612
11037 1971
11038 2064
11039 3021
11040 1472
11041 565
11042 1801
11043 3164
11044 2416
11045 970
11046 3378
11047 539
11048 3022
11049 2675
11050 2219
11051 2617
11052 2225
11053 1406
11054 1892
11055 1077
11056 3995
11057 105
11058 4348
11059 3578
11060 633
11061 1509
11062 3571
11063 241
11064 2352
11065 4412
11066 3378
11067 3218
11068 1343
11069 2839
11070 1634
11071 1918
11072 1843
11073 936
11074 3022
11075 1354
11076 1765
11077 3058
11078 2739
11079 1572
11080 873
11081 4482
11082 4381
11083 3633
11084 3850
11085 720
11086 4071
11087 3182
11088 3153
11089 1077
11090 2919
11091 2911
11092 345
11093 4841
11094 2114
11095 4833
11096 2041
11097 556
11098 1020
11099 2911
11100 1462
11101 4121
11102 2360
11103 4259
11104 2303
11105 59
11106 4452
11107 3792
11108 4164
11109 2314
11110 2185
11111 2113
11112 4287
11113 2784
11114 1204
11115 307
11116 4140
11117 3664
11118 1365
11119 4886
11120 327
11121 4706
11122 2012
11123 954
11124 392
11125 2859
11126 3693
11127 2741
11128 529
11129 4817
11130 4657
11131 2333
11132 2238
11133 1280
11134 3529
11135 2118
11136 4588
11137 4206
11138 761
11139 3728
11140 2147
11141 2826
11142 2407
11143 1204
11144 1889
11145 2850
11146 4766
11147 2482
11148 551
11149 2168
11150 2340
11151 3691
11152 3958
11153 2911
11154 4760
11155 1472
11156 2242
11157 4993
11158 2928
11159 368
11160 3964
11161 4513
11162 2379
11163 1204
11164 4958
11165 3626
11166 3875
11167 1639
11168 2237
11169 4196
11170 4717
11171 615
11172 4192
11173 2054
11174 4457
11175 848
11176 3633
11177 1033
11178 3997
11179 4716
11180 1682
11181 186
11182 1823
11183 4248
11184 4980
11185 678
11186 4928
11187 847
11188 1177
11189 254
11190 4205
11191 2915
11192 3852
11193 1400
11194 3723
11195 2049
11196 3433
11197 3450
11198 153
11199 776
11200 2754
11201 647
11202 4805
11203 3516
11204 4515
11205 754
11206 4889
11207 863
11208 4176
11209 470
11210 4877
11211 1069
11212 504
11213 1650
11214 1487
11215 3068
11216 2969
11217 3783
11218 2902
11219 2917
11220 621
11221 1326
11222 2262
11223 3747
11224 1125
11225 1596
11226 3230
11227 2565
11228 3958
11229 3878
11230 4744
11231 2166
11232 446
11233 2972
11234 104
11235 505
11236 1898
11237 4746
11238 4555
11239 3622
11240 3633
11241 3762
11242 2220
11243 4293
11244 4132
11245 4263
11246 2045
11247 4430
11248 4047
11249 4903
11250 4040
11251 1598
11252 3622
11253 1077
11254 2335
11255 4030
11256 1869
11257 1277
11258 897
11259 4354
11260 4526
11261 4632
11262 2012
11263 4016
11264 2972
11265 4415
11266 4532
11267 145
11268 4620
11269 3758
11270 3181
11271 649
11272 4588
11273 3500
11274 1008
11275 3944
11276 1668
11277 4254
11278 3999
11279 4056
11280 4661
11281 1021
11282 644
11283 3378
11284 1266
11285 2333
11286 2237
11287 2548
11288 1471
11289 4475
11290 2143
11291 2554
11292 2947
11293 1635
11294 1279
11295 71
11296 4784
11297 3000
11298 2683
11299 4629
11300 3030
11301 4173
11302 2253
11303 3765
11304 1017
11305 3556
11306 2865
11307 1910
11308 843
11309 2903
11310 951
11311 3905
11312 314
11313 927
11314 2676
11315 167
11316 3339
11317 3414
11318 1436
11319 1873
11320 1006
11321 3066
11322 1477
11323 3343
11324 540
11325 728
11326 2482
11327 3614
11328 2995
11329 4328
11330 8
11331 1158
11332 1646
11333 4793
11334 4298
11335 2380
11336 4410
11337 1353
11338 424
11339 1544
11340 524
11341 3086
11342 3453
11343 2394
11344 1116
11345 1498
11346 422
11347 1082
11348 2069
11349 4306
11350 4875
11351 3023
11352 2213
11353 1326
11354 2764
11355 3064
11356 2559
11357 278
11358 1765
11359 1653
11360 87
11361 448
11362 307
11363 779
11364 3089
11365 1870
11366 1503
11367 3130
11368 1383
11369 505
11370 811
11371 4373
11372 1369
11373 3089
11374 3089
11375 118
11376 3358
11377 873
11378 398
11379 505
11380 761
11381 1033
11382 2998
11383 1158
11384 689
11385 1282
11386 1878
11387 368
11388 3500
11389 4710
11390 1722
11391 3693
11392 894
11393 3089
11394 3099
11395 2418
11396 3957
11397 1206
11398 2236
11399 3691
11400 1379
11401 4624
11402 4290
11403 3003
11404 4040
11405 2242
11406 779
11407 4002
11408 626
11409 4717
11410 3896
11411 3090
11412 505
11413 2785
11414 3630
11415 3924
11416 3500
11417 1003
11418 4428
11419 1269
11420 4625
11421 2563
11422 2503
11423 4316
11424 3033
11425 445
11426 3262
11427 506
11428 3358
11429 3774
11430 2046
11431 4011
11432 1124
11433 4215
11434 4221
11435 2662
11436 53
11437 3373
11438 269
11439 3490
11440 4384
11441 1572
11442 3090
11443 3719
11444 2639
11445 2657
11446 3373
11447 506
11448 1982
11449 2040
11450 3877
11451 4912
11452 4530
11453 1007
11454 2237
11455 4677
11456 2419
11457 1526
11458 2339
11459 4730
11460 2283
11461 2775
11462 978
11463 3509
11464 2905
11465 1892
11466 1336
11467 1714
11468 2444
11469 4232
11470 1272
11471 1914
11472 4406
11473 4454
11474 547
11475 2049
11476 1158
11477 1077
11478 3976
11479 2243
11480 981
11481 4723
11482 2656
11483 1475
11484 922
11485 2529
11486 551
11487 1342
11488 93
11489 4258
11490 2676
11491 4540
11492 4436
11493 3467
11494 3965
11495 2162
11496 2639
11497 1234
11498 3979
11499 2649
11500 1329
11501 3090
11502 86
11503 2596
11504 3707
11505 3259
11506 180
11507 1690
11508 757
11509 2043
11510 1547
11511 1079
11512 1729
11513 2403
11514 4585
11515 4403
11516 611
11517 3521
11518 1676
11519 4538
11520 2789
11521 4300
11522 2535
11523 3402
11524 694
11525 3449
11526 242
11527 2081
11528 232
11529 4186
11530 1614
11531 1351
11532 3729
11533 1041
11534 3373
11535 729
11536 4425
11537 3788
11538 4487
11539 2204
11540 4468
11541 2262
11542 275
11543 4400
11544 301
11545 3861
11546 1962
11547 1423
11548 232
11549 4891
11550 3090
11551 678
11552 4074
11553 1402
11554 2069
11555 506
11556 437
11557 2691
11558 2703
11559 1698
11560 329
11561 565
11562 889
11563 3933
11564 3952
11565 2994
11566 3500
11567 2990
11568 3615
11569 4403
11570 2537
11571 2990
11572 807
11573 3935
11574 1602
11575 3373
11576 4248
11577 1586
11578 1724
11579 4594
11580 127
11581 2103
11582 1125
11583 2990
11584 3649
11585 3501
11586 956
11587 1259
11588 1284
11589 57
11590 321
11591 4134
11592 332
11593 1459
11594 1405
11595 3192
11596 2990
11597 3127
11598 1734
11599 2090
11600 1430
11601 2989
11602 4737
11603 686
11604 98
11605 868
11606 991
11607 3374
11608 3998
11609 2989
11610 1017
11611 3956
11612 4693
11613 3533
11614 4798
11615 2347
11616 1525
11617 1336
11618 1316
11619 2194
11620 307
11621 859
11622 2989
11623 4224
11624 2501
11625 1879
11626 1564
11627 4756
11628 2012
11629 4787
11630 2185
11631 3638
11632 4273
11633 1679
11634 1110
11635 4065
11636 2529
11637 324
11638 4317
11639 2072
11640 3501
11641 4477
11642 1785
11643 1235
11644 3659
11645 3702
11646 54
11647 2090
11648 3535
11649 1721
11650 1394
11651 231
11652 84
11653 4831
11654 2848
11655 2667
11656 999
11657 117
11658 471
11659 2258
11660 4208
11661 3540
11662 1870
11663 383
11664 1079
11665 2483
11666 3721
11667 2989
11668 2554
11669 3937
11670 1798
11671 827
11672 1079
11673 2169
11674 1808
11675 2706
11676 2792
11677 1975
11678 925
11679 614
11680 1778
11681 2149
11682 3374
11683 3965
11684 1709
11685 110
11686 4359
11687 528
11688 1419
11689 2446
11690 1235
11691 4897
11692 323
11693 111
11694 1901
11695 692
11696 1106
11697 1029
11698 405
11699 1507
11700 529
11701 1485
11702 2154
11703 1004
11704 633
11705 4238
11706 793
11707 2991
11708 2512
11709 1547
11710 3501
11711 2636
11712 859
11713 937
11714 1475
11715 1908
11716 2701
11717 1020
11718 4522
11719 1955
11720 4432
11721 4101
11722 3374
11723 4812
11724 994
11725 868
11726 4603
11727 2046
11728 1734
11729 3374
11730 3948
11731 350
11732 1557
11733 2063
11734 3986
11735 3939
11736 2357
11737 2991
11738 1326
11739 124
11740 2503
11741 2991
11742 2561
11743 20
11744 2134
11745 1397
11746 3615
11747 4205
11748 276
11749 1160
11750 4050
11751 2557
11752 407
11753 1282
11754 1716
11755 2984
11756 4088
11757 821
11758 2268
11759 4105
11760 4305
11761 4039
11762 2425
11763 2483
11764 1026
11765 1788
11766 2197
11767 3149
11768 595
11769 3739
11770 437
11771 1418
11772 3475
11773 4611
11774 3638
11775 1392
11776 1100
11777 45
11778 2564
11779 306
11780 1276
11781 3364
11782 764
11783 2670
11784 1023
11785 2000
11786 1997
11787 3281
11788 2691
11789 2851
11790 3170
11791 985
11792 2564
11793 4198
11794 20
11795 3476
11796 3870
11797 3698
11798 2667
11799 1011
11800 1734
11801 4079
11802 3159
11803 2984
11804 2483
11805 1116
11806 898
11807 3371
11808 1988
11809 3645
11810 834
11811 410
11812 741
11813 1235
11814 3676
11815 3836
11816 2374
11817 1010
11818 1622
11819 2851
11820 160
11821 739
11822 4448
11823 1370
11824 739
11825 4125
11826 2462
11827 4644
11828 2079
11829 3687
11830 2518
11831 880
11832 93
11833 2786
11834 2678
11835 4263
11836 295
11837 339
11838 54
11839 1448
11840 841
11841 3501
11842 4136
11843 4797
11844 1134
11845 1522
11846 2792
11847 1397
11848 3539
11849 4878
11850 4284
11851 592
11852 3506
11853 2152
11854 2676
11855 3578
11856 1542
11857 1024
11858 2516
11859 949
11860 3984
11861 3470
11862 373
11863 3224
11864 586
11865 1881
11866 2258
11867 631
11868 4465
11869 4376
11870 300
11871 506
11872 2150
11873 2945
11874 2510
11875 2644
11876 1907
11877 4100
11878 4684
11879 666
11880 135
11881 2404
11882 2917
11883 4530
11884 3773
11885 3371
11886 2069
11887 1734
11888 1236
11889 3115
11890 4013
11891 4762
11892 3714
11893 1028
11894 1976
11895 1382
11896 265
11897 3932
11898 4827
11899 1022
11900 3324
11901 1079
11902 808
11903 3521
11904 590
11905 2984
11906 4830
11907 598
11908 570
11909 116
11910 4032
11911 2851
11912 2446
11913 1507
11914 1752
11915 1914
11916 4244
11917 1719
11918 2986
11919 150
11920 2986
11921 2986
11922 3561
11923 600
11924 1575
11925 4980
11926 1921
11927 2148
11928 3665
11929 3845
11930 3570
11931 2154
11932 3729
11933 286
11934 4538
11935 1632
11936 2459
11937 995
11938 3236
11939 3874
11940 3718
11941 4093
11942 2988
11943 3371
11944 4127
11945 3930
11946 724
11947 2863
11948 1615
11949 2670
11950 4692
11951 1688
11952 231
11953 653
11954 1864
11955 1779
11956 2988
11957 1237
11958 4516
11959 1160
11960 2325
11961 1943
11962 4317
11963 3803
11964 1909
11965 1489
11966 1034
11967 4715
11968 2754
11969 4086
11970 2029
11971 4252
11972 679
11973 3471
11974 3794
11975 2730
11976 2988
11977 383
11978 1236
11979 3993
11980 624
11981 3478
11982 1078
11983 2046
11984 3714
11985 4960
11986 786
11987 4502
11988 370
11989 2750
11990 4421
11991 2713
11992 1196
11993 3944
11994 780
11995 2987
11996 3942
11997 3891
11998 1052
11999 824
12000 4459
12001 1495
12002 2107
12003 2231
12004 4611
12005 4659
12006 108
12007 4000
12008 1973
12009 1330
12010 454
12011 1462
12012 658
12013 802
12014 2485
12015 4581
12016 306
12017 1777
12018 0
12019 3658
12020 2987
12021 3127
12022 1110
12023 932
12024 1436
12025 1196
12026 1799
12027 791
12028 2328
12029 4096
12030 1408
12031 2140
12032 3807
12033 588
12034 1735
12035 445
12036 2987
12037 127
12038 2021
12039 392
12040 2062
12041 4119
12042 453
12043 4018
12044 1160
12045 666
12046 1977
12047 2633
12048 2729
12049 3371
12050 1498
12051 690
12052 453
12053 3059
12054 4601
12055 2946
12056 2031
12057 686
12058 339
12059 1850
12060 2213
12061 132
12062 4454
12063 4413
12064 2307
12065 4318
12066 2132
12067 4135
12068 290
12069 1636
12070 1668
12071 3358
12072 1160
12073 1811
12074 4762
12075 4135
12076 1735
12077 572
12078 3068
12079 2529
12080 4729
12081 4741
12082 4519
12083 4485
12084 4788
12085 679
12086 4401
12087 281
12088 1804
12089 1788
12090 657
12091 1694
12092 55
12093 3370
12094 4570
12095 3342
12096 3097
12097 409
12098 3561
12099 3592
12100 4703
12101 4666
12102 2805
12103 3886
12104 27
12105 2017
12106 4670
12107 1313
12108 2773
12109 3632
12110 1078
12111 2002
12112 4830
12113 1698
12114 2633
12115 2379
12116 50
12117 4830
12118 873
12119 4406
12120 3824
12121 4502
12122 2942
12123 1236
12124 3986
12125 3370
12126 2979
12127 4883
12128 600
12129 372
12130 2689
12131 23
12132 2326
12133 4730
12134 2980
12135 3881
12136 2450
12137 385
12138 2903
12139 1777
12140 3153
12141 507
12142 4374
12143 471
12144 1237
12145 2821
12146 3760
12147 1480
12148 4367
12149 3370
12150 3561
12151 4618
12152 2237
12153 2723
12154 3600
12155 3888
12156 117
12157 507
12158 913
12159 2980
12160 2755
12161 2983
12162 2983
12163 4724
12164 1892
12165 1513
12166 3978
12167 4753
12168 2942
12169 3370
12170 921
12171 1857
12172 619
12173 4525
12174 80
12175 4402
12176 1475
12177 2889
12178 793
12179 1204
12180 4703
12181 1839
12182 1475
12183 1429
12184 1976
12185 2298
12186 2328
12187 4412
12188 3677
12189 1285
12190 18
12191 3638
12192 919
12193 4427
12194 257
12195 31
12196 4458
12197 4913
12198 1790
12199 1710
12200 4970
12201 1857
12202 4892
12203 1098
12204 2484
12205 2069
12206 1653
12207 3936
12208 4646
12209 2132
12210 1901
12211 3993
12212 3687
12213 1982
12214 2049
12215 136
12216 410
12217 4150
12218 447
12219 2225
12220 4408
12221 780
12222 3591
12223 4732
12224 1634
12225 422
12226 3043
12227 294
12228 4447
12229 1078
12230 4124
12231 4447
12232 4451
12233 4722
12234 1597
12235 2983
12236 1312
12237 3005
12238 1804
12239 2382
12240 2138
12241 545
12242 4582
12243 3372
12244 1631
12245 3372
12246 3067
12247 1851
12248 4082
12249 2981
12250 3683
12251 3123
12252 2903
12253 2108
12254 4276
12255 4789
12256 3578
12257 2100
12258 2981
12259 1116
12260 3698
12261 1197
12262 195
12263 453
12264 4540
12265 2160
12266 1815
12267 2741
12268 2909
12269 2412
12270 2164
12271 3638
12272 4263
12273 3867
12274 242
12275 1205
12276 3758
12277 1995
12278 2099
12279 300
12280 3518
12281 2258
12282 4659
12283 338
12284 1237
12285 1457
12286 1356
12287 2484
12288 3724
12289 3910
12290 344
12291 2905
12292 507
12293 3508
12294 3372
12295 1078
12296 4003
12297 2981
12298 453
12299 2460
12300 3734
12301 1877
12302 2138
12303 4216
12304 2723
12305 3275
12306 3718
12307 1995
12308 3959
12309 762
12310 1835
12311 4280
12312 527
12313 4167
12314 416
12315 766
12316 3453
12317 228
12318 3827
12319 2981
12320 437
12321 1656
12322 257
12323 4508
12324 4299
12325 2653
12326 566
12327 1320
12328 1353
12329 1631
12330 4421
12331 1538
12332 2980
12333 1482
12334 1278
12335 1350
12336 2670
12337 847
12338 1644
12339 1211
12340 2213
12341 3839
12342 3578
12343 2980
12344 2258
12345 571
12346 4168
12347 1555
12348 1647
12349 633
12350 1961
12351 101
12352 2687
12353 4866
12354 679
12355 1900
12356 3844
12357 1918
12358 1237
12359 2374
12360 3142
12361 4377
12362 3224
12363 911
12364 471
12365 3613
12366 4880
12367 2325
12368 2423
12369 2528
12370 2179
12371 4198
12372 4052
12373 2448
12374 231
12375 3033
12376 1303
12377 2153
12378 3778
12379 4874
12380 4868
12381 720
12382 4527
12383 2065
12384 4637
12385 3598
12386 2246
12387 1474
12388 507
12389 287
12390 3687
12391 4128
12392 3942
12393 1284
12394 392
12395 2835
12396 1821
12397 1784
12398 2284
12399 4104
12400 2315
12401 2909
12402 3142
12403 3714
12404 4424
12405 1283
12406 3142
12407 970
12408 3001
12409 3631
12410 932
12411 972
12412 3561
12413 545
12414 4076
12415 2007
12416 3438
12417 1483
12418 231
12419 436
12420 2723
12421 3923
12422 3821
12423 3037
12424 2040
12425 4367
12426 3639
12427 2723
12428 3438
12429 1477
12430 1018
12431 2243
12432 3026
12433 4068
12434 1537
12435 2048
12436 350
12437 153
12438 2485
12439 1927
12440 4413
12441 4306
12442 3991
12443 1650
12444 3028
12445 1539
12446 15
12447 3643
12448 4358
12449 2459
12450 1771
12451 2485
12452 180
12453 4133
12454 4148
12455 3438
12456 3439
12457 2800
12458 3855
12459 338
12460 2115
12461 1799
12462 1781
12463 4066
12464 973
12465 1263
12466 3543
12467 1252
12468 405
12469 4106
12470 3973
12471 3836
12472 1425
12473 800
12474 3439
12475 4491
12476 4801
12477 3896
12478 3703
12479 1961
12480 445
12481 3571
12482 2346
12483 2485
12484 4527
12485 4026
12486 2219
12487 3463
12488 1816
12489 3882
12490 4409
12491 242
12492 1773
12493 7
12494 2370
12495 4945
12496 1485
12497 1963
12498 1070
12499 3758
12500 2813
12501 2536
12502 2121
12503 2840
12504 3439
12505 4092
12506 2816
12507 3937
12508 2713
12509 589
12510 1239
12511 4385
12512 4131
12513 2118
12514 1808
12515 2394
12516 666
12517 2333
12518 3061
12519 165
12520 98
12521 1238
12522 531
12523 2999
12524 2647
12525 1697
12526 840
12527 530
12528 58
12529 3833
12530 2741
12531 893
12532 3714
12533 122
12534 4593
12535 3372
12536 4402
12537 193
12538 3276
12539 1461
12540 4628
12541 18
12542 1082
12543 3319
12544 4205
12545 2804
12546 2287
12547 3908
12548 899
12549 2508
12550 4566
12551 3319
12552 1006
12553 1238
12554 3874
12555 891
12556 1557
12557 3125
12558 1593
12559 1305
12560 2114
12561 1482
12562 1458
12563 4396
12564 2216
12565 4803
12566 2839
12567 3860
12568 399
12569 2096
12570 2073
12571 1205
12572 3631
12573 1710
12574 2016
12575 1205
12576 3061
12577 98
12578 4901
12579 4507
12580 4741
12581 2695
12582 1526
12583 1744
12584 704
12585 2316
12586 3061
12587 4432
12588 3481
12589 629
12590 1776
12591 2006
12592 338
12593 841
12594 2440
12595 3920
12596 1096
12597 795
12598 2881
12599 3319
12600 2089
12601 1330
12602 1016
12603 3560
12604 71
12605 3334
12606 893
12607 4477
12608 1866
12609 2709
12610 3263
12611 673
12612 1423
12613 848
12614 1572
12615 182
12616 3101
12617 1768
12618 4511
12619 2167
12620 4454
12621 3632
12622 3715
12623 4948
12624 4323
12625 3781
12626 1615
12627 1280
12628 2383
12629 963
12630 2006
12631 3266
12632 2522
12633 566
12634 4638
12635 2117
12636 4766
12637 1581
12638 3823
12639 3266
12640 2659
12641 2179
12642 792
12643 1363
12644 3185
12645 4631
12646 338
12647 4758
12648 3984
12649 1415
12650 166
12651 180
12652 2216
12653 61
12654 3454
12655 3060
12656 3871
12657 3713
12658 4149
12659 1592
12660 2546
12661 273
12662 2584
12663 405
12664 4503
12665 2851
12666 1539
12667 2658
12668 409
12669 628
12670 1424
12671 1238
12672 983
12673 3872
12674 943
12675 27
12676 1750
12677 2246
12678 1685
12679 3230
12680 3970
12681 4018
12682 377
12683 3851
12684 1043
12685 534
12686 4073
12687 4458
12688 2670
12689 3713
12690 1495
12691 981
12692 4677
12693 2998
12694 2583
12695 4243
12696 634
12697 4110
12698 4206
12699 2380
12700 2375
12701 3262
12702 792
12703 2383
12704 4778
12705 4257
12706 2534
12707 3060
12708 898
12709 154
12710 3169
12711 3984
12712 4150
12713 2695
12714 4628
12715 2392
12716 1106
12717 1921
12718 4029
12719 1539
12720 254
12721 1323
12722 4326
12723 720
12724 1827
12725 1591
12726 3362
12727 4456
12728 3830
12729 2219
12730 911
12731 3119
12732 1803
12733 3395
12734 344
12735 3168
12736 3358
12737 2806
12738 3598
12739 2252
12740 3850
12741 3168
12742 2680
12743 4857
12744 3825
12745 2378
12746 3903
12747 1628
12748 2150
12749 2098
12750 212
12751 4174
12752 1450
12753 3758
12754 1750
12755 4171
12756 3362
12757 4901
12758 1209
12759 3977
12760 1971
12761 1427
12762 1850
12763 3770
12764 599
12765 1974
12766 164
12767 4412
12768 4608
12769 740
12770 2240
12771 4022
12772 4864
12773 1447
12774 847
12775 769
12776 82
12777 1318
12778 1206
12779 195
12780 2365
12781 1648
12782 1683
12783 98
12784 3216
12785 655
12786 4383
12787 3713
12788 3901
12789 2242
12790 1863
12791 1613
12792 2227
12793 4398
12794 2750
12795 2218
12796 2187
12797 3241
12798 1442
12799 306
12800 2765
12801 123
12802 4786
12803 539
12804 1992
12805 8
12806 1530
12807 1501
12808 3331
12809 1539
12810 290
12811 1238
12812 1066
12813 3804
12814 4164
12815 2681
12816 1198
12817 618
12818 3796
12819 4604
12820 3495
12821 4277
12822 1949
12823 3787
12824 335
12825 784
12826 2017
12827 335
12828 3764
12829 4877
12830 3241
12831 3240
12832 1583
12833 3298
12834 4994
12835 1976
12836 679
12837 2394
12838 762
12839 1530
12840 2516
12841 199
12842 4045
12843 4219
12844 645
12845 4719
12846 300
12847 3754
12848 1184
12849 3240
12850 972
12851 4577
12852 571
12853 2561
12854 3240
12855 4146
12856 1668
12857 754
12858 2040
12859 4220
12860 3031
12861 2283
12862 3718
12863 471
12864 319
12865 3192
12866 3222
12867 1209
12868 4834
12869 3845
12870 1504
12871 2006
12872 4473
12873 4276
12874 3658
12875 4910
12876 1084
12877 595
12878 4927
12879 2488
12880 3152
12881 11
12882 4896
12883 3450
12884 4493
12885 1244
12886 3445
12887 1971
12888 3526
12889 1006
12890 317
12891 3362
12892 917
12893 1581
12894 3822
12895 4816
12896 3395
12897 1125
12898 1400
12899 1651
12900 4170
12901 27
12902 3957
12903 201
12904 3222
12905 783
12906 3793
12907 2791
12908 5
12909 71
12910 4093
12911 2393
12912 226
12913 838
12914 1258
12915 2755
12916 4879
12917 948
12918 2700
12919 2111
12920 3899
12921 426
12922 3972
12923 3718
12924 2290
12925 1495
12926 4551
12927 921
12928 472
12929 1996
12930 3222
12931 2185
12932 2128
12933 1782
12934 1893
12935 534
12936 3951
12937 30
12938 250
12939 2375
12940 1581
12941 3265
12942 735
12943 2428
12944 983
12945 4546
12946 1302
12947 4732
12948 4802
12949 920
12950 3265
12951 2454
12952 1455
12953 3874
12954 2360
12955 2155
12956 675
12957 3265
12958 3276
12959 1417
12960 928
12961 664
12962 385
12963 2751
12964 1303
12965 3683
12966 4716
12967 472
12968 3612
12969 1479
12970 3084
12971 2143
12972 1866
12973 1020
12974 3276
12975 1101
12976 1509
12977 991
12978 3788
12979 3046
12980 2065
12981 3276
12982 3001
12983 774
12984 4002
12985 4341
12986 3990
12987 1304
12988 1162
12989 3511
12990 4379
12991 1667
12992 358
12993 634
12994 3060
12995 2375
12996 550
12997 1596
12998 4474
12999 731
13000 3253
13001 616
13002 3277
13003 3203
13004 4185
13005 1209
13006 2288
13007 3464
13008 1094
13009 735
13010 129
13011 2832
13012 3759
13013 3277
13014 141
13015 4130
13016 4529
13017 1550
13018 3768
13019 1982
13020 366
13021 676
13022 4077
13023 4657
13024 3026
13025 3277
13026 4669
13027 877
13028 3891
13029 3658
13030 4780
13031 4556
13032 1108
13033 4648
13034 2200
13035 874
13036 3274
13037 3274
13038 568
13039 4389
13040 4356
13041 1925
13042 1577
13043 4212
13044 3303
13045 4255
13046 2543
13047 3539
13048 776
13049 216
13050 3639
13051 1253
13052 1918
13053 4325
13054 32
13055 4093
13056 3553
13057 216
13058 3052
13059 3651
13060 81
13061 4368
13062 4183
13063 2251
13064 2979
13065 167
13066 3709
13067 3395
13068 3043
13069 97
13070 1365
13071 256
13072 4749
13073 2740
13074 4162
13075 3693
13076 938
13077 2412
13078 3000
13079 4497
13080 4876
13081 1286
13082 3175
13083 4787
13084 4666
13085 681
13086 1970
13087 1162
13088 684
13089 1005
13090 3781
13091 484
13092 690
13093 1125
13094 4239
13095 3885
13096 4402
13097 330
13098 4740
13099 3053
13100 3582
13101 3362
13102 3064
13103 3688
13104 4797
13105 292
13106 2652
13107 3274
13108 2118
13109 1697
13110 4065
13111 97
13112 1594
13113 3227
13114 2074
13115 1206
13116 2448
13117 306
13118 3784
13119 3227
13120 972
13121 3136
13122 2696
13123 30
13124 1240
13125 2486
13126 2595
13127 4185
13128 4114
13129 144
13130 539
13131 4938
13132 676
13133 2227
13134 1281
13135 2607
13136 3867
13137 3227
13138 2192
13139 1790
13140 3506
13141 1209
13142 4810
13143 4418
13144 2457
13145 990
13146 3868
13147 1263
13148 4130
13149 3361
13150 2557
13151 1443
13152 644
13153 1107
13154 3482
13155 3028
13156 4632
13157 1663
13158 4749
13159 1087
13160 2859
13161 3361
13162 381
13163 4215
13164 1281
13165 4035
13166 228
13167 2607
13168 1239
13169 2173
13170 4980
13171 4709
13172 3639
13173 4288
13174 675
13175 4342
13176 766
13177 2926
13178 534
13179 1771
13180 2427
13181 3361
13182 4180
13183 64
13184 4295
13185 2636
13186 1395
13187 202
13188 2646
13189 3877
13190 4470
13191 989
13192 1525
13193 722
13194 3658
13195 3470
13196 4744
13197 1688
13198 1893
13199 436
13200 717
13201 831
13202 472
13203 2772
13204 1112
13205 1354
13206 296
13207 1162
13208 1706
13209 3639
13210 4421
13211 3208
13212 1956
13213 1083
13214 1651
13215 1342
13216 1577
13217 916
13218 3207
13219 740
13220 842
13221 2124
13222 3592
13223 1002
13224 1900
13225 4593
13226 3053
13227 4254
13228 1389
13229 3852
13230 3987
13231 3777
13232 4902
13233 2793
13234 63
13235 2776
13236 1457
13237 4037
13238 3734
13239 4561
13240 4874
13241 484
13242 900
13243 3639
13244 3305
13245 3812
13246 1656
13247 2232
13248 2278
13249 4107
13250 378
13251 4806
13252 2608
13253 2102
13254 4424
13255 4138
13256 630
13257 2152
13258 1555
13259 4192
13260 1694
13261 1162
13262 18
13263 3930
13264 2452
13265 4398
13266 1782
13267 1257
13268 3206
13269 4448
13270 4937
13271 4702
13272 938
13273 3361
13274 1697
13275 4592
13276 1514
13277 2013
13278 4473
13279 3204
13280 226
13281 82
13282 2909
13283 4035
13284 1805
13285 123
13286 2780
13287 1561
13288 1518
13289 4056
13290 2294
13291 2143
13292 2698
13293 3685
13294 27
13295 3588
13296 3204
13297 4211
13298 3814
13299 3360
13300 2654
13301 2585
13302 1667
13303 3560
13304 4328
13305 1632
13306 1477
13307 4153
13308 3360
13309 617
13310 2910
13311 3481
13312 2809
13313 2739
13314 1346
13315 1542
13316 54
13317 599
13318 2006
13319 1259
13320 4483
13321 2177
13322 2514
13323 1936
13324 2246
13325 4405
13326 3233
13327 2521
13328 436
13329 4707
13330 3962
13331 1380
13332 4811
13333 1931
13334 1342
13335 4082
13336 1744
13337 1427
13338 2536
13339 1516
13340 792
13341 1955
13342 1002
13343 4546
13344 2409
13345 4659
13346 344
13347 3204
13348 4862
13349 1270
13350 1116
13351 2727
13352 3985
13353 2699
13354 1667
13355 2766
13356 2608
13357 685
13358 711
13359 4290
13360 335
13361 1330
13362 2984
13363 3814
13364 2736
13365 4737
13366 853
13367 3318
13368 3507
13369 3360
13370 1327
13371 2636
13372 1009
13373 1417
13374 4995
13375 14
13376 1790
13377 4690
13378 3640
13379 131
13380 226
13381 3539
13382 1886
13383 4679
13384 388
13385 484
13386 3506
13387 4508
13388 2487
13389 4189
13390 3318
13391 16
13392 3864
13393 687
13394 2272
13395 3830
13396 3144
13397 3318
13398 3968
13399 1032
13400 29
13401 4346
13402 1482
13403 167
13404 2596
13405 335
13406 226
13407 2089
13408 1722
13409 1306
13410 860
13411 4688
13412 4686
13413 4501
13414 4199
13415 4775
13416 3397
13417 2821
13418 4789
13419 399
13420 4525
13421 1418
13422 3237
13423 1474
13424 2183
13425 3169
13426 2557
13427 3006
13428 2260
13429 2555
13430 71
13431 3169
13432 363
13433 3120
13434 4802
13435 1468
13436 4169
13437 3359
13438 2910
13439 2149
13440 2910
13441 4306
13442 840
13443 2906
13444 2691
13445 2857
13446 4826
13447 2232
13448 3169
13449 2860
13450 3859
13451 4030
13452 3360
13453 517
13454 2351
13455 1676
13456 866
13457 2486
13458 2377
13459 3742
13460 2860
13461 1161
13462 3363
13463 4166
13464 2405
13465 2860
13466 4181
13467 4319
13468 2766
13469 389
13470 3775
13471 4278
13472 4008
13473 4392
13474 2608
13475 517
13476 2286
13477 2240
13478 1982
13479 4622
13480 1867
13481 1772
13482 762
13483 2701
13484 4205
13485 93
13486 1893
13487 994
13488 4662
13489 812
13490 4441
13491 2578
13492 2338
13493 1315
13494 3506
13495 251
13496 3053
13497 1572
13498 836
13499 1825
13500 3144
13501 484
13502 344
13503 1877
13504 4793
13505 1349
13506 4337
13507 4892
13508 570
13509 3269
13510 1552
13511 2852
13512 3476
13513 1007
13514 118
13515 2571
13516 936
13517 4902
13518 1824
13519 2447
13520 4849
13521 2111
13522 619
13523 2852
13524 4350
13525 1304
13526 4473
13527 3359
13528 2487
13529 174
13530 2268
13531 97
13532 1487
13533 876
13534 3716
13535 1359
13536 1066
13537 511
13538 4449
13539 2099
13540 4438
13541 688
13542 1177
13543 4900
13544 3908
13545 4282
13546 3898
13547 49
13548 3236
13549 932
13550 2780
13551 2565
13552 3363
13553 3950
13554 764
13555 271
13556 3769
13557 1239
13558 277
13559 972
13560 889
13561 3691
13562 1554
13563 1083
13564 185
13565 18
13566 4084
13567 1211
13568 725
13569 386
13570 3656
13571 2852
13572 2274
13573 2571
13574 3117
13575 4143
13576 1672
13577 2141
13578 1151
13579 2547
13580 2489
13581 1151
13582 450
13583 76
13584 893
13585 1459
13586 3840
13587 4564
13588 2543
13589 2843
13590 1829
13591 1637
13592 2375
13593 3656
13594 2692
13595 3573
13596 587
13597 4007
13598 1418
13599 4748
13600 3743
13601 4491
13602 3159
13603 893
13604 2722
13605 4907
13606 3052
13607 114
13608 3281
13609 1893
13610 450
13611 4286
13612 212
13613 4323
13614 4231
13615 159
13616 2835
13617 841
13618 3790
13619 134
13620 1988
13621 4343
13622 4880
13623 129
13624 2305
13625 1438
13626 3762
13627 4289
13628 358
13629 1151
13630 4789
13631 1604
13632 4099
13633 2613
13634 1556
13635 2577
13636 2968
13637 549
13638 105
13639 1152
13640 1438
13641 3403
13642 534
13643 4094
13644 2491
13645 3516
13646 3800
13647 571
13648 1815
13649 278
13650 334
13651 3144
13652 4839
13653 3727
13654 4244
13655 3052
13656 2446
13657 2294
13658 4883
13659 246
13660 1577
13661 3052
13662 1175
13663 334
13664 2134
13665 2421
13666 1502
13667 3032
13668 4817
13669 485
13670 1697
13671 2727
13672 1122
13673 4286
13674 1943
13675 3968
13676 3179
13677 450
13678 3510
13679 1075
13680 1873
13681 4156
13682 4893
13683 666
13684 2768
13685 1972
13686 1175
13687 1768
13688 3563
13689 2635
13690 672
13691 425
13692 3363
13693 144
13694 4999
13695 215
13696 3436
13697 4261
13698 3819
13699 3748
13700 4594
13701 3612
13702 4139
13703 3365
13704 2703
13705 4489
13706 227
13707 62
13708 1943
13709 363
13710 2737
13711 125
13712 390
13713 3832
13714 2316
13715 2605
13716 1005
13717 3716
13718 1046
13719 4550
13720 3785
13721 4783
13722 1969
13723 3365
13724 1175
13725 1702
13726 3306
13727 3854
13728 2605
13729 974
13730 1474
13731 626
13732 3392
13733 770
13734 4039
13735 4479
13736 2140
13737 3952
13738 3171
13739 4653
13740 3792
13741 4229
13742 1667
13743 360
13744 149
13745 1370
13746 450
13747 4797
13748 1913
13749 2266
13750 29
13751 2803
13752 2827
13753 780
13754 3333
13755 2821
13756 459
13757 824
13758 2628
13759 1342
13760 3656
13761 485
13762 242
13763 4004
13764 848
13765 4006
13766 3036
13767 4411
13768 4372
13769 2844
13770 4049
13771 2784
13772 4694
13773 4148
13774 545
13775 1152
13776 4171
13777 659
13778 946
13779 4279
13780 971
13781 1790
13782 1474
13783 4158
13784 2142
13785 1560
13786 708
13787 4449
13788 2605
13789 2319
13790 1524
13791 2914
13792 3025
13793 950
13794 3144
13795 2832
13796 727
13797 526
13798 1493
13799 1417
13800 1261
13801 775
13802 3115
13803 4015
13804 519
13805 3115
13806 38
13807 2004
13808 582
13809 4203
13810 4462
13811 3582
13812 2001
13813 1744
13814 4321
13815 648
13816 3365
13817 1422
13818 2369
13819 2663
13820 2776
13821 1889
13822 4851
13823 3012
13824 1848
13825 2817
13826 810
13827 3648
13828 3458
13829 3494
13830 2005
13831 3761
13832 1638
13833 770
13834 3640
13835 1710
13836 2630
13837 3053
13838 2835
13839 3681
13840 4095
13841 4154
13842 4564
13843 2683
13844 4440
13845 623
13846 216
13847 2751
13848 485
13849 2781
13850 3763
13851 4187
13852 3716
13853 2802
13854 4688
13855 2918
13856 3136
13857 1571
13858 744
13859 3255
13860 3640
13861 4975
13862 2813
13863 2027
13864 2099
13865 2546
13866 1839
13867 4579
13868 4744
13869 2080
13870 907
13871 1239
13872 4867
13873 4470
13874 4167
13875 4330
13876 3115
13877 1373
13878 4497
13879 3856
13880 1469
13881 4704
13882 2272
13883 2411
13884 2653
13885 804
13886 62
13887 4277
13888 4702
13889 926
13890 2902
13891 3111
13892 2658
13893 3111
13894 2300
13895 1797
13896 588
13897 4952
13898 1585
13899 566
13900 3366
13901 2
13902 1041
13903 3111
13904 1641
13905 318
13906 4392
13907 3566
13908 1107
13909 376
13910 269
13911 780
13912 4815
13913 2605
13914 1251
13915 2109
13916 2420
13917 1923
13918 4180
13919 2995
13920 4084
13921 2654
13922 4222
13923 2825
13924 4894
13925 3530
13926 126
13927 2124
13928 4265
13929 1808
13930 3111
13931 1613
13932 2047
13933 2771
13934 4495
13935 2949
13936 3505
13937 248
13938 3339
13939 2296
13940 4780
13941 4117
13942 3135
13943 4130
13944 344
13945 2604
13946 1736
13947 3112
13948 840
13949 3784
13950 137
13951 1197
13952 1856
13953 3112
13954 781
13955 3039
13956 3385
13957 1257
13958 3258
13959 4616
13960 3582
13961 100
13962 1032
13963 1900
13964 3039
13965 3803
13966 4243
13967 149
13968 166
13969 3950
13970 2906
13971 4652
13972 942
13973 4099
13974 1805
13975 1117
13976 4751
13977 29
13978 1376
13979 336
13980 840
13981 1028
13982 97
13983 626
13984 174
13985 3505
13986 2906
13987 2487
13988 2508
13989 3341
13990 1723
13991 3534
13992 1407
13993 2682
13994 3366
13995 3920
13996 2377
13997 2005
13998 3839
13999 705
14000 785
14001 1752
14002 3039
14003 534
14004 422
14005 1032
14006 985
14007 4278
14008 3876
14009 3656
14010 2218
14011 740
14012 2519
14013 3742
14014 1652
14015 4556
14016 1128
14017 4575
14018 4645
14019 4711
14020 2392
14021 874
14022 4553
14023 2711
14024 4475
14025 3781
14026 2999
14027 1345
14028 3999
14029 370
14030 1441
14031 261
14032 4383
14033 3923
14034 2044
14035 4249
14036 3851
14037 3447
14038 4323
14039 4566
14040 3927
14041 3669
14042 4355
14043 2639
14044 4896
14045 3038
14046 3490
14047 485
14048 3038
14049 1604
14050 1932
14051 2907
14052 3806
14053 784
14054 2385
14055 1240
14056 3133
14057 360
14058 3612
14059 855
14060 2333
14061 4399
14062 2604
14063 740
14064 485
14065 4719
14066 1705
14067 2021
14068 991
14069 2488
14070 1716
14071 1261
14072 951
14073 994
14074 436
14075 1608
14076 4726
14077 1347
14078 2436
14079 3869
14080 924
14081 370
14082 3828
14083 3038
14084 4069
14085 704
14086 3010
14087 4165
14088 1048
14089 3580
14090 1240
14091 3066
14092 3238
14093 1240
14094 646
14095 100
14096 2488
14097 2255
14098 3320
14099 742
14100 2565
14101 108
14102 869
14103 1714
14104 4178
14105 2503
14106 772
14107 4942
14108 3899
14109 4562
14110 218
14111 2994
14112 4268
14113 576
14114 4845
14115 2437
14116 1304
14117 4030
14118 4646
14119 152
14120 144
14121 572
14122 3854
14123 3657
14124 1257
14125 3184
14126 4055
14127 4539
14128 295
14129 2034
14130 2052
14131 314
14132 2151
14133 41
14134 2027
14135 4321
14136 2679
14137 1814
14138 3777
14139 3507
14140 3812
14141 4805
14142 3133
14143 1599
14144 4585
14145 1715
14146 2841
14147 1652
14148 2294
14149 96
14150 4572
14151 1004
14152 3846
14153 2827
14154 1508
14155 1935
14156 1678
14157 2799
14158 2781
14159 3768
14160 3233
14161 1540
14162 768
14163 4568
14164 1048
14165 4380
14166 1161
14167 2737
14168 2488
14169 4002
14170 4660
14171 3540
14172 610
14173 3593
14174 398
14175 3366
14176 3591
14177 3133
14178 3749
14179 2161
14180 3505
14181 683
14182 69
14183 2065
14184 4656
14185 4903
14186 3008
14187 4224
14188 2563
14189 3530
14190 4606
14191 2528
14192 1987
14193 1243
14194 3680
14195 2663
14196 1253
14197 3164
14198 1345
14199 3139
14200 3448
14201 2490
14202 2781
14203 3008
14204 3359
14205 4675
14206 3792
14207 1463
14208 2914
14209 4560
14210 4821
14211 3314
14212 4602
14213 676
14214 611
14215 2355
14216 2343
14217 1863
14218 3488
14219 4591
14220 1623
14221 3925
14222 1678
14223 4333
14224 203
14225 599
14226 125
14227 3657
14228 402
14229 4311
14230 4074
14231 3739
14232 1696
14233 4650
14234 1413
14235 3911
14236 2236
14237 3533
14238 2047
14239 1656
14240 4414
14241 804
14242 2051
14243 1921
14244 3682
14245 3274
14246 742
14247 2907
14248 2120
14249 1048
14250 533
14251 1646
14252 1115
14253 4875
14254 3024
14255 2774
14256 3917
14257 839
14258 676
14259 263
14260 992
14261 3940
14262 1640
14263 3224
14264 4008
14265 4711
14266 1513
14267 2814
14268 3132
14269 1768
14270 1319
14271 14
14272 821
14273 2080
14274 2509
14275 3103
14276 3535
14277 3024
14278 1111
14279 2907
14280 2908
14281 608
14282 4647
14283 4256
14284 1644
14285 1257
14286 2158
14287 3917
14288 4728
14289 3595
14290 1611
14291 1028
14292 795
14293 1256
14294 407
14295 4191
14296 1075
14297 2187
14298 3903
14299 3024
14300 4029
14301 4052
14302 1241
14303 2294
14304 1455
14305 3811
14306 908
14307 892
14308 758
14309 677
14310 4327
14311 1870
14312 3968
14313 3194
14314 721
14315 486
14316 2768
14317 2824
14318 2240
14319 4839
14320 3650
14321 3926
14322 1940
14323 3751
14324 2051
14325 775
14326 4143
14327 3841
14328 2862
14329 511
14330 4185
14331 4319
14332 1828
14333 3894
14334 2548
14335 3456
14336 3657
14337 3713
14338 2234
14339 4469
14340 4440
14341 1025
14342 3727
14343 435
14344 1928
14345 757
14346 1370
14347 3962
14348 1957
14349 4480
14350 2722
14351 3757
14352 1513
14353 2821
14354 527
14355 2120
14356 1438
14357 2661
14358 4018
14359 1577
14360 3566
14361 1645
14362 4796
14363 4061
14364 808
14365 3825
14366 1625
14367 3657
14368 4123
14369 3023
14370 19
14371 3367
14372 2945
14373 4718
14374 2679
14375 4006
14376 1206
14377 3340
14378 3367
14379 842
14380 3960
14381 3359
14382 4796
14383 3724
14384 4296
14385 413
14386 4562
14387 3527
14388 2151
14389 3797
14390 1949
14391 756
14392 4338
14393 100
14394 3880
14395 208
14396 4299
14397 4308
14398 1930
14399 1762
14400 4521
14401 1015
14402 1723
14403 1736
14404 19
14405 3023
14406 1358
14407 1594
14408 981
14409 3881
14410 2583
14411 4219
14412 3529
14413 3684
14414 1310
14415 581
14416 4432
14417 1803
14418 4440
14419 4509
14420 4509
14421 3357
14422 3846
14423 1918
14424 3655
14425 792
14426 2620
14427 2406
14428 3717
14429 3490
14430 4498
14431 1696
14432 4852
14433 3873
14434 1586
14435 2619
14436 4401
14437 1152
14438 3917
14439 4786
14440 535
14441 3023
14442 3655
14443 2973
14444 2104
14445 892
14446 4767
14447 1148
14448 1825
14449 3972
14450 3269
14451 549
14452 2489
14453 4196
14454 2549
14455 160
14456 2517
14457 277
14458 2972
14459 1413
14460 1877
14461 3818
14462 3842
14463 4356
14464 3975
14465 1723
14466 4547
14467 4333
14468 2460
14469 2972
14470 3367
14471 4631
14472 2429
14473 1583
14474 2412
14475 4198
14476 994
14477 768
14478 4775
14479 397
14480 266
14481 3473
14482 3558
14483 816
14484 1355
14485 3919
14486 259
14487 4102
14488 1637
14489 3568
14490 4688
14491 2111
14492 2289
14493 1050
14494 892
14495 3824
14496 2004
14497 4023
14498 4207
14499 1513
14500 3680
14501 283
14502 4304
14503 2698
14504 3261
14505 4948
14506 4233
14507 2058
14508 2741
14509 1812
14510 3896
14511 317
14512 1089
14513 4505
14514 4640
14515 50
14516 86
14517 3568
14518 4262
14519 3558
14520 2489
14521 634
14522 2099
14523 2308
14524 1345
14525 869
14526 3553
14527 2519
14528 3568
14529 2964
14530 402
14531 218
14532 4122
14533 971
14534 3166
14535 3555
14536 4225
14537 3163
14538 29
14539 2303
14540 1469
14541 1467
14542 3368
14543 351
14544 710
14545 3368
14546 759
14547 3166
14548 1397
14549 176
14550 1373
14551 96
14552 4615
14553 4923
14554 2908
14555 4514
14556 1723
14557 379
14558 4536
14559 349
14560 1354
14561 3741
14562 3368
14563 4252
14564 4283
14565 2571
14566 4290
14567 4402
14568 3166
14569 2342
14570 4046
14571 1879
14572 375
14573 4195
14574 4366
14575 3369
14576 83
14577 3565
14578 2324
14579 672
14580 580
14581 677
14582 4325
14583 96
14584 1427
14585 2668
14586 320
14587 3166
14588 892
14589 2618
14590 1560
14591 268
14592 1161
14593 3166
14594 378
14595 56
14596 3566
14597 4710
14598 1571
14599 996
14600 4097
14601 4812
14602 2396
14603 2314
14604 2577
14605 825
14606 1161
14607 1274
14608 3973
14609 2254
14610 2332
14611 4945
14612 4240
14613 1930
14614 1360
14615 1242
14616 3135
14617 2859
14618 1189
14619 305
14620 3344
14621 2258
14622 4776
14623 3640
14624 3931
14625 2890
14626 1898
14627 974
14628 2751
14629 3307
14630 147
14631 1324
14632 4545
14633 3655
14634 2598
14635 1310
14636 4101
14637 535
14638 4181
14639 725
14640 3165
14641 4088
14642 3865
14643 1597
14644 2618
14645 890
14646 4804
14647 4444
14648 1241
14649 4441
14650 4431
14651 2712
14652 160
14653 3369
14654 3165
14655 2300
14656 3335
14657 885
14658 957
14659 2658
14660 46
14661 1587
14662 1365
14663 2381
14664 1817
14665 992
14666 218
14667 954
14668 157
14669 957
14670 3165
14671 4216
14672 1413
14673 617
14674 907
14675 4768
14676 1657
14677 3165
14678 2185
14679 3170
14680 3307
14681 2618
14682 4768
14683 2555
14684 3652
14685 751
14686 3369
14687 4597
14688 2658
14689 3504
14690 845
14691 2040
14692 2612
14693 949
14694 4847
14695 869
14696 2808
14697 3126
14698 1897
14699 2490
14700 3807
14701 227
14702 1479
14703 227
14704 3988
14705 3384
14706 4623
14707 3832
14708 1794
14709 82
14710 3307
14711 3203
14712 3565
14713 96
14714 709
14715 3834
14716 2176
14717 2490
14718 866
14719 48
14720 709
14721 1309
14722 1424
14723 511
14724 2999
14725 1149
14726 2537
14727 3610
14728 1421
14729 1276
14730 4019
14731 3711
14732 3379
14733 3342
14734 2908
14735 1958
14736 249
14737 4791
14738 3384
14739 1128
14740 682
14741 4928
14742 3853
14743 1738
14744 4465
14745 4792
14746 161
14747 3345
14748 3763
14749 1387
14750 3307
14751 1507
14752 4426
14753 3525
14754 771
14755 1399
14756 4294
14757 3565
14758 4366
14759 2698
14760 21
14761 4043
14762 2102
14763 3642
14764 1040
14765 3309
14766 2023
14767 569
14768 3711
14769 2639
14770 4275
14771 692
14772 4909
14773 1083
14774 2618
14775 2368
14776 3520
14777 2825
14778 609
14779 781
14780 2157
14781 1096
14782 566
14783 3309
14784 4219
14785 1441
14786 3785
14787 4310
14788 1544
14789 4037
14790 2639
14791 2900
14792 4247
14793 1868
14794 782
14795 1838
14796 3751
14797 3483
14798 3527
14799 3674
14800 3794
14801 4242
14802 4761
14803 1696
14804 677
14805 1806
14806 3137
14807 3746
14808 1768
14809 2124
14810 1873
14811 2816
14812 1962
14813 815
14814 1088
14815 1507
14816 1863
14817 4526
14818 317
14819 2576
14820 426
14821 4360
14822 818
14823 1570
14824 3909
14825 386
14826 2200
14827 625
14828 2436
14829 218
14830 4365
14831 2146
14832 343
14833 3162
14834 1521
14835 4870
14836 1805
14837 3655
14838 3436
14839 2781
14840 1554
14841 3053
14842 1380
14843 2583
14844 3176
14845 3357
14846 3309
14847 2314
14848 2635
14849 2621
14850 2969
14851 3871
14852 628
14853 4253
14854 1103
14855 4808
14856 486
14857 4918
14858 723
14859 3961
14860 2638
14861 1946
14862 1028
14863 599
14864 2490
14865 3653
14866 2849
14867 4353
14868 1427
14869 971
14870 1149
14871 1467
14872 1514
14873 95
14874 2969
14875 742
14876 885
14877 4814
14878 3653
14879 1348
14880 4111
14881 2969
14882 486
14883 4305
14884 360
14885 1747
14886 375
14887 1941
14888 2066
14889 4494
14890 1022
14891 3098
14892 486
14893 1149
14894 4105
14895 3580
14896 1599
14897 3842
14898 4863
14899 4230
14900 4452
14901 4604
14902 3275
14903 594
14904 4164
14905 28
14906 1576
14907 810
14908 349
14909 1945
14910 134
14911 884
14912 1838
14913 2430
14914 4781
14915 348
14916 3790
14917 3559
14918 2101
14919 4270
14920 1769
14921 1094
14922 3323
14923 621
14924 2083
14925 3125
14926 2213
14927 1571
14928 569
14929 2491
14930 1717
14931 4544
14932 2
14933 2622
14934 1576
14935 907
14936 2457
14937 3098
14938 3176
14939 1701
14940 2676
14941 2113
14942 3152
14943 334
14944 1788
14945 584
14946 4027
14947 2421
14948 3098
14949 3113
14950 3269
14951 1969
14952 3113
14953 1109
14954 526
14955 677
14956 3881
14957 4599
14958 657
14959 2818
14960 1788
14961 3054
14962 2218
14963 4825
14964 4752
14965 1894
14966 211
14967 3113
14968 521
14969 2016
14970 3865
14971 95
14972 1607
14973 4196
14974 3415
14975 3424
14976 3357
14977 2033
14978 3447
14979 1193
14980 3384
14981 2366
14982 1571
14983 2227
14984 781
14985 2240
14986 3119
14987 4857
14988 1531
14989 3185
14990 4661
14991 392
14992 723
14993 1468
14994 3384
14995 2295
14996 698
14997 2622
14998 3383
14999 3761
