10000 667
10001 1317
10002 543
10003 1468
10004 154
10005 514
10006 1154
10007 693
10008 520
10009 197
10010 1087
10011 1268
10012 652
10013 410
10014 1664
10015 815
10016 766
10017 856
10018 1268
10019 507
10020 889
10021 1323
10022 631
10023 770
10024 601
10025 1323
10026 1663
10027 596
10028 1057
10029 160
10030 246
10031 631
10032 1592
10033 298
10034 1279
10035 585
10036 1089
10037 494
10038 1151
10039 1015
10040 1616
10041 1840
10042 436
10043 1516
10044 402
10045 876
10046 1830
10047 829
10048 57
10049 827
10050 659
10051 285
10052 1484
10053 1454
10054 359
10055 872
10056 1279
10057 1732
10058 530
10059 1989
10060 1190
10061 824
10062 211
10063 1084
10064 813
10065 470
10066 1116
10067 527
10068 1676
10069 879
10070 1622
10071 1420
10072 484
10073 40
10074 930
10075 1072
10076 943
10077 539
10078 1213
10079 513
10080 651
10081 431
10082 730
10083 1810
10084 15
10085 627
10086 1441
10087 1708
10088 142
10089 1616
10090 35
10091 1728
10092 1110
10093 246
10094 1313
10095 864
10096 1472
10097 487
10098 891
10099 156
10100 554
10101 810
10102 338
10103 862
10104 53
10105 1933
10106 473
10107 202
10108 237
10109 763
10110 0
10111 1919
10112 1616
10113 671
10114 410
10115 1559
10116 1323
10117 290
10118 615
10119 812
10120 1087
10121 24
10122 892
10123 1279
10124 1856
10125 73
10126 1202
10127 733
10128 1207
10129 742
10130 21
10131 69
10132 1616
10133 936
10134 1480
10135 346
10136 1618
10137 617
10138 474
10139 1580
10140 1007
10141 1946
10142 1508
10143 1323
10144 41
10145 1817
10146 1622
10147 1173
10148 765
10149 1176
10150 1754
10151 484
10152 414
10153 1715
10154 1681
10155 691
10156 437
10157 237
10158 6
10159 1697
10160 849
10161 1140
10162 807
10163 1641
10164 30
10165 221
10166 1841
10167 1114
10168 434
10169 698
10170 892
10171 845
10172 655
10173 1793
10174 1721
10175 507
10176 927
10177 414
10178 246
10179 260
10180 964
10181 1007
10182 234
10183 285
10184 966
10185 1658
10186 647
10187 878
10188 1379
10189 1616
10190 184
10191 1494
10192 1131
10193 355
10194 1772
10195 1037
10196 533
10197 1143
10198 1508
10199 64
10200 1491
10201 756
10202 96
10203 942
10204 1522
10205 1892
10206 1279
10207 1942
10208 237
10209 551
10210 443
10211 1086
10212 1144
10213 711
10214 1530
10215 435
10216 1223
10217 2
10218 97
10219 49
10220 1232
10221 1593
10222 185
10223 1313
10224 1713
10225 1665
10226 1957
10227 736
10228 1731
10229 997
10230 1677
10231 1866
10232 1556
10233 679
10234 971
10235 561
10236 1400
10237 1629
10238 1861
10239 202
10240 600
10241 184
10242 696
10243 99
10244 587
10245 568
10246 121
10247 18
10248 590
10249 1710
10250 246
10251 798
10252 1616
10253 1673
10254 961
10255 22
10256 326
10257 258
10258 1851
10259 1426
10260 754
10261 352
10262 1413
10263 840
10264 925
10265 484
10266 1918
10267 683
10268 1875
10269 847
10270 43
10271 537
10272 463
10273 1210
10274 913
10275 374
10276 67
10277 1482
10278 836
10279 1087
10280 1699
10281 1154
10282 701
10283 1279
10284 1989
10285 725
10286 1799
10287 285
10288 348
10289 1620
10290 1878
10291 653
10292 1015
10293 1508
10294 1279
10295 1342
10296 1279
10297 1313
10298 1279
10299 533
10300 618
10301 461
10302 1511
10303 1423
10304 788
10305 647
10306 707
10307 300
10308 254
10309 1805
10310 1744
10311 1517
10312 1745
10313 839
10314 1038
10315 445
10316 221
10317 184
10318 1616
10319 1518
10320 1819
10321 767
10322 926
10323 1610
10324 730
10325 1690
10326 1215
10327 197
10328 1038
10329 985
10330 14
10331 1592
10332 380
10333 1660
10334 1682
10335 484
10336 1195
10337 1408
10338 1324
10339 78
10340 629
10341 1474
10342 1048
10343 1163
10344 347
10345 115
10346 1324
10347 15
10348 1505
10349 947
10350 1160
10351 1633
10352 1535
10353 1666
10354 592
10355 485
10356 1703
10357 1279
10358 1379
10359 434
10360 1578
10361 790
10362 108
10363 1329
10364 1436
10365 1711
10366 1629
10367 1828
10368 406
10369 1278
10370 628
10371 668
10372 876
10373 751
10374 1114
10375 1087
10376 764
10377 1776
10378 1324
10379 881
10380 342
10381 509
10382 1801
10383 1076
10384 590
10385 1054
10386 1004
10387 945
10388 1862
10389 529
10390 440
10391 246
10392 787
10393 833
10394 945
10395 855
10396 1209
10397 26
10398 1016
10399 1124
10400 1989
10401 681
10402 668
10403 1369
10404 1578
10405 801
10406 680
10407 1329
10408 784
10409 1970
10410 344
10411 918
10412 411
10413 1789
10414 1222
10415 1281
10416 1016
10417 1426
10418 970
10419 730
10420 1030
10421 950
10422 154
10423 1610
10424 927
10425 838
10426 1150
10427 464
10428 1232
10429 1761
10430 803
10431 1433
10432 211
10433 103
10434 504
10435 1641
10436 749
10437 1785
10438 845
10439 170
10440 934
10441 135
10442 709
10443 259
10444 1796
10445 773
10446 1263
10447 734
10448 403
10449 1915
10450 664
10451 1676
10452 373
10453 1016
10454 108
10455 568
10456 779
10457 279
10458 1907
10459 298
10460 1953
10461 1034
10462 1960
10463 1782
10464 1142
10465 1647
10466 1675
10467 785
10468 1864
10469 1444
10470 826
10471 797
10472 1833
10473 544
10474 615
10475 184
10476 316
10477 1034
10478 1957
10479 717
10480 1480
10481 925
10482 1032
10483 1281
10484 1974
10485 1278
10486 879
10487 1226
10488 420
10489 1660
10490 1234
10491 1127
10492 1222
10493 81
10494 1641
10495 692
10496 548
10497 1213
10498 1632
10499 656
10500 1278
10501 424
10502 1281
10503 1236
10504 1665
10505 754
10506 128
10507 1278
10508 858
10509 1503
10510 1210
10511 1807
10512 1069
10513 400
10514 1247
10515 201
10516 1195
10517 1464
10518 135
10519 1278
10520 652
10521 948
10522 912
10523 22
10524 1627
10525 1644
10526 71
10527 1236
10528 199
10529 1641
10530 945
10531 1804
10532 1494
10533 1627
10534 1473
10535 1458
10536 185
10537 926
10538 1963
10539 1028
10540 397
10541 273
10542 483
10543 300
10544 905
10545 741
10546 1135
10547 1281
10548 1882
10549 1306
10550 1801
10551 1036
10552 666
10553 844
10554 129
10555 1324
10556 1645
10557 1267
10558 1676
10559 300
10560 1434
10561 1948
10562 1518
10563 1627
10564 1852
10565 963
10566 1629
10567 561
10568 459
10569 1438
10570 566
10571 628
10572 1140
10573 274
10574 697
10575 1267
10576 1792
10577 1263
10578 1834
10579 51
10580 53
10581 1819
10582 1066
10583 303
10584 1267
10585 961
10586 702
10587 1955
10588 1203
10589 1419
10590 962
10591 1003
10592 163
10593 1864
10594 787
10595 326
10596 1576
10597 1610
10598 331
10599 1313
10600 184
10601 1486
10602 1819
10603 569
10604 270
10605 1556
10606 101
10607 939
10608 1263
10609 88
10610 1693
10611 1267
10612 356
10613 832
10614 681
10615 1388
10616 4
10617 745
10618 915
10619 1620
10620 1136
10621 1733
10622 1148
10623 1691
10624 1539
10625 449
10626 1191
10627 1640
10628 825
10629 899
10630 1663
10631 801
10632 93
10633 842
10634 669
10635 775
10636 1413
10637 246
10638 973
10639 1267
10640 1030
10641 1178
10642 1222
10643 1740
10644 122
10645 1880
10646 813
10647 19
10648 1039
10649 1285
10650 877
10651 1023
10652 1774
10653 1267
10654 53
10655 109
10656 769
10657 70
10658 1173
10659 1267
10660 428
10661 871
10662 406
10663 906
10664 252
10665 1610
10666 571
10667 943
10668 1267
10669 1503
10670 1020
10671 904
10672 793
10673 1539
10674 830
10675 1627
10676 1585
10677 878
10678 1269
10679 1590
10680 928
10681 802
10682 1654
10683 1677
10684 1267
10685 955
10686 1277
10687 1218
10688 1610
10689 1395
10690 803
10691 466
10692 207
10693 867
10694 873
10695 142
10696 192
10697 279
10698 1661
10699 779
10700 98
10701 1622
10702 1588
10703 246
10704 16
10705 1681
10706 433
10707 1502
10708 1425
10709 65
10710 1515
10711 358
10712 1657
10713 272
10714 297
10715 994
10716 145
10717 1646
10718 603
10719 1417
10720 502
10721 1490
10722 1278
10723 1838
10724 1219
10725 1313
10726 1191
10727 1784
10728 188
10729 207
10730 1439
10731 1567
10732 488
10733 1329
10734 1718
10735 1582
10736 292
10737 635
10738 1003
10739 346
10740 1072
10741 1264
10742 185
10743 615
10744 809
10745 57
10746 1889
10747 377
10748 1610
10749 483
10750 184
10751 1278
10752 1739
10753 1277
10754 64
10755 1840
10756 639
10757 1807
10758 881
10759 792
10760 1263
10761 1518
10762 459
10763 1114
10764 1329
10765 1578
10766 1081
10767 1818
10768 1630
10769 35
10770 380
10771 646
10772 469
10773 1278
10774 827
10775 1700
10776 407
10777 443
10778 877
10779 288
10780 877
10781 513
10782 184
10783 78
10784 615
10785 172
10786 1317
10787 981
10788 1979
10789 1003
10790 1578
10791 1817
10792 1610
10793 721
10794 122
10795 746
10796 1394
10797 984
10798 31
10799 903
10800 1800
10801 784
10802 516
10803 702
10804 501
10805 109
10806 528
10807 1432
10808 520
10809 534
10810 1106
10811 1587
10812 1263
10813 598
10814 1278
10815 664
10816 1752
10817 1062
10818 534
10819 616
10820 53
10821 525
10822 399
10823 233
10824 1443
10825 79
10826 1674
10827 1460
10828 1459
10829 657
10830 1114
10831 924
10832 902
10833 458
10834 1189
10835 993
10836 97
10837 1538
10838 1696
10839 189
10840 969
10841 1825
10842 959
10843 753
10844 717
10845 1502
10846 142
10847 724
10848 1434
10849 1785
10850 1578
10851 512
10852 414
10853 1515
10854 1742
10855 1983
10856 819
10857 51
10858 1337
10859 1937
10860 331
10861 311
10862 1515
10863 1449
10864 352
10865 521
10866 1442
10867 1610
10868 17
10869 612
10870 547
10871 316
10872 1277
10873 948
10874 1642
10875 359
10876 379
10877 566
10878 1250
10879 794
10880 700
10881 74
10882 779
10883 1723
10884 1251
10885 225
10886 742
10887 1139
10888 1426
10889 818
10890 391
10891 936
10892 22
10893 79
10894 1810
10895 784
10896 1472
10897 122
10898 231
10899 1558
10900 888
10901 139
10902 22
10903 1163
10904 1827
10905 504
10906 255
10907 1275
10908 164
10909 1912
10910 1170
10911 249
10912 616
10913 72
10914 1610
10915 1918
10916 585
10917 509
10918 1178
10919 1275
10920 366
10921 1489
10922 528
10923 342
10924 65
10925 1578
10926 535
10927 646
10928 1937
10929 787
10930 1238
10931 183
10932 717
10933 821
10934 862
10935 36
10936 1825
10937 1998
10938 1844
10939 1368
10940 1234
10941 504
10942 899
10943 185
10944 316
10945 304
10946 285
10947 1334
10948 635
10949 1007
10950 515
10951 1015
10952 566
10953 1334
10954 1288
10955 1531
10956 1101
10957 1938
10958 1414
10959 1130
10960 289
10961 1883
10962 494
10963 135
10964 1858
10965 938
10966 1731
10967 47
10968 1220
10969 1006
10970 156
10971 1933
10972 111
10973 1144
10974 840
10975 435
10976 480
10977 1039
10978 1242
10979 1674
10980 294
10981 255
10982 162
10983 1408
10984 484
10985 517
10986 452
10987 1787
10988 656
10989 472
10990 145
10991 257
10992 332
10993 524
10994 501
10995 187
10996 45
10997 700
10998 412
10999 1717
11000 1515
11001 1032
11002 1169
11003 1409
11004 380
11005 969
11006 1162
11007 38
11008 346
11009 113
11010 1550
11011 1911
11012 1236
11013 52
11014 254
11015 1873
11016 1338
11017 489
11018 1466
11019 87
11020 1408
11021 909
11022 1089
11023 1334
11024 158
11025 38
11026 1816
11027 78
11028 1800
11029 1798
11030 52
11031 1921
11032 298
11033 853
11034 1515
11035 691
11036 360
11037 787
11038 720
11039 1334
11040 590
11041 152
11042 767
11043 1386
11044 120
11045 308
11046 1610
11047 1063
11048 1334
11049 1051
11050 1088
11051 1158
11052 839
11053 916
11054 881
11055 1263
11056 402
11057 32
11058 486
11059 1563
11060 20
11061 763
11062 456
11063 274
11064 737
11065 1810
11066 122
11067 1546
11068 504
11069 1505
11070 602
11071 730
11072 802
11073 202
11074 1334
11075 798
11076 1042
11077 1694
11078 1821
11079 664
11080 585
11081 1714
11082 1808
11083 483
11084 1140
11085 652
11086 1707
11087 980
11088 1390
11089 111
11090 570
11091 1334
11092 168
11093 1206
11094 870
11095 1919
11096 894
11097 154
11098 684
11099 1334
11100 819
11101 1431
11102 1197
11103 1834
11104 451
11105 371
11106 1411
11107 1766
11108 1488
11109 913
11110 367
11111 868
11112 1745
11113 733
11114 1515
11115 279
11116 1891
11117 1436
11118 551
11119 1478
11120 159
11121 1029
11122 934
11123 857
11124 79
11125 1638
11126 1587
11127 1146
11128 228
11129 1479
11130 1854
11131 1148
11132 1049
11133 760
11134 1125
11135 1530
11136 1808
11137 1756
11138 537
11139 1403
11140 418
11141 1287
11142 94
11143 1514
11144 1181
11145 1582
11146 1371
11147 933
11148 155
11149 1221
11150 1076
11151 1740
11152 1959
11153 1331
11154 1922
11155 590
11156 1061
11157 1378
11158 1956
11159 297
11160 1974
11161 1439
11162 343
11163 1514
11164 1241
11165 1739
11166 1986
11167 619
11168 1049
11169 1953
11170 1139
11171 365
11172 1692
11173 407
11174 902
11175 338
11176 1567
11177 1252
11178 1777
11179 1797
11180 642
11181 35
11182 777
11183 1362
11184 998
11185 246
11186 1199
11187 337
11188 320
11189 273
11190 1921
11191 452
11192 1669
11193 772
11194 879
11195 892
11196 703
11197 1137
11198 298
11199 655
11200 1286
11201 102
11202 1224
11203 1387
11204 1438
11205 540
11206 1482
11207 582
11208 1418
11209 128
11210 1764
11211 115
11212 223
11213 696
11214 532
11215 1324
11216 1272
11217 1812
11218 1200
11219 343
11220 208
11221 88
11222 849
11223 1668
11224 1175
11225 712
11226 1184
11227 1169
11228 1958
11229 1452
11230 1708
11231 1050
11232 565
11233 1272
11234 49
11235 223
11236 1006
11237 1516
11238 1742
11239 482
11240 483
11241 937
11242 899
11243 1429
11244 1893
11245 1834
11246 414
11247 1640
11248 1308
11249 1482
11250 1686
11251 659
11252 482
11253 111
11254 1078
11255 1421
11256 460
11257 511
11258 195
11259 1724
11260 1971
11261 1771
11262 934
11263 1937
11264 1272
11265 1815
11266 1047
11267 47
11268 985
11269 1767
11270 940
11271 923
11272 1808
11273 1760
11274 373
11275 1399
11276 1009
11277 1474
11278 1777
11279 1451
11280 1690
11281 371
11282 87
11283 1611
11284 18
11285 1148
11286 1049
11287 833
11288 590
11289 1430
11290 955
11291 1083
11292 1580
11293 603
11294 511
11295 265
11296 1730
11297 1149
11298 1156
11299 498
11300 463
11301 1951
11302 724
11303 1684
11304 371
11305 475
11306 234
11307 879
11308 164
11309 1200
11310 856
11311 1904
11312 290
11313 675
11314 420
11315 64
11316 1462
11317 694
11318 520
11319 827
11320 415
11321 1320
11322 592
11323 1721
11324 225
11325 633
11326 933
11327 482
11328 1190
11329 740
11330 14
11331 380
11332 194
11333 1735
11334 1837
11335 942
11336 926
11337 502
11338 83
11339 759
11340 227
11341 1272
11342 965
11343 1553
11344 110
11345 791
11346 106
11347 1111
11348 721
11349 1722
11350 1967
11351 1423
11352 832
11353 1131
11354 1500
11355 1721
11356 1119
11357 75
11358 1043
11359 698
11360 52
11361 304
11362 279
11363 544
11364 1272
11365 694
11366 790
11367 1290
11368 774
11369 185
11370 355
11371 1888
11372 781
11373 1272
11374 1272
11375 57
11376 1585
11377 585
11378 83
11379 223
11380 537
11381 1252
11382 1191
11383 380
11384 637
11385 761
11386 877
11387 297
11388 1761
11389 1880
11390 836
11391 1587
11392 201
11393 1272
11394 1416
11395 988
11396 1959
11397 1539
11398 420
11399 1782
11400 774
11401 1417
11402 1359
11403 1212
11404 1685
11405 1061
11406 544
11407 1944
11408 19
11409 984
11410 1903
11411 1272
11412 185
11413 1118
11414 988
11415 1471
11416 1761
11417 466
11418 1942
11419 17
11420 1210
11421 1125
11422 692
11423 1444
11424 1232
11425 565
11426 1528
11427 223
11428 1585
11429 1187
11430 414
11431 1955
11432 1175
11433 1987
11434 492
11435 1111
11436 260
11437 1611
11438 252
11439 981
11440 1408
11441 664
11442 1273
11443 1667
11444 1162
11445 1111
11446 1611
11447 223
11448 1054
11449 894
11450 1025
11451 1342
11452 1460
11453 409
11454 1049
11455 745
11456 1169
11457 390
11458 1077
11459 1732
11460 1128
11461 1165
11462 516
11463 1331
11464 1768
11465 881
11466 33
11467 597
11468 988
11469 1862
11470 509
11471 1217
11472 971
11473 1397
11474 145
11475 378
11476 380
11477 1111
11478 1976
11479 1048
11480 512
11481 1194
11482 1119
11483 590
11484 674
11485 1058
11486 155
11487 504
11488 36
11489 1834
11490 1051
11491 742
11492 991
11493 1941
11494 1430
11495 949
11496 1162
11497 1779
11498 1247
11499 906
11500 34
11501 1271
11502 52
11503 1126
11504 1416
11505 703
11506 135
11507 580
11508 542
11509 412
11510 763
11511 1111
11512 518
11513 96
11514 1451
11515 1735
11516 118
11517 398
11518 865
11519 1402
11520 1224
11521 494
11522 1072
11523 1359
11524 639
11525 906
11526 274
11527 423
11528 183
11529 1946
11530 616
11531 503
11532 1405
11533 1066
11534 1611
11535 628
11536 1943
11537 1693
11538 1420
11539 900
11540 1415
11541 849
11542 77
11543 1438
11544 348
11545 1878
11546 786
11547 750
11548 183
11549 1622
11550 1273
11551 246
11552 1793
11553 766
11554 721
11555 223
11556 568
11557 1144
11558 1176
11559 646
11560 166
11561 152
11562 199
11563 1699
11564 1973
11565 1271
11566 1761
11567 1271
11568 482
11569 1735
11570 1075
11571 1271
11572 345
11573 1024
11574 617
11575 1611
11576 1363
11577 714
11578 302
11579 1425
11580 346
11581 463
11582 1175
11583 1271
11584 1876
11585 1761
11586 859
11587 26
11588 226
11589 273
11590 161
11591 1892
11592 166
11593 844
11594 916
11595 711
11596 1271
11597 1291
11598 518
11599 427
11600 824
11601 1271
11602 1974
11603 637
11604 52
11605 581
11606 515
11607 1611
11608 1776
11609 1751
11610 317
11611 1958
11612 1420
11613 1217
11614 1031
11615 1193
11616 389
11617 33
11618 372
11619 901
11620 279
11621 410
11622 1751
11623 1839
11624 920
11625 875
11626 661
11627 1711
11628 934
11629 1280
11630 367
11631 1567
11632 1491
11633 106
11634 454
11635 1949
11636 1058
11637 159
11638 1410
11639 600
11640 1761
11641 1715
11642 960
11643 738
11644 1645
11645 1409
11646 260
11647 424
11648 1941
11649 325
11650 769
11651 183
11652 56
11653 1920
11654 1716
11655 1177
11656 864
11657 32
11658 128
11659 849
11660 1983
11661 1212
11662 694
11663 295
11664 1110
11665 608
11666 966
11667 1751
11668 1083
11669 1701
11670 767
11671 159
11672 1110
11673 947
11674 770
11675 1089
11676 886
11677 374
11678 676
11679 365
11680 807
11681 946
11682 1611
11683 1484
11684 658
11685 32
11686 1704
11687 228
11688 752
11689 1797
11690 469
11691 1233
11692 287
11693 48
11694 1003
11695 339
11696 428
11697 1091
11698 524
11699 883
11700 228
11701 790
11702 951
11703 361
11704 20
11705 1700
11706 316
11707 1751
11708 247
11709 765
11710 296
11711 1137
11712 368
11713 202
11714 590
11715 384
11716 1173
11717 684
11718 1450
11719 784
11720 1945
11721 1310
11722 1611
11723 1480
11724 1500
11725 581
11726 1401
11727 411
11728 518
11729 1611
11730 972
11731 159
11732 755
11733 720
11734 1728
11735 1701
11736 1264
11737 1751
11738 249
11739 41
11740 692
11741 1751
11742 412
11743 6
11744 960
11745 768
11746 482
11747 1921
11748 75
11749 117
11750 1826
11751 1080
11752 524
11753 761
11754 601
11755 1751
11756 1912
11757 330
11758 403
11759 1873
11760 1781
11761 1686
11762 1465
11763 1247
11764 114
11765 797
11766 421
11767 1389
11768 204
11769 1405
11770 568
11771 759
11772 1853
11773 1417
11774 1567
11775 773
11776 680
11777 258
11778 474
11779 278
11780 510
11781 1622
11782 65
11783 1178
11784 682
11785 924
11786 501
11787 324
11788 1144
11789 1582
11790 911
11791 886
11792 1169
11793 1546
11794 6
11795 1368
11796 1195
11797 1567
11798 1177
11799 762
11800 518
11801 1861
11802 1004
11803 1751
11804 1926
11805 110
11806 195
11807 1611
11808 1186
11809 1876
11810 336
11811 146
11812 634
11813 1859
11814 1665
11815 1633
11816 601
11817 366
11818 607
11819 1582
11820 67
11821 635
11822 1913
11823 781
11824 635
11825 1897
11826 1772
11827 1454
11828 861
11829 1739
11830 1073
11831 188
11832 36
11833 733
11834 364
11835 1830
11836 219
11837 170
11838 260
11839 825
11840 337
11841 1224
11842 1893
11843 1031
11844 439
11845 903
11846 1829
11847 769
11848 1212
11849 1967
11850 748
11851 207
11852 1224
11853 944
11854 1051
11855 1563
11856 387
11857 682
11858 1067
11859 857
11860 1976
11861 1258
11862 294
11863 797
11864 205
11865 880
11866 849
11867 21
11868 485
11869 1240
11870 350
11871 223
11872 833
11873 1580
11874 1071
11875 874
11876 1006
11877 1911
11878 1320
11879 221
11880 300
11881 100
11882 479
11883 1460
11884 1787
11885 1613
11886 719
11887 518
11888 1826
11889 1281
11890 1954
11891 723
11892 1556
11893 1251
11894 660
11895 779
11896 253
11897 1698
11898 985
11899 371
11900 305
11901 1110
11902 345
11903 455
11904 206
11905 1751
11906 1647
11907 208
11908 142
11909 32
11910 1789
11911 1124
11912 406
11913 883
11914 840
11915 1216
11916 1682
11917 325
11918 1303
11919 91
11920 1303
11921 1303
11922 1800
11923 211
11924 622
11925 467
11926 727
11927 1733
11928 1576
11929 743
11930 1622
11931 951
11932 1406
11933 264
11934 1402
11935 604
11936 653
11937 341
11938 1163
11939 1986
11940 1667
11941 1909
11942 1303
11943 1613
11944 1896
11945 1970
11946 633
11947 978
11948 616
11949 1178
11950 1567
11951 648
11952 183
11953 368
11954 688
11955 807
11956 1303
11957 1659
11958 1590
11959 379
11960 468
11961 668
11962 1407
11963 1205
11964 1169
11965 791
11966 1269
11967 1493
11968 1286
11969 1870
11970 394
11971 1894
11972 246
11973 1369
11974 1618
11975 691
11976 1303
11977 295
11978 1887
11979 1494
11980 257
11981 1753
11982 1111
11983 411
11984 1556
11985 1876
11986 320
11987 1631
11988 307
11989 1288
11990 1395
11991 1293
11992 1068
11993 1132
11994 544
11995 1303
11996 1202
11997 1899
11998 339
11999 330
12000 1685
12001 792
12002 1032
12003 415
12004 1435
12005 1691
12006 51
12007 1963
12008 788
12009 34
12010 1016
12011 819
12012 98
12013 353
12014 662
12015 1804
12016 278
12017 1568
12018 0
12019 1645
12020 1303
12021 1291
12022 711
12023 678
12024 520
12025 1068
12026 401
12027 354
12028 685
12029 1911
12030 752
12031 956
12032 1791
12033 208
12034 518
12035 565
12036 1303
12037 44
12038 397
12039 79
12040 527
12041 1245
12042 1016
12043 1030
12044 379
12045 78
12046 1052
12047 1135
12048 1115
12049 1613
12050 887
12051 639
12052 93
12053 1448
12054 1806
12055 1173
12056 393
12057 542
12058 171
12059 909
12060 832
12061 58
12062 1685
12063 1926
12064 872
12065 996
12066 958
12067 1897
12068 76
12069 603
12070 1009
12071 1585
12072 117
12073 400
12074 1242
12075 1897
12076 518
12077 571
12078 113
12079 1058
12080 1490
12081 1422
12082 1664
12083 1576
12084 1824
12085 1501
12086 1492
12087 74
12088 816
12089 797
12090 339
12091 709
12092 88
12093 1613
12094 1495
12095 1519
12096 1558
12097 761
12098 1800
12099 1531
12100 1912
12101 1027
12102 1229
12103 1775
12104 6
12105 391
12106 1859
12107 686
12108 638
12109 1846
12110 1111
12111 624
12112 1919
12113 646
12114 416
12115 1198
12116 259
12117 1647
12118 584
12119 971
12120 1786
12121 1631
12122 1394
12123 1457
12124 1728
12125 1613
12126 1526
12127 1865
12128 211
12129 289
12130 1142
12131 4
12132 1133
12133 703
12134 1526
12135 1773
12136 498
12137 347
12138 1200
12139 456
12140 1390
12141 223
12142 1888
12143 128
12144 570
12145 1339
12146 1642
12147 574
12148 1562
12149 1613
12150 1800
12151 1694
12152 1049
12153 1506
12154 1579
12155 1900
12156 49
12157 223
12158 328
12159 1526
12160 435
12161 1526
12162 1526
12163 1211
12164 882
12165 885
12166 1248
12167 1710
12168 1882
12169 1613
12170 674
12171 632
12172 365
12173 1194
12174 1564
12175 1798
12176 590
12177 1337
12178 316
12179 1514
12180 1914
12181 803
12182 590
12183 824
12184 212
12185 723
12186 410
12187 1812
12188 1498
12189 375
12190 13
12191 1567
12192 169
12193 1943
12194 268
12195 3
12196 1471
12197 1249
12198 808
12199 597
12200 556
12201 632
12202 1423
12203 1093
12204 716
12205 719
12206 700
12207 725
12208 1455
12209 958
12210 1003
12211 1494
12212 1739
12213 1054
12214 378
12215 299
12216 83
12217 1871
12218 565
12219 839
12220 1939
12221 544
12222 957
12223 1192
12224 602
12225 106
12226 835
12227 219
12228 995
12229 1111
12230 1895
12231 995
12232 1813
12233 973
12234 712
12235 1526
12236 1186
12237 1492
12238 816
12239 1076
12240 963
12241 232
12242 1805
12243 1613
12244 609
12245 1613
12246 1324
12247 907
12248 1882
12249 1526
12250 1778
12251 1401
12252 1200
12253 424
12254 1835
12255 716
12256 1563
12257 1034
12258 1527
12259 458
12260 1567
12261 116
12262 72
12263 93
12264 1236
12265 945
12266 390
12267 1145
12268 1200
12269 1736
12270 944
12271 1570
12272 1155
12273 1890
12274 277
12275 1514
12276 1767
12277 512
12278 1034
12279 350
12280 1341
12281 850
12282 1691
12283 171
12284 537
12285 813
12286 502
12287 456
12288 978
12289 1028
12290 167
12291 1320
12292 223
12293 1332
12294 1613
12295 1111
12296 1962
12297 1527
12298 93
12299 1480
12300 1384
12301 878
12302 963
12303 1843
12304 1507
12305 1442
12306 1667
12307 500
12308 1749
12309 537
12310 187
12311 1746
12312 146
12313 1211
12314 85
12315 541
12316 965
12317 231
12318 1124
12319 1302
12320 568
12321 697
12322 268
12323 1936
12324 1689
12325 1029
12326 152
12327 1066
12328 502
12329 609
12330 1395
12331 387
12332 1303
12333 591
12334 511
12335 507
12336 1178
12337 337
12338 519
12339 1267
12340 832
12341 1486
12342 238
12343 1303
12344 850
12345 153
12346 1410
12347 765
12348 527
12349 20
12350 783
12351 57
12352 422
12353 1931
12354 103
12355 1003
12356 1673
12357 730
12358 695
12359 1193
12360 1302
12361 1434
12362 1204
12363 323
12364 128
12365 1234
12366 1823
12367 957
12368 481
12369 1058
12370 1180
12371 1953
12372 1826
12373 997
12374 183
12375 1231
12376 561
12377 950
12378 1693
12379 624
12380 1931
12381 652
12382 1726
12383 719
12384 1448
12385 462
12386 1062
12387 590
12388 224
12389 255
12390 1739
12391 1896
12392 1975
12393 102
12394 79
12395 926
12396 802
12397 809
12398 451
12399 1872
12400 908
12401 123
12402 1302
12403 249
12404 1944
12405 91
12406 1302
12407 308
12408 1186
12409 495
12410 678
12411 308
12412 1794
12413 232
12414 1792
12415 934
12416 1302
12417 865
12418 183
12419 568
12420 1507
12421 1440
12422 487
12423 434
12424 894
12425 1562
12426 1570
12427 1507
12428 1302
12429 592
12430 684
12431 1048
12432 1511
12433 1707
12434 388
12435 897
12436 157
12437 299
12438 718
12439 418
12440 1926
12441 1722
12442 1728
12443 696
12444 465
12445 388
12446 15
12447 1649
12448 1030
12449 624
12450 531
12451 498
12452 135
12453 1893
12454 1702
12455 1302
12456 1362
12457 1219
12458 1673
12459 171
12460 845
12461 399
12462 806
12463 1860
12464 495
12465 29
12466 1876
12467 24
12468 525
12469 1872
12470 1992
12471 1831
12472 755
12473 313
12474 1362
12475 1680
12476 1246
12477 1902
12478 1935
12479 783
12480 565
12481 456
12482 477
12483 699
12484 1461
12485 718
12486 1088
12487 1650
12488 439
12489 1773
12490 1649
12491 277
12492 552
12493 12
12494 948
12495 1450
12496 790
12497 784
12498 1457
12499 1767
12500 401
12501 422
12502 869
12503 1505
12504 1362
12505 1908
12506 987
12507 1972
12508 1292
12509 212
12510 240
12511 746
12512 1898
12513 1530
12514 770
12515 1553
12516 221
12517 1147
12518 1324
12519 70
12520 52
12521 433
12522 1063
12523 1144
12524 369
12525 646
12526 336
12527 1063
12528 368
12529 1832
12530 1145
12531 201
12532 1556
12533 41
12534 1926
12535 1613
12536 1799
12537 72
12538 1449
12539 819
12540 243
12541 13
12542 487
12543 1362
12544 1921
12545 1229
12546 447
12547 1407
12548 190
12549 922
12550 1847
12551 1362
12552 415
12553 1780
12554 1985
12555 190
12556 755
12557 449
12558 715
12559 372
12560 870
12561 591
12562 828
12563 1929
12564 831
12565 1813
12566 1506
12567 1878
12568 84
12569 1044
12570 711
12571 116
12572 1846
12573 597
12574 391
12575 1514
12576 1324
12577 52
12578 1109
12579 1937
12580 1422
12581 1150
12582 389
12583 842
12584 627
12585 94
12586 1324
12587 1945
12588 979
12589 21
12590 969
12591 931
12592 171
12593 148
12594 874
12595 1472
12596 1093
12597 319
12598 1398
12599 1362
12600 427
12601 34
12602 370
12603 1794
12604 265
12605 1125
12606 201
12607 1715
12608 736
12609 1091
12610 1362
12611 545
12612 750
12613 408
12614 664
12615 35
12616 1347
12617 1043
12618 744
12619 1221
12620 1397
12621 1852
12622 1556
12623 1024
12624 1794
12625 1620
12626 616
12627 760
12628 1008
12629 313
12630 931
12631 1362
12632 1057
12633 152
12634 1794
12635 845
12636 1237
12637 618
12638 1393
12639 1362
12640 1166
12641 850
12642 316
12643 549
12644 1568
12645 1771
12646 171
12647 1977
12648 1976
12649 754
12650 73
12651 135
12652 604
12653 28
12654 968
12655 1324
12656 1452
12657 1557
12658 1702
12659 717
12660 1086
12661 269
12662 1014
12663 525
12664 1937
12665 1582
12666 388
12667 1166
12668 761
12669 21
12670 750
12671 1208
12672 517
12673 1769
12674 855
12675 6
12676 843
12677 1062
12678 829
12679 1183
12680 1989
12681 1030
12682 288
12683 1004
12684 417
12685 227
12686 1861
12687 1471
12688 1178
12689 1557
12690 792
12691 512
12692 745
12693 1191
12694 1219
12695 485
12696 20
12697 1655
12698 1756
12699 996
12700 1193
12701 1378
12702 316
12703 417
12704 542
12705 1474
12706 1065
12707 1325
12708 195
12709 464
12710 1360
12711 1973
12712 1703
12713 1150
12714 1210
12715 1039
12716 359
12717 727
12718 1421
12719 388
12720 272
12721 897
12722 748
12723 651
12724 114
12725 714
12726 1612
12727 1293
12728 1832
12729 1088
12730 323
12731 1697
12732 815
12733 1516
12734 167
12735 1360
12736 1585
12737 1229
12738 427
12739 1047
12740 1140
12741 1360
12742 1154
12743 1884
12744 1786
12745 1384
12746 1906
12747 609
12748 950
12749 1033
12750 218
12751 1950
12752 817
12753 1767
12754 838
12755 1950
12756 247
12757 905
12758 1514
12759 1248
12760 787
12761 824
12762 909
12763 1881
12764 211
12765 374
12766 70
12767 937
12768 1644
12769 635
12770 1049
12771 1365
12772 1430
12773 822
12774 337
12775 535
12776 48
12777 1286
12778 1539
12779 72
12780 1217
12781 697
12782 641
12783 52
12784 1952
12785 680
12786 1799
12787 1557
12788 1903
12789 751
12790 690
12791 617
12792 419
12793 1930
12794 1288
12795 1088
12796 478
12797 1360
12798 523
12799 278
12800 687
12801 42
12802 1824
12803 224
12804 866
12805 14
12806 386
12807 793
12808 1225
12809 388
12810 256
12811 240
12812 115
12813 1731
12814 1487
12815 1154
12816 462
12817 147
12818 1817
12819 1807
12820 1769
12821 1156
12822 672
12823 1709
12824 171
12825 673
12826 391
12827 171
12828 1642
12829 1497
12830 1361
12831 1360
12832 717
12833 1511
12834 748
12835 573
12836 245
12837 113
12838 537
12839 386
12840 1067
12841 140
12842 1244
12843 1838
12844 103
12845 1997
12846 350
12847 1944
12848 429
12849 1360
12850 308
12851 1805
12852 153
12853 412
12854 1360
12855 1702
12856 1009
12857 542
12858 894
12859 1840
12860 421
12861 1128
12862 1667
12863 128
12864 290
12865 1566
12866 1265
12867 1514
12868 1920
12869 743
12870 795
12871 931
12872 741
12873 1835
12874 1645
12875 1846
12876 123
12877 204
12878 1199
12879 1932
12880 1389
12881 11
12882 1923
12883 1201
12884 1639
12885 1060
12886 1024
12887 787
12888 1217
12889 732
12890 292
12891 247
12892 327
12893 618
12894 1636
12895 1478
12896 242
12897 1175
12898 768
12899 696
12900 640
12901 6
12902 1959
12903 126
12904 1265
12905 320
12906 483
12907 686
12908 2
12909 265
12910 1909
12911 1401
12912 183
12913 333
12914 26
12915 435
12916 1823
12917 858
12918 1174
12919 847
12920 1933
12921 89
12922 1991
12923 980
12924 168
12925 793
12926 1851
12927 192
12928 128
12929 42
12930 1254
12931 367
12932 870
12933 806
12934 882
12935 227
12936 1974
12937 3
12938 273
12939 1192
12940 618
12941 1254
12942 633
12943 557
12944 517
12945 1886
12946 375
12947 1489
12948 1226
12949 673
12950 1252
12951 1382
12952 817
12953 1986
12954 1197
12955 951
12956 1501
12957 1254
12958 1254
12959 754
12960 681
12961 681
12962 347
12963 1288
12964 561
12965 1778
12966 1797
12967 130
12968 1182
12969 574
12970 1418
12971 955
12972 690
12973 684
12974 1254
12975 460
12976 884
12977 515
12978 1235
12979 1231
12980 719
12981 1254
12982 1151
12983 656
12984 1481
12985 1441
12986 1729
12987 561
12988 379
12989 1332
12990 1795
12991 1010
12992 285
12993 205
12994 1325
12995 1192
12996 154
12997 712
12998 1714
12999 628
13000 1358
13001 360
13002 1310
13003 1576
13004 1466
13005 1512
13006 446
13007 1650
13008 1132
13009 633
13010 58
13011 1546
13012 740
13013 1310
13014 143
13015 1897
13016 1461
13017 956
13018 1827
13019 1054
13020 287
13021 1501
13022 1792
13023 1854
13024 1879
13025 1310
13026 1859
13027 575
13028 1899
13029 1645
13030 1036
13031 489
13032 442
13033 1456
13034 1081
13035 584
13036 1310
13037 1310
13038 572
13039 694
13040 1837
13041 264
13042 618
13043 1140
13044 1432
13045 1475
13046 1502
13047 1214
13048 655
13049 136
13050 1570
13051 25
13052 730
13053 1795
13054 9
13055 1909
13056 1619
13057 136
13058 1324
13059 1382
13060 48
13061 1449
13062 1031
13063 724
13064 1737
13065 64
13066 1720
13067 1555
13068 1312
13069 52
13070 551
13071 266
13072 405
13073 1145
13074 1488
13075 1588
13076 393
13077 710
13078 1149
13079 1768
13080 1821
13081 553
13082 913
13083 1559
13084 1027
13085 362
13086 785
13087 379
13088 304
13089 373
13090 1620
13091 224
13092 639
13093 1152
13094 1643
13095 1773
13096 1798
13097 160
13098 1422
13099 1325
13100 1583
13101 1612
13102 1409
13103 988
13104 1559
13105 91
13106 1134
13107 1310
13108 873
13109 645
13110 1860
13111 52
13112 715
13113 1310
13114 860
13115 234
13116 997
13117 278
13118 1812
13119 1310
13120 308
13121 1314
13122 723
13123 3
13124 1258
13125 498
13126 1221
13127 1915
13128 1689
13129 47
13130 224
13131 936
13132 245
13133 1053
13134 760
13135 1087
13136 1890
13137 1310
13138 375
13139 808
13140 1224
13141 1512
13142 1116
13143 1766
13144 685
13145 864
13146 1985
13147 29
13148 1897
13149 1612
13150 1083
13151 523
13152 87
13153 213
13154 1269
13155 465
13156 1771
13157 600
13158 1907
13159 393
13160 1638
13161 1612
13162 289
13163 1987
13164 761
13165 1685
13166 219
13167 1081
13168 123
13169 948
13170 998
13171 1880
13172 1570
13173 1774
13174 100
13175 1441
13176 541
13177 1771
13178 228
13179 1041
13180 491
13181 1612
13182 1918
13183 102
13184 747
13185 1137
13186 769
13187 126
13188 1133
13189 1025
13190 1845
13191 516
13192 389
13193 651
13194 1645
13195 1258
13196 1708
13197 648
13198 882
13199 568
13200 650
13201 341
13202 127
13203 686
13204 464
13205 502
13206 349
13207 379
13208 658
13209 1570
13210 1395
13211 1335
13212 785
13213 114
13214 698
13215 506
13216 618
13217 322
13218 1335
13219 634
13220 337
13221 868
13222 1564
13223 361
13224 1003
13225 1926
13226 1325
13227 1475
13228 760
13229 1669
13230 1727
13231 702
13232 1738
13233 1293
13234 369
13235 962
13236 813
13237 1814
13238 1403
13239 1511
13240 1278
13241 224
13242 188
13243 1570
13244 1432
13245 498
13246 697
13247 361
13248 1126
13249 1045
13250 288
13251 1479
13252 1081
13253 430
13254 1395
13255 1891
13256 215
13257 950
13258 755
13259 1659
13260 709
13261 379
13262 13
13263 1970
13264 421
13265 550
13266 806
13267 29
13268 1335
13269 1913
13270 1436
13271 1718
13272 409
13273 1612
13274 645
13275 1735
13276 905
13277 395
13278 1211
13279 1335
13280 183
13281 48
13282 1200
13283 1685
13284 816
13285 41
13286 1172
13287 928
13288 887
13289 1027
13290 452
13291 955
13292 1293
13293 392
13294 6
13295 1341
13296 1335
13297 1842
13298 379
13299 1612
13300 906
13301 1014
13302 1010
13303 1577
13304 740
13305 604
13306 592
13307 1877
13308 1612
13309 205
13310 1770
13311 979
13312 1177
13313 637
13314 549
13315 387
13316 260
13317 211
13318 931
13319 26
13320 1712
13321 1765
13322 837
13323 670
13324 1062
13325 491
13326 1205
13327 1057
13328 568
13329 1913
13330 1961
13331 775
13332 1742
13333 440
13334 506
13335 1882
13336 842
13337 824
13338 1072
13339 889
13340 316
13341 784
13342 345
13343 1498
13344 929
13345 1691
13346 167
13347 1335
13348 1747
13349 509
13350 110
13351 1114
13352 1727
13353 1180
13354 1010
13355 1512
13356 1111
13357 595
13358 631
13359 1249
13360 171
13361 34
13362 1363
13363 1654
13364 1201
13365 898
13366 683
13367 1335
13368 1330
13369 1612
13370 96
13371 1137
13372 370
13373 755
13374 703
13375 10
13376 808
13377 1774
13378 1570
13379 59
13380 183
13381 972
13382 1066
13383 1946
13384 346
13385 224
13386 1761
13387 702
13388 1464
13389 1466
13390 1335
13391 15
13392 1889
13393 118
13394 940
13395 1832
13396 1317
13397 1335
13398 1663
13399 679
13400 6
13401 1679
13402 591
13403 64
13404 1126
13405 171
13406 185
13407 427
13408 836
13409 871
13410 583
13411 1779
13412 1460
13413 1238
13414 320
13415 1446
13416 1598
13417 1339
13418 1824
13419 84
13420 1971
13421 759
13422 1504
13423 587
13424 531
13425 1336
13426 1083
13427 1668
13428 541
13429 1083
13430 265
13431 1336
13432 256
13433 1913
13434 1516
13435 587
13436 1853
13437 1586
13438 1770
13439 946
13440 1768
13441 1722
13442 334
13443 1770
13444 1144
13445 1637
13446 973
13447 751
13448 1336
13449 1336
13450 1022
13451 1422
13452 1612
13453 131
13454 737
13455 865
13456 591
13457 701
13458 899
13459 1875
13460 1336
13461 379
13462 1594
13463 976
13464 454
13465 1336
13466 1918
13467 1407
13468 1512
13469 347
13470 702
13471 1746
13472 1954
13473 1925
13474 1087
13475 131
13476 447
13477 1049
13478 1054
13479 1947
13480 691
13481 1046
13482 537
13483 896
13484 1922
13485 36
13486 882
13487 704
13488 1690
13489 357
13490 1827
13491 1067
13492 1075
13493 560
13494 1761
13495 268
13496 1325
13497 664
13498 333
13499 801
13500 1317
13501 224
13502 167
13503 878
13504 985
13505 503
13506 1419
13507 1423
13508 143
13509 1379
13510 944
13511 1336
13512 1547
13513 409
13514 56
13515 1069
13516 202
13517 1738
13518 805
13519 457
13520 1867
13521 846
13522 212
13523 1336
13524 1726
13525 562
13526 1211
13527 1586
13528 663
13529 64
13530 403
13531 61
13532 885
13533 593
13534 763
13535 500
13536 115
13537 125
13538 1966
13539 1034
13540 1027
13541 654
13542 473
13543 1747
13544 1407
13545 1746
13546 1934
13547 300
13548 967
13549 677
13550 1168
13551 1169
13552 1594
13553 1537
13554 580
13555 267
13556 1683
13557 661
13558 77
13559 308
13560 199
13561 734
13562 643
13563 114
13564 26
13565 13
13566 698
13567 1600
13568 630
13569 346
13570 1645
13571 1336
13572 939
13573 1069
13574 1426
13575 1869
13576 1013
13577 943
13578 1512
13579 1086
13580 998
13581 1512
13582 93
13583 266
13584 201
13585 816
13586 1486
13587 609
13588 1502
13589 962
13590 1329
13591 1502
13592 1192
13593 480
13594 1144
13595 970
13596 207
13597 1956
13598 759
13599 1907
13600 1697
13601 493
13602 1004
13603 201
13604 1507
13605 1726
13606 1549
13607 54
13608 1207
13609 882
13610 1016
13611 1745
13612 218
13613 1794
13614 1863
13615 68
13616 1152
13617 215
13618 1940
13619 60
13620 104
13621 1672
13622 1823
13623 58
13624 911
13625 521
13626 937
13627 1429
13628 283
13629 1512
13630 1824
13631 594
13632 1910
13633 1160
13634 644
13635 1068
13636 999
13637 145
13638 40
13639 1512
13640 521
13641 1604
13642 227
13643 123
13644 980
13645 1341
13646 1857
13647 143
13648 400
13649 75
13650 171
13651 1317
13652 1433
13653 1403
13654 1682
13655 1281
13656 1797
13657 452
13658 1865
13659 271
13660 619
13661 1281
13662 1548
13663 172
13664 960
13665 1844
13666 790
13667 1141
13668 1479
13669 224
13670 645
13671 442
13672 1435
13673 1745
13674 668
13675 1663
13676 938
13677 1018
13678 1332
13679 111
13680 827
13681 1979
13682 1641
13683 221
13684 687
13685 785
13686 1281
13687 1043
13688 1329
13689 1137
13690 221
13691 107
13692 1594
13693 47
13694 1606
13695 156
13696 1320
13697 1836
13698 1443
13699 1109
13700 1425
13701 1182
13702 1891
13703 1594
13704 1176
13705 1688
13706 186
13707 31
13708 668
13709 256
13710 1194
13711 57
13712 347
13713 1831
13714 94
13715 1120
13716 436
13717 1667
13718 643
13719 1848
13720 1767
13721 974
13722 787
13723 1594
13724 1548
13725 705
13726 1432
13727 1674
13728 1120
13729 1740
13730 587
13731 19
13732 867
13733 534
13734 1686
13735 1712
13736 962
13737 1984
13738 910
13739 1864
13740 701
13741 1492
13742 1010
13743 283
13744 144
13745 781
13746 1016
13747 1742
13748 1141
13749 392
13750 6
13751 1222
13752 432
13753 544
13754 1226
13755 1338
13756 1018
13757 331
13758 1136
13759 506
13760 1645
13761 163
13762 277
13763 1963
13764 338
13765 1955
13766 422
13767 437
13768 1883
13769 962
13770 1503
13771 1118
13772 1719
13773 1703
13774 232
13775 1512
13776 1951
13777 98
13778 232
13779 1744
13780 308
13781 808
13782 587
13783 1877
13784 954
13785 830
13786 631
13787 1966
13788 1120
13789 394
13790 390
13791 1723
13792 1423
13793 853
13794 89
13795 1589
13796 163
13797 193
13798 885
13799 753
13800 18
13801 654
13802 1281
13803 1647
13804 147
13805 1548
13806 95
13807 811
13808 146
13809 1653
13810 1655
13811 1583
13812 924
13813 842
13814 1420
13815 665
13816 1594
13817 750
13818 948
13819 1036
13820 962
13821 1181
13822 1934
13823 1343
13824 918
13825 1380
13826 356
13827 1577
13828 1415
13829 1213
13830 42
13831 1437
13832 617
13833 534
13834 1570
13835 597
13836 1135
13837 1325
13838 925
13839 1998
13840 1907
13841 1819
13842 606
13843 1156
13844 1828
13845 208
13846 136
13847 1288
13848 235
13849 1172
13850 1640
13851 1467
13852 1668
13853 961
13854 1677
13855 1376
13856 1313
13857 664
13858 533
13859 1421
13860 1570
13861 1436
13862 1337
13863 931
13864 1034
13865 1086
13866 803
13867 1803
13868 1708
13869 866
13870 327
13871 1027
13872 1931
13873 1845
13874 1210
13875 1726
13876 1281
13877 930
13878 1769
13879 1674
13880 587
13881 1718
13882 941
13883 577
13884 1418
13885 353
13886 418
13887 1835
13888 1713
13889 571
13890 1545
13891 1424
13892 1166
13893 1424
13894 448
13895 204
13896 208
13897 492
13898 713
13899 152
13900 1594
13901 0
13902 1066
13903 1424
13904 525
13905 290
13906 1925
13907 1794
13908 95
13909 295
13910 252
13911 544
13912 1516
13913 1120
13914 24
13915 425
13916 305
13917 731
13918 1917
13919 1190
13920 1705
13921 906
13922 1840
13923 432
13924 1644
13925 466
13926 44
13927 868
13928 1243
13929 770
13930 1424
13931 623
13932 891
13933 835
13934 1733
13935 1580
13936 1761
13937 270
13938 1462
13939 799
13940 1378
13941 742
13942 1368
13943 1897
13944 167
13945 1120
13946 519
13947 1424
13948 334
13949 1812
13950 299
13951 462
13952 632
13953 1424
13954 544
13955 1424
13956 1623
13957 29
13958 1311
13959 1695
13960 1583
13961 36
13962 1252
13963 1003
13964 1424
13965 1205
13966 1425
13967 87
13968 73
13969 1958
13970 1768
13971 1864
13972 854
13973 1115
13974 816
13975 1744
13976 1493
13977 5
13978 401
13979 172
13980 334
13981 1251
13982 61
13983 19
13984 64
13985 1761
13986 1768
13987 913
13988 922
13989 1721
13990 836
13991 1941
13992 855
13993 1156
13994 123
13995 1769
13996 899
13997 42
13998 1486
13999 627
14000 426
14001 840
14002 1424
14003 227
14004 106
14005 1252
14006 886
14007 1746
14008 1658
14009 1592
14010 901
14011 634
14012 1073
14013 1875
14014 700
14015 489
14016 1175
14017 1809
14018 1457
14019 1117
14020 1039
14021 584
14022 1741
14023 1092
14024 1713
14025 1620
14026 1151
14027 506
14028 1777
14029 307
14030 530
14031 253
14032 1799
14033 1440
14034 412
14035 1473
14036 1015
14037 1635
14038 1794
14039 1714
14040 1394
14041 1743
14042 1724
14043 1162
14044 1923
14045 1938
14046 982
14047 235
14048 1938
14049 595
14050 441
14051 1768
14052 326
14053 673
14054 396
14055 482
14056 1317
14057 283
14058 1182
14059 356
14060 1147
14061 1930
14062 1120
14063 634
14064 160
14065 1997
14066 657
14067 397
14068 515
14069 1106
14070 594
14071 10
14072 856
14073 704
14074 568
14075 611
14076 992
14077 693
14078 1024
14079 1400
14080 676
14081 307
14082 1916
14083 1938
14084 1707
14085 627
14086 123
14087 1487
14088 1120
14089 1583
14090 488
14091 1320
14092 693
14093 469
14094 214
14095 36
14096 1124
14097 455
14098 1414
14099 634
14100 1169
14101 51
14102 581
14103 597
14104 1949
14105 692
14106 535
14107 1636
14108 1933
14109 1802
14110 136
14111 1189
14112 1856
14113 1000
14114 1207
14115 647
14116 562
14117 1421
14118 1455
14119 148
14120 47
14121 571
14122 1674
14123 1592
14124 28
14125 977
14126 1993
14127 402
14128 219
14129 892
14130 407
14131 293
14132 952
14133 263
14134 931
14135 1420
14136 1153
14137 689
14138 936
14139 1332
14140 1654
14141 1965
14142 1317
14143 659
14144 1451
14145 606
14146 926
14147 700
14148 452
14149 61
14150 1342
14151 233
14152 1437
14153 431
14154 884
14155 927
14156 707
14157 1219
14158 1168
14159 1827
14160 1756
14161 388
14162 534
14163 1844
14164 1120
14165 1801
14166 379
14167 1192
14168 734
14169 1742
14170 1691
14171 1214
14172 229
14173 1531
14174 83
14175 1594
14176 1531
14177 1317
14178 1575
14179 946
14180 1761
14181 763
14182 31
14183 719
14184 1854
14185 1482
14186 1938
14187 1839
14188 1125
14189 466
14190 1849
14191 1058
14192 930
14193 1871
14194 485
14195 1036
14196 25
14197 1386
14198 506
14199 1342
14200 928
14201 562
14202 1168
14203 1938
14204 1585
14205 1924
14206 1766
14207 819
14208 1434
14209 1988
14210 1452
14211 1496
14212 1807
14213 245
14214 366
14215 1197
14216 194
14217 632
14218 983
14219 1735
14220 606
14221 1472
14222 707
14223 1438
14224 126
14225 211
14226 40
14227 1592
14228 84
14229 1445
14230 1793
14231 968
14232 645
14233 1447
14234 756
14235 1458
14236 392
14237 1217
14238 891
14239 697
14240 1927
14241 353
14242 892
14243 727
14244 1440
14245 1442
14246 634
14247 1768
14248 869
14249 1120
14250 227
14251 580
14252 458
14253 1279
14254 1938
14255 1171
14256 1604
14257 334
14258 245
14259 255
14260 554
14261 1641
14262 617
14263 1205
14264 1964
14265 1765
14266 885
14267 1338
14268 1290
14269 1043
14270 685
14271 10
14272 329
14273 866
14274 922
14275 1437
14276 1217
14277 1938
14278 430
14279 122
14280 1544
14281 229
14282 1456
14283 1474
14284 519
14285 24
14286 946
14287 1784
14288 996
14289 1196
14290 623
14291 1251
14292 319
14293 27
14294 524
14295 1692
14296 111
14297 119
14298 1906
14299 1938
14300 935
14301 1825
14302 1433
14303 452
14304 817
14305 1652
14306 292
14307 201
14308 537
14309 245
14310 987
14311 694
14312 1663
14313 459
14314 651
14315 235
14316 1089
14317 431
14318 1049
14319 1564
14320 1875
14321 194
14322 668
14323 1827
14324 116
14325 654
14326 1869
14327 1486
14328 805
14329 125
14330 1915
14331 1407
14332 90
14333 1463
14334 1086
14335 1203
14336 1592
14337 1557
14338 616
14339 1547
14340 1659
14341 683
14342 1404
14343 576
14344 732
14345 542
14346 781
14347 1961
14348 782
14349 1712
14350 1507
14351 1431
14352 885
14353 467
14354 212
14355 869
14356 521
14357 477
14358 1030
14359 619
14360 245
14361 527
14362 495
14363 749
14364 345
14365 1779
14366 607
14367 1592
14368 1898
14369 1374
14370 13
14371 1594
14372 1580
14373 470
14374 1153
14375 1957
14376 1539
14377 1462
14378 1594
14379 337
14380 1483
14381 1586
14382 1443
14383 1404
14384 747
14385 82
14386 1680
14387 1217
14388 952
14389 1400
14390 669
14391 542
14392 1708
14393 36
14394 488
14395 192
14396 345
14397 1640
14398 441
14399 1046
14400 1663
14401 360
14402 835
14403 519
14404 13
14405 1374
14406 895
14407 708
14408 512
14409 1773
14410 1220
14411 1721
14412 1217
14413 1284
14414 113
14415 155
14416 1945
14417 815
14418 1828
14419 1924
14420 738
14421 1585
14422 1437
14423 730
14424 1591
14425 316
14426 1103
14427 96
14428 1668
14429 982
14430 1208
14431 645
14432 1932
14433 1025
14434 715
14435 1103
14436 1841
14437 1512
14438 1960
14439 1824
14440 227
14441 1374
14442 123
14443 1374
14444 428
14445 203
14446 994
14447 1513
14448 801
14449 1991
14450 1379
14451 145
14452 1738
14453 1953
14454 1086
14455 67
14456 938
14457 77
14458 1374
14459 756
14460 878
14461 1443
14462 1485
14463 486
14464 1989
14465 833
14466 1851
14467 1438
14468 1310
14469 1374
14470 1595
14471 1771
14472 1653
14473 717
14474 710
14475 1948
14476 706
14477 637
14478 1446
14479 80
14480 252
14481 1369
14482 451
14483 351
14484 683
14485 1738
14486 267
14487 1868
14488 1502
14489 1374
14490 1705
14491 846
14492 447
14493 471
14494 203
14495 1187
14496 598
14497 1790
14498 1921
14499 885
14500 1998
14501 74
14502 406
14503 1293
14504 1850
14505 1646
14506 1770
14507 526
14508 1145
14509 527
14510 1903
14511 292
14512 318
14513 1936
14514 1454
14515 259
14516 42
14517 1374
14518 1836
14519 456
14520 1496
14521 20
14522 1044
14523 912
14524 506
14525 579
14526 1629
14527 1071
14528 1374
14529 1908
14530 524
14531 136
14532 1898
14533 308
14534 1294
14535 475
14536 1503
14537 1386
14538 5
14539 451
14540 587
14541 588
14542 1595
14543 158
14544 631
14545 1595
14546 537
14547 1294
14548 769
14549 71
14550 776
14551 61
14552 1695
14553 1470
14554 1544
14555 1439
14556 835
14557 287
14558 1592
14559 304
14560 500
14561 444
14562 1595
14563 1894
14564 1539
14565 1069
14566 1249
14567 1798
14568 1294
14569 553
14570 1244
14571 875
14572 295
14573 499
14574 1631
14575 1595
14576 48
14577 1725
14578 923
14579 220
14580 232
14581 1501
14582 902
14583 61
14584 823
14585 1178
14586 287
14587 1294
14588 203
14589 110
14590 830
14591 253
14592 117
14593 1294
14594 288
14595 368
14596 1794
14597 1880
14598 662
14599 704
14600 1913
14601 1478
14602 1606
14603 913
14604 1068
14605 330
14606 444
14607 542
14608 1992
14609 529
14610 1147
14611 1450
14612 1681
14613 441
14614 500
14615 975
14616 1368
14617 1638
14618 989
14619 278
14620 1511
14621 850
14622 1841
14623 1570
14624 1972
14625 1435
14626 1006
14627 309
14628 1289
14629 1688
14630 47
14631 429
14632 1850
14633 1591
14634 745
14635 1198
14636 1796
14637 227
14638 1918
14639 626
14640 1294
14641 1909
14642 1890
14643 712
14644 1103
14645 191
14646 1246
14647 1828
14648 1630
14649 1828
14650 1945
14651 1292
14652 67
14653 1595
14654 1294
14655 448
14656 1225
14657 199
14658 859
14659 1166
14660 258
14661 714
14662 551
14663 436
14664 798
14665 554
14666 136
14667 857
14668 68
14669 858
14670 1294
14671 1843
14672 756
14673 147
14674 203
14675 1132
14676 698
14677 1295
14678 367
14679 1496
14680 1532
14681 1103
14682 1132
14683 1083
14684 1550
14685 542
14686 1595
14687 468
14688 1166
14689 474
14690 340
14691 894
14692 1160
14693 853
14694 1822
14695 581
14696 1230
14697 1291
14698 1007
14699 1420
14700 1791
14701 186
14702 574
14703 186
14704 1727
14705 1595
14706 647
14707 1831
14708 443
14709 49
14710 1532
14711 1686
14712 1634
14713 61
14714 630
14715 1376
14716 711
14717 968
14718 593
14719 290
14720 630
14721 301
14722 753
14723 125
14724 1151
14725 121
14726 1075
14727 1182
14728 759
14729 510
14730 1769
14731 1557
14732 1624
14733 1519
14734 1544
14735 784
14736 272
14737 986
14738 1595
14739 1175
14740 675
14741 1199
14742 1667
14743 552
14744 1781
14745 1511
14746 67
14747 547
14748 499
14749 780
14750 1533
14751 883
14752 1942
14753 1542
14754 332
14755 766
14756 1124
14757 1577
14758 1631
14759 1293
14760 4
14761 1312
14762 427
14763 1569
14764 1163
14765 1532
14766 924
14767 348
14768 1557
14769 1164
14770 1829
14771 365
14772 1706
14773 1228
14774 111
14775 731
14776 461
14777 432
14778 229
14779 545
14780 950
14781 93
14782 152
14783 1532
14784 1838
14785 751
14786 1767
14787 1442
14788 759
14789 1814
14790 1164
14791 1544
14792 1682
14793 691
14794 319
14795 803
14796 1827
14797 979
14798 1258
14799 1658
14800 1618
14801 749
14802 1922
14803 645
14804 245
14805 815
14806 1530
14807 1382
14808 1043
14809 868
14810 828
14811 376
14812 784
14813 355
14814 680
14815 883
14816 689
14817 1971
14818 292
14819 1046
14820 89
14821 1716
14822 356
14823 661
14824 1662
14825 346
14826 1081
14827 19
14828 1887
14829 136
14830 1716
14831 423
14832 167
14833 613
14834 904
14835 653
14836 400
14837 1591
14838 695
14839 1172
14840 644
14841 1325
14842 46
14843 1220
14844 941
14845 1586
14846 1532
14847 913
14848 1137
14849 1103
14850 1532
14851 1453
14852 20
14853 1476
14854 915
14855 1877
14856 235
14857 703
14858 650
14859 1960
14860 1164
14861 670
14862 445
14863 211
14864 575
14865 1591
14866 1581
14867 1724
14868 823
14869 308
14870 1513
14871 588
14872 905
14873 61
14874 1532
14875 634
14876 199
14877 1704
14878 1591
14879 613
14880 1653
14881 1532
14882 235
14883 1780
14884 283
14885 842
14886 295
14887 668
14888 719
14889 1734
14890 369
14891 1533
14892 235
14893 121
14894 1873
14895 1583
14896 659
14897 1485
14898 1747
14899 1491
14900 1411
14901 1807
14902 1442
14903 204
14904 1487
14905 5
14906 619
14907 356
14908 164
14909 666
14910 60
14911 199
14912 803
14913 1047
14914 1464
14915 164
14916 1940
14917 456
14918 463
14919 1101
14920 1043
14921 1131
14922 1414
14923 360
14924 427
14925 449
14926 832
14927 662
14928 348
14929 1736
14930 708
14931 1847
14932 0
14933 1103
14934 619
14935 203
14936 1233
14937 1533
14938 940
14939 595
14940 420
14941 846
14942 1389
14943 172
14944 808
14945 571
14946 1669
14947 428
14948 1533
14949 1533
14950 1379
14951 787
14952 1533
14953 454
14954 193
14955 245
14956 1773
14957 1678
14958 339
14959 1338
14960 808
14961 1325
14962 901
14963 1651
14964 1710
14965 882
14966 218
14967 1533
14968 144
14969 391
14970 1889
14971 61
14972 611
14973 1953
14974 1606
14975 1624
14976 1586
14977 897
14978 1635
14979 1538
14980 1595
14981 1285
14982 662
14983 1053
14984 545
14985 1049
14986 1533
14987 1884
14988 386
14989 1568
14990 1690
14991 79
14992 651
14993 587
14994 1596
14995 452
14996 1053
14997 1103
14998 1596
14999 1678
