0 1389
1 1915
2 1221
3 1248
4 1900
5 314
6 261
7 1405
8 1560
9 476
10 1406
11 801
12 1480
13 265
14 1001
15 413
16 1838
17 558
18 527
19 46
20 1781
21 1693
22 192
23 1688
24 827
25 179
26 1221
27 281
28 1201
29 1221
30 1444
31 514
32 1285
33 532
34 322
35 626
36 1289
37 487
38 1266
39 1205
40 1290
41 923
42 691
43 1233
44 169
45 1168
46 1710
47 1782
48 940
49 1709
50 1189
51 1180
52 143
53 1500
54 218
55 698
56 269
57 1754
58 1790
59 1720
60 1621
61 812
62 179
63 129
64 1278
65 1712
66 599
67 12
68 674
69 189
70 1266
71 642
72 390
73 215
74 524
75 1621
76 320
77 23
78 920
79 304
80 1125
81 344
82 1266
83 481
84 547
85 916
86 543
87 134
88 163
89 522
90 426
91 114
92 71
93 1672
94 778
95 1695
96 710
97 1729
98 337
99 179
100 250
101 586
102 663
103 1266
104 1266
105 1266
106 268
107 92
108 1064
109 92
110 520
111 487
112 766
113 1226
114 1080
115 281
116 940
117 1415
118 1052
119 956
120 7
121 621
122 1004
123 1376
124 1934
125 1986
126 147
127 1127
128 1079
129 726
130 1090
131 881
132 1382
133 42
134 1858
135 122
136 941
137 1852
138 192
139 1702
140 790
141 1020
142 1085
143 900
144 142
145 872
146 1266
147 714
148 943
149 1033
150 539
151 1266
152 144
153 477
154 528
155 1485
156 1835
157 674
158 532
159 239
160 833
161 722
162 1929
163 1490
164 1986
165 89
166 720
167 457
168 676
169 1530
170 1473
171 1266
172 682
173 659
174 907
175 848
176 955
177 740
178 161
179 1625
180 1468
181 179
182 1209
183 553
184 466
185 523
186 92
187 1193
188 1566
189 337
190 468
191 149
192 933
193 215
194 1729
195 1525
196 215
197 491
198 1001
199 915
200 1525
201 601
202 169
203 312
204 1130
205 1575
206 312
207 450
208 772
209 1555
210 1525
211 951
212 1940
213 610
214 997
215 349
216 943
217 449
218 847
219 114
220 179
221 762
222 744
223 1965
224 76
225 1597
226 1050
227 1516
228 829
229 1730
230 844
231 959
232 91
233 1633
234 1977
235 1525
236 1336
237 1013
238 134
239 1317
240 1711
241 1242
242 154
243 1169
244 757
245 1917
246 871
247 1463
248 363
249 1829
250 455
251 1418
252 1327
253 1161
254 89
255 778
256 1436
257 1705
258 887
259 1038
260 1525
261 112
262 40
263 382
264 1625
265 29
266 812
267 1917
268 1525
269 1625
270 966
271 702
272 563
273 798
274 1050
275 7
276 427
277 894
278 961
279 179
280 1670
281 1525
282 1713
283 623
284 890
285 946
286 167
287 1625
288 1666
289 363
290 743
291 1525
292 1237
293 122
294 166
295 663
296 1705
297 12
298 29
299 933
300 1210
301 1815
302 282
303 492
304 1172
305 1498
306 447
307 481
308 982
309 892
310 1136
311 1957
312 194
313 1954
314 1977
315 1219
316 339
317 1136
318 1033
319 614
320 215
321 1020
322 594
323 597
324 1662
325 1896
326 1225
327 1782
328 416
329 78
330 1635
331 1558
332 1163
333 938
334 1519
335 1450
336 1684
337 1495
338 1605
339 685
340 1400
341 163
342 835
343 1621
344 708
345 38
346 1784
347 1877
348 1174
349 1314
350 1401
351 1852
352 649
353 1977
354 430
355 727
356 1885
357 455
358 1846
359 271
360 1176
361 425
362 1417
363 1525
364 1503
365 580
366 675
367 335
368 1421
369 586
370 391
371 347
372 1719
373 1243
374 695
375 1989
376 1092
377 419
378 1781
379 1247
380 768
381 1263
382 1134
383 783
384 1882
385 1244
386 1810
387 273
388 637
389 513
390 1431
391 1096
392 1740
393 729
394 357
395 806
396 360
397 1449
398 446
399 475
400 629
401 1774
402 1397
403 1283
404 69
405 1947
406 856
407 1283
408 1070
409 964
410 224
411 848
412 1283
413 945
414 1079
415 952
416 1382
417 1935
418 1442
419 733
420 589
421 1491
422 1020
423 99
424 914
425 1925
426 1470
427 481
428 1871
429 1088
430 1550
431 1179
432 1765
433 207
434 341
435 182
436 99
437 1455
438 287
439 621
440 1489
441 1244
442 450
443 166
444 1657
445 121
446 1905
447 1609
448 1192
449 629
450 1397
451 1172
452 1283
453 421
454 738
455 1242
456 1785
457 1283
458 196
459 1609
460 1609
461 1203
462 1029
463 105
464 731
465 250
466 676
467 1555
468 1609
469 1002
470 71
471 1775
472 1768
473 165
474 1664
475 975
476 1790
477 1283
478 1078
479 1992
480 1679
481 1861
482 1530
483 363
484 847
485 1962
486 164
487 817
488 982
489 675
490 164
491 1020
492 1216
493 1818
494 1014
495 1943
496 1206
497 1899
498 1283
499 775
500 1510
501 1283
502 1738
503 909
504 692
505 57
506 1283
507 1428
508 1078
509 1641
510 0
511 1463
512 1639
513 1427
514 427
515 927
516 1759
517 1484
518 1096
519 901
520 704
521 1811
522 1155
523 1504
524 1736
525 1223
526 824
527 536
528 736
529 1087
530 292
531 73
532 286
533 1428
534 1141
535 348
536 743
537 158
538 971
539 1568
540 1473
541 108
542 1027
543 1510
544 593
545 872
546 1196
547 1469
548 1428
549 866
550 1670
551 1510
552 731
553 1
554 144
555 168
556 1534
557 1080
558 239
559 1428
560 1908
561 1874
562 1427
563 1722
564 610
565 1900
566 1732
567 1044
568 157
569 1725
570 1487
571 674
572 1427
573 165
574 1950
575 118
576 493
577 408
578 1536
579 1510
580 705
581 486
582 368
583 605
584 572
585 392
586 1287
587 532
588 1784
589 1992
590 579
591 825
592 4
593 854
594 130
595 829
596 522
597 941
598 944
599 1440
600 1997
601 1916
602 900
603 1635
604 108
605 521
606 315
607 388
608 12
609 1707
610 460
611 1394
612 1051
613 1685
614 673
615 1119
616 768
617 39
618 1133
619 647
620 436
621 1638
622 1506
623 347
624 1609
625 771
626 1084
627 407
628 255
629 942
630 1675
631 1082
632 134
633 1432
634 789
635 578
636 1900
637 270
638 442
639 480
640 368
641 1020
642 1632
643 766
644 963
645 1206
646 1427
647 66
648 638
649 286
650 168
651 508
652 1331
653 1028
654 1319
655 197
656 923
657 321
658 871
659 39
660 1246
661 1149
662 789
663 1987
664 983
665 85
666 1510
667 1662
668 1795
669 1993
670 916
671 1373
672 1799
673 326
674 162
675 862
676 997
677 1609
678 1618
679 1632
680 1096
681 531
682 1156
683 1427
684 1060
685 1118
686 460
687 251
688 225
689 908
690 670
691 1427
692 1475
693 1505
694 640
695 795
696 860
697 796
698 1346
699 440
700 194
701 919
702 92
703 1026
704 511
705 919
706 333
707 1833
708 1194
709 1798
710 27
711 1416
712 1463
713 1032
714 753
715 1346
716 1151
717 38
718 1858
719 408
720 636
721 951
722 1314
723 1864
724 299
725 1346
726 612
727 191
728 384
729 1453
730 560
731 369
732 757
733 1936
734 563
735 1510
736 118
737 1558
738 39
739 1339
740 132
741 697
742 841
743 1338
744 863
745 330
746 1215
747 1135
748 966
749 1096
750 1465
751 1146
752 198
753 1379
754 1033
755 1848
756 67
757 1466
758 488
759 1445
760 1314
761 1026
762 12
763 1405
764 641
765 783
766 204
767 1371
768 482
769 431
770 573
771 655
772 1510
773 560
774 1346
775 1696
776 589
777 1804
778 65
779 1558
780 1346
781 604
782 1346
783 930
784 1179
785 77
786 1766
787 1700
788 622
789 642
790 728
791 1346
792 1393
793 262
794 1061
795 1836
796 266
797 1481
798 430
799 389
800 1346
801 296
802 1436
803 1810
804 1188
805 1896
806 1878
807 1192
808 875
809 1346
810 1836
811 196
812 302
813 1148
814 1041
815 923
816 991
817 200
818 1748
819 690
820 122
821 834
822 540
823 1400
824 1742
825 1353
826 447
827 1784
828 1353
829 1456
830 1950
831 1096
832 1572
833 747
834 1628
835 1558
836 1176
837 480
838 1972
839 1629
840 571
841 198
842 1064
843 1759
844 1955
845 1372
846 1007
847 247
848 1353
849 405
850 558
851 669
852 1186
853 231
854 827
855 629
856 1243
857 187
858 209
859 1213
860 1353
861 1164
862 579
863 1341
864 1353
865 182
866 200
867 558
868 193
869 1907
870 1572
871 560
872 742
873 750
874 1000
875 282
876 154
877 994
878 698
879 1649
880 789
881 312
882 188
883 1463
884 1944
885 1000
886 760
887 446
888 149
889 431
890 1482
891 582
892 1419
893 216
894 472
895 1621
896 1897
897 739
898 1353
899 162
900 501
901 119
902 859
903 1824
904 1134
905 141
906 586
907 420
908 1056
909 605
910 1608
911 373
912 682
913 1264
914 209
915 806
916 1385
917 250
918 1353
919 393
920 685
921 732
922 1608
923 924
924 1208
925 1608
926 1141
927 193
928 1545
929 1803
930 1096
931 15
932 1352
933 1510
934 1510
935 921
936 508
937 476
938 1587
939 1352
940 1096
941 1418
942 1380
943 624
944 738
945 445
946 1121
947 681
948 493
949 1994
950 259
951 1284
952 1510
953 1328
954 794
955 1388
956 1703
957 493
958 532
959 659
960 582
961 1892
962 761
963 649
964 838
965 72
966 416
967 987
968 1483
969 1676
970 1218
971 769
972 313
973 1036
974 118
975 1313
976 447
977 670
978 1448
979 1852
980 696
981 483
982 1846
983 1944
984 757
985 1892
986 1248
987 1332
988 1734
989 1534
990 959
991 848
992 179
993 1284
994 1762
995 119
996 92
997 580
998 586
999 1445
1000 1076
1001 331
1002 319
1003 1646
1004 1214
1005 1710
1006 105
1007 973
1008 1689
1009 897
1010 454
1011 437
1012 1339
1013 690
1014 51
1015 1284
1016 1608
1017 1403
1018 1284
1019 8
1020 1284
1021 1096
1022 1036
1023 492
1024 169
1025 760
1026 1886
1027 508
1028 1075
1029 1284
1030 1137
1031 1724
1032 477
1033 77
1034 1837
1035 990
1036 1031
1037 1093
1038 621
1039 1041
1040 1096
1041 360
1042 1204
1043 1740
1044 1985
1045 382
1046 592
1047 480
1048 1286
1049 982
1050 1412
1051 1284
1052 739
1053 1284
1054 986
1055 1219
1056 1628
1057 1190
1058 1158
1059 1780
1060 893
1061 389
1062 708
1063 825
1064 1757
1065 239
1066 660
1067 1209
1068 577
1069 320
1070 1064
1071 1822
1072 1641
1073 1716
1074 595
1075 639
1076 1078
1077 1382
1078 1788
1079 883
1080 1876
1081 89
1082 1154
1083 450
1084 41
1085 721
1086 88
1087 1283
1088 391
1089 1959
1090 818
1091 1273
1092 950
1093 1064
1094 432
1095 638
1096 375
1097 614
1098 659
1099 741
1100 69
1101 138
1102 755
1103 1435
1104 1440
1105 657
1106 1185
1107 1998
1108 1876
1109 1679
1110 51
1111 804
1112 1842
1113 12
1114 1036
1115 7
1116 355
1117 1580
1118 1074
1119 1273
1120 282
1121 529
1122 1273
1123 1716
1124 510
1125 1454
1126 1314
1127 558
1128 469
1129 1387
1130 1450
1131 908
1132 328
1133 1273
1134 1887
1135 1883
1136 105
1137 49
1138 1052
1139 1882
1140 5
1141 1040
1142 541
1143 374
1144 989
1145 672
1146 575
1147 1013
1148 293
1149 1855
1150 1493
1151 179
1152 12
1153 149
1154 1070
1155 29
1156 217
1157 933
1158 1975
1159 1115
1160 1273
1161 742
1162 1948
1163 944
1164 1273
1165 404
1166 1493
1167 891
1168 611
1169 599
1170 18
1171 1273
1172 1775
1173 1471
1174 1407
1175 1110
1176 1404
1177 1575
1178 630
1179 1608
1180 972
1181 392
1182 739
1183 1695
1184 949
1185 1652
1186 839
1187 1085
1188 1434
1189 69
1190 1956
1191 909
1192 1546
1193 1146
1194 939
1195 1842
1196 1272
1197 802
1198 1413
1199 771
1200 1078
1201 1090
1202 1540
1203 558
1204 900
1205 924
1206 1432
1207 1052
1208 929
1209 1273
1210 1429
1211 1764
1212 1530
1213 99
1214 737
1215 107
1216 1921
1217 1181
1218 724
1219 202
1220 1020
1221 1855
1222 1372
1223 1676
1224 56
1225 1992
1226 1974
1227 1566
1228 419
1229 261
1230 716
1231 658
1232 1037
1233 100
1234 817
1235 1441
1236 434
1237 1372
1238 601
1239 850
1240 669
1241 1490
1242 762
1243 713
1244 1372
1245 531
1246 1608
1247 993
1248 1134
1249 351
1250 519
1251 71
1252 459
1253 1161
1254 1797
1255 1638
1256 1372
1257 1431
1258 232
1259 350
1260 1608
1261 697
1262 30
1263 835
1264 247
1265 1508
1266 1894
1267 1997
1268 505
1269 1372
1270 1665
1271 815
1272 615
1273 1041
1274 890
1275 945
1276 875
1277 713
1278 528
1279 335
1280 287
1281 848
1282 1455
1283 508
1284 1642
1285 426
1286 1222
1287 1372
1288 983
1289 169
1290 138
1291 887
1292 190
1293 1558
1294 914
1295 605
1296 937
1297 1079
1298 1850
1299 698
1300 1682
1301 385
1302 1965
1303 961
1304 1546
1305 1473
1306 1699
1307 873
1308 1110
1309 234
1310 896
1311 682
1312 642
1313 771
1314 1040
1315 1962
1316 909
1317 874
1318 196
1319 321
1320 226
1321 892
1322 1906
1323 1725
1324 1706
1325 382
1326 1977
1327 575
1328 1830
1329 1085
1330 571
1331 563
1332 404
1333 1110
1334 1133
1335 732
1336 1040
1337 1042
1338 1772
1339 1403
1340 532
1341 1459
1342 312
1343 1672
1344 723
1345 893
1346 1835
1347 1659
1348 1372
1349 1090
1350 148
1351 852
1352 1775
1353 90
1354 1098
1355 39
1356 1409
1357 1372
1358 1422
1359 917
1360 1490
1361 543
1362 1857
1363 1492
1364 286
1365 107
1366 216
1367 614
1368 370
1369 503
1370 650
1371 1625
1372 905
1373 426
1374 1773
1375 981
1376 1158
1377 689
1378 1118
1379 1808
1380 305
1381 1372
1382 736
1383 1194
1384 836
1385 1845
1386 1911
1387 982
1388 810
1389 1524
1390 1056
1391 610
1392 261
1393 1587
1394 473
1395 233
1396 1120
1397 1268
1398 1186
1399 39
1400 1508
1401 625
1402 224
1403 179
1404 401
1405 1040
1406 592
1407 209
1408 12
1409 493
1410 408
1411 237
1412 1072
1413 575
1414 1266
1415 1314
1416 30
1417 289
1418 1811
1419 974
1420 986
1421 370
1422 1462
1423 1608
1424 1506
1425 270
1426 890
1427 179
1428 1508
1429 180
1430 925
1431 1992
1432 765
1433 1163
1434 1068
1435 1408
1436 1435
1437 426
1438 1108
1439 7
1440 1858
1441 253
1442 330
1443 650
1444 1861
1445 1524
1446 1044
1447 1985
1448 1966
1449 1036
1450 134
1451 1672
1452 63
1453 1967
1454 180
1455 991
1456 1233
1457 1033
1458 1802
1459 1801
1460 601
1461 1234
1462 1476
1463 1508
1464 1978
1465 349
1466 455
1467 979
1468 1338
1469 1817
1470 1212
1471 373
1472 1572
1473 1146
1474 558
1475 180
1476 1770
1477 811
1478 1055
1479 1163
1480 1848
1481 436
1482 510
1483 636
1484 87
1485 1966
1486 161
1487 1529
1488 809
1489 919
1490 1608
1491 268
1492 1730
1493 674
1494 834
1495 488
1496 1990
1497 1940
1498 949
1499 1664
1500 1799
1501 505
1502 663
1503 550
1504 1078
1505 486
1506 280
1507 1408
1508 646
1509 1469
1510 300
1511 1524
1512 699
1513 1979
1514 876
1515 1704
1516 1074
1517 1818
1518 1656
1519 1170
1520 729
1521 1979
1522 387
1523 269
1524 732
1525 1628
1526 1625
1527 876
1528 430
1529 226
1530 1488
1531 1093
1532 491
1533 1377
1534 160
1535 1961
1536 450
1537 1161
1538 799
1539 54
1540 1524
1541 344
1542 1625
1543 1026
1544 286
1545 1835
1546 1665
1547 1021
1548 789
1549 857
1550 1780
1551 619
1552 1869
1553 514
1554 4
1555 451
1556 1487
1557 1701
1558 793
1559 896
1560 1462
1561 338
1562 735
1563 1021
1564 1329
1565 1070
1566 1839
1567 1292
1568 209
1569 1389
1570 1174
1571 1494
1572 1802
1573 428
1574 811
1575 222
1576 480
1577 312
1578 375
1579 1774
1580 1704
1581 258
1582 1765
1583 286
1584 1516
1585 1795
1586 157
1587 1935
1588 1765
1589 1860
1590 1759
1591 1500
1592 1859
1593 731
1594 1226
1595 351
1596 1014
1597 577
1598 1935
1599 937
1600 466
1601 1840
1602 471
1603 744
1604 1480
1605 1399
1606 552
1607 1082
1608 563
1609 1724
1610 180
1611 812
1612 1210
1613 514
1614 253
1615 1863
1616 161
1617 247
1618 425
1619 1769
1620 1885
1621 1417
1622 1061
1623 1319
1624 1250
1625 395
1626 1045
1627 1480
1628 1562
1629 573
1630 1138
1631 1055
1632 1933
1633 430
1634 1641
1635 1110
1636 714
1637 1779
1638 875
1639 1031
1640 1165
1641 966
1642 1387
1643 636
1644 1071
1645 385
1646 992
1647 168
1648 384
1649 1874
1650 1848
1651 1464
1652 140
1653 1562
1654 169
1655 1318
1656 1508
1657 1139
1658 321
1659 540
1660 1088
1661 1779
1662 424
1663 1868
1664 706
1665 267
1666 472
1667 834
1668 1784
1669 141
1670 687
1671 978
1672 993
1673 739
1674 500
1675 339
1676 374
1677 1933
1678 312
1679 1802
1680 1362
1681 979
1682 1000
1683 1714
1684 740
1685 1525
1686 119
1687 1719
1688 331
1689 1463
1690 353
1691 1340
1692 1984
1693 399
1694 131
1695 305
1696 1253
1697 906
1698 140
1699 1687
1700 901
1701 1187
1702 563
1703 1625
1704 448
1705 1841
1706 429
1707 263
1708 156
1709 1340
1710 904
1711 541
1712 1572
1713 156
1714 996
1715 1070
1716 1916
1717 1798
1718 79
1719 1522
1720 1816
1721 540
1722 799
1723 134
1724 852
1725 1055
1726 231
1727 1870
1728 880
1729 1485
1730 720
1731 141
1732 1842
1733 1961
1734 1371
1735 479
1736 648
1737 904
1738 1340
1739 863
1740 1231
1741 1973
1742 1709
1743 1050
1744 1130
1745 550
1746 450
1747 1070
1748 1051
1749 1691
1750 1930
1751 789
1752 1340
1753 1455
1754 714
1755 146
1756 1367
1757 395
1758 1402
1759 258
1760 994
1761 344
1762 1628
1763 901
1764 96
1765 1358
1766 956
1767 1451
1768 1402
1769 1234
1770 757
1771 738
1772 180
1773 839
1774 222
1775 33
1776 1268
1777 761
1778 916
1779 1155
1780 718
1781 462
1782 39
1783 1771
1784 1110
1785 1139
1786 1766
1787 582
1788 766
1789 1606
1790 1008
1791 958
1792 655
1793 1056
1794 318
1795 459
1796 71
1797 1846
1798 1198
1799 513
1800 548
1801 165
1802 623
1803 333
1804 1787
1805 1244
1806 1767
1807 1720
1808 915
1809 1765
1810 438
1811 1082
1812 852
1813 419
1814 63
1815 1051
1816 302
1817 244
1818 1340
1819 312
1820 1340
1821 1101
1822 98
1823 1867
1824 73
1825 757
1826 1735
1827 636
1828 1076
1829 643
1830 1165
1831 188
1832 1085
1833 126
1834 514
1835 1080
1836 168
1837 54
1838 182
1839 1232
1840 906
1841 699
1842 244
1843 1896
1844 1758
1845 1540
1846 9
1847 1161
1848 856
1849 1340
1850 1292
1851 538
1852 1643
1853 1429
1854 58
1855 1823
1856 1160
1857 130
1858 1517
1859 1456
1860 1152
1861 1727
1862 893
1863 1340
1864 919
1865 695
1866 1021
1867 1222
1868 605
1869 18
1870 1691
1871 762
1872 1516
1873 792
1874 869
1875 874
1876 389
1877 784
1878 1314
1879 95
1880 1340
1881 1517
1882 1987
1883 550
1884 481
1885 1076
1886 726
1887 1924
1888 1842
1889 1002
1890 621
1891 1368
1892 676
1893 119
1894 710
1895 848
1896 1239
1897 1924
1898 741
1899 129
1900 1391
1901 269
1902 431
1903 552
1904 1373
1905 558
1906 321
1907 1916
1908 558
1909 1785
1910 441
1911 1053
1912 1915
1913 138
1914 333
1915 1886
1916 404
1917 615
1918 745
1919 1543
1920 1699
1921 814
1922 1391
1923 1806
1924 1371
1925 1731
1926 1816
1927 854
1928 165
1929 212
1930 1623
1931 1085
1932 1496
1933 490
1934 1151
1935 420
1936 1373
1937 366
1938 1540
1939 715
1940 196
1941 1846
1942 1840
1943 1950
1944 1782
1945 1879
1946 258
1947 1085
1948 382
1949 837
1950 997
1951 637
1952 25
1953 563
1954 1640
1955 995
1956 1536
1957 323
1958 149
1959 385
1960 621
1961 1033
1962 41
1963 907
1964 1391
1965 970
1966 1013
1967 1392
1968 352
1969 563
1970 1677
1971 109
1972 1958
1973 1699
1974 1108
1975 750
1976 27
1977 526
1978 1621
1979 729
1980 1253
1981 169
1982 854
1983 1373
1984 1174
1985 528
1986 988
1987 66
1988 1373
1989 591
1990 1607
1991 1216
1992 1420
1993 262
1994 58
1995 1443
1996 83
1997 1940
1998 836
1999 617
2000 1673
2001 606
2002 239
2003 33
2004 1369
2005 667
2006 443
2007 1718
2008 76
2009 549
2010 358
2011 673
2012 418
2013 643
2014 822
2015 1061
2016 1734
2017 646
2018 1687
2019 1809
2020 1092
2021 1993
2022 1331
2023 529
2024 1954
2025 132
2026 1817
2027 1493
2028 1230
2029 78
2030 1373
2031 317
2032 1156
2033 1860
2034 582
2035 1455
2036 1651
2037 394
2038 1791
2039 1427
2040 554
2041 1000
2042 1020
2043 475
2044 1902
2045 419
2046 728
2047 1398
2048 1636
2049 1137
2050 1188
2051 1834
2052 1436
2053 640
2054 1681
2055 1233
2056 1939
2057 840
2058 425
2059 970
2060 699
2061 908
2062 390
2063 44
2064 153
2065 558
2066 219
2067 463
2068 1198
2069 71
2070 1074
2071 961
2072 1148
2073 1930
2074 1067
2075 577
2076 68
2077 450
2078 550
2079 23
2080 1101
2081 558
2082 1984
2083 731
2084 855
2085 1607
2086 714
2087 1230
2088 1994
2089 3
2090 114
2091 964
2092 929
2093 1
2094 1517
2095 1607
2096 731
2097 841
2098 1345
2099 1682
2100 783
2101 988
2102 725
2103 1199
2104 1831
2105 1910
2106 1607
2107 14
2108 439
2109 1778
2110 1801
2111 367
2112 1394
2113 684
2114 472
2115 867
2116 641
2117 214
2118 600
2119 216
2120 1964
2121 778
2122 1933
2123 1707
2124 706
2125 1546
2126 142
2127 1364
2128 88
2129 1665
2130 985
2131 1607
2132 1471
2133 292
2134 38
2135 595
2136 1431
2137 643
2138 1866
2139 1110
2140 1728
2141 1960
2142 851
2143 1343
2144 428
2145 1941
2146 1469
2147 1248
2148 1934
2149 775
2150 1110
2151 1233
2152 312
2153 1170
2154 1628
2155 1618
2156 927
2157 636
2158 812
2159 477
2160 1621
2161 777
2162 298
2163 1873
2164 1517
2165 44
2166 765
2167 357
2168 1364
2169 714
2170 1501
2171 1545
2172 1926
2173 92
2174 563
2175 1052
2176 1947
2177 1425
2178 1226
2179 318
2180 1322
2181 782
2182 1195
2183 335
2184 1158
2185 1024
2186 238
2187 1837
2188 852
2189 138
2190 1036
2191 1364
2192 321
2193 1619
2194 581
2195 1201
2196 1974
2197 1469
2198 119
2199 1895
2200 1649
2201 147
2202 1517
2203 1492
2204 1547
2205 143
2206 1494
2207 1546
2208 1292
2209 859
2210 1371
2211 458
2212 1770
2213 1242
2214 773
2215 621
2216 1112
2217 1398
2218 1655
2219 1786
2220 394
2221 65
2222 630
2223 1847
2224 1045
2225 100
2226 745
2227 134
2228 1979
2229 576
2230 580
2231 1418
2232 1223
2233 16
2234 1952
2235 1897
2236 948
2237 564
2238 1967
2239 1364
2240 754
2241 642
2242 344
2243 1872
2244 1620
2245 772
2246 54
2247 1843
2248 1152
2249 280
2250 1517
2251 1364
2252 869
2253 1781
2254 404
2255 1026
2256 955
2257 1006
2258 496
2259 1943
2260 1379
2261 1776
2262 312
2263 9
2264 1519
2265 1364
2266 541
2267 655
2268 170
2269 1607
2270 667
2271 855
2272 214
2273 368
2274 984
2275 1640
2276 1534
2277 1261
2278 1454
2279 1770
2280 1936
2281 1930
2282 731
2283 1485
2284 785
2285 367
2286 180
2287 97
2288 1431
2289 242
2290 66
2291 490
2292 445
2293 1054
2294 116
2295 952
2296 1710
2297 1902
2298 244
2299 763
2300 1598
2301 1905
2302 1804
2303 789
2304 1342
2305 665
2306 564
2307 1961
2308 626
2309 1934
2310 415
2311 382
2312 290
2313 930
2314 565
2315 1558
2316 1517
2317 1112
2318 1941
2319 1875
2320 681
2321 1547
2322 1364
2323 658
2324 527
2325 641
2326 438
2327 1518
2328 1227
2329 1952
2330 423
2331 531
2332 1831
2333 371
2334 1146
2335 180
2336 1711
2337 1417
2338 904
2339 1314
2340 559
2341 272
2342 93
2343 1060
2344 584
2345 407
2346 1474
2347 1806
2348 1572
2349 1795
2350 1572
2351 1028
2352 1037
2353 549
2354 1949
2355 629
2356 1774
2357 162
2358 851
2359 1225
2360 1364
2361 1253
2362 550
2363 914
2364 1398
2365 1741
2366 888
2367 1434
2368 373
2369 841
2370 686
2371 1292
2372 859
2373 1515
2374 1718
2375 814
2376 281
2377 809
2378 1833
2379 1172
2380 33
2381 319
2382 1503
2383 1504
2384 831
2385 1116
2386 1364
2387 1841
2388 1276
2389 1475
2390 1075
2391 449
2392 914
2393 1402
2394 256
2395 43
2396 1789
2397 1552
2398 733
2399 1951
2400 1276
2401 592
2402 13
2403 883
2404 429
2405 1276
2406 30
2407 1756
2408 1620
2409 1000
2410 1276
2411 1008
2412 119
2413 1202
2414 813
2415 465
2416 196
2417 1628
2418 1991
2419 794
2420 1230
2421 1862
2422 666
2423 1060
2424 1229
2425 1677
2426 280
2427 1052
2428 114
2429 273
2430 530
2431 726
2432 1713
2433 1276
2434 1514
2435 1692
2436 1143
2437 1170
2438 78
2439 1607
2440 1389
2441 1050
2442 1821
2443 552
2444 575
2445 182
2446 1865
2447 1579
2448 552
2449 803
2450 1878
2451 1782
2452 783
2453 1207
2454 1827
2455 264
2456 782
2457 1520
2458 507
2459 762
2460 266
2461 391
2462 680
2463 1821
2464 1909
2465 1459
2466 429
2467 1685
2468 525
2469 1497
2470 749
2471 286
2472 1868
2473 985
2474 605
2475 546
2476 902
2477 193
2478 147
2479 1959
2480 1422
2481 958
2482 1606
2483 1113
2484 1276
2485 1718
2486 1559
2487 1276
2488 763
2489 1805
2490 1276
2491 461
2492 1276
2493 1079
2494 899
2495 1239
2496 1606
2497 1164
2498 1477
2499 193
2500 670
2501 523
2502 1190
2503 547
2504 252
2505 439
2506 801
2507 1056
2508 40
2509 614
2510 1463
2511 1477
2512 1970
2513 450
2514 296
2515 65
2516 1772
2517 752
2518 1462
2519 1520
2520 1520
2521 774
2522 711
2523 31
2524 94
2525 1843
2526 1
2527 605
2528 1477
2529 789
2530 579
2531 749
2532 1854
2533 1684
2534 1640
2535 1139
2536 1482
2537 1740
2538 675
2539 163
2540 481
2541 1662
2542 900
2543 1021
2544 1991
2545 422
2546 1922
2547 1780
2548 1520
2549 976
2550 1727
2551 18
2552 1000
2553 1237
2554 1078
2555 198
2556 479
2557 1444
2558 1565
2559 1577
2560 721
2561 1698
2562 614
2563 1948
2564 1064
2565 1471
2566 1150
2567 1247
2568 941
2569 1142
2570 789
2571 1772
2572 601
2573 603
2574 671
2575 696
2576 1021
2577 1477
2578 956
2579 1703
2580 1870
2581 671
2582 1477
2583 1426
2584 1033
2585 741
2586 828
2587 180
2588 1163
2589 1858
2590 1012
2591 984
2592 1793
2593 1733
2594 134
2595 851
2596 1745
2597 621
2598 182
2599 1052
2600 1688
2601 480
2602 1725
2603 295
2604 1121
2605 456
2606 1248
2607 256
2608 959
2609 1989
2610 1520
2611 1291
2612 1871
2613 1742
2614 1639
2615 244
2616 489
2617 641
2618 198
2619 1238
2620 890
2621 149
2622 1334
2623 1500
2624 841
2625 1997
2626 1813
2627 26
2628 621
2629 382
2630 1008
2631 147
2632 224
2633 1342
2634 1021
2635 302
2636 1461
2637 1808
2638 1205
2639 1457
2640 286
2641 1833
2642 1643
2643 10
2644 331
2645 547
2646 1736
2647 1690
2648 450
2649 904
2650 1520
2651 744
2652 129
2653 283
2654 861
2655 811
2656 10
2657 647
2658 74
2659 975
2660 1944
2661 89
2662 771
2663 273
2664 1750
2665 1067
2666 1121
2667 191
2668 1393
2669 1045
2670 910
2671 1675
2672 1477
2673 15
2674 1476
2675 365
2676 822
2677 464
2678 1765
2679 1606
2680 1222
2681 182
2682 1426
2683 238
2684 63
2685 206
2686 1369
2687 1339
2688 1757
2689 1758
2690 505
2691 869
2692 232
2693 1951
2694 1428
2695 693
2696 1014
2697 1185
2698 120
2699 407
2700 969
2701 1506
2702 1113
2703 295
2704 1176
2705 1021
2706 1286
2707 930
2708 893
2709 1480
2710 1113
2711 138
2712 624
2713 1443
2714 1621
2715 1314
2716 790
2717 1910
2718 1750
2719 1025
2720 459
2721 1683
2722 1534
2723 907
2724 1563
2725 1185
2726 888
2727 951
2728 1427
2729 1412
2730 564
2731 47
2732 990
2733 1969
2734 733
2735 170
2736 1203
2737 1418
2738 422
2739 1471
2740 157
2741 323
2742 1421
2743 375
2744 917
2745 386
2746 1662
2747 757
2748 188
2749 1393
2750 1478
2751 1606
2752 25
2753 393
2754 1395
2755 845
2756 911
2757 1204
2758 1785
2759 1122
2760 740
2761 168
2762 821
2763 958
2764 532
2765 453
2766 387
2767 1671
2768 1058
2769 228
2770 1801
2771 1895
2772 944
2773 170
2774 1225
2775 1717
2776 1025
2777 1477
2778 1965
2779 458
2780 899
2781 1797
2782 1973
2783 880
2784 1001
2785 1286
2786 946
2787 1129
2788 402
2789 258
2790 519
2791 480
2792 288
2793 134
2794 1282
2795 1008
2796 1116
2797 419
2798 38
2799 1113
2800 416
2801 1939
2802 209
2803 1378
2804 476
2805 774
2806 1572
2807 1568
2808 1810
2809 475
2810 496
2811 121
2812 1865
2813 1242
2814 1606
2815 739
2816 371
2817 699
2818 1047
2819 1817
2820 485
2821 1865
2822 1695
2823 275
2824 1943
2825 1631
2826 39
2827 553
2828 1113
2829 1226
2830 1314
2831 1811
2832 1093
2833 1967
2834 1439
2835 1202
2836 741
2837 78
2838 871
2839 890
2840 1229
2841 376
2842 1375
2843 1854
2844 66
2845 1116
2846 1693
2847 149
2848 1851
2849 1572
2850 294
2851 559
2852 579
2853 1954
2854 111
2855 1810
2856 1369
2857 983
2858 530
2859 358
2860 315
2861 1242
2862 23
2863 446
2864 910
2865 372
2866 454
2867 1113
2868 352
2869 944
2870 247
2871 272
2872 613
2873 1655
2874 1215
2875 891
2876 1090
2877 1171
2878 1159
2879 16
2880 1319
2881 1008
2882 1390
2883 1964
2884 705
2885 543
2886 1519
2887 1453
2888 563
2889 831
2890 1572
2891 1218
2892 1318
2893 104
2894 1849
2895 1027
2896 1127
2897 1053
2898 1138
2899 1502
2900 693
2901 1648
2902 1410
2903 764
2904 1157
2905 1282
2906 905
2907 1865
2908 411
2909 216
2910 643
2911 1829
2912 1803
2913 722
2914 1282
2915 1620
2916 368
2917 1619
2918 280
2919 1887
2920 1215
2921 1606
2922 291
2923 661
2924 1911
2925 871
2926 1873
2927 1714
2928 974
2929 1385
2930 1282
2931 1732
2932 426
2933 180
2934 1282
2935 1315
2936 621
2937 672
2938 368
2939 159
2940 205
2941 1791
2942 789
2943 1762
2944 213
2945 1411
2946 1429
2947 1461
2948 194
2949 1082
2950 401
2951 180
2952 1236
2953 1137
2954 1717
2955 1161
2956 1227
2957 791
2958 886
2959 1138
2960 532
2961 600
2962 1315
2963 418
2964 1620
2965 382
2966 1454
2967 671
2968 1860
2969 820
2970 1232
2971 1866
2972 1602
2973 783
2974 782
2975 994
2976 1602
2977 216
2978 1020
2979 891
2980 1280
2981 1903
2982 588
2983 1029
2984 1282
2985 1909
2986 905
2987 458
2988 1343
2989 906
2990 629
2991 734
2992 1788
2993 180
2994 677
2995 541
2996 45
2997 1061
2998 385
2999 870
3000 1346
3001 949
3002 1282
3003 1962
3004 1282
3005 178
3006 1402
3007 1113
3008 943
3009 1185
3010 1908
3011 1700
3012 1619
3013 1282
3014 66
3015 1497
3016 1520
3017 1816
3018 1675
3019 131
3020 997
3021 1113
3022 405
3023 540
3024 1439
3025 935
3026 286
3027 1520
3028 1945
3029 261
3030 836
3031 1491
3032 141
3033 1196
3034 216
3035 1602
3036 667
3037 284
3038 1602
3039 1873
3040 362
3041 1172
3042 1032
3043 725
3044 1877
3045 264
3046 841
3047 59
3048 671
3049 267
3050 54
3051 1406
3052 1568
3053 1564
3054 703
3055 1122
3056 1032
3057 546
3058 650
3059 419
3060 1695
3061 1720
3062 1140
3063 1171
3064 1393
3065 1382
3066 1971
3067 620
3068 699
3069 1122
3070 30
3071 1602
3072 674
3073 1061
3074 45
3075 1798
3076 919
3077 1354
3078 1520
3079 1975
3080 1712
3081 596
3082 1319
3083 1280
3084 1757
3085 1280
3086 1453
3087 1624
3088 896
3089 344
3090 891
3091 1580
3092 1969
3093 1670
3094 178
3095 864
3096 1940
3097 620
3098 851
3099 231
3100 880
3101 958
3102 1280
3103 1113
3104 393
3105 146
3106 815
3107 818
3108 1869
3109 1152
3110 1812
3111 992
3112 148
3113 1215
3114 446
3115 804
3116 109
3117 920
3118 196
3119 1554
3120 1280
3121 1112
3122 722
3123 1602
3124 1622
3125 806
3126 642
3127 372
3128 178
3129 800
3130 344
3131 658
3132 763
3133 1052
3134 1502
3135 1014
3136 1112
3137 1686
3138 1488
3139 624
3140 574
3141 102
3142 330
3143 796
3144 1540
3145 559
3146 1112
3147 503
3148 1151
3149 1641
3150 742
3151 1087
3152 954
3153 170
3154 1759
3155 550
3156 1204
3157 620
3158 649
3159 83
3160 696
3161 895
3162 1280
3163 1759
3164 540
3165 1280
3166 804
3167 1855
3168 586
3169 1819
3170 402
3171 1136
3172 994
3173 1572
3174 692
3175 1119
3176 1315
3177 1021
3178 356
3179 1676
3180 1437
3181 1280
3182 1681
3183 1650
3184 1280
3185 1212
3186 1222
3187 718
3188 142
3189 1759
3190 403
3191 1469
3192 419
3193 1142
3194 1403
3195 625
3196 1549
3197 1472
3198 860
3199 1315
3200 1148
3201 1079
3202 1549
3203 1520
3204 1746
3205 289
3206 778
3207 1749
3208 1554
3209 747
3210 1602
3211 586
3212 1864
3213 1701
3214 1602
3215 882
3216 1455
3217 45
3218 893
3219 827
3220 577
3221 608
3222 1172
3223 852
3224 1521
3225 1549
3226 646
3227 1758
3228 776
3229 1440
3230 1602
3231 166
3232 1796
3233 1385
3234 1582
3235 54
3236 166
3237 1829
3238 729
3239 778
3240 1012
3241 1444
3242 1250
3243 836
3244 352
3245 1037
3246 464
3247 178
3248 799
3249 1851
3250 1540
3251 134
3252 209
3253 904
3254 1315
3255 844
3256 1602
3257 1742
3258 364
3259 68
3260 578
3261 617
3262 92
3263 196
3264 1112
3265 289
3266 761
3267 1530
3268 1945
3269 1404
3270 182
3271 27
3272 1726
3273 1549
3274 417
3275 751
3276 1722
3277 513
3278 1080
3279 437
3280 1955
3281 1112
3282 981
3283 735
3284 1414
3285 28
3286 1603
3287 1549
3288 108
3289 307
3290 1648
3291 1571
3292 1990
3293 1408
3294 392
3295 659
3296 1989
3297 3
3298 1241
3299 870
3300 1385
3301 214
3302 890
3303 576
3304 625
3305 676
3306 1447
3307 649
3308 1098
3309 118
3310 1549
3311 1807
3312 1187
3313 1923
3314 764
3315 513
3316 333
3317 1322
3318 1380
3319 1171
3320 77
3321 421
3322 1549
3323 1669
3324 865
3325 269
3326 513
3327 829
3328 1184
3329 817
3330 529
3331 1315
3332 1710
3333 601
3334 77
3335 933
3336 748
3337 881
3338 472
3339 1555
3340 1074
3341 1637
3342 991
3343 403
3344 138
3345 818
3346 841
3347 1549
3348 1163
3349 1672
3350 156
3351 475
3352 572
3353 1571
3354 1
3355 696
3356 526
3357 1079
3358 464
3359 712
3360 30
3361 1603
3362 1521
3363 1948
3364 1979
3365 307
3366 741
3367 678
3368 836
3369 847
3370 741
3371 1549
3372 120
3373 1055
3374 1540
3375 594
3376 687
3377 91
3378 155
3379 178
3380 935
3381 1039
3382 1524
3383 1623
3384 266
3385 1291
3386 131
3387 1521
3388 933
3389 1515
3390 1792
3391 27
3392 1685
3393 810
3394 559
3395 479
3396 1670
3397 398
3398 1914
3399 386
3400 1756
3401 1552
3402 1975
3403 888
3404 859
3405 1248
3406 1983
3407 1540
3408 826
3409 660
3410 83
3411 1343
3412 1792
3413 251
3414 1524
3415 1056
3416 13
3417 44
3418 1573
3419 68
3420 280
3421 932
3422 384
3423 764
3424 1564
3425 665
3426 680
3427 1467
3428 470
3429 1690
3430 178
3431 457
3432 1064
3433 1457
3434 281
3435 1315
3436 919
3437 1582
3438 1571
3439 178
3440 1406
3441 848
3442 1524
3443 666
3444 1742
3445 877
3446 256
3447 1185
3448 1491
3449 1790
3450 1783
3451 438
3452 1879
3453 97
3454 660
3455 1630
3456 347
3457 834
3458 546
3459 1406
3460 1679
3461 1203
3462 483
3463 1158
3464 295
3465 234
3466 239
3467 796
3468 1001
3469 167
3470 474
3471 54
3472 1422
3473 234
3474 1385
3475 273
3476 1524
3477 481
3478 1774
3479 1622
3480 1143
3481 1524
3482 1896
3483 178
3484 1964
3485 335
3486 357
3487 1659
3488 1452
3489 880
3490 1134
3491 403
3492 454
3493 160
3494 850
3495 1851
3496 339
3497 394
3498 1603
3499 1091
3500 1917
3501 1174
3502 900
3503 1488
3504 1772
3505 1425
3506 708
3507 315
3508 1188
3509 1814
3510 1337
3511 586
3512 35
3513 25
3514 23
3515 563
3516 603
3517 1658
3518 1651
3519 1526
3520 852
3521 1816
3522 1208
3523 859
3524 284
3525 266
3526 705
3527 470
3528 1579
3529 112
3530 580
3531 1886
3532 1603
3533 1112
3534 1140
3535 718
3536 1122
3537 1558
3538 109
3539 1524
3540 897
3541 1558
3542 768
3543 1848
3544 595
3545 1519
3546 1889
3547 1914
3548 354
3549 1976
3550 1168
3551 1259
3552 1112
3553 1716
3554 1114
3555 446
3556 996
3557 1184
3558 1017
3559 1088
3560 1593
3561 559
3562 209
3563 1935
3564 1477
3565 532
3566 1890
3567 796
3568 1521
3569 90
3570 873
3571 164
3572 1001
3573 1481
3574 1004
3575 762
3576 1969
3577 1769
3578 1757
3579 988
3580 777
3581 1576
3582 23
3583 940
3584 1292
3585 404
3586 993
3587 1917
3588 1817
3589 1777
3590 1833
3591 453
3592 1958
3593 599
3594 1740
3595 1553
3596 166
3597 1764
3598 1980
3599 1467
3600 1540
3601 522
3602 1846
3603 1121
3604 1526
3605 284
3606 382
3607 55
3608 1636
3609 877
3610 1914
3611 18
3612 1227
3613 1568
3614 1635
3615 168
3616 893
3617 1526
3618 1565
3619 1248
3620 1385
3621 1398
3622 1534
3623 1784
3624 917
3625 970
3626 1398
3627 244
3628 448
3629 1985
3630 482
3631 1650
3632 1565
3633 1318
3634 1923
3635 1469
3636 986
3637 467
3638 951
3639 239
3640 1013
3641 433
3642 1951
3643 1626
3644 825
3645 1565
3646 359
3647 1540
3648 1969
3649 1952
3650 1993
3651 541
3652 107
3653 264
3654 559
3655 1655
3656 55
3657 1393
3658 1085
3659 1171
3660 855
3661 257
3662 1881
3663 814
3664 1565
3665 1723
3666 1565
3667 1037
3668 130
3669 1783
3670 1425
3671 282
3672 1565
3673 1944
3674 864
3675 736
3676 860
3677 1211
3678 149
3679 1653
3680 1450
3681 1764
3682 960
3683 1149
3684 533
3685 1192
3686 548
3687 1777
3688 1393
3689 982
3690 1127
3691 296
3692 338
3693 1875
3694 134
3695 1791
3696 1893
3697 1055
3698 847
3699 66
3700 1690
3701 513
3702 902
3703 1814
3704 407
3705 1037
3706 1565
3707 946
3708 1131
3709 1012
3710 372
3711 518
3712 930
3713 1864
3714 1796
3715 525
3716 890
3717 1857
3718 933
3719 1565
3720 677
3721 1565
3722 457
3723 564
3724 1127
3725 831
3726 1848
3727 1112
3728 1390
3729 1260
3730 1396
3731 1521
3732 86
3733 1714
3734 116
3735 530
3736 1925
3737 1177
3738 1843
3739 977
3740 17
3741 1195
3742 1674
3743 1474
3744 1101
3745 688
3746 947
3747 351
3748 1061
3749 980
3750 860
3751 420
3752 1141
3753 1764
3754 1253
3755 1636
3756 1319
3757 1396
3758 1758
3759 550
3760 1135
3761 178
3762 178
3763 1943
3764 1396
3765 769
3766 630
3767 1033
3768 1706
3769 109
3770 1
3771 953
3772 178
3773 658
3774 1461
3775 978
3776 126
3777 456
3778 222
3779 1603
3780 1173
3781 1239
3782 479
3783 155
3784 1603
3785 1184
3786 196
3787 1017
3788 1398
3789 867
3790 1542
3791 1788
3792 321
3793 372
3794 1603
3795 529
3796 661
3797 1216
3798 1893
3799 312
3800 725
3801 296
3802 149
3803 1264
3804 56
3805 88
3806 1975
3807 1817
3808 1843
3809 974
3810 1396
3811 1367
3812 242
3813 993
3814 935
3815 1665
3816 376
3817 807
3818 1626
3819 872
3820 349
3821 947
3822 976
3823 453
3824 1990
3825 746
3826 39
3827 27
3828 1503
3829 1056
3830 1185
3831 902
3832 1874
3833 1040
3834 1253
3835 649
3836 182
3837 300
3838 1098
3839 251
3840 1471
3841 1947
3842 460
3843 1560
3844 890
3845 586
3846 1743
3847 1411
3848 1530
3849 758
3850 1414
3851 61
3852 927
3853 897
3854 1127
3855 1470
3856 1396
3857 1046
3858 693
3859 644
3860 104
3861 1148
3862 1092
3863 528
3864 1796
3865 254
3866 744
3867 1919
3868 177
3869 362
3870 228
3871 1100
3872 1850
3873 1237
3874 177
3875 1511
3876 1290
3877 254
3878 820
3879 1127
3880 887
3881 1171
3882 1857
3883 1737
3884 1929
3885 1466
3886 1396
3887 362
3888 100
3889 63
3890 778
3891 1445
3892 1666
3893 163
3894 1052
3895 89
3896 1078
3897 1396
3898 822
3899 686
3900 1622
3901 1396
3902 1730
3903 1702
3904 377
3905 620
3906 581
3907 1396
3908 820
3909 1925
3910 1883
3911 661
3912 250
3913 638
3914 330
3915 969
3916 1416
3917 1692
3918 251
3919 1536
3920 441
3921 1287
3922 895
3923 1100
3924 158
3925 1890
3926 488
3927 1185
3928 573
3929 510
3930 875
3931 480
3932 1785
3933 1050
3934 776
3935 1483
3936 788
3937 1825
3938 880
3939 796
3940 1853
3941 598
3942 55
3943 1245
3944 1993
3945 98
3946 1521
3947 84
3948 1393
3949 1480
3950 1948
3951 772
3952 984
3953 788
3954 566
3955 870
3956 1123
3957 1758
3958 75
3959 1879
3960 1092
3961 904
3962 1729
3963 872
3964 194
3965 605
3966 1603
3967 1449
3968 1189
3969 925
3970 58
3971 720
3972 718
3973 1559
3974 491
3975 1146
3976 1603
3977 1148
3978 1465
3979 1055
3980 321
3981 533
3982 1626
3983 848
3984 1490
3985 917
3986 439
3987 847
3988 1
3989 1292
3990 1709
3991 890
3992 778
3993 1840
3994 55
3995 101
3996 1345
3997 838
3998 636
3999 73
4000 926
4001 699
4002 27
4003 177
4004 725
4005 1598
4006 788
4007 1100
4008 815
4009 987
4010 254
4011 481
4012 1541
4013 1885
4014 1185
4015 1521
4016 840
4017 322
4018 1696
4019 198
4020 1226
4021 673
4022 489
4023 421
4024 856
4025 1212
4026 773
4027 1554
4028 478
4029 554
4030 528
4031 1174
4032 1795
4033 383
4034 772
4035 1315
4036 586
4037 106
4038 1888
4039 1142
4040 1345
4041 1970
4042 206
4043 1135
4044 1411
4045 1851
4046 1559
4047 1858
4048 1554
4049 1264
4050 1584
4051 1033
4052 1345
4053 198
4054 1918
4055 85
4056 1100
4057 311
4058 314
4059 26
4060 351
4061 687
4062 92
4063 1161
4064 691
4065 1118
4066 244
4067 1731
4068 311
4069 1828
4070 1736
4071 596
4072 1820
4073 434
4074 807
4075 797
4076 1713
4077 1493
4078 1345
4079 315
4080 1882
4081 47
4082 1039
4083 1717
4084 767
4085 921
4086 1523
4087 916
4088 1892
4089 1504
4090 1239
4091 881
4092 455
4093 395
4094 226
4095 365
4096 848
4097 1170
4098 1745
4099 678
4100 1136
4101 1500
4102 867
4103 545
4104 130
4105 699
4106 1853
4107 1345
4108 1553
4109 936
4110 382
4111 283
4112 1364
4113 641
4114 1438
4115 1345
4116 1875
4117 390
4118 438
4119 1764
4120 453
4121 321
4122 44
4123 490
4124 327
4125 177
4126 978
4127 454
4128 941
4129 1066
4130 1603
4131 1640
4132 39
4133 1478
4134 1351
4135 638
4136 1165
4137 1780
4138 1088
4139 1850
4140 1839
4141 1345
4142 1133
4143 626
4144 658
4145 1758
4146 1955
4147 1885
4148 564
4149 779
4150 1519
4151 1345
4152 921
4153 265
4154 1681
4155 930
4156 1731
4157 1454
4158 454
4159 801
4160 1884
4161 433
4162 716
4163 32
4164 40
4165 378
4166 950
4167 405
4168 84
4169 72
4170 1241
4171 527
4172 1724
4173 133
4174 1629
4175 866
4176 1459
4177 97
4178 158
4179 284
4180 589
4181 679
4182 1896
4183 927
4184 1345
4185 374
4186 1235
4187 1637
4188 1315
4189 1523
4190 710
4191 1571
4192 1389
4193 1561
4194 39
4195 29
4196 921
4197 1805
4198 360
4199 317
4200 1561
4201 399
4202 1778
4203 182
4204 560
4205 1842
4206 807
4207 950
4208 1062
4209 410
4210 559
4211 1475
4212 1056
4213 1904
4214 772
4215 1587
4216 45
4217 638
4218 147
4219 735
4220 746
4221 880
4222 366
4223 1079
4224 1573
4225 1555
4226 1079
4227 865
4228 311
4229 1709
4230 1100
4231 1540
4232 1603
4233 1218
4234 1561
4235 624
4236 85
4237 1803
4238 1132
4239 1561
4240 1904
4241 282
4242 1100
4243 930
4244 337
4245 1079
4246 526
4247 1837
4248 1024
4249 355
4250 1443
4251 326
4252 1417
4253 1937
4254 748
4255 1803
4256 1382
4257 1979
4258 43
4259 345
4260 1767
4261 1561
4262 116
4263 1141
4264 933
4265 1631
4266 1844
4267 804
4268 1216
4269 812
4270 1484
4271 222
4272 512
4273 1977
4274 1706
4275 552
4276 549
4277 1253
4278 1422
4279 1631
4280 74
4281 1561
4282 1605
4283 239
4284 182
4285 1754
4286 1012
4287 811
4288 825
4289 1077
4290 1811
4291 375
4292 1469
4293 1157
4294 856
4295 1100
4296 23
4297 1729
4298 1964
4299 596
4300 1226
4301 879
4302 350
4303 1661
4304 1032
4305 774
4306 101
4307 311
4308 494
4309 75
4310 1286
4311 9
4312 1037
4313 1216
4314 130
4315 841
4316 459
4317 943
4318 1626
4319 1044
4320 1211
4321 933
4322 777
4323 1161
4324 49
4325 1412
4326 1130
4327 46
4328 629
4329 649
4330 505
4331 888
4332 1528
4333 120
4334 114
4335 1159
4336 564
4337 1004
4338 1026
4339 977
4340 1797
4341 657
4342 1230
4343 1408
4344 1573
4345 1722
4346 1561
4347 774
4348 442
4349 88
4350 522
4351 1198
4352 177
4353 468
4354 1561
4355 1836
4356 1573
4357 1064
4358 1161
4359 1451
4360 1
4361 370
4362 564
4363 133
4364 426
4365 301
4366 654
4367 1412
4368 387
4369 1079
4370 1159
4371 1232
4372 1495
4373 1561
4374 1484
4375 1258
4376 1304
4377 92
4378 1131
4379 538
4380 672
4381 389
4382 625
4383 453
4384 1483
4385 852
4386 1390
4387 591
4388 68
4389 1605
4390 570
4391 598
4392 700
4393 828
4394 1882
4395 1081
4396 1839
4397 493
4398 529
4399 1304
4400 333
4401 759
4402 929
4403 995
4404 1593
4405 1100
4406 1139
4407 650
4408 644
4409 1605
4410 1249
4411 923
4412 191
4413 963
4414 1475
4415 1966
4416 511
4417 1855
4418 1721
4419 1304
4420 254
4421 845
4422 1017
4423 362
4424 776
4425 209
4426 1100
4427 1994
4428 433
4429 319
4430 1956
4431 1051
4432 479
4433 660
4434 1116
4435 486
4436 1619
4437 461
4438 1573
4439 1847
4440 576
4441 1430
4442 709
4443 862
4444 1880
4445 1004
4446 1998
4447 1027
4448 419
4449 139
4450 1653
4451 976
4452 569
4453 1388
4454 1763
4455 3
4456 1127
4457 1788
4458 241
4459 1040
4460 1126
4461 453
4462 1406
4463 654
4464 992
4465 729
4466 1878
4467 1888
4468 1930
4469 1093
4470 608
4471 1189
4472 1860
4473 405
4474 1078
4475 668
4476 669
4477 1008
4478 430
4479 335
4480 332
4481 1227
4482 362
4483 1639
4484 1584
4485 329
4486 96
4487 1315
4488 909
4489 718
4490 1
4491 1181
4492 324
4493 772
4494 1488
4495 1304
4496 636
4497 1485
4498 255
4499 986
4500 65
4501 890
4502 1304
4503 1867
4504 1183
4505 1737
4506 216
4507 1316
4508 1385
4509 1626
4510 739
4511 690
4512 1001
4513 476
4514 1191
4515 1880
4516 343
4517 564
4518 340
4519 1402
4520 1047
4521 393
4522 71
4523 1373
4524 231
4525 1143
4526 1552
4527 27
4528 138
4529 1439
4530 1202
4531 93
4532 1949
4533 1786
4534 1758
4535 622
4536 296
4537 1558
4538 40
4539 1316
4540 1620
4541 489
4542 55
4543 251
4544 411
4545 612
4546 89
4547 1238
4548 1291
4549 55
4550 602
4551 1871
4552 1304
4553 442
4554 1056
4555 1030
4556 181
4557 1584
4558 1737
4559 1151
4560 897
4561 1129
4562 986
4563 792
4564 1730
4565 378
4566 30
4567 1584
4568 51
4569 495
4570 149
4571 1181
4572 1814
4573 95
4574 168
4575 938
4576 1714
4577 620
4578 462
4579 565
4580 766
4581 785
4582 1108
4583 1619
4584 323
4585 752
4586 1117
4587 1081
4588 1633
4589 23
4590 508
4591 605
4592 1541
4593 703
4594 1639
4595 177
4596 1707
4597 1387
4598 912
4599 141
4600 1062
4601 1108
4602 885
4603 649
4604 620
4605 1500
4606 1523
4607 1304
4608 564
4609 1033
4610 1250
4611 564
4612 1876
4613 1910
4614 1122
4615 1966
4616 1023
4617 478
4618 1573
4619 372
4620 99
4621 85
4622 29
4623 495
4624 1584
4625 405
4626 1821
4627 857
4628 345
4629 1963
4630 1744
4631 292
4632 693
4633 841
4634 1731
4635 1305
4636 1626
4637 1108
4638 1931
4639 1744
4640 326
4641 1108
4642 1714
4643 163
4644 1184
4645 219
4646 1484
4647 1785
4648 608
4649 972
4650 149
4651 1605
4652 146
4653 1763
4654 420
4655 1800
4656 832
4657 1881
4658 589
4659 150
4660 1541
4661 954
4662 80
4663 409
4664 281
4665 521
4666 759
4667 346
4668 796
4669 1959
4670 1587
4671 218
4672 1604
4673 646
4674 1214
4675 1987
4676 810
4677 1812
4678 753
4679 1582
4680 1474
4681 755
4682 1439
4683 1188
4684 881
4685 1672
4686 910
4687 722
4688 1766
4689 177
4690 737
4691 1305
4692 725
4693 1150
4694 837
4695 1927
4696 503
4697 305
4698 468
4699 1847
4700 768
4701 1146
4702 81
4703 1420
4704 1253
4705 1122
4706 1217
4707 1468
4708 1958
4709 443
4710 525
4711 1318
4712 986
4713 337
4714 177
4715 1287
4716 1319
4717 1287
4718 1004
4719 914
4720 1159
4721 268
4722 1136
4723 133
4724 1290
4725 1556
4726 417
4727 935
4728 1438
4729 1994
4730 820
4731 1122
4732 1055
4733 1828
4734 264
4735 1091
4736 1763
4737 1285
4738 249
4739 1316
4740 1312
4741 893
4742 1010
4743 1492
4744 382
4745 378
4746 1783
4747 1287
4748 1936
4749 1154
4750 1881
4751 1439
4752 597
4753 1609
4754 457
4755 412
4756 1241
4757 1842
4758 402
4759 860
4760 875
4761 1733
4762 1951
4763 964
4764 222
4765 109
4766 602
4767 1848
4768 11
4769 733
4770 1696
4771 1940
4772 1234
4773 351
4774 785
4775 1813
4776 813
4777 1287
4778 1644
4779 1680
4780 182
4781 1428
4782 1638
4783 1452
4784 437
4785 620
4786 863
4787 55
4788 1387
4789 104
4790 839
4791 249
4792 811
4793 680
4794 1534
4795 192
4796 1370
4797 51
4798 244
4799 577
4800 1092
4801 1961
4802 1703
4803 357
4804 1686
4805 17
4806 311
4807 1748
4808 1204
4809 1244
4810 1159
4811 1877
4812 479
4813 685
4814 1518
4815 1388
4816 271
4817 784
4818 1258
4819 147
4820 824
4821 1316
4822 1973
4823 1932
4824 1910
4825 1287
4826 1692
4827 131
4828 914
4829 1619
4830 1134
4831 559
4832 66
4833 150
4834 954
4835 576
4836 381
4837 7
4838 325
4839 831
4840 1636
4841 752
4842 935
4843 1833
4844 917
4845 1735
4846 1950
4847 1576
4848 800
4849 809
4850 1393
4851 1936
4852 779
4853 953
4854 1516
4855 519
4856 1085
4857 1892
4858 1188
4859 177
4860 707
4861 1921
4862 426
4863 1699
4864 1852
4865 729
4866 1240
4867 1758
4868 1626
4869 979
4870 476
4871 1573
4872 1904
4873 1675
4874 824
4875 1287
4876 707
4877 862
4878 1108
4879 665
4880 1159
4881 205
4882 1328
4883 1331
4884 344
4885 170
4886 1514
4887 1004
4888 1826
4889 1287
4890 68
4891 920
4892 796
4893 984
4894 1649
4895 420
4896 299
4897 686
4898 66
4899 257
4900 576
4901 305
4902 198
4903 915
4904 1534
4905 695
4906 351
4907 402
4908 1582
4909 1504
4910 242
4911 367
4912 102
4913 363
4914 296
4915 455
4916 1726
4917 423
4918 1619
4919 39
4920 495
4921 1701
4922 1040
4923 1895
4924 1282
4925 198
4926 1253
4927 177
4928 1171
4929 957
4930 1723
4931 1406
4932 920
4933 1573
4934 548
4935 133
4936 1947
4937 81
4938 354
4939 1626
4940 696
4941 1246
4942 1629
4943 1371
4944 1619
4945 792
4946 1283
4947 1742
4948 935
4949 1555
4950 612
4951 259
4952 840
4953 166
4954 276
4955 764
4956 346
4957 909
4958 1165
4959 212
4960 1794
4961 404
4962 1924
4963 35
4964 692
4965 1386
4966 362
4967 531
4968 1680
4969 1195
4970 95
4971 553
4972 820
4973 1318
4974 1605
4975 1545
4976 903
4977 1745
4978 1536
4979 150
4980 608
4981 158
4982 534
4983 570
4984 1686
4985 548
4986 1316
4987 204
4988 633
4989 176
4990 1949
4991 196
4992 640
4993 1962
4994 699
4995 63
4996 296
4997 1233
4998 1705
4999 614
