15000 1631
15001 700
15002 464
15003 1744
15004 1990
15005 1062
15006 1679
15007 1094
15008 303
15009 1870
15010 276
15011 1440
15012 1770
15013 1350
15014 1795
15015 956
15016 1003
15017 665
15018 1234
15019 1135
15020 242
15021 329
15022 670
15023 466
15024 840
15025 1647
15026 107
15027 250
15028 51
15029 928
15030 527
15031 700
15032 469
15033 1550
15034 1789
15035 34
15036 749
15037 1081
15038 85
15039 980
15040 1679
15041 973
15042 1533
15043 1384
15044 120
15045 74
15046 1533
15047 1018
15048 1440
15049 786
15050 682
15051 901
15052 1809
15053 1133
15054 33
15055 1812
15056 703
15057 416
15058 956
15059 1306
15060 162
15061 745
15062 1094
15063 910
15064 19
15065 804
15066 1094
15067 1840
15068 642
15069 265
15070 1506
15071 665
15072 82
15073 1743
15074 1015
15075 446
15076 666
15077 523
15078 1306
15079 1258
15080 626
15081 161
15082 358
15083 386
15084 1644
15085 828
15086 1138
15087 1632
15088 1020
15089 1959
15090 1546
15091 1795
15092 1577
15093 1306
15094 835
15095 1058
15096 474
15097 85
15098 1756
15099 1325
15100 1689
15101 1518
15102 925
15103 494
15104 1430
15105 343
15106 1434
15107 1956
15108 317
15109 858
15110 444
15111 1213
15112 695
15113 1325
15114 562
15115 1832
15116 634
15117 1230
15118 1459
15119 155
15120 36
15121 416
15122 115
15123 1937
15124 684
15125 1306
15126 455
15127 1845
15128 125
15129 1003
15130 1577
15131 1444
15132 262
15133 1506
15134 1517
15135 851
15136 267
15137 1879
15138 1123
15139 1208
15140 1130
15141 243
15142 1900
15143 202
15144 705
15145 5
15146 808
15147 186
15148 914
15149 672
15150 1651
15151 70
15152 1735
15153 1109
15154 448
15155 965
15156 855
15157 979
15158 1240
15159 898
15160 76
15161 1855
15162 1538
15163 506
15164 99
15165 562
15166 957
15167 682
15168 1179
15169 1834
15170 1559
15171 656
15172 1963
15173 287
15174 1875
15175 570
15176 773
15177 471
15178 1823
15179 799
15180 1251
15181 1656
15182 562
15183 1306
15184 515
15185 1439
15186 1648
15187 775
15188 1355
15189 1082
15190 1868
15191 1915
15192 1038
15193 1670
15194 1895
15195 1109
15196 14
15197 622
15198 1306
15199 1094
15200 191
15201 1306
15202 31
15203 1514
15204 1326
15205 1844
15206 1002
15207 1485
15208 123
15209 461
15210 1623
15211 1224
15212 676
15213 1384
15214 737
15215 444
15216 361
15217 143
15218 1243
15219 1853
15220 144
15221 625
15222 363
15223 234
15224 308
15225 1094
15226 1457
15227 107
15228 853
15229 402
15230 544
15231 830
15232 89
15233 1709
15234 136
15235 1054
15236 1230
15237 1054
15238 378
15239 205
15240 123
15241 1688
15242 1719
15243 1069
15244 857
15245 1562
15246 62
15247 500
15248 210
15249 1039
15250 1050
15251 1306
15252 528
15253 928
15254 406
15255 227
15256 1419
15257 86
15258 1748
15259 152
15260 351
15261 1317
15262 537
15263 230
15264 82
15265 146
15266 654
15267 1194
15268 1596
15269 945
15270 278
15271 745
15272 977
15273 190
15274 1073
15275 548
15276 1026
15277 842
15278 293
15279 1018
15280 802
15281 199
15282 1544
15283 579
15284 1771
15285 101
15286 1078
15287 1989
15288 1814
15289 1473
15290 519
15291 707
15292 1411
15293 1306
15294 874
15295 86
15296 1913
15297 991
15298 1591
15299 235
15300 1931
15301 830
15302 552
15303 632
15304 1596
15305 931
15306 1879
15307 1721
15308 344
15309 1270
15310 219
15311 255
15312 758
15313 444
15314 1868
15315 1270
15316 339
15317 1712
15318 1155
15319 621
15320 735
15321 423
15322 102
15323 1010
15324 1781
15325 1399
15326 1643
15327 421
15328 1886
15329 862
15330 708
15331 545
15332 493
15333 172
15334 1890
15335 403
15336 1265
15337 1832
15338 341
15339 961
15340 1876
15341 1153
15342 370
15343 1954
15344 679
15345 1386
15346 232
15347 844
15348 1212
15349 876
15350 748
15351 205
15352 1959
15353 882
15354 541
15355 583
15356 1869
15357 186
15358 205
15359 318
15360 1228
15361 826
15362 1186
15363 270
15364 1948
15365 1849
15366 399
15367 309
15368 1921
15369 278
15370 235
15371 313
15372 1922
15373 1518
15374 1583
15375 1902
15376 837
15377 798
15378 385
15379 277
15380 519
15381 1077
15382 802
15383 1431
15384 1270
15385 235
15386 74
15387 1228
15388 402
15389 208
15390 1575
15391 1069
15392 333
15393 651
15394 1326
15395 194
15396 1450
15397 1948
15398 1018
15399 328
15400 1596
15401 1883
15402 1446
15403 57
15404 1386
15405 781
15406 322
15407 680
15408 1026
15409 1270
15410 1265
15411 844
15412 565
15413 1880
15414 1089
15415 230
15416 702
15417 1028
15418 668
15419 1683
15420 1662
15421 1270
15422 62
15423 153
15424 270
15425 756
15426 1490
15427 435
15428 159
15429 1740
15430 1870
15431 672
15432 780
15433 954
15434 1270
15435 51
15436 858
15437 624
15438 1567
15439 271
15440 465
15441 444
15442 60
15443 1223
15444 320
15445 436
15446 1435
15447 136
15448 1918
15449 1117
15450 220
15451 442
15452 466
15453 1412
15454 1018
15455 1038
15456 1450
15457 1655
15458 1743
15459 487
15460 1635
15461 1029
15462 1586
15463 1457
15464 1442
15465 606
15466 1265
15467 713
15468 1891
15469 758
15470 1630
15471 1750
15472 1436
15473 625
15474 454
15475 794
15476 1326
15477 1750
15478 1198
15479 1222
15480 925
15481 1931
15482 931
15483 8
15484 235
15485 531
15486 1810
15487 656
15488 233
15489 1658
15490 654
15491 1653
15492 1155
15493 1399
15494 1317
15495 57
15496 656
15497 1588
15498 1067
15499 1145
15500 83
15501 1658
15502 1596
15503 1513
15504 551
15505 1089
15506 492
15507 272
15508 1830
15509 1235
15510 36
15511 1128
15512 1642
15513 277
15514 872
15515 988
15516 805
15517 1725
15518 1638
15519 1204
15520 1750
15521 1687
15522 191
15523 64
15524 9
15525 1893
15526 1810
15527 256
15528 1637
15529 399
15530 160
15531 965
15532 1596
15533 1908
15534 701
15535 613
15536 467
15537 1596
15538 299
15539 1320
15540 14
15541 1905
15542 207
15543 579
15544 172
15545 1495
15546 801
15547 713
15548 633
15549 1583
15550 1028
15551 587
15552 1239
15553 971
15554 1569
15555 1591
15556 90
15557 805
15558 283
15559 260
15560 1913
15561 1776
15562 562
15563 1142
15564 1542
15565 239
15566 1205
15567 1175
15568 1057
15569 603
15570 1197
15571 1121
15572 143
15573 787
15574 1974
15575 1397
15576 833
15577 236
15578 1506
15579 969
15580 1097
15581 598
15582 14
15583 1636
15584 867
15585 1225
15586 477
15587 1214
15588 1109
15589 1697
15590 1239
15591 560
15592 220
15593 562
15594 1750
15595 1733
15596 1209
15597 634
15598 172
15599 234
15600 1094
15601 939
15602 277
15603 1750
15604 925
15605 26
15606 243
15607 1811
15608 148
15609 461
15610 1456
15611 766
15612 1084
15613 1057
15614 1058
15615 110
15616 172
15617 1184
15618 1404
15619 1289
15620 677
15621 931
15622 1416
15623 1796
15624 1750
15625 103
15626 825
15627 1750
15628 846
15629 460
15630 1929
15631 1018
15632 1489
15633 903
15634 422
15635 1481
15636 345
15637 334
15638 506
15639 1644
15640 1049
15641 878
15642 1433
15643 1733
15644 1012
15645 1043
15646 1492
15647 277
15648 1703
15649 283
15650 570
15651 725
15652 50
15653 1948
15654 691
15655 10
15656 570
15657 616
15658 1750
15659 839
15660 766
15661 1751
15662 1018
15663 40
15664 1811
15665 251
15666 1044
15667 588
15668 500
15669 1790
15670 499
15671 1605
15672 1202
15673 415
15674 709
15675 931
15676 1235
15677 1544
15678 301
15679 1326
15680 1674
15681 1359
15682 1937
15683 451
15684 186
15685 386
15686 1547
15687 410
15688 1507
15689 271
15690 867
15691 5
15692 990
15693 419
15694 345
15695 987
15696 1397
15697 373
15698 1166
15699 443
15700 638
15701 1451
15702 1915
15703 723
15704 706
15705 258
15706 1010
15707 1505
15708 154
15709 364
15710 1333
15711 1169
15712 322
15713 1247
15714 447
15715 1265
15716 620
15717 842
15718 1591
15719 1967
15720 324
15721 301
15722 688
15723 471
15724 1002
15725 409
15726 1843
15727 823
15728 756
15729 1173
15730 793
15731 1544
15732 1465
15733 1410
15734 525
15735 525
15736 1739
15737 1779
15738 653
15739 759
15740 443
15741 401
15742 915
15743 1236
15744 1326
15745 1967
15746 121
15747 350
15748 1896
15749 1072
15750 1256
15751 1256
15752 1014
15753 1256
15754 50
15755 1694
15756 1178
15757 497
15758 551
15759 17
15760 65
15761 1006
15762 915
15763 965
15764 0
15765 343
15766 1426
15767 2
15768 1685
15769 1487
15770 457
15771 957
15772 1787
15773 1256
15774 243
15775 1449
15776 1097
15777 1194
15778 593
15779 712
15780 1783
15781 1157
15782 884
15783 429
15784 1225
15785 25
15786 1457
15787 1140
15788 1934
15789 1426
15790 1018
15791 1221
15792 704
15793 808
15794 867
15795 1149
15796 214
15797 1988
15798 1291
15799 1919
15800 1467
15801 1096
15802 1256
15803 415
15804 1690
15805 50
15806 1021
15807 199
15808 389
15809 1880
15810 1389
15811 918
15812 1773
15813 1010
15814 1018
15815 1224
15816 1715
15817 823
15818 1019
15819 50
15820 122
15821 1256
15822 408
15823 1978
15824 384
15825 293
15826 1447
15827 846
15828 525
15829 1581
15830 1429
15831 639
15832 1586
15833 972
15834 361
15835 345
15836 243
15837 976
15838 401
15839 786
15840 515
15841 1705
15842 1835
15843 4
15844 67
15845 872
15846 689
15847 1867
15848 1178
15849 1167
15850 421
15851 350
15852 70
15853 1397
15854 733
15855 1792
15856 954
15857 1569
15858 1337
15859 1155
15860 858
15861 21
15862 328
15863 1256
15864 781
15865 1654
15866 169
15867 1134
15868 13
15869 630
15870 840
15871 1285
15872 1583
15873 1513
15874 322
15875 136
15876 1256
15877 1583
15878 795
15879 1039
15880 121
15881 257
15882 157
15883 659
15884 895
15885 562
15886 464
15887 1326
15888 1175
15889 97
15890 932
15891 1681
15892 1331
15893 1197
15894 631
15895 87
15896 354
15897 850
15898 607
15899 1856
15900 872
15901 1878
15902 1256
15903 58
15904 855
15905 478
15906 11
15907 1305
15908 1465
15909 1010
15910 1917
15911 1138
15912 318
15913 102
15914 1053
15915 1305
15916 4
15917 106
15918 616
15919 1756
15920 303
15921 1651
15922 978
15923 752
15924 204
15925 1933
15926 1097
15927 1179
15928 1837
15929 578
15930 1305
15931 159
15932 890
15933 1412
15934 908
15935 1305
15936 1145
15937 1305
15938 1756
15939 1077
15940 1700
15941 490
15942 1093
15943 782
15944 662
15945 623
15946 675
15947 1153
15948 1686
15949 1748
15950 1693
15951 1988
15952 767
15953 117
15954 1933
15955 130
15956 1513
15957 1732
15958 1198
15959 728
15960 1305
15961 573
15962 1553
15963 895
15964 1939
15965 582
15966 1673
15967 1838
15968 1305
15969 1136
15970 1446
15971 1463
15972 1305
15973 1501
15974 531
15975 553
15976 440
15977 1320
15978 1097
15979 1157
15980 700
15981 1706
15982 64
15983 736
15984 1062
15985 1735
15986 1044
15987 918
15988 588
15989 1312
15990 875
15991 1071
15992 72
15993 60
15994 728
15995 25
15996 1821
15997 408
15998 1097
15999 942
16000 1668
16001 1416
16002 1596
16003 1778
16004 1092
16005 1043
16006 818
16007 79
16008 111
16009 1596
16010 1513
16011 1862
16012 1597
16013 1934
16014 1305
16015 793
16016 192
16017 409
16018 1618
16019 660
16020 838
16021 896
16022 1788
16023 449
16024 152
16025 125
16026 214
16027 1308
16028 103
16029 387
16030 384
16031 923
16032 418
16033 1326
16034 1622
16035 1308
16036 478
16037 371
16038 887
16039 1124
16040 1181
16041 1664
16042 442
16043 1308
16044 1068
16045 1791
16046 499
16047 900
16048 1262
16049 220
16050 1308
16051 540
16052 1857
16053 1263
16054 1188
16055 451
16056 1347
16057 400
16058 165
16059 643
16060 1513
16061 1542
16062 190
16063 977
16064 1139
16065 1028
16066 1806
16067 1125
16068 1230
16069 616
16070 1677
16071 1376
16072 1054
16073 754
16074 1363
16075 1404
16076 1059
16077 1065
16078 816
16079 1166
16080 1872
16081 512
16082 1813
16083 321
16084 1225
16085 551
16086 130
16087 975
16088 1692
16089 76
16090 672
16091 947
16092 263
16093 146
16094 1513
16095 324
16096 1308
16097 1511
16098 388
16099 988
16100 210
16101 1542
16102 20
16103 843
16104 1701
16105 1308
16106 1884
16107 458
16108 294
16109 1697
16110 1559
16111 1539
16112 1013
16113 397
16114 1608
16115 1187
16116 1569
16117 126
16118 706
16119 838
16120 1308
16121 1664
16122 20
16123 886
16124 980
16125 1774
16126 1753
16127 970
16128 713
16129 1308
16130 1019
16131 220
16132 408
16133 860
16134 1097
16135 83
16136 199
16137 236
16138 309
16139 19
16140 536
16141 1953
16142 1978
16143 1583
16144 60
16145 1969
16146 499
16147 546
16148 1167
16149 594
16150 1857
16151 1376
16152 76
16153 307
16154 1507
16155 213
16156 500
16157 8
16158 1208
16159 1465
16160 1065
16161 1997
16162 581
16163 1713
16164 1097
16165 431
16166 1852
16167 578
16168 432
16169 657
16170 210
16171 554
16172 1326
16173 132
16174 309
16175 577
16176 694
16177 1659
16178 1984
16179 1063
16180 1326
16181 1501
16182 738
16183 980
16184 1458
16185 1344
16186 1955
16187 651
16188 1212
16189 1308
16190 1203
16191 241
16192 375
16193 580
16194 283
16195 1138
16196 1744
16197 627
16198 236
16199 1542
16200 186
16201 432
16202 1109
16203 1147
16204 1011
16205 1097
16206 978
16207 1117
16208 1501
16209 468
16210 1077
16211 69
16212 1769
16213 822
16214 230
16215 1330
16216 1149
16217 1790
16218 1074
16219 1206
16220 584
16221 1663
16222 850
16223 959
16224 1581
16225 411
16226 1555
16227 1330
16228 1895
16229 1091
16230 186
16231 1513
16232 1919
16233 1015
16234 1597
16235 1719
16236 208
16237 1475
16238 456
16239 606
16240 1501
16241 203
16242 1236
16243 966
16244 1998
16245 1706
16246 1150
16247 1424
16248 754
16249 588
16250 1329
16251 873
16252 1513
16253 258
16254 96
16255 1669
16256 288
16257 97
16258 602
16259 1939
16260 828
16261 21
16262 1330
16263 1832
16264 1569
16265 1542
16266 1557
16267 878
16268 909
16269 380
16270 1330
16271 1153
16272 1207
16273 801
16274 1699
16275 748
16276 46
16277 1634
16278 1749
16279 735
16280 1157
16281 418
16282 1326
16283 317
16284 485
16285 1885
16286 804
16287 978
16288 1149
16289 1489
16290 1601
16291 186
16292 45
16293 1493
16294 1343
16295 1538
16296 995
16297 117
16298 808
16299 1029
16300 1231
16301 1682
16302 1808
16303 1077
16304 322
16305 78
16306 260
16307 233
16308 1941
16309 1561
16310 230
16311 1825
16312 512
16313 786
16314 667
16315 1330
16316 1991
16317 1217
16318 392
16319 422
16320 357
16321 1568
16322 236
16323 236
16324 1180
16325 651
16326 1222
16327 998
16328 1823
16329 876
16330 1958
16331 1693
16332 733
16333 786
16334 717
16335 1601
16336 908
16337 32
16338 1960
16339 1770
16340 1721
16341 1330
16342 1118
16343 947
16344 1462
16345 1137
16346 1744
16347 860
16348 974
16349 1618
16350 812
16351 236
16352 987
16353 1796
16354 1091
16355 1060
16356 1233
16357 1005
16358 1826
16359 1586
16360 1223
16361 1082
16362 715
16363 1941
16364 1047
16365 222
16366 371
16367 1597
16368 1089
16369 236
16370 523
16371 62
16372 1942
16373 1138
16374 1367
16375 975
16376 1404
16377 1098
16378 1942
16379 1168
16380 35
16381 1186
16382 236
16383 1387
16384 429
16385 1196
16386 1330
16387 1578
16388 1220
16389 125
16390 839
16391 225
16392 1025
16393 1190
16394 396
16395 1218
16396 1266
16397 922
16398 294
16399 65
16400 720
16401 973
16402 837
16403 1700
16404 82
16405 1330
16406 33
16407 1097
16408 1991
16409 983
16410 186
16411 1858
16412 891
16413 1946
16414 1864
16415 685
16416 694
16417 755
16418 441
16419 972
16420 597
16421 458
16422 689
16423 361
16424 1744
16425 143
16426 760
16427 321
16428 448
16429 1208
16430 288
16431 903
16432 347
16433 1097
16434 17
16435 214
16436 1330
16437 1219
16438 80
16439 1550
16440 369
16441 1138
16442 123
16443 682
16444 1659
16445 98
16446 1839
16447 1757
16448 317
16449 46
16450 243
16451 1200
16452 273
16453 579
16454 75
16455 260
16456 1624
16457 25
16458 1370
16459 213
16460 1019
16461 1400
16462 136
16463 91
16464 507
16465 808
16466 260
16467 203
16468 1168
16469 8
16470 1647
16471 719
16472 613
16473 1601
16474 1705
16475 165
16476 1652
16477 387
16478 35
16479 1059
16480 916
16481 1430
16482 1165
16483 619
16484 95
16485 433
16486 9
16487 1798
16488 155
16489 1849
16490 1809
16491 1871
16492 613
16493 850
16494 1370
16495 1370
16496 1460
16497 576
16498 369
16499 1741
16500 243
16501 1731
16502 951
16503 325
16504 2
16505 509
16506 295
16507 821
16508 793
16509 1057
16510 1097
16511 1370
16512 1377
16513 266
16514 1753
16515 1566
16516 423
16517 727
16518 117
16519 1931
16520 1741
16521 1095
16522 1019
16523 192
16524 1854
16525 1637
16526 573
16527 86
16528 693
16529 720
16530 744
16531 1553
16532 1094
16533 1098
16534 157
16535 775
16536 772
16537 1011
16538 472
16539 1370
16540 113
16541 898
16542 1601
16543 433
16544 117
16545 397
16546 5
16547 152
16548 1465
16549 129
16550 1517
16551 1828
16552 1900
16553 479
16554 1007
16555 187
16556 82
16557 981
16558 1231
16559 1169
16560 566
16561 332
16562 286
16563 124
16564 426
16565 1464
16566 1370
16567 278
16568 1059
16569 1334
16570 654
16571 1991
16572 1002
16573 1705
16574 332
16575 1039
16576 1128
16577 732
16578 1964
16579 88
16580 87
16581 397
16582 113
16583 611
16584 712
16585 1370
16586 1692
16587 971
16588 1179
16589 1601
16590 1660
16591 1187
16592 1806
16593 1601
16594 777
16595 1545
16596 1936
16597 82
16598 1680
16599 1601
16600 1152
16601 797
16602 283
16603 327
16604 1216
16605 1025
16606 767
16607 1370
16608 242
16609 1980
16610 324
16611 1359
16612 1826
16613 1153
16614 1359
16615 1818
16616 33
16617 854
16618 777
16619 1700
16620 1768
16621 846
16622 957
16623 739
16624 1632
16625 1805
16626 157
16627 1307
16628 1059
16629 370
16630 163
16631 653
16632 1417
16633 1245
16634 1019
16635 687
16636 990
16637 1048
16638 602
16639 568
16640 717
16641 1235
16642 1241
16643 567
16644 86
16645 1727
16646 1543
16647 1245
16648 106
16649 510
16650 199
16651 158
16652 1486
16653 843
16654 898
16655 101
16656 510
16657 1307
16658 1192
16659 1144
16660 967
16661 271
16662 41
16663 1783
16664 781
16665 1811
16666 1909
16667 1717
16668 939
16669 1965
16670 1601
16671 103
16672 1083
16673 938
16674 588
16675 969
16676 1569
16677 826
16678 1969
16679 1651
16680 666
16681 1307
16682 1623
16683 949
16684 1731
16685 826
16686 1569
16687 415
16688 1388
16689 137
16690 1984
16691 475
16692 895
16693 1332
16694 1852
16695 927
16696 463
16697 562
16698 1307
16699 409
16700 1341
16701 226
16702 1094
16703 864
16704 1819
16705 843
16706 1220
16707 324
16708 434
16709 1893
16710 417
16711 1089
16712 648
16713 1095
16714 1265
16715 1954
16716 283
16717 536
16718 82
16719 1757
16720 1307
16721 926
16722 692
16723 1998
16724 918
16725 1809
16726 1753
16727 807
16728 1648
16729 236
16730 1886
16731 823
16732 236
16733 1807
16734 216
16735 152
16736 598
16737 604
16738 1601
16739 665
16740 506
16741 1307
16742 973
16743 1371
16744 549
16745 1707
16746 1522
16747 511
16748 1899
16749 1720
16750 819
16751 1836
16752 853
16753 1718
16754 901
16755 1912
16756 1847
16757 937
16758 355
16759 774
16760 794
16761 1073
16762 112
16763 1659
16764 1591
16765 902
16766 1022
16767 1307
16768 1576
16769 927
16770 210
16771 612
16772 1686
16773 1307
16774 309
16775 1002
16776 90
16777 1479
16778 1307
16779 955
16780 1417
16781 1865
16782 939
16783 640
16784 451
16785 536
16786 1353
16787 137
16788 679
16789 1065
16790 555
16791 1834
16792 1356
16793 1752
16794 1158
16795 572
16796 1414
16797 1743
16798 825
16799 588
16800 1890
16801 1353
16802 397
16803 289
16804 10
16805 1356
16806 247
16807 552
16808 302
16809 575
16810 315
16811 278
16812 1745
16813 574
16814 922
16815 1095
16816 521
16817 616
16818 1643
16819 777
16820 846
16821 903
16822 611
16823 1353
16824 478
16825 397
16826 1564
16827 1940
16828 855
16829 152
16830 1890
16831 555
16832 1855
16833 1118
16834 143
16835 503
16836 190
16837 335
16838 1985
16839 776
16840 409
16841 1737
16842 866
16843 236
16844 1661
16845 1059
16846 826
16847 1887
16848 1347
16849 805
16850 554
16851 1450
16852 781
16853 277
16854 1147
16855 1662
16856 117
16857 573
16858 533
16859 92
16860 1047
16861 1566
16862 1095
16863 675
16864 1569
16865 800
16866 937
16867 5
16868 861
16869 161
16870 1053
16871 1201
16872 861
16873 517
16874 1356
16875 1356
16876 1825
16877 1019
16878 1149
16879 186
16880 701
16881 689
16882 1867
16883 355
16884 166
16885 1025
16886 82
16887 1356
16888 239
16889 566
16890 631
16891 1892
16892 496
16893 1095
16894 112
16895 706
16896 1356
16897 354
16898 932
16899 781
16900 338
16901 243
16902 348
16903 1363
16904 575
16905 373
16906 799
16907 1363
16908 117
16909 986
16910 1601
16911 1560
16912 1865
16913 828
16914 1838
16915 1006
16916 1569
16917 1046
16918 1034
16919 1875
16920 340
16921 1363
16922 942
16923 496
16924 592
16925 318
16926 1562
16927 1248
16928 706
16929 1776
16930 1019
16931 117
16932 1393
16933 1332
16934 751
16935 1363
16936 1644
16937 1101
16938 247
16939 41
16940 1951
16941 277
16942 866
16943 220
16944 981
16945 1630
16946 1856
16947 916
16948 189
16949 458
16950 161
16951 584
16952 419
16953 1668
16954 1367
16955 583
16956 1876
16957 62
16958 2
16959 1534
16960 238
16961 17
16962 1075
16963 764
16964 1005
16965 329
16966 1082
16967 928
16968 1902
16969 525
16970 874
16971 943
16972 726
16973 871
16974 358
16975 960
16976 1648
16977 1690
16978 672
16979 1044
16980 898
16981 1359
16982 637
16983 1459
16984 1560
16985 627
16986 1877
16987 1781
16988 1083
16989 641
16990 1898
16991 278
16992 1732
16993 62
16994 884
16995 333
16996 1729
16997 317
16998 1036
16999 680
17000 411
17001 823
17002 93
17003 318
17004 567
17005 164
17006 216
17007 607
17008 1150
17009 1360
17010 1733
17011 1635
17012 1830
17013 739
17014 1251
17015 148
17016 1633
17017 1677
17018 651
17019 795
17020 1696
17021 50
17022 956
17023 450
17024 1715
17025 137
17026 1360
17027 1734
17028 992
17029 115
17030 1284
17031 1600
17032 1907
17033 1360
17034 1019
17035 1086
17036 24
17037 1857
17038 1335
17039 795
17040 1179
17041 1171
17042 1027
17043 1920
17044 611
17045 1669
17046 968
17047 923
17048 1963
17049 436
17050 986
17051 444
17052 545
17053 1693
17054 349
17055 999
17056 309
17057 187
17058 1866
17059 1804
17060 676
17061 230
17062 595
17063 1745
17064 352
17065 633
17066 717
17067 988
17068 277
17069 1959
17070 485
17071 1600
17072 1363
17073 1691
17074 515
17075 701
17076 948
17077 1363
17078 238
17079 1683
17080 16
17081 481
17082 1470
17083 1654
17084 1161
17085 746
17086 1652
17087 500
17088 1077
17089 701
17090 853
17091 1051
17092 27
17093 86
17094 1771
17095 1772
17096 370
17097 1095
17098 1019
17099 1355
17100 1918
17101 1754
17102 682
17103 1666
17104 1160
17105 189
17106 111
17107 1859
17108 876
17109 1769
17110 487
17111 253
17112 1376
17113 1355
17114 104
17115 268
17116 263
17117 572
17118 611
17119 99
17120 1236
17121 1683
17122 601
17123 113
17124 800
17125 1355
17126 1019
17127 1515
17128 415
17129 1130
17130 194
17131 1068
17132 1152
17133 116
17134 555
17135 702
17136 124
17137 1881
17138 70
17139 734
17140 1395
17141 343
17142 1698
17143 598
17144 588
17145 1355
17146 868
17147 1182
17148 132
17149 436
17150 835
17151 151
17152 1783
17153 458
17154 1678
17155 1694
17156 1702
17157 1591
17158 406
17159 348
17160 124
17161 263
17162 369
17163 1139
17164 368
17165 1121
17166 112
17167 1726
17168 503
17169 72
17170 1976
17171 1538
17172 1069
17173 76
17174 1011
17175 1036
17176 252
17177 151
17178 1355
17179 1203
17180 326
17181 1031
17182 1646
17183 832
17184 256
17185 1319
17186 1454
17187 1530
17188 423
17189 1231
17190 1355
17191 1976
17192 1648
17193 1182
17194 274
17195 1562
17196 1867
17197 850
17198 1157
17199 1867
17200 1994
17201 909
17202 1342
17203 1600
17204 536
17205 1624
17206 823
17207 340
17208 1355
17209 302
17210 1355
17211 334
17212 1419
17213 1199
17214 1792
17215 1863
17216 1444
17217 1107
17218 428
17219 1114
17220 1820
17221 1680
17222 161
17223 1483
17224 1211
17225 1213
17226 1619
17227 1952
17228 322
17229 112
17230 1479
17231 1355
17232 1165
17233 1076
17234 74
17235 1128
17236 1643
17237 140
17238 1575
17239 532
17240 740
17241 501
17242 897
17243 302
17244 1290
17245 1355
17246 1953
17247 1352
17248 1887
17249 309
17250 440
17251 1195
17252 1782
17253 1590
17254 821
17255 1736
17256 967
17257 1002
17258 1861
17259 238
17260 600
17261 399
17262 272
17263 1600
17264 1352
17265 1699
17266 277
17267 885
17268 1352
17269 1656
17270 69
17271 882
17272 1095
17273 1903
17274 1423
17275 1560
17276 1856
17277 1730
17278 782
17279 1167
17280 548
17281 584
17282 764
17283 1352
17284 837
17285 1086
17286 1667
17287 1716
17288 475
17289 1718
17290 737
17291 769
17292 1095
17293 657
17294 1687
17295 1752
17296 543
17297 489
17298 1352
17299 1014
17300 233
17301 889
17302 1924
17303 1561
17304 1581
17305 754
17306 811
17307 653
17308 1130
17309 1447
17310 378
17311 1183
17312 1717
17313 1560
17314 129
17315 218
17316 927
17317 1412
17318 1609
17319 1458
17320 1352
17321 1963
17322 151
17323 937
17324 1840
17325 1870
17326 238
17327 1138
17328 1580
17329 1095
17330 1911
17331 1235
17332 429
17333 1864
17334 1547
17335 1191
17336 1352
17337 1024
17338 1538
17339 333
17340 1183
17341 1867
17342 467
17343 370
17344 154
17345 749
17346 130
17347 1887
17348 159
17349 1285
17350 1635
17351 1481
17352 1326
17353 1124
17354 794
17355 1776
17356 948
17357 800
17358 359
17359 1409
17360 969
17361 119
17362 979
17363 425
17364 1668
17365 588
17366 1706
17367 1643
17368 1057
17369 1246
17370 102
17371 844
17372 971
17373 1139
17374 677
17375 25
17376 863
17377 1704
17378 1842
17379 85
17380 606
17381 1352
17382 1600
17383 1160
17384 1600
17385 1675
17386 1840
17387 1698
17388 923
17389 1575
17390 1921
17391 1177
17392 1547
17393 372
17394 1710
17395 1699
17396 1941
17397 1581
17398 1784
17399 276
17400 1433
17401 1794
17402 912
17403 1491
17404 709
17405 1725
17406 145
17407 1913
17408 738
17409 1647
17410 767
17411 189
17412 301
17413 412
17414 902
17415 303
17416 1069
17417 1182
17418 262
17419 503
17420 511
17421 634
17422 126
17423 1071
17424 932
17425 1194
17426 584
17427 1140
17428 1506
17429 1095
17430 868
17431 719
17432 379
17433 1844
17434 1965
17435 402
17436 112
17437 1527
17438 1390
17439 1487
17440 1155
17441 386
17442 172
17443 990
17444 1167
17445 1329
17446 409
17447 944
17448 611
17449 74
17450 1023
17451 814
17452 1477
17453 677
17454 1907
17455 1132
17456 517
17457 276
17458 43
17459 1199
17460 1245
17461 817
17462 1072
17463 1527
17464 1095
17465 125
17466 293
17467 1946
17468 324
17469 1099
17470 21
17471 1527
17472 1262
17473 1007
17474 121
17475 628
17476 1483
17477 1600
17478 979
17479 1838
17480 151
17481 1459
17482 838
17483 1527
17484 357
17485 1670
17486 1015
17487 889
17488 116
17489 1527
17490 165
17491 1593
17492 517
17493 250
17494 417
17495 898
17496 1495
17497 1527
17498 101
17499 1350
17500 1237
17501 886
17502 806
17503 551
17504 1527
17505 1658
17506 677
17507 1403
17508 1990
17509 190
17510 1527
17511 1401
17512 593
17513 794
17514 1600
17515 1000
17516 1732
17517 1944
17518 1922
17519 645
17520 1023
17521 95
17522 959
17523 1924
17524 870
17525 1341
17526 1478
17527 1099
17528 1484
17529 1091
17530 1590
17531 80
17532 1652
17533 773
17534 10
17535 1410
17536 949
17537 1764
17538 1915
17539 418
17540 237
17541 767
17542 1527
17543 103
17544 1113
17545 1011
17546 1357
17547 1128
17548 1153
17549 888
17550 80
17551 1666
17552 1704
17553 1356
17554 942
17555 50
17556 1077
17557 1012
17558 1420
17559 1839
17560 1356
17561 1199
17562 1888
17563 1466
17564 795
17565 1682
17566 1789
17567 515
17568 1943
17569 713
17570 1890
17571 1407
17572 1997
17573 1815
17574 929
17575 1793
17576 1643
17577 554
17578 461
17579 243
17580 1412
17581 1566
17582 821
17583 83
17584 1099
17585 342
17586 467
17587 1705
17588 993
17589 1073
17590 46
17591 813
17592 1706
17593 1850
17594 1182
17595 1474
17596 385
17597 1356
17598 781
17599 1053
17600 282
17601 763
17602 1084
17603 655
17604 421
17605 129
17606 1231
17607 249
17608 1331
17609 1130
17610 275
17611 913
17612 409
17613 11
17614 374
17615 1212
17616 1551
17617 50
17618 1047
17619 1057
17620 1722
17621 298
17622 1180
17623 929
17624 443
17625 1156
17626 1505
17627 352
17628 1789
17629 8
17630 1485
17631 901
17632 19
17633 249
17634 701
17635 1356
17636 1327
17637 1460
17638 1246
17639 1853
17640 8
17641 452
17642 1045
17643 1261
17644 1955
17645 1357
17646 144
17647 751
17648 203
17649 1209
17650 706
17651 1129
17652 1214
17653 1599
17654 605
17655 31
17656 688
17657 428
17658 1897
17659 965
17660 1201
17661 957
17662 853
17663 1084
17664 478
17665 1826
17666 1554
17667 1763
17668 338
17669 1754
17670 100
17671 822
17672 715
17673 582
17674 1357
17675 1581
17676 968
17677 837
17678 1796
17679 1787
17680 1855
17681 1286
17682 768
17683 1654
17684 1357
17685 1590
17686 651
17687 898
17688 975
17689 1581
17690 1567
17691 1337
17692 1599
17693 20
17694 4
17695 79
17696 1019
17697 1543
17698 1421
17699 167
17700 932
17701 954
17702 1011
17703 1632
17704 567
17705 961
17706 299
17707 1489
17708 1198
17709 1062
17710 3
17711 1739
17712 1990
17713 1357
17714 1155
17715 21
17716 1164
17717 1898
17718 1132
17719 490
17720 1099
17721 680
17722 781
17723 1763
17724 1656
17725 474
17726 1357
17727 1031
17728 1600
17729 872
17730 1415
17731 1495
17732 1359
17733 1163
17734 1432
17735 426
17736 493
17737 1727
17738 863
17739 515
17740 1092
17741 348
17742 1661
17743 193
17744 46
17745 1405
17746 786
17747 230
17748 397
17749 1688
17750 880
17751 1099
17752 1048
17753 1674
17754 1991
17755 770
17756 101
17757 1441
17758 1538
17759 1697
17760 1557
17761 1960
17762 126
17763 1452
17764 1067
17765 1489
17766 798
17767 388
17768 936
17769 1777
17770 1333
17771 1975
17772 1247
17773 248
17774 952
17775 392
17776 1553
17777 572
17778 971
17779 968
17780 1128
17781 1777
17782 1285
17783 1483
17784 1744
17785 263
17786 1043
17787 1239
17788 1577
17789 1809
17790 1802
17791 1600
17792 999
17793 511
17794 213
17795 918
17796 1551
17797 439
17798 1327
17799 1457
17800 527
17801 700
17802 1708
17803 884
17804 151
17805 1409
17806 422
17807 1380
17808 491
17809 1662
17810 358
17811 1473
17812 444
17813 845
17814 1892
17815 1359
17816 780
17817 50
17818 67
17819 161
17820 243
17821 795
17822 545
17823 1474
17824 737
17825 325
17826 1183
17827 501
17828 952
17829 434
17830 657
17831 290
17832 93
17833 1155
17834 567
17835 1497
17836 523
17837 294
17838 1655
17839 1475
17840 735
17841 549
17842 24
17843 527
17844 1870
17845 410
17846 1666
17847 435
17848 1099
17849 1359
17850 672
17851 648
17852 1438
17853 798
17854 800
17855 993
17856 714
17857 482
17858 930
17859 555
17860 208
17861 109
17862 1357
17863 1859
17864 1115
17865 144
17866 446
17867 715
17868 370
17869 1165
17870 1536
17871 858
17872 1476
17873 1551
17874 1371
17875 367
17876 343
17877 214
17878 276
17879 290
17880 1870
17881 855
17882 21
17883 1153
17884 662
17885 1663
17886 1212
17887 1031
17888 712
17889 763
17890 35
17891 1787
17892 1357
17893 1059
17894 1547
17895 1476
17896 478
17897 1633
17898 951
17899 936
17900 867
17901 968
17902 811
17903 1099
17904 299
17905 1264
17906 1564
17907 1916
17908 853
17909 137
17910 547
17911 683
17912 1386
17913 427
17914 447
17915 496
17916 1178
17917 1357
17918 264
17919 86
17920 309
17921 1368
17922 687
17923 857
17924 1809
17925 606
17926 813
17927 207
17928 1472
17929 922
17930 497
17931 287
17932 1157
17933 704
17934 1789
17935 238
17936 1970
17937 1911
17938 394
17939 623
17940 366
17941 1954
17942 1359
17943 1708
17944 104
17945 1802
17946 411
17947 719
17948 1649
17949 315
17950 318
17951 905
17952 1099
17953 1970
17954 1599
17955 944
17956 506
17957 1766
17958 239
17959 1167
17960 952
17961 69
17962 1250
17963 1444
17964 1518
17965 1459
17966 662
17967 411
17968 1490
17969 1539
17970 33
17971 700
17972 882
17973 1907
17974 878
17975 434
17976 1657
17977 844
17978 341
17979 315
17980 94
17981 985
17982 1507
17983 1099
17984 1741
17985 694
17986 131
17987 599
17988 1357
17989 130
17990 805
17991 1000
17992 1473
17993 688
17994 1536
17995 1543
17996 1624
17997 17
17998 1101
17999 1099
18000 266
18001 1358
18002 764
18003 1398
18004 1905
18005 1147
18006 790
18007 1726
18008 1280
18009 1086
18010 1889
18011 1191
18012 573
18013 1183
18014 1003
18015 315
18016 1826
18017 324
18018 371
18019 1618
18020 1358
18021 187
18022 832
18023 833
18024 20
18025 159
18026 945
18027 1837
18028 613
18029 275
18030 1289
18031 546
18032 309
18033 1026
18034 1753
18035 977
18036 327
18037 830
18038 1599
18039 1697
18040 1358
18041 233
18042 1358
18043 1838
18044 303
18045 1943
18046 1624
18047 1175
18048 1779
18049 1098
18050 131
18051 754
18052 542
18053 48
18054 164
18055 297
18056 925
18057 1947
18058 822
18059 1618
18060 913
18061 169
18062 828
18063 1891
18064 203
18065 242
18066 1720
18067 607
18068 938
18069 1732
18070 887
18071 536
18072 879
18073 243
18074 1666
18075 884
18076 1117
18077 593
18078 1543
18079 1536
18080 142
18081 1196
18082 686
18083 1847
18084 1899
18085 1590
18086 1091
18087 495
18088 753
18089 1182
18090 617
18091 1461
18092 980
18093 861
18094 1947
18095 377
18096 34
18097 1246
18098 1269
18099 499
18100 1335
18101 1931
18102 309
18103 151
18104 1029
18105 1472
18106 360
18107 474
18108 1073
18109 1957
18110 106
18111 390
18112 767
18113 774
18114 1174
18115 735
18116 1912
18117 999
18118 726
18119 335
18120 530
18121 1358
18122 1576
18123 1063
18124 219
18125 1482
18126 1210
18127 1082
18128 1327
18129 517
18130 8
18131 1812
18132 463
18133 250
18134 1588
18135 248
18136 40
18137 1649
18138 1201
18139 1543
18140 1993
18141 1203
18142 940
18143 325
18144 98
18145 1224
18146 475
18147 1038
18148 238
18149 581
18150 1973
18151 832
18152 1265
18153 1543
18154 1343
18155 1126
18156 1476
18157 1139
18158 1976
18159 1358
18160 1952
18161 5
18162 1815
18163 1909
18164 1443
18165 835
18166 1125
18167 1209
18168 710
18169 1358
18170 535
18171 1987
18172 1288
18173 1817
18174 469
18175 1221
18176 174
18177 1830
18178 483
18179 1710
18180 15
18181 492
18182 1412
18183 157
18184 1453
18185 1587
18186 628
18187 653
18188 17
18189 16
18190 24
18191 413
18192 692
18193 547
18194 1551
18195 1229
18196 619
18197 1448
18198 148
18199 911
18200 851
18201 1884
18202 287
18203 1976
18204 814
18205 94
18206 108
18207 903
18208 1077
18209 1128
18210 1835
18211 983
18212 768
18213 694
18214 425
18215 158
18216 1157
18217 594
18218 1453
18219 1837
18220 1546
18221 689
18222 62
18223 941
18224 28
18225 728
18226 306
18227 69
18228 953
18229 1481
18230 1073
18231 438
18232 858
18233 238
18234 1358
18235 203
18236 1337
18237 11
18238 49
18239 679
18240 265
18241 82
18242 1891
18243 1884
18244 837
18245 628
18246 217
18247 1554
18248 1802
18249 172
18250 1764
18251 1562
18252 1551
18253 1814
18254 313
18255 1531
18256 1787
18257 1465
18258 87
18259 1367
18260 1118
18261 1002
18262 628
18263 218
18264 81
18265 534
18266 98
18267 687
18268 978
18269 1754
18270 1687
18271 124
18272 896
18273 1392
18274 334
18275 1389
18276 1493
18277 1327
18278 202
18279 1857
18280 1147
18281 1130
18282 780
18283 298
18284 1724
18285 533
18286 139
18287 495
18288 793
18289 1392
18290 633
18291 1635
18292 916
18293 334
18294 818
18295 499
18296 1680
18297 1432
18298 1238
18299 319
18300 422
18301 124
18302 1264
18303 62
18304 685
18305 1208
18306 545
18307 1492
18308 619
18309 631
18310 588
18311 1854
18312 662
18313 372
18314 1994
18315 819
18316 1845
18317 819
18318 920
18319 645
18320 1909
18321 70
18322 1395
18323 1701
18324 971
18325 1076
18326 230
18327 5
18328 365
18329 984
18330 1466
18331 1072
18332 754
18333 753
18334 217
18335 1013
18336 1392
18337 1484
18338 1178
18339 1900
18340 1043
18341 207
18342 523
18343 515
18344 151
18345 264
18346 1249
18347 329
18348 1715
18349 1153
18350 1167
18351 560
18352 1522
18353 944
18354 1756
18355 174
18356 834
18357 1579
18358 578
18359 670
18360 1590
18361 965
18362 220
18363 153
18364 359
18365 566
18366 1863
18367 701
18368 1158
18369 1327
18370 1814
18371 1380
18372 1126
18373 1264
18374 1536
18375 509
18376 1911
18377 1025
18378 1392
18379 1747
18380 1537
18381 1194
18382 1065
18383 573
18384 765
18385 424
18386 922
18387 42
18388 641
18389 1206
18390 1140
18391 1653
18392 1469
18393 567
18394 686
18395 1076
18396 371
18397 1818
18398 548
18399 1423
18400 81
18401 780
18402 1394
18403 1005
18404 721
18405 1392
18406 474
18407 1188
18408 421
18409 1071
18410 1098
18411 340
18412 747
18413 654
18414 1130
18415 912
18416 218
18417 1847
18418 1138
18419 1599
18420 1590
18421 1860
18422 1753
18423 1442
18424 1790
18425 1379
18426 1752
18427 1636
18428 1368
18429 1069
18430 24
18431 947
18432 582
18433 435
18434 603
18435 313
18436 533
18437 1392
18438 1392
18439 201
18440 677
18441 1681
18442 1409
18443 1007
18444 1678
18445 895
18446 50
18447 1397
18448 1073
18449 1678
18450 1399
18451 202
18452 131
18453 440
18454 275
18455 516
18456 1813
18457 645
18458 492
18459 103
18460 1637
18461 1098
18462 1985
18463 660
18464 974
18465 408
18466 662
18467 709
18468 800
18469 1599
18470 604
18471 946
18472 1793
18473 1495
18474 1380
18475 1957
18476 1220
18477 1650
18478 140
18479 1551
18480 488
18481 1957
18482 1986
18483 739
18484 315
18485 263
18486 169
18487 1201
18488 675
18489 1589
18490 1392
18491 753
18492 767
18493 689
18494 1908
18495 898
18496 1207
18497 411
18498 372
18499 891
18500 241
18501 865
18502 1092
18503 780
18504 1240
18505 786
18506 241
18507 1822
18508 362
18509 70
18510 104
18511 622
18512 1447
18513 1392
18514 1818
18515 80
18516 640
18517 903
18518 217
18519 1098
18520 1015
18521 1557
18522 1190
18523 151
18524 1299
18525 1906
18526 1013
18527 1086
18528 1443
18529 844
18530 507
18531 1098
18532 1205
18533 431
18534 1192
18535 1464
18536 1094
18537 1757
18538 1126
18539 1779
18540 1239
18541 501
18542 1653
18543 555
18544 845
18545 113
18546 1192
18547 1054
18548 481
18549 444
18550 1299
18551 1887
18552 938
18553 1764
18554 241
18555 1580
18556 1779
18557 627
18558 836
18559 1449
18560 528
18561 91
18562 617
18563 627
18564 507
18565 306
18566 349
18567 875
18568 704
18569 1599
18570 202
18571 1202
18572 455
18573 1599
18574 1871
18575 86
18576 1034
18577 1199
18578 358
18579 882
18580 195
18581 1147
18582 541
18583 918
18584 1849
18585 1299
18586 1150
18587 1481
18588 241
18589 27
18590 1627
18591 816
18592 423
18593 526
18594 411
18595 1969
18596 451
18597 630
18598 1543
18599 59
18600 438
18601 1196
18602 1251
18603 307
18604 899
18605 108
18606 955
18607 736
18608 1419
18609 677
18610 719
18611 800
18612 989
18613 241
18614 259
18615 955
18616 1084
18617 1684
18618 628
18619 1289
18620 868
18621 206
18622 1768
18623 718
18624 1210
18625 1213
18626 1705
18627 1186
18628 290
18629 610
18630 793
18631 535
18632 313
18633 1577
18634 132
18635 578
18636 82
18637 1702
18638 1041
18639 231
18640 825
18641 795
18642 386
18643 748
18644 356
18645 253
18646 1181
18647 349
18648 1129
18649 593
18650 1688
18651 467
18652 783
18653 203
18654 1419
18655 1145
18656 302
18657 595
18658 957
18659 81
18660 2
18661 325
18662 307
18663 536
18664 1628
18665 1299
18666 823
18667 241
18668 1378
18669 1044
18670 1380
18671 907
18672 1856
18673 1667
18674 1693
18675 1053
18676 144
18677 1919
18678 282
18679 435
18680 1765
18681 799
18682 80
18683 1586
18684 410
18685 950
18686 315
18687 146
18688 32
18689 1054
18690 356
18691 687
18692 1962
18693 685
18694 139
18695 1489
18696 774
18697 1368
18698 77
18699 1781
18700 1413
18701 1769
18702 555
18703 327
18704 592
18705 1434
18706 334
18707 843
18708 1906
18709 1299
18710 1263
18711 1065
18712 846
18713 1373
18714 805
18715 76
18716 414
18717 970
18718 1212
18719 989
18720 1299
18721 718
18722 915
18723 1098
18724 1843
18725 1117
18726 1997
18727 1831
18728 760
18729 1951
18730 1920
18731 1065
18732 1691
18733 1384
18734 993
18735 884
18736 1159
18737 1730
18738 592
18739 41
18740 320
18741 373
18742 1470
18743 888
18744 820
18745 447
18746 1298
18747 299
18748 825
18749 59
18750 1082
18751 1299
18752 1038
18753 490
18754 993
18755 898
18756 1684
18757 1149
18758 1911
18759 322
18760 1912
18761 94
18762 357
18763 241
18764 1299
18765 1494
18766 2
18767 189
18768 697
18769 215
18770 456
18771 296
18772 334
18773 1555
18774 1022
18775 1953
18776 334
18777 1590
18778 1818
18779 1209
18780 1675
18781 1297
18782 1511
18783 231
18784 275
18785 1228
18786 189
18787 1994
18788 751
18789 999
18790 639
18791 863
18792 1433
18793 1551
18794 656
18795 1297
18796 260
18797 1575
18798 688
18799 1846
18800 1775
18801 436
18802 964
18803 1589
18804 1599
18805 1684
18806 162
18807 1094
18808 462
18809 1991
18810 282
18811 1482
18812 858
18813 626
18814 90
18815 430
18816 207
18817 748
18818 1297
18819 536
18820 1347
18821 1689
18822 943
18823 1011
18824 1847
18825 94
18826 1297
18827 1507
18828 776
18829 1022
18830 657
18831 1927
18832 1297
18833 398
18834 1669
18835 1808
18836 248
18837 1861
18838 1644
18839 1756
18840 1293
18841 1297
18842 1802
18843 1551
18844 72
18845 301
18846 873
18847 938
18848 1807
18849 671
18850 691
18851 835
18852 1798
18853 1040
18854 1297
18855 1022
18856 941
18857 100
18858 374
18859 1949
18860 1920
18861 1373
18862 843
18863 416
18864 1543
18865 417
18866 1297
18867 110
18868 1294
18869 520
18870 516
18871 1659
18872 1013
18873 233
18874 1748
18875 1753
18876 854
18877 1598
18878 1295
18879 923
18880 485
18881 780
18882 1557
18883 1868
18884 1399
18885 871
18886 453
18887 248
18888 577
18889 1011
18890 1180
18891 1841
18892 911
18893 1791
18894 213
18895 1880
18896 110
18897 1687
18898 1225
18899 765
18900 546
18901 1550
18902 1295
18903 780
18904 475
18905 1293
18906 1633
18907 358
18908 139
18909 1184
18910 509
18911 270
18912 124
18913 641
18914 1552
18915 937
18916 415
18917 886
18918 460
18919 1809
18920 49
18921 473
18922 1350
18923 728
18924 1598
18925 1295
18926 1737
18927 62
18928 204
18929 367
18930 1261
18931 627
18932 660
18933 1221
18934 31
18935 1272
18936 1327
18937 1153
18938 886
18939 1179
18940 772
18941 318
18942 574
18943 1487
18944 668
18945 912
18946 643
18947 390
18948 1145
18949 1870
18950 1654
18951 1295
18952 1639
18953 1698
18954 782
18955 1749
18956 102
18957 1193
18958 1294
18959 110
18960 707
18961 1782
18962 770
18963 1800
18964 1664
18965 676
18966 1126
18967 577
18968 1022
18969 805
18970 87
18971 241
18972 1417
18973 1289
18974 1135
18975 549
18976 926
18977 1656
18978 1672
18979 385
18980 1845
18981 597
18982 1820
18983 647
18984 1164
18985 689
18986 1809
18987 1069
18988 444
18989 471
18990 1295
18991 1053
18992 660
18993 1295
18994 606
18995 1985
18996 45
18997 1644
18998 1904
18999 97
19000 1909
19001 720
19002 124
19003 769
19004 604
19005 1741
19006 1902
19007 1158
19008 324
19009 1637
19010 1743
19011 1378
19012 1668
19013 492
19014 892
19015 424
19016 469
19017 1902
19018 1133
19019 394
19020 16
19021 583
19022 1012
19023 473
19024 81
19025 1927
19026 276
19027 1429
19028 1141
19029 1388
19030 907
19031 1598
19032 1851
19033 1022
19034 1882
19035 1263
19036 1295
19037 31
19038 864
19039 1473
19040 548
19041 1011
19042 31
19043 1327
19044 1295
19045 794
19046 1414
19047 110
19048 295
19049 501
19050 839
19051 1632
19052 1597
19053 1147
19054 593
19055 1430
19056 251
19057 276
19058 762
19059 1786
19060 1183
19061 1091
19062 1295
19063 1678
19064 548
19065 1396
19066 1684
19067 1261
19068 1369
19069 1957
19070 770
19071 32
19072 1075
19073 1715
19074 531
19075 132
19076 628
19077 648
19078 1698
19079 1231
19080 1032
19081 1589
19082 979
19083 509
19084 1715
19085 611
19086 877
19087 112
19088 248
19089 707
19090 1727
19091 1123
19092 926
19093 1788
19094 338
19095 50
19096 609
19097 1347
19098 609
19099 1624
19100 1704
19101 1478
19102 655
19103 876
19104 1830
19105 1132
19106 713
19107 1366
19108 1389
19109 306
19110 546
19111 240
19112 1849
19113 483
19114 657
19115 1683
19116 1677
19117 86
19118 248
19119 1379
19120 655
19121 172
19122 137
19123 1586
19124 214
19125 723
19126 395
19127 448
19128 461
19129 160
19130 1851
19131 761
19132 1366
19133 868
19134 1728
19135 1224
19136 14
19137 1075
19138 248
19139 1939
19140 450
19141 728
19142 1007
19143 1712
19144 768
19145 410
19146 972
19147 775
19148 1781
19149 151
19150 1734
19151 1174
19152 1946
19153 1983
19154 240
19155 642
19156 896
19157 684
19158 352
19159 1894
19160 166
19161 1130
19162 1169
19163 1161
19164 275
19165 954
19166 1723
19167 1366
19168 416
19169 1202
19170 561
19171 208
19172 721
19173 793
19174 353
19175 1387
19176 727
19177 599
19178 271
19179 1648
19180 1858
19181 1366
19182 1041
19183 1432
19184 1803
19185 1196
19186 214
19187 215
19188 666
19189 828
19190 265
19191 1376
19192 362
19193 1366
19194 1168
19195 1551
19196 611
19197 396
19198 521
19199 964
19200 62
19201 84
19202 1059
19203 1125
19204 1366
19205 1543
19206 1793
19207 1366
19208 518
19209 313
19210 822
19211 689
19212 1076
19213 1059
19214 410
19215 248
19216 101
19217 479
19218 1649
19219 1231
19220 464
19221 470
19222 1351
19223 1579
19224 148
19225 607
19226 1403
19227 240
19228 48
19229 1778
19230 32
19231 1753
19232 1261
19233 406
19234 1916
19235 1886
19236 1538
19237 709
19238 1117
19239 240
19240 82
19241 1845
19242 1537
19243 377
19244 1850
19245 1917
19246 1366
19247 885
19248 1452
19249 861
19250 619
19251 1874
19252 431
19253 445
19254 252
19255 711
19256 1984
19257 1327
19258 1776
19259 1251
19260 502
19261 391
19262 1370
19263 965
19264 855
19265 643
19266 1213
19267 1775
19268 602
19269 75
19270 898
19271 1421
19272 306
19273 253
19274 240
19275 1366
19276 231
19277 672
19278 1022
19279 1
19280 1209
19281 780
19282 1202
19283 1598
19284 607
19285 151
19286 331
19287 304
19288 517
19289 1068
19290 622
19291 1237
19292 1803
19293 1792
19294 1120
19295 287
19296 1047
19297 711
19298 1793
19299 140
19300 282
19301 164
19302 275
19303 271
19304 1807
19305 854
19306 1949
19307 804
19308 1297
19309 715
19310 1361
19311 755
19312 1361
19313 981
19314 1289
19315 1413
19316 1902
19317 1203
19318 319
19319 791
19320 1757
19321 723
19322 1216
19323 473
19324 1361
19325 1196
19326 255
19327 1805
19328 1802
19329 1361
19330 137
19331 1361
19332 1569
19333 647
19334 429
19335 436
19336 993
19337 268
19338 51
19339 1423
19340 1361
19341 1702
19342 357
19343 1552
19344 351
19345 125
19346 320
19347 1286
19348 953
19349 313
19350 1766
19351 1531
19352 1449
19353 1361
19354 834
19355 1955
19356 1261
19357 1399
19358 1861
19359 1783
19360 307
19361 1778
19362 49
19363 12
19364 206
19365 671
19366 1446
19367 558
19368 440
19369 804
19370 474
19371 298
19372 1032
19373 1749
19374 811
19375 989
19376 1700
19377 11
19378 1675
19379 744
19380 1972
19381 408
19382 1067
19383 1537
19384 432
19385 376
19386 1152
19387 435
19388 1261
19389 570
19390 1261
19391 445
19392 1397
19393 902
19394 1764
19395 499
19396 553
19397 1836
19398 1361
19399 1265
19400 1220
19401 1005
19402 1942
19403 1419
19404 1289
19405 910
19406 1652
19407 461
19408 1695
19409 1967
19410 1327
19411 1825
19412 1860
19413 259
19414 132
19415 724
19416 162
19417 758
19418 1589
19419 1022
19420 366
19421 1361
19422 153
19423 305
19424 1240
19425 856
19426 1895
19427 1753
19428 307
19429 1376
19430 764
19431 137
19432 720
19433 1261
19434 1927
19435 275
19436 1400
19437 1387
19438 340
19439 304
19440 1399
19441 805
19442 313
19443 555
19444 1089
19445 1413
19446 1180
19447 861
19448 1598
19449 1598
19450 1697
19451 1983
19452 301
19453 1204
19454 1621
19455 1008
19456 1806
19457 625
19458 1073
19459 1537
19460 956
19461 1830
19462 1673
19463 534
19464 1344
19465 686
19466 1448
19467 113
19468 378
19469 1861
19470 60
19471 16
19472 1056
19473 1344
19474 269
19475 1189
19476 487
19477 306
19478 846
19479 706
19480 363
19481 1344
19482 1386
19483 338
19484 1552
19485 271
19486 1782
19487 272
19488 991
19489 1428
19490 240
19491 932
19492 1191
19493 843
19494 1753
19495 1684
19496 1122
19497 805
19498 95
19499 1822
19500 734
19501 1182
19502 476
19503 1589
19504 388
19505 1444
19506 4
19507 162
19508 1902
19509 499
19510 670
19511 466
19512 939
19513 445
19514 903
19515 868
19516 281
19517 1075
19518 726
19519 1060
19520 1783
19521 672
19522 897
19523 1065
19524 1801
19525 1552
19526 1914
19527 507
19528 1771
19529 711
19530 1651
19531 1581
19532 266
19533 1664
19534 1727
19535 863
19536 1211
19537 1289
19538 1655
19539 1703
19540 1022
19541 1320
19542 217
19543 158
19544 62
19545 187
19546 1186
19547 546
19548 1564
19549 1209
19550 594
19551 1934
19552 653
19553 1117
19554 445
19555 542
19556 1236
19557 953
19558 187
19559 1045
19560 237
19561 1327
19562 68
19563 1337
19564 613
19565 609
19566 1328
19567 1893
19568 928
19569 340
19570 1400
19571 1858
19572 1290
19573 256
19574 964
19575 609
19576 688
19577 1196
19578 1560
19579 1328
19580 1873
19581 903
19582 1588
19583 515
19584 567
19585 1077
19586 567
19587 851
19588 1251
19589 1552
19590 647
19591 131
19592 809
19593 960
19594 746
19595 97
19596 726
19597 341
19598 1951
19599 1261
19600 1006
19601 5
19602 670
19603 1868
19604 640
19605 1408
19606 857
19607 1145
19608 752
19609 535
19610 240
19611 137
19612 1581
19613 1157
19614 994
19615 1027
19616 1581
19617 492
19618 388
19619 1886
19620 874
19621 1344
19622 1415
19623 487
19624 1067
19625 1242
19626 445
19627 249
19628 21
19629 1261
19630 1344
19631 153
19632 1220
19633 1458
19634 1222
19635 364
19636 726
19637 1101
19638 1344
19639 1344
19640 1260
19641 1881
19642 1328
19643 1223
19644 90
19645 1776
19646 417
19647 1874
19648 1466
19649 1048
19650 1260
19651 259
19652 1948
19653 1344
19654 433
19655 1944
19656 85
19657 1328
19658 267
19659 645
19660 1650
19661 632
19662 471
19663 347
19664 744
19665 316
19666 995
19667 421
19668 1246
19669 1916
19670 821
19671 1723
19672 1598
19673 1773
19674 1989
19675 1790
19676 107
19677 431
19678 343
19679 67
19680 1748
19681 1729
19682 327
19683 217
19684 605
19685 270
19686 1953
19687 952
19688 500
19689 626
19690 631
19691 1164
19692 1658
19693 1778
19694 215
19695 1448
19696 838
19697 1837
19698 912
19699 1344
19700 375
19701 1920
19702 1300
19703 829
19704 1589
19705 1410
19706 1068
19707 1523
19708 940
19709 790
19710 782
19711 996
19712 132
19713 1883
19714 991
19715 212
19716 990
19717 1384
19718 427
19719 920
19720 442
19721 249
19722 1589
19723 475
19724 187
19725 115
19726 1514
19727 1196
19728 907
19729 1598
19730 823
19731 11
19732 609
19733 1734
19734 154
19735 1190
19736 110
19737 567
19738 1237
19739 299
19740 574
19741 195
19742 1068
19743 1205
19744 1912
19745 809
19746 1301
19747 248
19748 1680
19749 740
19750 928
19751 864
19752 1217
19753 546
19754 682
19755 878
19756 217
19757 1586
19758 999
19759 688
19760 985
19761 1891
19762 496
19763 494
19764 1894
19765 896
19766 267
19767 1011
19768 888
19769 1850
19770 1401
19771 983
19772 1694
19773 1678
19774 1300
19775 912
19776 816
19777 1784
19778 325
19779 956
19780 861
19781 583
19782 1301
19783 1341
19784 538
19785 1491
19786 1849
19787 269
19788 1231
19789 554
19790 1300
19791 632
19792 929
19793 1961
19794 519
19795 1260
19796 67
19797 144
19798 851
19799 1465
19800 683
19801 1301
19802 583
19803 449
19804 772
19805 1247
19806 118
19807 1910
19808 560
19809 1243
19810 1650
19811 713
19812 1877
19813 2
19814 1531
19815 1766
19816 1848
19817 137
19818 1537
19819 912
19820 1973
19821 81
19822 1301
19823 694
19824 1920
19825 1914
19826 1300
19827 1637
19828 1155
19829 517
19830 809
19831 701
19832 275
19833 1134
19834 1734
19835 286
19836 1384
19837 1647
19838 432
19839 673
19840 1947
19841 124
19842 1084
19843 1659
19844 1255
19845 1269
19846 642
19847 1597
19848 1328
19849 1328
19850 157
19851 662
19852 839
19853 1190
19854 1971
19855 315
19856 924
19857 1265
19858 240
19859 1628
19860 68
19861 1462
19862 523
19863 975
19864 1476
19865 300
19866 1537
19867 1597
19868 1487
19869 1262
19870 738
19871 357
19872 707
19873 1022
19874 746
19875 1434
19876 792
19877 188
19878 1814
19879 1255
19880 1168
19881 764
19882 1255
19883 144
19884 1416
19885 344
19886 129
19887 1255
19888 1410
19889 338
19890 1026
19891 1218
19892 1129
19893 60
19894 293
19895 1319
19896 1552
19897 100
19898 1908
19899 218
19900 1954
19901 60
19902 843
19903 1589
19904 1997
19905 1255
19906 1125
19907 743
19908 1167
19909 932
19910 1168
19911 1437
19912 21
19913 137
19914 32
19915 1942
19916 747
19917 1491
19918 786
19919 669
19920 1431
19921 1405
19922 1255
19923 503
19924 294
19925 738
19926 61
19927 1953
19928 1537
19929 276
19930 992
19931 567
19932 598
19933 1650
19934 1251
19935 981
19936 1050
19937 834
19938 770
19939 1255
19940 1597
19941 1787
19942 1255
19943 1255
19944 1274
19945 1057
19946 1260
19947 713
19948 275
19949 306
19950 1341
19951 1173
19952 549
19953 460
19954 213
19955 276
19956 986
19957 1059
19958 1368
19959 19
19960 1260
19961 306
19962 1639
19963 637
19964 531
19965 217
19966 1274
19967 275
19968 1168
19969 100
19970 601
19971 1910
19972 1842
19973 1260
19974 1274
19975 1220
19976 1543
19977 1683
19978 254
19979 1482
19980 1670
19981 1274
19982 567
19983 259
19984 124
19985 1274
19986 846
19987 1488
19988 1011
19989 69
19990 1853
19991 1592
19992 932
19993 1274
19994 1341
19995 1144
19996 1274
19997 48
19998 507
19999 272
20000 1187
20001 118
20002 154
20003 366
20004 501
20005 381
20006 396
20007 1390
20008 1881
20009 193
20010 1914
20011 863
20012 1693
20013 575
20014 1597
20015 154
20016 1670
20017 233
20018 713
20019 1489
20020 1048
20021 1274
20022 1689
20023 888
20024 1753
20025 1898
20026 220
20027 1427
20028 104
20029 1537
20030 1801
20031 1156
20032 862
20033 1067
20034 190
20035 1381
20036 86
20037 1274
20038 581
20039 126
20040 1628
20041 536
20042 282
20043 1718
20044 503
20045 953
20046 762
20047 1628
20048 1260
20049 1065
20050 1050
20051 1824
20052 393
20053 1482
20054 1320
20055 1414
20056 965
20057 1083
20058 1301
20059 115
20060 583
20061 1829
20062 1213
20063 1260
20064 99
20065 220
20066 932
20067 1687
20068 634
20069 1301
20070 1301
20071 1803
20072 1632
20073 780
20074 384
20075 1505
20076 1737
20077 375
20078 1301
20079 929
20080 328
20081 1301
20082 821
20083 293
20084 1678
20085 1293
20086 1164
20087 1225
20088 365
20089 1678
20090 1597
20091 1179
20092 1052
20093 94
20094 1198
20095 61
20096 1367
20097 1874
20098 263
20099 777
20100 704
20101 723
20102 207
20103 1142
20104 1301
20105 1299
20106 1538
20107 761
20108 259
20109 1299
20110 745
20111 189
20112 1941
20113 747
20114 97
20115 1894
20116 1716
20117 593
20118 355
20119 399
20120 389
20121 1588
20122 1328
20123 802
20124 573
20125 1301
20126 1528
20127 1528
20128 1528
20129 226
20130 445
20131 1772
20132 1532
20133 1072
20134 687
20135 1628
20136 954
20137 861
20138 1528
20139 1528
20140 809
20141 187
20142 9
20143 1528
20144 873
20145 1167
20146 1291
20147 1528
20148 907
20149 953
20150 1532
20151 671
20152 491
20153 268
20154 703
20155 1884
20156 1711
20157 774
20158 1528
20159 1320
20160 1269
20161 494
20162 1438
20163 1680
20164 540
20165 610
20166 31
20167 369
20168 1637
20169 1528
20170 1732
20171 10
20172 1437
20173 922
20174 1932
20175 1849
20176 443
20177 1451
20178 1952
20179 1383
20180 471
20181 1041
20182 1438
20183 989
20184 521
20185 1371
20186 248
20187 1597
20188 1771
20189 156
20190 590
20191 509
20192 1260
20193 724
20194 947
20195 509
20196 749
20197 1957
20198 1083
20199 1401
20200 226
20201 1383
20202 1439
20203 610
20204 711
20205 1121
20206 1456
20207 742
20208 848
20209 1932
20210 1743
20211 897
20212 1383
20213 688
20214 1538
20215 351
20216 1384
20217 1223
20218 1384
20219 1488
20220 673
20221 1289
20222 555
20223 167
20224 653
20225 970
20226 503
20227 1402
20228 1577
20229 817
20230 304
20231 966
20232 495
